	0	95	190
	1	91	193
	2	90	189
	3	96	191
	4	95	190
	5	94	196
	6	93	196
	7	96	193
	8	89	189
	9	92	192
	10	88	193
	11	93	193
	12	88	190
	13	94	198
	14	92	189
	15	95	193
	16	94	201
	17	96	192
	18	90	195
	19	94	192
	20	89	193
	21	93	196
	22	92	195
	23	93	192
	24	86	190
	25	96	188
	26	105	202
	27	109	208
	28	106	204
	29	101	206
	30	110	201
	31	102	214
	32	103	202
	33	103	217
	34	107	207
	35	119	205
	36	110	204
	37	107	200
	38	103	205
	39	110	205
	40	107	210
	41	105	202
	42	104	198
	43	108	214
	44	108	202
	45	109	207
	46	107	199
	47	98	212
	48	110	197
	49	107	208
	50	98	204
	51	114	214
	52	103	199
	53	112	208
	54	108	207
	55	113	211
	56	107	211
	57	107	206
	58	110	210
	59	104	210
	60	109	201
	61	105	208
	62	113	210
	63	110	208
	64	107	219
	65	107	211
	66	121	204
	67	115	213
	68	110	218
	69	118	220
	70	105	214
	71	110	220
	72	106	214
	73	113	208
	74	100	209
	75	121	218
	76	108	223
	77	115	203
	78	107	211
	79	118	210
	80	107	210
	81	109	212
	82	109	216
	83	118	227
	84	109	206
	85	106	216
	86	116	209
	87	119	222
	88	108	214
	89	106	211
	90	108	210
	91	122	208
	92	100	204
	93	107	219
	94	105	226
	95	119	213
	96	106	256
	97	110	219
	98	115	214
	99	117	217
	100	108	209
	101	116	206
	102	108	212
	103	115	215
	104	114	214
	105	115	208
	106	113	209
	107	122	214
	108	113	217
	109	125	225
	110	111	213
	111	117	213
	112	118	204
	113	116	212
	114	113	211
	115	119	217
	116	112	213
	117	126	205
	118	114	218
	119	121	224
	120	108	206
	121	117	217
	122	110	218
	123	117	227
	124	115	218
	125	113	220
	126	113	210
	127	116	212
	128	124	204
	129	112	219
	130	107	218
	131	116	219
	132	110	212
	133	109	213
	134	117	208
	135	121	220
	136	149	212
	137	119	212
	138	117	228
	139	121	213
	140	118	204
	141	144	216
	142	120	212
	143	128	212
	144	113	214
	145	113	215
	146	125	202
	147	114	217
	148	122	222
	149	118	216
	150	122	219
	151	121	211
	152	115	209
	153	123	219
	154	117	214
	155	122	218
	156	113	209
	157	126	217
	158	119	215
	159	123	218
	160	118	221
	161	112	218
	162	111	225
	163	126	213
	164	120	215
	165	119	219
	166	120	214
	167	121	226
	168	111	218
	169	130	210
	170	114	227
	171	111	224
	172	122	218
	173	119	219
	174	126	220
	175	119	223
	176	114	208
	177	122	221
	178	120	224
	179	114	224
	180	124	216
	181	123	219
	182	115	219
	183	120	218
	184	115	216
	185	124	223
	186	113	217
	187	118	223
	188	113	216
	189	127	211
	190	121	220
	191	124	224
	192	115	208
	193	123	224
	194	119	217
	195	112	214
	196	118	217
	197	130	206
	198	117	211
	199	128	222
	200	117	213
	201	128	223
	202	122	217
	203	121	215
	204	113	217
	205	131	214
	206	123	215
	207	127	215
	208	118	217
	209	125	210
	210	123	230
	211	129	231
	212	111	218
	213	127	222
	214	112	218
	215	121	226
	216	119	214
	217	125	225
	218	119	221
	219	120	253
	220	113	208
	221	115	222
	222	117	221
	223	129	218
	224	117	217
	225	119	227
	226	117	215
	227	113	224
	228	114	224
	229	126	218
	230	122	223
	231	124	227
	232	110	218
	233	122	221
	234	131	214
	235	121	215
	236	116	221
	237	112	218
	238	119	216
	239	113	223
	240	113	209
	241	118	227
	242	114	222
	243	120	215
	244	119	218
	245	115	229
	246	112	222
	247	114	224
	248	118	216
	249	119	231
	250	122	215
	251	123	221
	252	118	213
	253	117	219
	254	118	216
	255	130	233
	256	111	218
	257	123	223
	258	120	224
	259	125	225
	260	125	211
	261	125	215
	262	116	226
	263	116	224
	264	112	217
	265	112	230
	266	115	219
	267	121	222
	268	118	222
	269	116	220
	270	112	218
	271	112	219
	272	115	210
	273	118	219
	274	124	217
	275	123	227
	276	109	219
	277	119	216
	278	109	215
	279	120	224
	280	111	212
	281	117	216
	282	108	223
	283	118	218
	284	118	215
	285	117	214
	286	112	215
	287	116	220
	288	113	219
	289	111	213
	290	123	219
	291	117	209
	292	115	226
	293	105	215
	294	113	227
	295	120	220
	296	114	218
	297	111	223
	298	149	214
	299	119	219
	300	116	216
	301	121	218
	302	108	218
	303	120	219
	304	106	217
	305	113	233
	306	110	215
	307	124	225
	308	111	217
	309	118	221
	310	111	215
	311	114	220
	312	110	225
	313	106	222
	314	102	214
	315	112	214
	316	110	213
	317	111	223
	318	116	215
	319	113	227
	320	117	216
	321	116	226
	322	111	223
	323	118	216
	324	109	211
	325	121	214
	326	112	214
	327	113	224
	328	108	220
	329	118	216
	330	106	227
	331	123	230
	332	119	211
	333	123	235
	334	114	217
	335	107	213
	336	112	218
	337	114	236
	338	116	214
	339	130	232
	340	105	212
	341	114	221
	342	111	218
	343	124	223
	344	107	212
	345	122	217
	346	126	222
	347	114	215
	348	109	218
	349	120	214
	350	112	226
	351	115	230
	352	111	211
	353	114	228
	354	101	221
	355	112	220
	356	112	218
	357	113	224
	358	112	216
	359	115	218
	360	113	206
	361	109	222
	362	123	225
	363	123	214
	364	113	218
	365	110	229
	366	108	223
	367	112	227
	368	112	224
	369	114	214
	370	118	222
	371	116	215
	372	106	222
	373	122	224
	374	116	224
	375	117	215
	376	113	212
	377	120	218
	378	118	217
	379	124	225
	380	113	218
	381	118	213
	382	114	221
	383	124	232
	384	122	227
	385	122	224
	386	118	209
	387	118	216
	388	110	224
	389	122	218
	390	111	222
	391	117	229
	392	110	216
	393	114	228
	394	115	226
	395	121	214
	396	114	224
	397	120	225
	398	115	224
	399	114	248
	400	110	224
	401	114	220
	402	120	221
	403	119	220
	404	108	217
	405	124	224
	406	114	225
	407	117	226
	408	109	215
	409	116	221
	410	120	227
	411	117	230
	412	122	218
	413	113	237
	414	116	227
	415	118	233
	416	117	220
	417	117	224
	418	122	228
	419	124	231
	420	114	221
	421	118	231
	422	110	222
	423	117	229
	424	126	223
	425	114	230
	426	119	223
	427	115	233
	428	115	223
	429	111	226
	430	107	227
	431	120	241
	432	118	230
	433	121	235
	434	109	237
	435	116	235
	436	115	225
	437	120	226
	438	116	224
	439	118	231
	440	115	226
	441	120	238
	442	122	233
	443	114	235
	444	113	218
	445	121	240
	446	120	223
	447	125	229
	448	115	228
	449	123	226
	450	119	233
	451	128	233
	452	156	220
	453	123	231
	454	127	231
	455	118	228
	456	123	233
	457	122	228
	458	119	230
	459	124	240
	460	119	226
	461	122	234
	462	117	234
	463	126	238
	464	112	235
	465	118	246
	466	128	236
	467	128	232
	468	119	227
	469	130	229
	470	117	226
	471	128	239
	472	115	229
	473	123	242
	474	130	239
	475	126	229
	476	130	242
	477	123	236
	478	121	233
	479	131	235
	480	128	234
	481	120	238
	482	114	234
	483	128	237
	484	116	236
	485	124	243
	486	123	234
	487	128	237
	488	125	239
	489	125	231
	490	133	237
	491	132	243
	492	124	234
	493	128	230
	494	120	235
	495	126	234
	496	133	231
	497	137	238
	498	121	228
	499	126	236
	500	125	230
	501	133	239
	502	129	233
	503	125	237
	504	121	234
	505	127	236
	506	134	243
	507	122	247
	508	120	231
	509	130	237
	510	126	241
	511	127	252
	512	132	242
	513	133	248
	514	123	240
	515	128	234
	516	118	243
	517	131	249
	518	126	238
	519	125	249
	520	118	242
	521	122	250
	522	118	249
	523	127	255
	524	126	249
	525	134	247
	526	129	234
	527	128	256
	528	126	249
	529	133	248
	530	133	244
	531	127	267
	532	124	248
	533	141	245
	534	126	248
	535	133	247
	536	126	252
	537	138	248
	538	123	253
	539	131	252
	540	130	247
	541	131	246
	542	127	242
	543	126	256
	544	132	247
	545	131	254
	546	129	250
	547	142	247
	548	143	249
	549	129	257
	550	133	252
	551	136	253
	552	129	249
	553	131	254
	554	134	252
	555	135	254
	556	129	254
	557	130	282
	558	132	240
	559	135	264
	560	129	254
	561	137	253
	562	135	261
	563	140	260
	564	132	247
	565	141	259
	566	138	262
	567	140	265
	568	139	262
	569	132	260
	570	139	266
	571	143	267
	572	146	248
	573	134	253
	574	129	257
	575	129	258
	576	140	260
	577	135	275
	578	127	256
	579	142	264
	580	138	261
	581	147	258
	582	134	259
	583	137	274
	584	134	267
	585	141	271
	586	142	273
	587	143	274
	588	141	254
	589	145	267
	590	137	274
	591	143	278
	592	144	261
	593	139	265
	594	146	270
	595	141	268
	596	135	274
	597	141	271
	598	145	268
	599	142	278
	600	142	259
	601	140	272
	602	138	274
	603	138	283
	604	141	272
	605	144	282
	606	145	258
	607	146	274
	608	141	275
	609	144	276
	610	153	269
	611	148	276
	612	138	283
	613	149	277
	614	149	279
	615	155	280
	616	139	279
	617	151	283
	618	139	272
	619	150	287
	620	144	276
	621	148	279
	622	146	290
	623	154	290
	624	144	275
	625	150	289
	626	151	285
	627	156	298
	628	147	289
	629	161	287
	630	145	295
	631	157	289
	632	150	294
	633	152	293
	634	146	295
	635	154	298
	636	144	295
	637	163	298
	638	151	303
	639	155	306
	640	150	294
	641	156	291
	642	156	303
	643	156	300
	644	155	300
	645	155	298
	646	157	296
	647	164	296
	648	164	292
	649	159	299
	650	159	285
	651	165	302
	652	154	292
	653	151	302
	654	149	296
	655	154	301
	656	155	301
	657	163	304
	658	151	300
	659	159	312
	660	158	309
	661	161	310
	662	153	310
	663	164	308
	664	158	310
	665	170	310
	666	167	307
	667	165	321
	668	161	320
	669	159	320
	670	159	309
	671	162	324
	672	162	317
	673	168	323
	674	152	331
	675	162	320
	676	165	318
	677	167	325
	678	161	314
	679	166	325
	680	162	318
	681	167	326
	682	168	313
	683	162	328
	684	168	314
	685	168	330
	686	161	324
	687	168	332
	688	171	321
	689	162	325
	690	170	323
	691	172	339
	692	168	315
	693	171	331
	694	166	333
	695	163	328
	696	170	319
	697	169	335
	698	168	325
	699	173	333
	700	165	335
	701	175	327
	702	167	328
	703	173	330
	704	170	331
	705	170	330
	706	170	333
	707	175	321
	708	203	329
	709	172	329
	710	173	331
	711	177	341
	712	166	340
	713	168	329
	714	165	334
	715	171	347
	716	177	346
	717	174	342
	718	173	342
	719	177	341
	720	177	342
	721	178	336
	722	174	339
	723	176	343
	724	175	341
	725	186	345
	726	182	340
	727	171	337
	728	175	332
	729	174	346
	730	175	338
	731	174	348
	732	165	335
	733	173	347
	734	164	348
	735	178	344
	736	171	343
	737	175	343
	738	178	343
	739	175	362
	740	171	347
	741	177	343
	742	172	349
	743	168	362
	744	176	356
	745	177	349
	746	167	354
	747	171	349
	748	180	357
	749	178	356
	750	168	343
	751	173	350
	752	172	346
	753	170	347
	754	172	345
	755	178	347
	756	178	344
	757	173	356
	758	176	356
	759	186	356
	760	169	341
	761	172	340
	762	169	355
	763	182	358
	764	165	337
	765	173	343
	766	176	347
	767	168	344
	768	169	343
	769	175	349
	770	162	346
	771	174	347
	772	181	345
	773	175	346
	774	167	341
	775	175	341
	776	207	331
	777	173	354
	778	170	343
	779	171	346
	780	172	352
	781	176	344
	782	171	344
	783	177	348
	784	166	354
	785	183	351
	786	172	350
	787	174	352
	788	171	340
	789	176	342
	790	174	341
	791	183	351
	792	163	335
	793	172	347
	794	170	349
	795	170	338
	796	172	333
	797	170	346
	798	164	334
	799	184	342
	800	170	338
	801	171	339
	802	164	336
	803	167	384
	804	156	337
	805	176	336
	806	162	338
	807	170	336
	808	159	349
	809	172	329
	810	164	328
	811	174	336
	812	156	333
	813	158	327
	814	157	330
	815	165	338
	816	161	324
	817	154	330
	818	153	324
	819	173	332
	820	161	322
	821	161	327
	822	163	317
	823	158	335
	824	154	329
	825	156	322
	826	159	324
	827	162	326
	828	164	334
	829	155	330
	830	160	318
	831	165	331
	832	156	312
	833	166	323
	834	166	319
	835	149	318
	836	155	319
	837	162	312
	838	152	304
	839	156	313
	840	162	311
	841	155	318
	842	160	321
	843	158	313
	844	156	304
	845	151	312
	846	149	312
	847	164	320
	848	152	310
	849	161	317
	850	149	312
	851	156	320
	852	150	304
	853	151	319
	854	149	307
	855	155	311
	856	145	300
	857	153	315
	858	147	311
	859	154	303
	860	144	298
	861	149	304
	862	147	302
	863	148	311
	864	141	312
	865	148	305
	866	149	297
	867	146	302
	868	147	305
	869	144	311
	870	140	304
	871	155	311
	872	140	298
	873	146	309
	874	144	303
	875	151	309
	876	150	310
	877	155	310
	878	141	301
	879	152	310
	880	139	303
	881	150	302
	882	136	307
	883	147	302
	884	147	298
	885	149	300
	886	132	288
	887	149	301
	888	142	294
	889	144	300
	890	139	299
	891	142	311
	892	139	291
	893	153	301
	894	135	289
	895	145	294
	896	132	317
	897	139	293
	898	136	292
	899	147	288
	900	142	297
	901	149	286
	902	143	284
	903	138	290
	904	136	282
	905	142	294
	906	134	283
	907	142	290
	908	141	288
	909	145	283
	910	137	280
	911	145	286
	912	142	276
	913	140	287
	914	142	284
	915	140	284
	916	132	289
	917	137	287
	918	134	276
	919	150	276
	920	142	276
	921	138	280
	922	137	282
	923	140	294
	924	135	260
	925	137	286
	926	136	270
	927	144	277
	928	133	276
	929	140	279
	930	133	272
	931	138	288
	932	125	275
	933	134	279
	934	129	275
	935	135	266
	936	144	270
	937	138	278
	938	132	265
	939	132	276
	940	136	271
	941	131	273
	942	133	271
	943	127	271
	944	135	267
	945	144	282
	946	130	266
	947	135	268
	948	135	269
	949	132	261
	950	134	307
	951	131	264
	952	132	274
	953	135	271
	954	128	261
	955	135	263
	956	126	263
	957	131	269
	958	124	258
	959	132	268
	960	123	265
	961	137	265
	962	137	255
	963	127	266
	964	125	262
	965	124	260
	966	123	257
	967	126	254
	968	135	262
	969	119	260
	970	136	262
	971	134	260
	972	120	264
	973	134	269
	974	121	259
	975	124	256
	976	128	261
	977	125	258
	978	118	252
	979	127	251
	980	120	257
	981	125	266
	982	131	255
	983	130	254
	984	127	253
	985	132	255
	986	122	255
	987	128	257
	988	130	253
	989	132	257
	990	124	251
	991	123	249
	992	112	252
	993	127	267
	994	120	247
	995	126	245
	996	112	255
	997	132	256
	998	124	241
	999	116	244
	1000	134	247
	1001	120	247
	1002	121	247
	1003	126	247
	1004	123	243
	1005	127	251
	1006	123	244
	1007	128	248
	1008	112	244
	1009	120	244
	1010	130	237
	1011	121	241
	1012	119	236
	1013	121	247
	1014	119	239
	1015	122	245
	1016	126	243
	1017	115	239
	1018	120	234
	1019	123	236
	1020	116	241
	1021	115	236
	1022	115	241
	1023	125	239
	1024	124	235
	1025	130	231
	1026	117	240
	1027	133	238
	1028	126	229
	1029	124	240
	1030	113	230
	1031	123	243
	1032	116	234
	1033	124	230
	1034	109	226
	1035	123	240
	1036	122	230
	1037	117	250
	1038	115	232
	1039	117	230
	1040	116	237
	1041	111	235
	1042	118	228
	1043	122	234
	1044	122	255
	1045	126	235
	1046	113	236
	1047	119	237
	1048	121	243
	1049	117	236
	1050	108	230
	1051	120	240
	1052	117	233
	1053	119	228
	1054	117	236
	1055	122	260
	1056	110	234
	1057	117	230
	1058	122	231
	1059	125	246
	1060	112	232
	1061	118	238
	1062	112	227
	1063	125	236
	1064	111	241
	1065	116	237
	1066	123	236
	1067	123	238
	1068	116	232
	1069	118	231
	1070	112	233
	1071	114	234
	1072	106	223
	1073	121	224
	1074	113	225
	1075	118	224
	1076	117	229
	1077	150	240
	1078	120	230
	1079	125	234
	1080	116	233
	1081	120	228
	1082	111	228
	1083	117	228
	1084	112	229
	1085	118	225
	1086	108	237
	1087	116	232
	1088	123	219
	1089	121	224
	1090	113	226
	1091	120	231
	1092	111	220
	1093	119	234
	1094	109	234
	1095	120	229
	1096	121	235
	1097	123	229
	1098	116	234
	1099	120	235
	1100	118	231
	1101	116	226
	1102	108	225
	1103	123	235
	1104	112	228
	1105	119	234
	1106	121	234
	1107	119	225
	1108	114	234
	1109	115	234
	1110	121	249
	1111	107	233
	1112	121	224
	1113	124	229
	1114	118	229
	1115	113	229
	1116	116	222
	1117	120	228
	1118	113	225
	1119	125	221
	1120	115	234
	1121	123	236
	1122	107	228
	1123	117	235
	1124	111	224
	1125	117	229
	1126	107	238
	1127	117	224
	1128	111	230
	1129	110	224
	1130	117	235
	1131	116	235
	1132	115	231
	1133	120	232
	1134	111	233
	1135	119	225
	1136	109	257
	1137	123	232
	1138	119	226
	1139	120	231
	1140	129	228
	1141	119	225
	1142	118	228
	1143	120	237
	1144	114	234
	1145	112	226
	1146	112	226
	1147	122	221
	1148	112	228
	1149	119	232
	1150	116	224
	1151	114	232
	1152	111	225
	1153	109	234
	1154	122	222
	1155	123	228
	1156	113	229
	1157	116	228
	1158	111	229
	1159	114	224
	1160	113	231
	1161	118	232
	1162	111	227
	1163	115	251
	1164	110	222
	1165	119	231
	1166	115	224
	1167	113	221
	1168	111	237
	1169	113	231
	1170	109	222
	1171	119	232
	1172	109	229
	1173	104	228
	1174	110	230
	1175	115	235
	1176	110	227
	1177	115	228
	1178	118	227
	1179	121	228
	1180	106	229
	1181	113	230
	1182	126	227
	1183	122	226
	1184	114	226
	1185	116	222
	1186	115	231
	1187	113	222
	1188	115	229
	1189	115	230
	1190	116	225
	1191	116	225
	1192	115	223
	1193	112	229
	1194	113	223
	1195	118	234
	1196	124	233
	1197	117	242
	1198	113	224
	1199	117	233
	1200	118	229
	1201	119	224
	1202	117	235
	1203	114	231
	1204	117	226
	1205	123	235
	1206	117	225
	1207	128	224
	1208	113	225
	1209	122	229
	1210	116	226
	1211	116	230
	1212	104	229
	1213	120	235
	1214	114	228
	1215	127	224
	1216	108	226
	1217	116	232
	1218	113	225
	1219	119	216
	1220	112	228
	1221	123	228
	1222	110	222
	1223	120	240
	1224	109	226
	1225	121	230
	1226	112	227
	1227	111	224
	1228	112	225
	1229	114	241
	1230	117	222
	1231	115	230
	1232	111	222
	1233	122	226
	1234	108	222
	1235	116	230
	1236	116	216
	1237	110	230
	1238	115	225
	1239	116	227
	1240	109	220
	1241	112	233
	1242	117	221
	1243	113	227
	1244	115	223
	1245	117	225
	1246	109	225
	1247	128	234
	1248	116	223
	1249	118	223
	1250	118	223
	1251	118	223
	1252	116	223
	1253	117	225
	1254	110	227
	1255	119	230
	1256	111	232
	1257	117	229
	1258	119	226
	1259	118	218
	1260	125	230
	1261	120	234
	1262	115	228
	1263	121	233
	1264	108	211
	1265	114	233
	1266	146	229
	1267	147	221
	1268	113	221
	1269	117	223
	1270	107	220
	1271	120	236
	1272	104	233
	1273	117	235
	1274	120	229
	1275	121	256
	1276	108	228
	1277	122	225
	1278	116	229
	1279	122	222
	1280	110	220
	1281	118	231
	1282	117	228
	1283	119	232
	1284	114	223
	1285	116	226
	1286	112	227
	1287	119	226
	1288	116	217
	1289	113	227
	1290	111	227
	1291	120	233
	1292	114	225
	1293	121	225
	1294	109	234
	1295	129	225
	1296	113	228
	1297	116	226
	1298	113	229
	1299	120	233
	1300	119	225
	1301	117	229
	1302	113	223
	1303	119	238
	1304	111	218
	1305	116	230
	1306	112	229
	1307	111	225
	1308	105	221
	1309	120	229
	1310	116	216
	1311	112	231
	1312	108	223
	1313	114	218
	1314	119	226
	1315	118	231
	1316	116	220
	1317	114	225
	1318	105	223
	1319	119	225
	1320	119	232
	1321	119	234
	1322	118	227
	1323	117	224
	1324	115	224
	1325	122	226
	1326	113	226
	1327	117	233
	1328	116	232
	1329	116	225
	1330	125	221
	1331	129	233
	1332	111	223
	1333	122	228
	1334	117	228
	1335	115	227
	1336	109	223
	1337	109	223
	1338	106	217
	1339	116	227
	1340	117	223
	1341	116	231
	1342	108	224
	1343	121	222
	1344	109	221
	1345	108	233
	1346	120	224
	1347	111	225
	1348	116	216
	1349	113	228
	1350	112	216
	1351	114	229
	1352	114	222
	1353	116	226
	1354	110	231
	1355	119	234
	1356	111	221
	1357	113	227
	1358	116	232
	1359	121	222
	1360	111	227
	1361	122	223
	1362	118	224
	1363	114	231
	1364	110	223
	1365	121	227
	1366	116	214
	1367	114	225
	1368	108	232
	1369	118	231
	1370	118	220
	1371	115	222
	1372	143	225
	1373	112	226
	1374	113	232
	1375	119	226
	1376	110	213
	1377	118	228
	1378	114	222
	1379	115	223
	1380	116	222
	1381	151	221
	1382	107	219
	1383	112	230
	1384	119	229
	1385	113	223
	1386	113	229
	1387	122	222
	1388	113	218
	1389	113	226
	1390	107	218
	1391	124	227
	1392	108	215
	1393	107	235
	1394	106	228
	1395	123	231
	1396	112	226
	1397	110	224
	1398	107	219
	1399	111	226
	1400	111	225
	1401	120	224
	1402	114	222
	1403	118	229
	1404	111	217
	1405	116	222
	1406	111	221
	1407	119	225
	1408	113	216
	1409	119	221
	1410	117	230
	1411	121	223
	1412	111	233
	1413	118	229
	1414	112	225
	1415	123	229
	1416	115	228
	1417	109	219
	1418	112	225
	1419	130	226
	1420	111	224
	1421	107	227
	1422	114	225
	1423	114	236
	1424	111	225
	1425	112	226
	1426	111	217
	1427	112	224
	1428	109	228
	1429	110	226
	1430	110	228
	1431	115	226
	1432	104	219
	1433	118	225
	1434	119	225
	1435	115	222
	1436	108	227
	1437	115	222
	1438	111	222
	1439	113	228
	1440	113	222
	1441	115	221
	1442	113	225
	1443	111	224
	1444	111	221
	1445	116	219
	1446	108	219
	1447	122	228
	1448	116	220
	1449	110	232
	1450	109	222
	1451	111	227
	1452	102	223
	1453	110	227
	1454	112	230
	1455	116	231
	1456	106	220
	1457	116	220
	1458	115	223
	1459	114	230
	1460	107	220
	1461	108	222
	1462	111	225
	1463	117	231
	1464	111	211
	1465	117	224
	1466	110	232
	1467	109	221
	1468	104	231
	1469	113	225
	1470	108	219
	1471	110	229
	1472	112	218
	1473	113	223
	1474	114	232
	1475	121	222
	1476	110	221
	1477	113	224
	1478	111	217
	1479	119	221
	1480	113	217
	1481	107	224
	1482	109	218
	1483	113	229
	1484	110	219
	1485	113	221
	1486	117	221
	1487	116	231
	1488	104	214
	1489	113	220
	1490	107	222
	1491	117	221
	1492	116	224
	1493	115	220
	1494	114	222
	1495	115	237
	1496	113	219
	1497	119	235
	1498	108	213
	1499	119	216
	1500	102	222
	1501	109	228
	1502	109	216
	1503	115	219
	1504	112	210
	1505	110	217
	1506	108	224
	1507	116	228
	1508	101	215
	1509	111	220
	1510	106	224
	1511	116	221
	1512	119	223
	1513	115	212
	1514	105	217
	1515	112	226
	1516	113	219
	1517	118	220
	1518	109	221
	1519	112	219
	1520	122	213
	1521	111	215
	1522	109	220
	1523	114	221
	1524	109	219
	1525	120	216
	1526	112	214
	1527	112	222
	1528	116	217
	1529	111	227
	1530	107	213
	1531	144	225
	1532	104	223
	1533	126	219
	1534	112	212
	1535	113	223
	1536	108	215
	1537	109	224
	1538	110	218
	1539	115	220
	1540	112	227
	1541	115	225
	1542	111	210
	1543	122	221
	1544	111	222
	1545	102	226
	1546	106	220
	1547	109	227
	1548	107	219
	1549	114	220
	1550	105	218
	1551	110	220
	1552	113	224
	1553	119	220
	1554	112	212
	1555	120	222
	1556	110	228
	1557	119	225
	1558	115	241
	1559	115	218
	1560	108	217
	1561	121	213
	1562	114	220
	1563	117	236
	1564	112	220
	1565	120	225
	1566	109	221
	1567	120	219
	1568	116	222
	1569	122	229
	1570	118	211
	1571	119	268
	1572	115	224
	1573	115	224
	1574	116	236
	1575	117	234
	1576	116	233
	1577	120	237
	1578	118	246
	1579	122	242
	1580	118	235
	1581	120	236
	1582	123	241
	1583	120	248
	1584	126	238
	1585	128	237
	1586	123	245
	1587	123	246
	1588	112	236
	1589	129	245
	1590	124	232
	1591	124	243
	1592	121	243
	1593	124	238
	1594	116	240
	1595	124	249
	1596	118	237
	1597	153	235
	1598	122	240
	1599	127	248
	1600	119	241
	1601	129	239
	1602	117	241
	1603	119	241
	1604	120	241
	1605	124	244
	1606	116	242
	1607	117	249
	1608	116	246
	1609	135	253
	1610	117	240
	1611	122	249
	1612	115	237
	1613	124	243
	1614	120	234
	1615	123	250
	1616	114	238
	1617	124	241
	1618	114	229
	1619	129	248
	1620	116	241
	1621	128	246
	1622	116	239
	1623	113	242
	1624	122	245
	1625	127	248
	1626	125	248
	1627	125	238
	1628	115	241
	1629	120	240
	1630	115	242
	1631	123	248
	1632	117	241
	1633	121	240
	1634	115	242
	1635	122	248
	1636	118	232
	1637	117	251
	1638	115	247
	1639	117	242
	1640	117	247
	1641	124	248
	1642	110	242
	1643	126	244
	1644	113	245
	1645	124	237
	1646	148	239
	1647	122	237
	1648	112	244
	1649	122	250
	1650	118	245
	1651	115	243
	1652	114	237
	1653	122	251
	1654	114	239
	1655	138	235
	1656	111	231
	1657	123	247
	1658	122	241
	1659	117	237
	1660	117	240
	1661	117	244
	1662	116	240
	1663	131	243
	1664	122	240
	1665	121	241
	1666	126	244
	1667	129	237
	1668	116	235
	1669	120	241
	1670	115	240
	1671	128	231
	1672	112	240
	1673	129	234
	1674	121	229
	1675	117	239
	1676	128	240
	1677	119	235
	1678	122	230
	1679	121	242
	1680	118	230
	1681	120	247
	1682	117	237
	1683	124	238
	1684	117	241
	1685	117	230
	1686	117	240
	1687	128	249
	1688	111	246
	1689	118	238
	1690	109	235
	1691	116	243
	1692	110	242
	1693	113	242
	1694	119	232
	1695	113	238
	1696	105	236
	1697	117	243
	1698	108	231
	1699	126	230
	1700	111	229
	1701	113	234
	1702	111	222
	1703	116	222
	1704	111	220
	1705	125	212
	1706	108	213
	1707	105	216
	1708	109	210
	1709	104	211
	1710	110	208
	1711	114	212
	1712	100	211
	1713	102	214
	1714	113	213
	1715	125	216
	1716	108	207
	1717	105	211
	1718	112	218
	1719	108	222
	1720	105	212
	1721	111	216
	1722	111	212
	1723	107	222
	1724	106	212
	1725	104	208
	1726	138	208
	1727	104	215
	1728	115	205
	1729	104	222
	1730	106	213
	1731	106	213
	1732	114	210
	1733	103	217
	1734	99	210
	1735	105	211
	1736	104	212
	1737	110	211
	1738	106	214
	1739	104	208
	1740	114	206
	1741	105	214
	1742	109	200
	1743	115	215
	1744	100	207
	1745	101	211
	1746	101	212
	1747	107	218
	1748	113	212
	1749	112	207
	1750	107	204
	1751	110	212
	1752	108	209
	1753	118	204
	1754	98	207
	1755	111	216
	1756	105	210
	1757	108	208
	1758	104	212
	1759	102	201
	1760	109	214
	1761	104	215
	1762	108	210
	1763	107	215
	1764	105	207
	1765	107	212
	1766	97	215
	1767	110	215
	1768	99	210
	1769	106	221
	1770	101	207
	1771	108	206
	1772	105	213
	1773	103	218
	1774	106	208
	1775	109	216
	1776	100	203
	1777	113	211
	1778	112	205
	1779	113	210
	1780	106	213
	1781	105	218
	1782	110	207
	1783	104	209
	1784	102	208
	1785	110	211
	1786	97	215
	1787	112	211
	1788	113	210
	1789	108	215
	1790	105	200
	1791	105	210
	1792	101	211
	1793	102	213
	1794	100	206
	1795	100	218
	1796	108	204
	1797	104	206
	1798	102	208
	1799	107	204
	1800	103	205
	1801	107	210
	1802	102	207
	1803	108	210
	1804	102	199
	1805	105	203
	1806	101	213
	1807	112	204
	1808	100	201
	1809	110	209
	1810	106	208
	1811	109	203
	1812	93	212
	1813	107	212
	1814	101	205
	1815	107	212
	1816	99	215
	1817	99	211
	1818	103	209
	1819	110	209
	1820	102	208
	1821	106	212
	1822	98	205
	1823	113	212
	1824	103	206
	1825	106	207
	1826	107	204
	1827	102	217
	1828	102	206
	1829	104	210
	1830	104	207
	1831	112	213
	1832	102	207
	1833	108	207
	1834	100	208
	1835	116	206
	1836	110	203
	1837	110	209
	1838	105	202
	1839	108	206
	1840	103	198
	1841	102	215
	1842	100	211
	1843	108	211
	1844	97	191
	1845	104	201
	1846	104	209
	1847	102	203
	1848	101	208
	1849	107	216
	1850	102	208
	1851	108	204
	1852	102	214
	1853	109	205
	1854	101	197
	1855	104	211
	1856	103	206
	1857	113	203
	1858	105	207
	1859	107	208
	1860	96	200
	1861	103	203
	1862	109	198
	1863	110	219
	1864	110	209
	1865	109	213
	1866	102	211
	1867	103	206
	1868	100	207
	1869	103	212
	1870	97	205
	1871	107	209
	1872	109	204
	1873	99	206
	1874	103	202
	1875	112	210
	1876	102	204
	1877	107	202
	1878	107	202
	1879	112	209
	1880	114	206
	1881	106	200
	1882	101	198
	1883	111	203
	1884	103	200
	1885	102	212
	1886	99	202
	1887	102	212
	1888	106	199
	1889	107	203
	1890	95	213
	1891	108	212
	1892	101	212
	1893	107	206
	1894	100	205
	1895	104	214
	1896	102	206
	1897	106	209
	1898	107	203
	1899	110	213
	1900	102	203
	1901	112	206
	1902	99	207
	1903	109	209
	1904	105	209
	1905	108	205
	1906	97	207
	1907	142	208
	1908	96	199
	1909	106	205
	1910	98	207
	1911	105	209
	1912	102	210
	1913	103	203
	1914	106	212
	1915	103	213
	1916	113	206
	1917	102	198
	1918	107	206
	1919	100	206
	1920	93	206
	1921	101	242
	1922	99	207
	1923	108	207
	1924	99	214
	1925	104	213
	1926	102	209
	1927	100	208
	1928	103	201
	1929	102	216
	1930	103	204
	1931	108	204
	1932	102	198
	1933	107	207
	1934	105	205
	1935	111	212
	1936	95	200
	1937	102	207
	1938	97	208
	1939	106	208
	1940	109	200
	1941	103	213
	1942	100	199
	1943	103	210
	1944	104	195
	1945	100	207
	1946	98	198
	1947	101	208
	1948	102	202
	1949	101	211
	1950	99	219
	1951	105	204
	1952	105	207
	1953	108	209
	1954	104	202
	1955	104	213
	1956	104	202
	1957	103	212
	1958	100	202
	1959	103	205
	1960	103	206
	1961	100	210
	1962	100	201
	1963	109	216
	1964	102	208
	1965	105	202
	1966	102	206
	1967	111	202
	1968	101	200
	1969	109	216
	1970	102	211
	1971	105	207
	1972	106	210
	1973	112	204
	1974	102	207
	1975	98	208
	1976	92	204
	1977	108	207
	1978	104	213
	1979	109	210
	1980	99	203
	1981	108	211
	1982	98	199
	1983	102	203
	1984	102	200
	1985	105	211
	1986	99	210
	1987	104	211
	1988	95	204
	1989	109	208
	1990	98	213
	1991	107	202
	1992	103	205
	1993	110	213
	1994	99	204
	1995	96	213
	1996	99	200
	1997	105	201
	1998	98	203
	1999	107	206
	2000	100	208
	2001	99	204
	2002	99	197
	2003	105	208
	2004	102	215
	2005	102	211
	2006	105	207
	2007	102	207
	2008	102	205
	2009	105	203
	2010	100	211
	2011	102	210
	2012	101	213
	2013	106	206
	2014	102	210
	2015	105	213
	2016	89	207
	2017	107	206
	2018	93	207
	2019	102	204
	2020	102	209
	2021	111	206
	2022	97	197
	2023	106	201
	2024	98	213
	2025	104	201
	2026	103	208
	2027	102	204
	2028	96	198
	2029	106	204
	2030	105	200
	2031	103	216
	2032	99	205
	2033	107	207
	2034	98	197
	2035	104	211
	2036	101	196
	2037	108	198
	2038	94	206
	2039	99	200
	2040	109	200
	2041	102	206
	2042	100	200
	2043	103	201
	2044	100	208
	2045	102	196
	2046	100	213
	2047	102	204
	2048	101	201
	2049	103	209
	2050	101	199
	2051	106	200
	2052	93	206
	2053	100	201
	2054	99	205
	2055	106	210
	2056	105	200
	2057	104	203
	2058	104	200
	2059	105	201
	2060	101	202
	2061	97	198
	2062	94	204
	2063	105	209
	2064	99	206
	2065	104	206
	2066	98	195
	2067	108	206
	2068	101	196
	2069	111	200
	2070	100	199
	2071	97	214
	2072	105	203
	2073	102	207
	2074	99	197
	2075	103	206
	2076	106	202
	2077	108	201
	2078	99	207
	2079	107	200
	2080	105	197
	2081	107	205
	2082	97	202
	2083	111	203
	2084	100	203
	2085	111	207
	2086	100	200
	2087	103	202
	2088	102	196
	2089	97	211
	2090	104	200
	2091	105	204
	2092	99	195
	2093	105	205
	2094	105	201
	2095	106	210
	2096	101	203
	2097	103	199
	2098	97	203
	2099	104	201
	2100	100	199
	2101	99	205
	2102	103	197
	2103	108	203
	2104	104	198
	2105	103	197
	2106	97	201
	2107	102	202
	2108	105	192
	2109	94	204
	2110	92	196
	2111	108	199
	2112	97	199
	2113	106	200
	2114	104	203
	2115	107	209
	2116	96	202
	2117	105	206
	2118	100	206
	2119	106	198
	2120	98	199
	2121	104	203
	2122	98	202
	2123	105	209
	2124	101	204
	2125	104	201
	2126	98	198
	2127	102	208
	2128	101	196
	2129	97	213
	2130	102	207
	2131	103	205
	2132	97	207
	2133	102	207
	2134	102	199
	2135	103	199
	2136	95	200
	2137	101	204
	2138	98	199
	2139	99	204
	2140	100	199
	2141	109	201
	2142	100	194
	2143	98	198
	2144	101	202
	2145	111	198
	2146	103	199
	2147	106	206
	2148	103	199
	2149	101	202
	2150	98	202
	2151	107	198
	2152	108	204
	2153	105	197
	2154	104	199
	2155	104	204
	2156	96	194
	2157	110	198
	2158	99	197
	2159	104	208
	2160	99	196
	2161	106	204
	2162	97	194
	2163	105	204
	2164	101	207
	2165	104	207
	2166	99	193
	2167	105	202
	2168	100	198
	2169	101	203
	2170	98	315
	2171	102	199
	2172	100	195
	2173	100	201
	2174	99	196
	2175	99	210
	2176	97	197
	2177	106	201
	2178	93	205
	2179	108	198
	2180	100	202
	2181	102	209
	2182	104	197
	2183	107	200
	2184	98	198
	2185	103	200
	2186	101	200
	2187	102	201
	2188	95	199
	2189	98	200
	2190	97	191
	2191	108	207
	2192	95	206
	2193	103	206
	2194	99	227
	2195	105	203
	2196	95	200
	2197	104	211
	2198	95	207
	2199	100	207
	2200	101	197
	2201	106	205
	2202	101	207
	2203	107	204
	2204	94	205
	2205	148	195
	2206	101	193
	2207	107	203
	2208	101	193
	2209	101	206
	2210	101	206
	2211	106	203
	2212	85	202
	2213	104	207
	2214	92	199
	2215	104	202
	2216	95	193
	2217	104	201
	2218	105	208
	2219	98	208
	2220	99	194
	2221	104	203
	2222	97	200
	2223	111	205
	2224	101	200
	2225	102	197
	2226	91	202
	2227	106	200
	2228	96	205
	2229	97	202
	2230	96	198
	2231	100	200
	2232	97	196
	2233	99	199
	2234	106	196
	2235	99	208
	2236	98	205
	2237	112	190
	2238	99	200
	2239	102	211
	2240	103	196
	2241	103	203
	2242	97	198
	2243	106	205
	2244	101	196
	2245	100	204
	2246	96	199
	2247	113	202
	2248	103	193
	2249	101	204
	2250	99	193
	2251	101	201
	2252	102	196
	2253	108	203
	2254	97	196
	2255	105	203
	2256	102	200
	2257	107	196
	2258	105	201
	2259	105	199
	2260	94	204
	2261	103	201
	2262	97	192
	2263	98	203
	2264	107	199
	2265	99	204
	2266	96	197
	2267	98	207
	2268	103	198
	2269	106	202
	2270	100	200
	2271	101	206
	2272	103	201
	2273	103	204
	2274	104	196
	2275	105	206
	2276	99	202
	2277	103	213
	2278	98	204
	2279	111	202
	2280	106	192
	2281	103	200
	2282	102	200
	2283	101	206
	2284	101	200
	2285	104	199
	2286	100	200
	2287	103	202
	2288	99	197
	2289	104	208
	2290	98	199
	2291	108	201
	2292	102	193
	2293	110	202
	2294	101	203
	2295	99	202
	2296	99	202
	2297	106	201
	2298	105	204
	2299	100	202
	2300	91	202
	2301	106	209
	2302	102	199
	2303	108	201
	2304	94	204
	2305	106	206
	2306	101	202
	2307	108	209
	2308	99	186
	2309	104	203
	2310	94	198
	2311	111	201
	2312	101	200
	2313	102	201
	2314	98	193
	2315	99	204
	2316	106	199
	2317	103	201
	2318	96	199
	2319	103	199
	2320	100	202
	2321	106	201
	2322	91	199
	2323	111	196
	2324	98	201
	2325	107	200
	2326	98	198
	2327	110	201
	2328	104	197
	2329	105	207
	2330	109	195
	2331	101	202
	2332	104	203
	2333	108	206
	2334	96	196
	2335	106	201
	2336	96	201
	2337	101	200
	2338	98	196
	2339	105	203
	2340	99	192
	2341	96	208
	2342	101	203
	2343	100	207
	2344	101	204
	2345	100	194
	2346	98	199
	2347	102	200
	2348	100	207
	2349	101	208
	2350	102	199
	2351	103	210
	2352	101	204
	2353	103	208
	2354	95	201
	2355	108	197
	2356	102	200
	2357	107	195
	2358	102	199
	2359	104	201
	2360	94	197
	2361	98	202
	2362	95	200
	2363	102	206
	2364	101	196
	2365	106	202
	2366	103	203
	2367	102	204
	2368	97	197
	2369	107	204
	2370	104	202
	2371	105	202
	2372	98	198
	2373	99	203
	2374	95	192
	2375	103	208
	2376	100	201
	2377	103	198
	2378	94	200
	2379	102	201
	2380	98	197
	2381	99	213
	2382	100	202
	2383	106	201
	2384	97	201
	2385	100	200
	2386	97	199
	2387	105	211
	2388	98	198
	2389	106	202
	2390	95	194
	2391	104	210
	2392	108	204
	2393	103	199
	2394	93	191
	2395	101	201
	2396	100	195
	2397	104	202
	2398	94	205
	2399	103	203
	2400	94	208
	2401	99	204
	2402	98	202
	2403	134	206
	2404	103	202
	2405	102	200
	2406	99	196
	2407	97	206
	2408	96	207
	2409	98	204
	2410	97	198
	2411	104	204
	2412	97	203
	2413	98	203
	2414	97	195
	2415	107	204
	2416	90	204
	2417	102	223
	2418	101	202
	2419	103	201
	2420	101	197
	2421	112	202
	2422	100	198
	2423	103	200
	2424	98	197
	2425	110	204
	2426	100	199
	2427	116	210
	2428	91	197
	2429	103	204
	2430	95	200
	2431	108	201
	2432	94	202
	2433	100	216
	2434	101	203
	2435	109	201
	2436	103	196
	2437	99	203
	2438	98	204
	2439	108	199
	2440	100	196
	2441	103	209
	2442	105	199
	2443	108	199
	2444	98	197
	2445	97	208
	2446	100	197
	2447	97	200
	2448	97	196
	2449	100	201
	2450	99	205
	2451	102	207
	2452	101	198
	2453	101	199
	2454	101	202
	2455	101	202
	2456	102	202
	2457	98	198
	2458	101	202
	2459	107	200
	2460	100	193
	2461	103	213
	2462	100	198
	2463	101	200
	2464	99	219
	2465	104	204
	2466	102	199
	2467	101	214
	2468	102	197
	2469	104	204
	2470	99	210
	2471	99	210
	2472	99	202
	2473	102	204
	2474	110	202
	2475	100	205
	2476	105	199
	2477	99	206
	2478	98	201
	2479	103	205
	2480	98	200
	2481	108	215
	2482	99	204
	2483	102	201
	2484	95	197
	2485	103	199
	2486	97	205
	2487	95	205
	2488	97	194
	2489	100	203
	2490	99	200
	2491	102	205
	2492	94	191
	2493	100	206
	2494	100	198
	2495	106	212
	2496	99	201
	2497	101	200
	2498	96	205
	2499	103	208
	2500	95	198
	2501	101	208
	2502	104	197
	2503	97	210
	2504	105	202
	2505	100	199
	2506	97	201
	2507	103	205
	2508	98	203
	2509	105	204
	2510	102	205
	2511	107	200
	2512	96	197
	2513	102	219
	2514	98	200
	2515	104	196
	2516	102	201
	2517	103	200
	2518	100	203
	2519	103	201
	2520	100	197
	2521	101	201
	2522	96	200
	2523	109	203
	2524	97	205
	2525	105	200
	2526	105	201
	2527	109	201
	2528	100	200
	2529	101	202
	2530	101	205
	2531	108	203
	2532	100	199
	2533	94	204
	2534	100	193
	2535	102	211
	2536	99	195
	2537	109	205
	2538	99	201
	2539	104	210
	2540	98	200
	2541	101	210
	2542	95	193
	2543	102	199
	2544	98	199
	2545	100	206
	2546	98	199
	2547	100	205
	2548	98	200
	2549	96	198
	2550	100	195
	2551	97	200
	2552	101	196
	2553	101	200
	2554	99	194
	2555	108	208
	2556	100	198
	2557	103	198
	2558	96	200
	2559	107	207
	2560	100	193
	2561	108	206
	2562	101	198
	2563	100	202
	2564	95	198
	2565	99	202
	2566	99	200
	2567	108	229
	2568	97	202
	2569	106	202
	2570	100	205
	2571	112	203
	2572	99	200
	2573	97	205
	2574	100	196
	2575	110	207
	2576	94	204
	2577	107	200
	2578	100	201
	2579	110	207
	2580	99	202
	2581	106	204
	2582	103	202
	2583	103	204
	2584	99	204
	2585	98	199
	2586	97	202
	2587	103	201
	2588	98	197
	2589	110	200
	2590	102	202
	2591	110	204
	2592	97	203
	2593	107	198
	2594	96	198
	2595	104	207
	2596	103	197
	2597	101	199
	2598	103	200
	2599	107	204
	2600	97	203
	2601	100	202
	2602	94	200
	2603	99	198
	2604	101	194
	2605	102	202
	2606	93	197
	2607	100	202
	2608	93	205
	2609	100	198
	2610	98	208
	2611	106	201
	2612	99	199
	2613	100	200
	2614	97	196
	2615	109	208
	2616	101	201
	2617	99	198
	2618	97	196
	2619	109	202
	2620	90	198
	2621	99	201
	2622	102	200
	2623	103	205
	2624	98	202
	2625	106	200
	2626	129	194
	2627	95	202
	2628	93	199
	2629	97	199
	2630	105	198
	2631	96	198
	2632	101	195
	2633	104	212
	2634	103	201
	2635	103	203
	2636	96	198
	2637	103	203
	2638	99	204
	2639	105	204
	2640	92	197
	2641	112	208
	2642	92	193
	2643	96	206
	2644	91	199
	2645	102	202
	2646	98	189
	2647	104	205
	2648	94	199
	2649	99	204
	2650	100	207
	2651	100	201
	2652	100	191
	2653	98	207
	2654	97	195
	2655	108	203
	2656	101	200
	2657	103	200
	2658	99	198
	2659	105	202
	2660	100	194
	2661	102	205
	2662	102	193
	2663	98	204
	2664	100	194
	2665	100	202
	2666	101	197
	2667	100	198
	2668	91	200
	2669	103	201
	2670	95	202
	2671	106	205
	2672	97	201
	2673	104	207
	2674	101	202
	2675	96	207
	2676	101	199
	2677	96	206
	2678	100	196
	2679	96	203
	2680	98	197
	2681	97	200
	2682	97	201
	2683	107	197
	2684	92	203
	2685	104	199
	2686	99	195
	2687	99	198
	2688	99	194
	2689	107	196
	2690	95	201
	2691	104	199
	2692	102	201
	2693	95	198
	2694	104	194
	2695	100	200
	2696	99	197
	2697	98	202
	2698	100	196
	2699	109	207
	2700	98	189
	2701	99	204
	2702	95	199
	2703	109	207
	2704	98	201
	2705	108	197
	2706	104	194
	2707	106	197
	2708	99	193
	2709	94	205
	2710	97	198
	2711	98	207
	2712	98	195
	2713	102	208
	2714	99	196
	2715	107	203
	2716	97	196
	2717	106	202
	2718	90	198
	2719	101	209
	2720	97	191
	2721	128	202
	2722	98	205
	2723	100	199
	2724	97	202
	2725	104	208
	2726	121	198
	2727	101	194
	2728	100	200
	2729	103	199
	2730	99	205
	2731	105	203
	2732	98	191
	2733	103	206
	2734	99	196
	2735	100	202
	2736	98	199
	2737	100	200
	2738	104	198
	2739	107	203
	2740	102	195
	2741	99	194
	2742	103	196
	2743	102	194
	2744	105	200
	2745	100	196
	2746	99	197
	2747	110	207
	2748	97	199
	2749	102	204
	2750	100	205
	2751	105	204
	2752	99	197
	2753	98	206
	2754	101	194
	2755	94	200
	2756	98	201
	2757	100	204
	2758	96	202
	2759	99	202
	2760	98	193
	2761	101	197
	2762	94	202
	2763	108	198
	2764	94	199
	2765	104	199
	2766	98	195
	2767	106	213
	2768	99	200
	2769	105	199
	2770	95	202
	2771	102	204
	2772	95	194
	2773	104	203
	2774	96	199
	2775	102	202
	2776	97	202
	2777	103	201
	2778	102	201
	2779	103	201
	2780	98	200
	2781	111	198
	2782	91	197
	2783	132	206
	2784	99	203
	2785	102	206
	2786	100	195
	2787	98	207
	2788	92	199
	2789	101	202
	2790	103	203
	2791	96	203
	2792	98	198
	2793	101	202
	2794	97	197
	2795	103	198
	2796	96	200
	2797	104	199
	2798	100	192
	2799	104	206
	2800	97	199
	2801	101	215
	2802	97	227
	2803	102	202
	2804	96	199
	2805	101	206
	2806	105	198
	2807	99	196
	2808	109	201
	2809	103	195
	2810	100	208
	2811	104	205
	2812	102	208
	2813	103	210
	2814	90	201
	2815	105	201
	2816	99	202
	2817	104	201
	2818	93	200
	2819	100	206
	2820	100	197
	2821	101	203
	2822	95	197
	2823	108	205
	2824	100	197
	2825	106	200
	2826	91	195
	2827	107	200
	2828	101	203
	2829	104	204
	2830	96	193
	2831	123	198
	2832	99	201
	2833	100	205
	2834	100	200
	2835	97	199
	2836	97	192
	2837	100	211
	2838	101	192
	2839	99	203
	2840	102	192
	2841	97	207
	2842	99	199
	2843	107	196
	2844	97	203
	2845	106	204
	2846	104	192
	2847	96	199
	2848	101	199
	2849	98	197
	2850	100	205
	2851	105	202
	2852	92	203
	2853	106	199
	2854	98	203
	2855	103	201
	2856	100	196
	2857	100	204
	2858	95	195
	2859	107	211
	2860	97	197
	2861	109	202
	2862	103	197
	2863	97	194
	2864	99	194
	2865	97	199
	2866	97	201
	2867	104	198
	2868	98	201
	2869	104	200
	2870	107	202
	2871	98	196
	2872	98	195
	2873	100	200
	2874	94	194
	2875	103	206
	2876	97	200
	2877	99	205
	2878	97	210
	2879	105	201
	2880	93	194
	2881	97	203
	2882	95	204
	2883	106	199
	2884	97	197
	2885	105	201
	2886	101	197
	2887	106	200
	2888	105	194
	2889	185	200
	2890	104	203
	2891	106	215
	2892	102	200
	2893	103	205
	2894	94	196
	2895	105	197
	2896	97	201
	2897	103	199
	2898	100	200
	2899	110	204
	2900	97	194
	2901	105	199
	2902	99	202
	2903	99	193
	2904	103	206
	2905	100	202
	2906	94	202
	2907	104	203
	2908	93	195
	2909	97	202
	2910	103	196
	2911	105	224
	2912	100	200
	2913	101	211
	2914	98	213
	2915	102	193
	2916	95	202
	2917	98	198
	2918	106	205
	2919	106	199
	2920	124	196
	2921	104	200
	2922	91	197
	2923	101	200
	2924	104	208
	2925	97	205
	2926	97	189
	2927	99	201
	2928	100	198
	2929	98	198
	2930	94	200
	2931	103	202
	2932	97	195
	2933	102	201
	2934	95	194
	2935	102	197
	2936	93	209
	2937	98	191
	2938	92	195
	2939	102	212
	2940	96	196
	2941	104	197
	2942	90	204
	2943	102	203
	2944	97	198
	2945	101	204
	2946	98	196
	2947	103	204
	2948	102	189
	2949	104	198
	2950	100	198
	2951	102	207
	2952	98	200
	2953	107	204
	2954	96	200
	2955	100	202
	2956	98	205
	2957	108	197
	2958	104	204
	2959	102	202
	2960	94	200
	2961	98	206
	2962	100	201
	2963	108	206
	2964	96	195
	2965	100	200
	2966	101	195
	2967	105	204
	2968	104	200
	2969	100	208
	2970	94	197
	2971	100	204
	2972	96	197
	2973	95	200
	2974	94	205
	2975	101	195
	2976	94	196
	2977	100	204
	2978	99	204
	2979	105	201
	2980	98	192
	2981	101	205
	2982	95	195
	2983	107	199
	2984	100	202
	2985	104	205
	2986	94	201
	2987	106	205
	2988	98	203
	2989	107	197
	2990	99	204
	2991	96	198
	2992	98	197
	2993	98	199
	2994	100	200
	2995	105	204
	2996	105	193
	2997	105	199
	2998	111	200
	2999	106	204
	3000	96	199
	3001	107	196
	3002	103	198
	3003	108	195
	3004	97	206
	3005	103	206
	3006	97	201
	3007	110	205
	3008	102	198
	3009	108	194
	3010	101	201
	3011	97	198
	3012	96	196
	3013	103	203
	3014	96	204
	3015	105	196
	3016	101	203
	3017	101	202
	3018	94	197
	3019	106	199
	3020	90	201
	3021	100	202
	3022	99	205
	3023	99	198
	3024	94	202
	3025	96	202
	3026	98	193
	3027	108	199
	3028	95	194
	3029	104	192
	3030	96	197
	3031	103	205
	3032	98	199
	3033	108	202
	3034	94	198
	3035	101	203
	3036	101	198
	3037	100	192
	3038	99	199
	3039	96	199
	3040	97	193
	3041	104	203
	3042	104	209
	3043	106	200
	3044	103	201
	3045	103	193
	3046	102	200
	3047	97	198
	3048	94	197
	3049	107	204
	3050	97	195
	3051	105	202
	3052	102	198
	3053	101	212
	3054	98	198
	3055	105	195
	3056	101	195
	3057	96	200
	3058	101	198
	3059	99	200
	3060	93	200
	3061	101	199
	3062	93	200
	3063	101	200
	3064	92	203
	3065	101	208
	3066	99	194
	3067	104	201
	3068	106	197
	3069	98	204
	3070	104	200
	3071	99	207
	3072	98	195
	3073	98	206
	3074	105	194
	3075	98	200
	3076	102	201
	3077	101	199
	3078	100	196
	3079	103	203
	3080	97	203
	3081	104	205
	3082	104	200
	3083	111	203
	3084	97	197
	3085	101	200
	3086	102	194
	3087	105	204
	3088	104	196
	3089	102	198
	3090	102	200
	3091	103	208
	3092	109	203
	3093	101	201
	3094	98	190
	3095	106	198
	3096	104	199
	3097	109	203
	3098	101	194
	3099	99	208
	3100	96	203
	3101	105	202
	3102	96	199
	3103	100	207
	3104	97	196
	3105	100	206
	3106	99	199
	3107	101	205
	3108	96	201
	3109	99	204
	3110	98	193
	3111	109	208
	3112	100	201
	3113	102	208
	3114	103	199
	3115	104	199
	3116	105	196
	3117	107	207
	3118	102	199
	3119	103	197
	3120	100	202
	3121	98	198
	3122	105	197
	3123	103	205
	3124	99	193
	3125	99	205
	3126	95	196
	3127	103	206
	3128	97	203
	3129	101	199
	3130	99	204
	3131	103	200
	3132	95	198
	3133	99	205
	3134	100	199
	3135	102	200
	3136	106	201
	3137	91	203
	3138	104	197
	3139	106	208
	3140	101	192
	3141	104	199
	3142	102	197
	3143	103	193
	3144	98	196
	3145	98	206
	3146	113	197
	3147	109	203
	3148	95	198
	3149	100	192
	3150	97	202
	3151	111	204
	3152	99	196
	3153	99	208
	3154	98	198
	3155	93	205
	3156	100	202
	3157	103	198
	3158	102	193
	3159	104	205
	3160	99	200
	3161	105	215
	3162	97	198
	3163	104	202
	3164	100	200
	3165	105	209
	3166	101	197
	3167	107	211
	3168	100	200
	3169	102	199
	3170	100	205
	3171	102	206
	3172	98	198
	3173	108	201
	3174	100	190
	3175	104	203
	3176	92	205
	3177	99	201
	3178	99	192
	3179	99	207
	3180	97	199
	3181	99	196
	3182	97	198
	3183	103	201
	3184	100	197
	3185	121	202
	3186	96	198
	3187	103	199
	3188	96	202
	3189	102	204
	3190	103	207
	3191	111	204
	3192	94	204
	3193	99	207
	3194	101	198
	3195	106	195
	3196	100	197
	3197	103	200
	3198	97	200
	3199	102	200
	3200	104	193
	3201	104	197
	3202	100	199
	3203	101	195
	3204	95	201
	3205	103	204
	3206	102	195
	3207	103	192
	3208	92	200
	3209	102	205
	3210	97	201
	3211	110	205
	3212	96	192
	3213	106	206
	3214	99	201
	3215	101	199
	3216	96	198
	3217	104	197
	3218	103	197
	3219	101	203
	3220	101	193
	3221	96	196
	3222	101	197
	3223	106	232
	3224	95	193
	3225	106	209
	3226	102	198
	3227	98	204
	3228	99	196
	3229	105	200
	3230	104	193
	3231	109	202
	3232	93	204
	3233	102	207
	3234	104	194
	3235	96	202
	3236	104	199
	3237	102	200
	3238	93	200
	3239	106	203
	3240	100	199
	3241	107	223
	3242	100	202
	3243	108	207
	3244	100	197
	3245	101	207
	3246	95	212
	3247	106	201
	3248	100	200
	3249	99	197
	3250	101	189
	3251	102	207
	3252	99	195
	3253	105	201
	3254	95	203
	3255	105	196
	3256	94	198
	3257	97	203
	3258	96	198
	3259	103	211
	3260	96	195
	3261	100	193
	3262	96	200
	3263	104	201
	3264	107	205
	3265	103	206
	3266	92	199
	3267	100	204
	3268	97	198
	3269	102	200
	3270	98	200
	3271	107	200
	3272	101	199
	3273	109	199
	3274	95	201
	3275	110	200
	3276	98	202
	3277	101	204
	3278	106	199
	3279	97	202
	3280	93	198
	3281	105	200
	3282	103	196
	3283	97	200
	3284	91	194
	3285	131	207
	3286	103	198
	3287	104	207
	3288	100	198
	3289	103	204
	3290	97	206
	3291	105	207
	3292	98	198
	3293	103	208
	3294	93	203
	3295	101	201
	3296	99	195
	3297	99	194
	3298	105	191
	3299	103	199
	3300	95	195
	3301	97	199
	3302	98	200
	3303	104	200
	3304	98	200
	3305	102	198
	3306	100	194
	3307	101	203
	3308	101	197
	3309	97	197
	3310	98	197
	3311	96	199
	3312	94	197
	3313	100	202
	3314	99	201
	3315	99	199
	3316	103	200
	3317	102	206
	3318	98	193
	3319	105	201
	3320	96	194
	3321	103	203
	3322	106	199
	3323	101	202
	3324	101	201
	3325	106	206
	3326	99	197
	3327	96	203
	3328	98	198
	3329	103	200
	3330	101	198
	3331	106	203
	3332	97	199
	3333	101	204
	3334	102	197
	3335	111	198
	3336	98	201
	3337	99	206
	3338	97	197
	3339	101	197
	3340	99	197
	3341	95	199
	3342	97	200
	3343	103	204
	3344	95	201
	3345	105	200
	3346	98	196
	3347	111	200
	3348	104	196
	3349	103	202
	3350	99	200
	3351	99	203
	3352	98	200
	3353	104	202
	3354	96	196
	3355	108	201
	3356	94	201
	3357	102	202
	3358	101	196
	3359	106	203
	3360	99	197
	3361	102	208
	3362	98	198
	3363	101	197
	3364	101	193
	3365	100	207
	3366	98	191
	3367	102	203
	3368	99	200
	3369	99	198
	3370	98	197
	3371	107	203
	3372	97	196
	3373	103	193
	3374	99	192
	3375	100	206
	3376	100	201
	3377	104	199
	3378	99	195
	3379	104	196
	3380	97	194
	3381	104	199
	3382	97	200
	3383	104	198
	3384	95	190
	3385	107	202
	3386	96	199
	3387	103	200
	3388	99	203
	3389	101	198
	3390	101	200
	3391	101	202
	3392	100	195
	3393	103	202
	3394	96	198
	3395	104	195
	3396	98	193
	3397	102	203
	3398	96	196
	3399	110	207
	3400	96	203
	3401	100	197
	3402	97	204
	3403	105	205
	3404	102	198
	3405	98	200
	3406	95	199
	3407	99	202
	3408	97	202
	3409	99	194
	3410	100	193
	3411	94	201
	3412	102	189
	3413	109	201
	3414	94	192
	3415	113	204
	3416	97	196
	3417	96	198
	3418	101	193
	3419	104	202
	3420	100	192
	3421	106	200
	3422	98	207
	3423	105	202
	3424	102	200
	3425	101	200
	3426	104	196
	3427	100	193
	3428	94	194
	3429	109	206
	3430	97	194
	3431	102	200
	3432	103	199
	3433	105	205
	3434	94	203
	3435	102	204
	3436	95	199
	3437	99	209
	3438	103	198
	3439	98	198
	3440	95	203
	3441	103	198
	3442	97	199
	3443	104	195
	3444	98	189
	3445	99	199
	3446	103	197
	3447	103	196
	3448	102	192
	3449	103	200
	3450	98	196
	3451	98	207
	3452	101	191
	3453	107	200
	3454	101	200
	3455	111	205
	3456	92	193
	3457	103	199
	3458	94	197
	3459	103	195
	3460	99	196
	3461	101	203
	3462	94	204
	3463	105	209
	3464	103	197
	3465	107	204
	3466	93	198
	3467	101	209
	3468	103	199
	3469	102	193
	3470	103	197
	3471	103	203
	3472	95	235
	3473	99	202
	3474	102	196
	3475	102	192
	3476	98	193
	3477	103	202
	3478	102	216
	3479	101	203
	3480	96	195
	3481	107	202
	3482	97	198
	3483	92	207
	3484	94	198
	3485	99	209
	3486	94	195
	3487	98	201
	3488	98	202
	3489	98	202
	3490	101	192
	3491	107	196
	3492	100	199
	3493	105	198
	3494	99	202
	3495	102	202
	3496	95	194
	3497	101	205
	3498	92	198
	3499	108	203
	3500	102	212
	3501	97	204
	3502	99	188
	3503	101	198
	3504	97	190
	3505	102	204
	3506	97	193
	3507	98	203
	3508	94	195
	3509	106	205
	3510	96	196
	3511	104	204
	3512	92	192
	3513	103	199
	3514	98	199
	3515	103	202
	3516	101	196
	3517	95	206
	3518	99	193
	3519	102	197
	3520	94	197
	3521	100	203
	3522	94	199
	3523	104	194
	3524	97	198
	3525	100	206
	3526	100	203
	3527	103	202
	3528	91	200
	3529	100	199
	3530	99	194
	3531	99	201
	3532	102	196
	3533	102	204
	3534	98	192
	3535	102	201
	3536	102	192
	3537	100	208
	3538	101	195
	3539	100	197
	3540	92	222
	3541	108	196
	3542	94	200
	3543	101	199
	3544	94	195
	3545	98	201
	3546	96	198
	3547	102	198
	3548	91	204
	3549	102	201
	3550	119	223
	3551	102	197
	3552	96	197
	3553	105	204
	3554	100	201
	3555	108	210
	3556	92	188
	3557	103	200
	3558	94	208
	3559	103	206
	3560	93	205
	3561	101	201
	3562	101	201
	3563	104	195
	3564	100	200
	3565	107	199
	3566	95	196
	3567	98	202
	3568	94	201
	3569	105	201
	3570	98	198
	3571	106	205
	3572	97	193
	3573	95	206
	3574	97	196
	3575	101	201
	3576	91	197
	3577	100	202
	3578	94	191
	3579	104	211
	3580	98	200
	3581	104	206
	3582	101	209
	3583	126	204
	3584	98	200
	3585	101	198
	3586	99	197
	3587	106	198
	3588	103	199
	3589	102	204
	3590	93	196
	3591	99	202
	3592	99	198
	3593	108	206
	3594	99	200
	3595	98	196
	3596	97	203
	3597	101	201
	3598	96	199
	3599	102	205
	3600	96	193
	3601	102	200
	3602	98	197
	3603	110	207
	3604	101	195
	3605	101	201
	3606	96	196
	3607	104	201
	3608	100	199
	3609	102	200
	3610	99	203
	3611	108	214
	3612	98	196
	3613	101	198
	3614	97	203
	3615	95	197
	3616	94	201
	3617	103	199
	3618	94	196
	3619	101	204
	3620	96	190
	3621	98	198
	3622	99	198
	3623	99	201
	3624	92	194
	3625	102	204
	3626	98	198
	3627	99	198
	3628	94	198
	3629	98	206
	3630	95	197
	3631	107	199
	3632	104	199
	3633	103	203
	3634	96	208
	3635	103	202
	3636	99	193
	3637	105	197
	3638	98	196
	3639	108	199
	3640	98	199
	3641	105	200
	3642	99	192
	3643	99	204
	3644	101	192
	3645	99	208
	3646	93	200
	3647	105	197
	3648	92	202
	3649	100	201
	3650	97	201
	3651	104	205
	3652	100	198
	3653	99	200
	3654	96	201
	3655	106	199
	3656	96	203
	3657	103	201
	3658	99	192
	3659	99	202
	3660	100	189
	3661	96	201
	3662	98	204
	3663	102	202
	3664	97	190
	3665	105	199
	3666	96	193
	3667	112	200
	3668	86	198
	3669	100	201
	3670	98	193
	3671	102	202
	3672	95	200
	3673	101	198
	3674	92	198
	3675	99	206
	3676	97	197
	3677	102	201
	3678	100	197
	3679	102	202
	3680	94	196
	3681	105	201
	3682	107	204
	3683	98	205
	3684	97	193
	3685	96	210
	3686	93	196
	3687	106	192
	3688	93	203
	3689	102	199
	3690	92	197
	3691	99	202
	3692	102	201
	3693	97	207
	3694	99	196
	3695	99	202
	3696	93	194
	3697	109	201
	3698	95	198
	3699	102	204
	3700	117	197
	3701	100	199
	3702	96	201
	3703	102	206
	3704	94	201
	3705	103	207
	3706	103	202
	3707	98	197
	3708	102	198
	3709	98	201
	3710	95	193
	3711	98	202
	3712	99	198
	3713	104	194
	3714	90	194
	3715	102	200
	3716	95	195
	3717	101	200
	3718	96	189
	3719	98	199
	3720	93	201
	3721	97	192
	3722	100	200
	3723	97	192
