	0	178	374
	1	189	386
	2	174	373
	3	190	379
	4	181	367
	5	188	378
	6	182	370
	7	183	381
	8	180	383
	9	184	385
	10	183	379
	11	182	387
	12	178	378
	13	181	384
	14	174	372
	15	184	387
	16	172	375
	17	185	386
	18	185	379
	19	188	387
	20	181	375
	21	181	373
	22	173	374
	23	180	385
	24	185	390
	25	180	384
	26	218	408
	27	208	412
	28	199	407
	29	201	408
	30	213	404
	31	210	416
	32	207	397
	33	207	413
	34	212	406
	35	231	400
	36	212	393
	37	210	405
	38	199	404
	39	214	420
	40	222	420
	41	211	409
	42	205	401
	43	205	410
	44	211	408
	45	218	409
	46	208	410
	47	199	418
	48	205	387
	49	221	423
	50	192	407
	51	223	424
	52	207	406
	53	223	405
	54	216	405
	55	221	429
	56	214	406
	57	212	412
	58	210	413
	59	219	420
	60	228	411
	61	221	423
	62	224	414
	63	226	407
	64	210	428
	65	236	408
	66	238	409
	67	240	419
	68	216	425
	69	239	426
	70	213	413
	71	216	422
	72	216	411
	73	229	426
	74	212	419
	75	230	440
	76	216	436
	77	231	423
	78	222	412
	79	229	418
	80	215	405
	81	224	429
	82	212	407
	83	224	442
	84	222	417
	85	222	420
	86	232	418
	87	229	439
	88	221	419
	89	216	413
	90	220	414
	91	238	422
	92	206	408
	93	229	431
	94	219	436
	95	239	412
	96	211	491
	97	226	428
	98	227	420
	99	235	438
	100	221	418
	101	235	417
	102	230	415
	103	221	438
	104	227	427
	105	229	421
	106	225	427
	107	233	411
	108	217	417
	109	247	446
	110	222	417
	111	242	419
	112	239	415
	113	238	419
	114	223	413
	115	239	426
	116	221	407
	117	244	418
	118	233	427
	119	226	438
	120	218	429
	121	227	418
	122	219	414
	123	225	440
	124	230	417
	125	228	427
	126	228	407
	127	240	401
	128	218	400
	129	231	431
	130	211	418
	131	228	442
	132	217	422
	133	225	410
	134	233	404
	135	239	429
	136	303	423
	137	238	423
	138	234	446
	139	236	423
	140	228	403
	141	291	418
	142	245	413
	143	242	410
	144	229	423
	145	228	416
	146	242	409
	147	236	427
	148	238	442
	149	235	426
	150	236	419
	151	238	423
	152	225	408
	153	236	426
	154	235	416
	155	238	432
	156	223	421
	157	236	425
	158	226	417
	159	247	424
	160	230	423
	161	230	418
	162	214	422
	163	248	424
	164	235	411
	165	240	439
	166	254	415
	167	238	448
	168	229	423
	169	250	424
	170	242	420
	171	229	425
	172	241	418
	173	237	429
	174	243	434
	175	227	433
	176	220	406
	177	244	417
	178	241	431
	179	226	422
	180	235	415
	181	240	413
	182	227	410
	183	241	419
	184	230	396
	185	232	427
	186	228	420
	187	228	423
	188	224	414
	189	236	411
	190	239	417
	191	234	426
	192	224	409
	193	249	428
	194	233	413
	195	230	416
	196	228	418
	197	253	414
	198	226	398
	199	250	427
	200	229	405
	201	245	435
	202	240	408
	203	249	411
	204	228	407
	205	252	406
	206	225	406
	207	240	419
	208	227	413
	209	262	421
	210	238	438
	211	238	426
	212	218	419
	213	242	415
	214	224	408
	215	243	427
	216	248	414
	217	248	433
	218	232	431
	219	234	499
	220	240	409
	221	226	434
	222	235	423
	223	260	419
	224	233	404
	225	243	429
	226	220	404
	227	231	416
	228	226	423
	229	252	413
	230	240	420
	231	245	429
	232	223	408
	233	240	413
	234	254	413
	235	236	427
	236	239	418
	237	242	413
	238	241	410
	239	235	433
	240	229	405
	241	241	440
	242	235	420
	243	247	427
	244	247	415
	245	241	439
	246	220	418
	247	234	416
	248	238	422
	249	234	436
	250	246	409
	251	254	439
	252	236	411
	253	233	417
	254	237	411
	255	259	446
	256	225	407
	257	266	438
	258	238	433
	259	252	433
	260	235	413
	261	247	416
	262	225	435
	263	243	427
	264	233	422
	265	231	444
	266	233	419
	267	246	425
	268	233	416
	269	243	432
	270	232	415
	271	237	423
	272	235	415
	273	242	422
	274	227	418
	275	251	434
	276	227	413
	277	251	426
	278	233	410
	279	242	425
	280	231	408
	281	238	409
	282	233	409
	283	247	407
	284	249	409
	285	247	421
	286	231	420
	287	251	418
	288	239	422
	289	239	410
	290	270	412
	291	244	411
	292	230	438
	293	238	422
	294	230	435
	295	249	430
	296	236	426
	297	242	438
	298	318	414
	299	243	428
	300	249	419
	301	250	424
	302	244	429
	303	252	413
	304	228	410
	305	243	422
	306	239	417
	307	255	430
	308	240	433
	309	257	430
	310	246	417
	311	246	418
	312	247	422
	313	222	433
	314	225	418
	315	241	422
	316	242	413
	317	252	426
	318	251	418
	319	242	442
	320	242	420
	321	250	440
	322	248	429
	323	252	428
	324	246	411
	325	247	417
	326	238	425
	327	254	425
	328	235	422
	329	249	435
	330	236	425
	331	262	436
	332	258	409
	333	271	446
	334	248	421
	335	254	429
	336	228	417
	337	255	444
	338	243	408
	339	270	432
	340	234	417
	341	241	419
	342	231	418
	343	272	436
	344	251	414
	345	268	421
	346	272	431
	347	243	411
	348	244	418
	349	264	415
	350	249	421
	351	256	452
	352	240	425
	353	258	443
	354	236	411
	355	265	421
	356	252	424
	357	254	429
	358	261	429
	359	258	414
	360	261	410
	361	256	431
	362	275	432
	363	284	428
	364	254	417
	365	261	433
	366	259	426
	367	256	429
	368	261	437
	369	268	430
	370	272	419
	371	280	414
	372	251	428
	373	271	423
	374	269	427
	375	268	412
	376	261	402
	377	277	427
	378	258	429
	379	282	420
	380	271	425
	381	256	409
	382	257	416
	383	275	440
	384	269	451
	385	282	429
	386	269	408
	387	287	409
	388	267	425
	389	293	432
	390	264	429
	391	286	434
	392	268	428
	393	275	430
	394	279	427
	395	286	425
	396	280	429
	397	282	438
	398	276	422
	399	278	480
	400	285	423
	401	288	425
	402	289	424
	403	287	422
	404	281	430
	405	307	420
	406	281	429
	407	295	424
	408	280	420
	409	286	429
	410	285	431
	411	287	429
	412	295	424
	413	292	437
	414	295	437
	415	288	445
	416	287	421
	417	296	432
	418	304	429
	419	302	438
	420	290	421
	421	290	426
	422	307	426
	423	299	429
	424	308	423
	425	302	441
	426	304	434
	427	293	464
	428	292	416
	429	301	434
	430	297	424
	431	307	466
	432	299	434
	433	329	448
	434	304	452
	435	314	442
	436	306	418
	437	324	433
	438	314	415
	439	331	438
	440	323	433
	441	320	452
	442	326	437
	443	322	449
	444	325	421
	445	323	441
	446	319	431
	447	331	436
	448	329	436
	449	342	437
	450	325	433
	451	350	423
	452	414	422
	453	353	441
	454	343	433
	455	332	435
	456	359	436
	457	339	427
	458	341	437
	459	339	447
	460	347	444
	461	351	448
	462	346	431
	463	354	443
	464	354	432
	465	354	444
	466	366	451
	467	367	433
	468	358	425
	469	372	434
	470	359	426
	471	381	449
	472	362	442
	473	384	436
	474	394	433
	475	386	429
	476	388	455
	477	387	450
	478	389	444
	479	394	440
	480	386	445
	481	376	444
	482	376	450
	483	394	446
	484	375	444
	485	391	448
	486	393	444
	487	402	453
	488	397	445
	489	399	441
	490	421	443
	491	409	452
	492	409	437
	493	416	442
	494	412	436
	495	418	454
	496	429	431
	497	433	447
	498	403	443
	499	421	433
	500	416	427
	501	440	449
	502	431	438
	503	446	441
	504	437	441
	505	438	437
	506	452	442
	507	450	470
	508	436	437
	509	453	452
	510	445	454
	511	450	465
	512	460	460
	513	453	462
	514	459	445
	515	453	447
	516	447	461
	517	487	481
	518	459	460
	519	472	458
	520	457	452
	521	476	464
	522	464	443
	523	469	471
	524	473	452
	525	484	466
	526	486	449
	527	487	474
	528	472	442
	529	501	458
	530	501	452
	531	503	480
	532	490	462
	533	530	467
	534	498	452
	535	524	464
	536	513	464
	537	523	451
	538	510	467
	539	526	474
	540	525	456
	541	510	458
	542	525	450
	543	533	475
	544	535	462
	545	544	475
	546	537	473
	547	574	460
	548	566	459
	549	546	478
	550	548	468
	551	564	478
	552	559	469
	553	574	474
	554	559	455
	555	580	476
	556	568	471
	557	581	518
	558	585	458
	559	587	474
	560	590	467
	561	599	477
	562	603	468
	563	615	470
	564	598	459
	565	623	471
	566	616	478
	567	622	490
	568	624	480
	569	624	479
	570	631	477
	571	653	486
	572	651	463
	573	638	472
	574	626	470
	575	648	482
	576	666	475
	577	663	495
	578	645	466
	579	667	488
	580	676	479
	581	681	480
	582	680	477
	583	684	496
	584	682	486
	585	692	482
	586	700	493
	587	713	486
	588	700	474
	589	719	485
	590	714	488
	591	728	492
	592	727	486
	593	730	494
	594	734	485
	595	746	499
	596	718	495
	597	752	483
	598	748	488
	599	752	512
	600	760	471
	601	763	493
	602	780	487
	603	784	510
	604	768	507
	605	777	503
	606	795	475
	607	793	498
	608	791	498
	609	796	502
	610	802	488
	611	819	501
	612	796	519
	613	814	498
	614	824	496
	615	843	504
	616	808	507
	617	834	511
	618	831	497
	619	826	507
	620	841	499
	621	842	497
	622	840	510
	623	870	505
	624	859	498
	625	862	503
	626	859	511
	627	867	513
	628	879	505
	629	894	514
	630	869	523
	631	903	513
	632	885	517
	633	905	532
	634	897	515
	635	901	529
	636	910	520
	637	919	524
	638	911	545
	639	910	537
	640	918	510
	641	914	517
	642	919	534
	643	947	534
	644	932	521
	645	934	520
	646	944	521
	647	947	526
	648	952	507
	649	963	533
	650	950	515
	651	985	523
	652	958	522
	653	969	528
	654	967	523
	655	977	514
	656	979	526
	657	1006	519
	658	991	524
	659	996	541
	660	1010	537
	661	1014	539
	662	993	550
	663	1021	533
	664	1007	531
	665	1047	544
	666	1039	535
	667	1033	541
	668	1031	546
	669	1030	540
	670	1037	538
	671	1035	550
	672	1060	550
	673	1061	555
	674	1046	565
	675	1063	566
	676	1062	551
	677	1076	558
	678	1053	536
	679	1075	557
	680	1081	548
	681	1084	567
	682	1085	537
	683	1084	560
	684	1109	543
	685	1103	561
	686	1081	555
	687	1115	563
	688	1125	534
	689	1120	560
	690	1137	555
	691	1126	555
	692	1117	549
	693	1134	566
	694	1112	566
	695	1131	560
	696	1136	554
	697	1151	573
	698	1147	559
	699	1162	561
	700	1144	563
	701	1171	560
	702	1155	558
	703	1159	559
	704	1159	559
	705	1159	555
	706	1167	570
	707	1181	560
	708	1246	559
	709	1185	554
	710	1166	561
	711	1195	572
	712	1178	562
	713	1189	574
	714	1191	571
	715	1201	588
	716	1209	588
	717	1200	584
	718	1203	572
	719	1209	573
	720	1205	568
	721	1232	571
	722	1233	571
	723	1218	572
	724	1227	565
	725	1246	565
	726	1247	565
	727	1230	566
	728	1230	564
	729	1239	580
	730	1239	573
	731	1225	586
	732	1231	563
	733	1246	581
	734	1235	575
	735	1257	588
	736	1245	572
	737	1260	580
	738	1256	578
	739	1251	604
	740	1250	574
	741	1255	584
	742	1244	587
	743	1245	594
	744	1238	595
	745	1265	584
	746	1245	606
	747	1267	579
	748	1264	571
	749	1263	595
	750	1257	588
	751	1248	579
	752	1253	561
	753	1257	583
	754	1257	560
	755	1262	574
	756	1262	559
	757	1263	587
	758	1252	592
	759	1264	581
	760	1244	569
	761	1272	572
	762	1248	580
	763	1268	595
	764	1254	570
	765	1264	582
	766	1265	580
	767	1265	577
	768	1245	571
	769	1262	575
	770	1242	570
	771	1268	582
	772	1276	584
	773	1268	577
	774	1247	562
	775	1281	556
	776	1318	555
	777	1256	586
	778	1251	566
	779	1255	574
	780	1241	576
	781	1258	573
	782	1246	575
	783	1248	585
	784	1245	566
	785	1253	569
	786	1247	587
	787	1240	582
	788	1247	570
	789	1257	563
	790	1239	560
	791	1261	583
	792	1220	554
	793	1238	585
	794	1214	560
	795	1228	560
	796	1235	545
	797	1227	581
	798	1210	564
	799	1236	562
	800	1226	562
	801	1219	570
	802	1205	564
	803	1211	635
	804	1195	552
	805	1225	556
	806	1194	555
	807	1213	560
	808	1174	594
	809	1208	544
	810	1194	546
	811	1207	551
	812	1182	549
	813	1182	554
	814	1169	570
	815	1169	548
	816	1186	546
	817	1154	542
	818	1147	535
	819	1173	553
	820	1161	536
	821	1149	552
	822	1157	530
	823	1157	559
	824	1120	552
	825	1135	545
	826	1142	533
	827	1140	549
	828	1139	556
	829	1104	556
	830	1112	544
	831	1118	544
	832	1115	533
	833	1111	523
	834	1131	537
	835	1086	535
	836	1088	538
	837	1092	527
	838	1076	523
	839	1084	540
	840	1074	515
	841	1076	547
	842	1083	533
	843	1083	544
	844	1082	513
	845	1062	521
	846	1071	519
	847	1075	537
	848	1067	526
	849	1066	540
	850	1055	523
	851	1057	541
	852	1042	525
	853	1038	540
	854	1051	527
	855	1056	530
	856	1031	517
	857	1051	526
	858	1038	520
	859	1045	513
	860	1041	511
	861	1042	515
	862	1043	520
	863	1036	525
	864	1032	534
	865	1040	529
	866	1040	522
	867	1025	521
	868	1014	528
	869	1019	530
	870	985	519
	871	1018	527
	872	975	516
	873	994	530
	874	982	512
	875	993	521
	876	985	518
	877	985	516
	878	971	518
	879	1007	524
	880	981	520
	881	986	517
	882	983	507
	883	970	519
	884	973	513
	885	964	512
	886	948	507
	887	978	510
	888	953	498
	889	946	520
	890	938	534
	891	941	541
	892	940	496
	893	952	533
	894	943	502
	895	945	501
	896	932	549
	897	935	502
	898	915	498
	899	931	500
	900	924	527
	901	930	491
	902	913	494
	903	912	493
	904	892	489
	905	898	511
	906	892	487
	907	905	500
	908	895	489
	909	883	480
	910	874	483
	911	881	486
	912	881	494
	913	863	501
	914	870	496
	915	868	498
	916	845	504
	917	847	495
	918	855	487
	919	875	490
	920	838	473
	921	858	497
	922	848	491
	923	841	505
	924	821	475
	925	824	507
	926	830	485
	927	822	480
	928	815	493
	929	811	480
	930	810	489
	931	804	511
	932	775	480
	933	794	493
	934	772	485
	935	784	470
	936	778	455
	937	779	480
	938	758	466
	939	775	503
	940	764	471
	941	763	487
	942	751	472
	943	736	491
	944	759	473
	945	758	493
	946	751	467
	947	766	474
	948	743	471
	949	737	468
	950	733	559
	951	732	474
	952	733	482
	953	717	485
	954	725	465
	955	737	479
	956	711	475
	957	731	476
	958	700	472
	959	711	476
	960	704	456
	961	701	479
	962	702	457
	963	683	472
	964	686	460
	965	684	461
	966	664	469
	967	674	458
	968	673	466
	969	667	466
	970	662	474
	971	656	462
	972	635	479
	973	646	466
	974	639	468
	975	625	473
	976	625	463
	977	605	466
	978	614	467
	979	615	452
	980	599	469
	981	604	469
	982	595	459
	983	607	466
	984	579	452
	985	587	468
	986	572	458
	987	575	467
	988	571	452
	989	576	471
	990	548	453
	991	553	456
	992	534	458
	993	544	469
	994	539	453
	995	551	440
	996	531	459
	997	559	468
	998	534	448
	999	525	459
	1000	550	446
	1001	529	453
	1002	529	460
	1003	534	459
	1004	528	457
	1005	530	454
	1006	515	439
	1007	530	457
	1008	505	453
	1009	502	456
	1010	518	446
	1011	511	445
	1012	504	454
	1013	524	454
	1014	509	443
	1015	511	443
	1016	503	452
	1017	487	439
	1018	498	435
	1019	526	444
	1020	493	446
	1021	495	445
	1022	483	442
	1023	506	436
	1024	493	432
	1025	496	440
	1026	481	461
	1027	502	439
	1028	501	431
	1029	485	440
	1030	481	424
	1031	494	456
	1032	464	441
	1033	491	427
	1034	448	431
	1035	485	439
	1036	470	421
	1037	475	456
	1038	477	428
	1039	473	434
	1040	473	442
	1041	460	435
	1042	460	438
	1043	464	428
	1044	459	485
	1045	478	453
	1046	458	442
	1047	465	450
	1048	460	453
	1049	457	441
	1050	439	431
	1051	456	434
	1052	468	436
	1053	465	424
	1054	455	437
	1055	453	498
	1056	440	431
	1057	451	431
	1058	453	429
	1059	465	451
	1060	427	439
	1061	455	453
	1062	436	424
	1063	458	437
	1064	436	434
	1065	446	427
	1066	451	435
	1067	455	435
	1068	434	433
	1069	446	435
	1070	435	418
	1071	449	439
	1072	425	425
	1073	438	427
	1074	435	421
	1075	433	432
	1076	429	417
	1077	499	453
	1078	444	434
	1079	456	443
	1080	434	435
	1081	447	431
	1082	423	428
	1083	434	437
	1084	421	437
	1085	454	419
	1086	417	449
	1087	430	426
	1088	438	424
	1089	433	433
	1090	416	430
	1091	424	442
	1092	418	417
	1093	427	435
	1094	416	428
	1095	427	437
	1096	420	433
	1097	427	426
	1098	420	432
	1099	431	430
	1100	422	437
	1101	429	443
	1102	408	418
	1103	436	433
	1104	419	430
	1105	425	427
	1106	445	423
	1107	429	426
	1108	433	435
	1109	425	438
	1110	423	468
	1111	428	441
	1112	426	419
	1113	445	419
	1114	428	426
	1115	415	423
	1116	419	416
	1117	416	430
	1118	419	426
	1119	429	413
	1120	420	430
	1121	420	444
	1122	411	431
	1123	418	433
	1124	414	413
	1125	424	420
	1126	408	443
	1127	429	431
	1128	397	422
	1129	414	416
	1130	418	436
	1131	423	442
	1132	421	433
	1133	424	438
	1134	399	430
	1135	420	426
	1136	410	480
	1137	421	436
	1138	421	428
	1139	410	446
	1140	446	418
	1141	410	421
	1142	410	426
	1143	424	431
	1144	402	434
	1145	411	421
	1146	394	420
	1147	439	434
	1148	406	422
	1149	411	436
	1150	422	422
	1151	421	436
	1152	402	423
	1153	389	440
	1154	422	419
	1155	423	421
	1156	395	421
	1157	418	411
	1158	406	430
	1159	414	425
	1160	402	431
	1161	422	435
	1162	398	409
	1163	405	462
	1164	391	420
	1165	423	428
	1166	406	411
	1167	401	428
	1168	401	434
	1169	405	424
	1170	406	418
	1171	417	430
	1172	397	426
	1173	403	433
	1174	397	426
	1175	399	437
	1176	409	426
	1177	412	422
	1178	400	427
	1179	411	424
	1180	390	426
	1181	398	423
	1182	419	413
	1183	405	419
	1184	395	427
	1185	391	423
	1186	388	423
	1187	392	433
	1188	392	428
	1189	391	426
	1190	398	434
	1191	400	419
	1192	399	410
	1193	384	432
	1194	378	410
	1195	410	429
	1196	411	425
	1197	402	442
	1198	405	417
	1199	399	431
	1200	405	417
	1201	400	428
	1202	397	434
	1203	391	438
	1204	409	430
	1205	408	421
	1206	398	415
	1207	410	423
	1208	388	412
	1209	409	418
	1210	387	425
	1211	409	421
	1212	375	426
	1213	408	425
	1214	386	422
	1215	404	409
	1216	378	424
	1217	396	416
	1218	389	413
	1219	390	425
	1220	393	418
	1221	402	426
	1222	383	425
	1223	393	440
	1224	384	415
	1225	404	431
	1226	381	414
	1227	381	424
	1228	364	415
	1229	383	444
	1230	383	426
	1231	396	424
	1232	373	425
	1233	401	419
	1234	381	415
	1235	390	427
	1236	387	412
	1237	397	413
	1238	378	420
	1239	383	428
	1240	376	404
	1241	383	432
	1242	381	417
	1243	395	422
	1244	383	422
	1245	384	420
	1246	376	407
	1247	399	439
	1248	384	410
	1249	402	410
	1250	379	421
	1251	400	422
	1252	389	417
	1253	385	420
	1254	380	420
	1255	383	414
	1256	379	427
	1257	383	432
	1258	384	415
	1259	382	413
	1260	390	422
	1261	394	433
	1262	384	441
	1263	379	431
	1264	382	411
	1265	379	420
	1266	455	427
	1267	448	428
	1268	373	415
	1269	388	410
	1270	358	419
	1271	392	429
	1272	365	432
	1273	391	431
	1274	382	420
	1275	392	463
	1276	367	421
	1277	400	414
	1278	381	433
	1279	383	433
	1280	374	411
	1281	377	432
	1282	384	418
	1283	390	425
	1284	374	425
	1285	373	427
	1286	378	419
	1287	364	427
	1288	372	404
	1289	373	420
	1290	372	414
	1291	383	425
	1292	359	412
	1293	391	421
	1294	361	424
	1295	381	421
	1296	374	419
	1297	369	419
	1298	370	423
	1299	382	423
	1300	389	416
	1301	369	433
	1302	370	402
	1303	382	421
	1304	358	409
	1305	386	435
	1306	358	428
	1307	368	414
	1308	351	416
	1309	372	426
	1310	367	418
	1311	373	427
	1312	357	406
	1313	374	417
	1314	369	420
	1315	374	425
	1316	385	416
	1317	367	407
	1318	360	414
	1319	368	422
	1320	360	420
	1321	377	425
	1322	362	422
	1323	372	414
	1324	365	420
	1325	369	430
	1326	356	426
	1327	373	431
	1328	370	441
	1329	355	419
	1330	367	421
	1331	388	432
	1332	358	403
	1333	367	422
	1334	355	424
	1335	377	431
	1336	338	416
	1337	360	419
	1338	358	412
	1339	350	429
	1340	365	409
	1341	371	437
	1342	352	428
	1343	373	425
	1344	351	404
	1345	353	423
	1346	360	421
	1347	353	423
	1348	348	411
	1349	367	411
	1350	365	411
	1351	360	430
	1352	349	416
	1353	354	415
	1354	336	421
	1355	374	428
	1356	341	413
	1357	346	436
	1358	343	426
	1359	363	432
	1360	349	413
	1361	364	418
	1362	341	417
	1363	339	424
	1364	342	424
	1365	351	425
	1366	351	398
	1367	341	422
	1368	338	428
	1369	351	424
	1370	354	419
	1371	361	410
	1372	410	429
	1373	358	417
	1374	327	418
	1375	360	418
	1376	343	410
	1377	358	423
	1378	338	412
	1379	354	423
	1380	351	414
	1381	425	411
	1382	343	413
	1383	349	425
	1384	344	423
	1385	344	419
	1386	339	420
	1387	352	414
	1388	340	402
	1389	345	416
	1390	329	416
	1391	355	427
	1392	330	409
	1393	341	439
	1394	325	418
	1395	346	429
	1396	347	426
	1397	339	414
	1398	331	402
	1399	342	433
	1400	332	417
	1401	349	419
	1402	333	418
	1403	356	423
	1404	339	419
	1405	356	423
	1406	324	414
	1407	337	429
	1408	323	403
	1409	340	405
	1410	340	423
	1411	362	419
	1412	329	432
	1413	342	430
	1414	335	411
	1415	355	422
	1416	325	424
	1417	341	413
	1418	337	414
	1419	354	415
	1420	326	412
	1421	327	434
	1422	325	418
	1423	345	419
	1424	329	423
	1425	339	422
	1426	318	410
	1427	326	417
	1428	316	423
	1429	332	423
	1430	326	421
	1431	334	412
	1432	320	405
	1433	338	415
	1434	331	429
	1435	335	412
	1436	321	415
	1437	331	415
	1438	321	421
	1439	326	425
	1440	330	414
	1441	330	427
	1442	332	416
	1443	325	420
	1444	330	413
	1445	324	409
	1446	315	408
	1447	340	422
	1448	323	414
	1449	329	439
	1450	316	419
	1451	335	437
	1452	297	415
	1453	320	418
	1454	321	426
	1455	331	436
	1456	307	416
	1457	331	417
	1458	335	406
	1459	323	430
	1460	316	411
	1461	314	412
	1462	328	428
	1463	322	429
	1464	312	406
	1465	330	410
	1466	307	423
	1467	308	422
	1468	308	428
	1469	333	415
	1470	304	424
	1471	312	430
	1472	316	408
	1473	317	423
	1474	320	424
	1475	334	413
	1476	314	419
	1477	320	407
	1478	301	411
	1479	315	418
	1480	307	412
	1481	309	407
	1482	299	412
	1483	312	426
	1484	302	408
	1485	317	420
	1486	304	412
	1487	317	427
	1488	296	407
	1489	314	415
	1490	295	414
	1491	315	425
	1492	310	417
	1493	306	422
	1494	313	426
	1495	310	422
	1496	299	401
	1497	311	424
	1498	292	406
	1499	313	422
	1500	292	418
	1501	311	412
	1502	304	402
	1503	306	420
	1504	295	412
	1505	309	412
	1506	301	405
	1507	316	419
	1508	288	409
	1509	311	418
	1510	307	422
	1511	311	417
	1512	301	408
	1513	311	408
	1514	288	409
	1515	301	421
	1516	286	404
	1517	305	415
	1518	291	414
	1519	304	417
	1520	308	409
	1521	301	408
	1522	307	402
	1523	297	416
	1524	294	418
	1525	292	407
	1526	295	405
	1527	299	413
	1528	309	409
	1529	301	423
	1530	294	403
	1531	372	425
	1532	278	416
	1533	310	424
	1534	300	417
	1535	304	422
	1536	292	402
	1537	289	417
	1538	297	406
	1539	296	417
	1540	297	416
	1541	303	425
	1542	300	407
	1543	318	416
	1544	295	402
	1545	293	424
	1546	290	418
	1547	300	438
	1548	292	408
	1549	308	405
	1550	298	407
	1551	296	421
	1552	299	417
	1553	314	413
	1554	294	403
	1555	317	422
	1556	301	424
	1557	319	416
	1558	331	457
	1559	314	409
	1560	319	411
	1561	335	409
	1562	335	421
	1563	349	438
	1564	335	411
	1565	356	415
	1566	351	421
	1567	364	419
	1568	362	421
	1569	380	427
	1570	373	406
	1571	372	503
	1572	363	419
	1573	357	430
	1574	380	439
	1575	396	427
	1576	376	428
	1577	393	428
	1578	386	452
	1579	390	428
	1580	394	420
	1581	395	425
	1582	397	424
	1583	405	442
	1584	410	423
	1585	417	428
	1586	401	428
	1587	403	427
	1588	384	434
	1589	399	436
	1590	406	415
	1591	392	425
	1592	385	422
	1593	402	407
	1594	392	419
	1595	408	438
	1596	395	421
	1597	459	432
	1598	395	426
	1599	412	451
	1600	388	427
	1601	410	432
	1602	387	435
	1603	404	412
	1604	394	427
	1605	399	436
	1606	389	424
	1607	397	438
	1608	394	429
	1609	416	435
	1610	390	426
	1611	402	443
	1612	385	414
	1613	397	435
	1614	404	414
	1615	400	444
	1616	378	424
	1617	399	432
	1618	385	420
	1619	396	422
	1620	382	424
	1621	398	439
	1622	405	431
	1623	382	425
	1624	395	436
	1625	394	430
	1626	395	423
	1627	407	430
	1628	387	429
	1629	398	436
	1630	387	430
	1631	395	447
	1632	372	420
	1633	388	428
	1634	373	433
	1635	403	438
	1636	382	426
	1637	380	449
	1638	375	438
	1639	387	436
	1640	385	424
	1641	387	432
	1642	382	419
	1643	394	417
	1644	365	423
	1645	397	420
	1646	450	424
	1647	397	422
	1648	370	425
	1649	387	443
	1650	381	430
	1651	370	432
	1652	373	417
	1653	394	446
	1654	382	437
	1655	413	416
	1656	371	411
	1657	392	429
	1658	374	425
	1659	381	423
	1660	378	428
	1661	388	430
	1662	374	417
	1663	404	414
	1664	372	428
	1665	395	432
	1666	390	426
	1667	394	426
	1668	370	420
	1669	375	425
	1670	369	431
	1671	390	415
	1672	357	432
	1673	398	425
	1674	364	424
	1675	374	426
	1676	378	410
	1677	382	405
	1678	359	410
	1679	367	432
	1680	362	420
	1681	368	430
	1682	348	422
	1683	360	413
	1684	346	423
	1685	350	421
	1686	346	421
	1687	363	442
	1688	340	429
	1689	343	422
	1690	315	415
	1691	336	422
	1692	310	430
	1693	317	428
	1694	319	417
	1695	308	427
	1696	292	429
	1697	303	425
	1698	294	417
	1699	307	421
	1700	295	410
	1701	281	424
	1702	264	421
	1703	277	412
	1704	267	410
	1705	297	398
	1706	258	400
	1707	266	414
	1708	252	409
	1709	264	410
	1710	261	411
	1711	256	403
	1712	243	405
	1713	255	405
	1714	261	424
	1715	289	417
	1716	245	397
	1717	255	406
	1718	264	407
	1719	247	421
	1720	266	406
	1721	259	406
	1722	255	407
	1723	252	423
	1724	241	401
	1725	254	412
	1726	309	398
	1727	248	409
	1728	254	397
	1729	258	414
	1730	242	410
	1731	262	419
	1732	260	399
	1733	239	405
	1734	253	401
	1735	246	404
	1736	248	409
	1737	250	414
	1738	240	404
	1739	256	403
	1740	251	400
	1741	256	408
	1742	243	399
	1743	266	406
	1744	235	403
	1745	242	409
	1746	245	405
	1747	250	408
	1748	258	396
	1749	245	401
	1750	247	408
	1751	244	413
	1752	232	396
	1753	253	400
	1754	243	404
	1755	259	411
	1756	240	402
	1757	245	412
	1758	243	405
	1759	252	410
	1760	241	415
	1761	248	408
	1762	242	416
	1763	243	401
	1764	240	404
	1765	245	410
	1766	237	403
	1767	243	411
	1768	243	399
	1769	249	425
	1770	228	402
	1771	243	414
	1772	235	397
	1773	233	416
	1774	242	398
	1775	242	403
	1776	233	398
	1777	246	408
	1778	247	400
	1779	252	407
	1780	241	408
	1781	234	422
	1782	251	393
	1783	229	402
	1784	241	407
	1785	236	404
	1786	225	407
	1787	244	409
	1788	242	418
	1789	241	418
	1790	241	410
	1791	245	410
	1792	229	399
	1793	241	413
	1794	228	402
	1795	225	419
	1796	235	397
	1797	237	395
	1798	230	397
	1799	246	406
	1800	225	403
	1801	240	398
	1802	229	396
	1803	239	400
	1804	236	398
	1805	239	404
	1806	218	410
	1807	255	406
	1808	216	403
	1809	241	414
	1810	228	403
	1811	248	395
	1812	220	411
	1813	238	406
	1814	230	400
	1815	231	416
	1816	224	420
	1817	224	401
	1818	227	392
	1819	238	410
	1820	227	408
	1821	235	419
	1822	208	399
	1823	250	398
	1824	222	391
	1825	225	407
	1826	225	394
	1827	223	421
	1828	234	403
	1829	234	407
	1830	222	401
	1831	229	410
	1832	237	400
	1833	237	397
	1834	219	396
	1835	252	404
	1836	219	397
	1837	230	398
	1838	220	392
	1839	238	401
	1840	220	391
	1841	232	418
	1842	234	413
	1843	231	407
	1844	227	392
	1845	232	407
	1846	222	399
	1847	223	415
	1848	232	411
	1849	226	413
	1850	221	404
	1851	231	396
	1852	219	409
	1853	236	398
	1854	216	395
	1855	223	405
	1856	214	404
	1857	246	402
	1858	233	393
	1859	231	411
	1860	219	396
	1861	217	403
	1862	239	402
	1863	237	415
	1864	229	410
	1865	226	411
	1866	221	393
	1867	226	404
	1868	218	401
	1869	231	409
	1870	214	409
	1871	234	402
	1872	239	405
	1873	224	397
	1874	224	394
	1875	229	405
	1876	227	409
	1877	227	403
	1878	229	396
	1879	241	417
	1880	242	399
	1881	220	396
	1882	228	393
	1883	247	396
	1884	226	395
	1885	226	411
	1886	214	389
	1887	226	421
	1888	230	378
	1889	243	394
	1890	219	418
	1891	236	411
	1892	227	400
	1893	242	403
	1894	224	398
	1895	222	412
	1896	214	395
	1897	220	412
	1898	238	402
	1899	234	416
	1900	222	404
	1901	243	403
	1902	215	403
	1903	241	403
	1904	235	391
	1905	244	405
	1906	222	407
	1907	304	403
	1908	220	391
	1909	232	399
	1910	232	392
	1911	232	412
	1912	216	391
	1913	225	406
	1914	226	407
	1915	234	403
	1916	230	408
	1917	230	405
	1918	233	399
	1919	236	416
	1920	226	399
	1921	225	460
	1922	222	411
	1923	233	399
	1924	209	398
	1925	231	401
	1926	220	400
	1927	224	400
	1928	226	394
	1929	221	417
	1930	228	395
	1931	223	395
	1932	219	391
	1933	230	410
	1934	219	404
	1935	239	406
	1936	216	394
	1937	238	411
	1938	214	406
	1939	237	409
	1940	234	395
	1941	231	411
	1942	225	392
	1943	224	406
	1944	221	394
	1945	226	416
	1946	224	395
	1947	227	408
	1948	217	406
	1949	222	416
	1950	223	425
	1951	223	409
	1952	216	396
	1953	241	397
	1954	230	394
	1955	231	416
	1956	214	402
	1957	217	414
	1958	210	387
	1959	223	407
	1960	220	398
	1961	234	407
	1962	215	400
	1963	225	415
	1964	216	395
	1965	219	403
	1966	218	399
	1967	252	408
	1968	207	397
	1969	228	419
	1970	211	417
	1971	219	406
	1972	219	397
	1973	222	401
	1974	219	403
	1975	217	401
	1976	212	402
	1977	220	397
	1978	232	407
	1979	224	403
	1980	212	390
	1981	220	403
	1982	221	402
	1983	225	399
	1984	225	396
	1985	223	411
	1986	207	396
	1987	231	407
	1988	212	404
	1989	224	400
	1990	210	394
	1991	227	402
	1992	225	395
	1993	217	407
	1994	208	402
	1995	218	403
	1996	219	394
	1997	216	402
	1998	213	408
	1999	222	407
	2000	208	399
	2001	216	399
	2002	217	402
	2003	222	405
	2004	211	425
	2005	224	415
	2006	218	397
	2007	211	410
	2008	200	398
	2009	211	395
	2010	212	399
	2011	203	413
	2012	213	414
	2013	210	417
	2014	205	412
	2015	222	397
	2016	204	407
	2017	212	394
	2018	205	399
	2019	204	392
	2020	213	396
	2021	221	404
	2022	197	397
	2023	207	388
	2024	208	409
	2025	206	403
	2026	196	419
	2027	211	408
	2028	194	392
	2029	227	395
	2030	203	399
	2031	222	415
	2032	208	389
	2033	223	418
	2034	198	396
	2035	216	409
	2036	192	392
	2037	210	398
	2038	199	404
	2039	206	406
	2040	218	402
	2041	215	399
	2042	213	398
	2043	201	403
	2044	204	394
	2045	206	398
	2046	197	416
	2047	206	403
	2048	199	399
	2049	211	404
	2050	196	389
	2051	206	403
	2052	193	399
	2053	211	392
	2054	198	414
	2055	213	402
	2056	206	394
	2057	202	399
	2058	206	374
	2059	199	403
	2060	203	399
	2061	209	396
	2062	200	400
	2063	208	407
	2064	192	399
	2065	209	406
	2066	198	384
	2067	211	406
	2068	202	395
	2069	212	402
	2070	207	392
	2071	197	404
	2072	206	391
	2073	200	406
	2074	196	398
	2075	199	408
	2076	197	412
	2077	212	401
	2078	198	407
	2079	224	399
	2080	201	401
	2081	206	404
	2082	202	396
	2083	215	400
	2084	202	398
	2085	212	400
	2086	197	387
	2087	206	392
	2088	195	395
	2089	186	410
	2090	206	391
	2091	213	397
	2092	202	388
	2093	207	396
	2094	204	387
	2095	212	409
	2096	195	407
	2097	214	402
	2098	195	393
	2099	208	401
	2100	198	401
	2101	209	410
	2102	199	388
	2103	214	408
	2104	206	389
	2105	209	397
	2106	207	393
	2107	193	387
	2108	200	392
	2109	202	395
	2110	199	389
	2111	221	403
	2112	194	395
	2113	211	404
	2114	199	392
	2115	198	403
	2116	195	395
	2117	201	405
	2118	194	408
	2119	202	403
	2120	201	392
	2121	214	393
	2122	198	408
	2123	213	419
	2124	201	403
	2125	210	401
	2126	182	396
	2127	201	411
	2128	193	395
	2129	205	404
	2130	202	408
	2131	201	403
	2132	187	401
	2133	211	407
	2134	193	407
	2135	202	390
	2136	193	384
	2137	201	404
	2138	205	395
	2139	208	407
	2140	196	401
	2141	215	399
	2142	206	396
	2143	213	398
	2144	194	400
	2145	219	398
	2146	201	398
	2147	214	392
	2148	197	401
	2149	201	405
	2150	197	384
	2151	218	397
	2152	210	399
	2153	207	403
	2154	211	405
	2155	205	400
	2156	199	394
	2157	219	388
	2158	199	391
	2159	207	396
	2160	194	397
	2161	211	403
	2162	203	392
	2163	217	392
	2164	200	398
	2165	210	404
	2166	195	396
	2167	196	402
	2168	197	396
	2169	204	399
	2170	204	580
	2171	213	394
	2172	207	393
	2173	205	400
	2174	200	404
	2175	204	401
	2176	198	406
	2177	202	399
	2178	190	400
	2179	214	391
	2180	197	391
	2181	215	404
	2182	208	396
	2183	213	403
	2184	201	389
	2185	203	399
	2186	199	392
	2187	203	406
	2188	203	393
	2189	202	404
	2190	195	383
	2191	205	414
	2192	187	401
	2193	209	403
	2194	194	449
	2195	209	398
	2196	186	395
	2197	205	416
	2198	203	404
	2199	204	398
	2200	201	392
	2201	206	395
	2202	199	412
	2203	208	407
	2204	206	387
	2205	300	398
	2206	188	384
	2207	200	394
	2208	192	388
	2209	215	407
	2210	207	389
	2211	216	396
	2212	189	390
	2213	210	404
	2214	198	393
	2215	205	402
	2216	203	389
	2217	216	398
	2218	207	401
	2219	203	398
	2220	194	396
	2221	214	399
	2222	201	397
	2223	220	407
	2224	194	396
	2225	209	396
	2226	182	392
	2227	217	398
	2228	198	383
	2229	196	400
	2230	199	394
	2231	204	406
	2232	203	393
	2233	199	396
	2234	203	395
	2235	194	407
	2236	196	398
	2237	218	400
	2238	200	400
	2239	210	422
	2240	196	391
	2241	208	399
	2242	202	388
	2243	216	407
	2244	206	389
	2245	203	405
	2246	196	401
	2247	211	406
	2248	202	388
	2249	210	401
	2250	196	389
	2251	197	406
	2252	194	400
	2253	210	402
	2254	197	394
	2255	199	397
	2256	199	398
	2257	209	405
	2258	193	393
	2259	209	394
	2260	187	397
	2261	204	403
	2262	201	390
	2263	196	397
	2264	206	392
	2265	200	393
	2266	200	392
	2267	202	404
	2268	201	396
	2269	203	389
	2270	198	394
	2271	207	404
	2272	195	417
	2273	201	395
	2274	215	396
	2275	219	402
	2276	198	394
	2277	206	413
	2278	193	395
	2279	201	403
	2280	198	401
	2281	205	395
	2282	206	392
	2283	200	413
	2284	197	410
	2285	207	396
	2286	207	401
	2287	209	397
	2288	201	398
	2289	202	408
	2290	188	398
	2291	208	402
	2292	203	390
	2293	206	407
	2294	200	404
	2295	203	423
	2296	198	394
	2297	205	398
	2298	194	405
	2299	197	399
	2300	207	396
	2301	202	409
	2302	196	396
	2303	205	402
	2304	198	397
	2305	210	411
	2306	193	402
	2307	210	392
	2308	188	395
	2309	208	409
	2310	197	395
	2311	205	403
	2312	186	394
	2313	201	392
	2314	195	388
	2315	204	413
	2316	203	393
	2317	203	396
	2318	202	398
	2319	203	397
	2320	198	402
	2321	216	405
	2322	195	392
	2323	213	397
	2324	198	397
	2325	214	403
	2326	193	388
	2327	202	398
	2328	200	402
	2329	210	402
	2330	220	381
	2331	204	400
	2332	200	389
	2333	208	403
	2334	186	385
	2335	205	396
	2336	192	396
	2337	201	402
	2338	196	392
	2339	200	414
	2340	197	402
	2341	201	398
	2342	196	395
	2343	201	417
	2344	194	389
	2345	204	390
	2346	195	398
	2347	206	395
	2348	192	402
	2349	198	405
	2350	193	405
	2351	200	407
	2352	190	397
	2353	206	398
	2354	191	396
	2355	203	402
	2356	196	388
	2357	212	391
	2358	185	395
	2359	199	404
	2360	197	391
	2361	195	402
	2362	194	392
	2363	205	413
	2364	202	394
	2365	210	399
	2366	196	388
	2367	202	396
	2368	180	382
	2369	210	396
	2370	209	393
	2371	218	403
	2372	177	388
	2373	205	392
	2374	198	388
	2375	212	410
	2376	197	392
	2377	205	406
	2378	188	395
	2379	204	403
	2380	196	392
	2381	192	401
	2382	207	399
	2383	211	396
	2384	189	404
	2385	193	398
	2386	191	408
	2387	216	403
	2388	199	388
	2389	213	395
	2390	198	398
	2391	209	413
	2392	194	397
	2393	203	403
	2394	200	382
	2395	205	394
	2396	201	394
	2397	194	418
	2398	196	409
	2399	210	403
	2400	197	422
	2401	206	402
	2402	186	393
	2403	278	405
	2404	193	393
	2405	200	388
	2406	192	387
	2407	199	408
	2408	195	401
	2409	201	403
	2410	201	388
	2411	201	398
	2412	193	407
	2413	202	400
	2414	197	400
	2415	221	402
	2416	184	400
	2417	209	452
	2418	196	401
	2419	206	408
	2420	192	393
	2421	222	399
	2422	194	386
	2423	201	398
	2424	199	394
	2425	215	409
	2426	196	388
	2427	216	406
	2428	191	400
	2429	208	405
	2430	194	401
	2431	211	402
	2432	194	400
	2433	203	431
	2434	207	400
	2435	203	404
	2436	198	387
	2437	204	401
	2438	196	392
	2439	205	405
	2440	200	390
	2441	194	401
	2442	194	392
	2443	209	395
	2444	197	391
	2445	190	403
	2446	209	387
	2447	197	400
	2448	188	388
	2449	197	399
	2450	194	394
	2451	207	402
	2452	203	384
	2453	199	399
	2454	191	402
	2455	197	402
	2456	196	402
	2457	192	399
	2458	199	394
	2459	211	398
	2460	202	389
	2461	200	409
	2462	200	393
	2463	200	399
	2464	196	438
	2465	195	403
	2466	198	391
	2467	195	415
	2468	196	389
	2469	201	407
	2470	190	406
	2471	199	415
	2472	197	396
	2473	206	402
	2474	214	391
	2475	208	399
	2476	195	403
	2477	194	409
	2478	193	402
	2479	191	395
	2480	200	396
	2481	206	421
	2482	197	400
	2483	198	400
	2484	176	392
	2485	216	396
	2486	191	391
	2487	198	397
	2488	192	393
	2489	203	383
	2490	196	398
	2491	196	409
	2492	188	391
	2493	196	396
	2494	206	394
	2495	210	407
	2496	195	393
	2497	203	402
	2498	192	396
	2499	193	411
	2500	200	395
	2501	200	397
	2502	201	385
	2503	198	404
	2504	200	394
	2505	205	399
	2506	195	399
	2507	205	416
	2508	199	394
	2509	194	410
	2510	197	407
	2511	204	403
	2512	196	395
	2513	204	419
	2514	194	394
	2515	205	394
	2516	201	386
	2517	209	392
	2518	193	403
	2519	213	398
	2520	195	406
	2521	207	398
	2522	204	404
	2523	198	396
	2524	201	398
	2525	195	401
	2526	206	403
	2527	210	403
	2528	201	390
	2529	204	389
	2530	188	401
	2531	196	401
	2532	201	387
	2533	206	397
	2534	192	399
	2535	209	407
	2536	192	395
	2537	213	408
	2538	191	393
	2539	208	406
	2540	202	389
	2541	204	409
	2542	195	398
	2543	198	405
	2544	192	392
	2545	202	392
	2546	200	397
	2547	199	395
	2548	190	395
	2549	201	398
	2550	203	392
	2551	208	398
	2552	198	392
	2553	204	406
	2554	199	393
	2555	198	408
	2556	195	387
	2557	200	393
	2558	193	404
	2559	207	406
	2560	191	393
	2561	208	405
	2562	199	390
	2563	200	407
	2564	196	391
	2565	208	395
	2566	189	398
	2567	218	453
	2568	204	398
	2569	197	410
	2570	185	398
	2571	212	403
	2572	211	378
	2573	196	401
	2574	200	395
	2575	210	402
	2576	197	392
	2577	199	401
	2578	191	386
	2579	208	396
	2580	190	396
	2581	226	403
	2582	188	402
	2583	200	402
	2584	201	390
	2585	203	399
	2586	186	397
	2587	191	403
	2588	190	387
	2589	207	394
	2590	212	399
	2591	195	400
	2592	193	386
	2593	195	383
	2594	195	394
	2595	211	400
	2596	196	399
	2597	203	410
	2598	195	395
	2599	200	391
	2600	191	400
	2601	206	391
	2602	187	391
	2603	206	398
	2604	196	391
	2605	206	408
	2606	201	393
	2607	204	397
	2608	192	403
	2609	206	393
	2610	191	398
	2611	203	398
	2612	197	389
	2613	208	397
	2614	193	388
	2615	222	406
	2616	191	392
	2617	210	404
	2618	189	399
	2619	201	393
	2620	190	385
	2621	197	400
	2622	195	400
	2623	201	403
	2624	195	394
	2625	206	404
	2626	253	389
	2627	201	399
	2628	197	401
	2629	202	394
	2630	197	383
	2631	199	400
	2632	196	397
	2633	208	411
	2634	199	392
	2635	205	395
	2636	194	392
	2637	194	398
	2638	186	394
	2639	204	393
	2640	199	392
	2641	219	397
	2642	189	387
	2643	203	411
	2644	196	388
	2645	211	409
	2646	199	393
	2647	203	405
	2648	189	390
	2649	191	405
	2650	196	401
	2651	204	395
	2652	195	398
	2653	199	408
	2654	198	400
	2655	200	399
	2656	193	400
	2657	202	394
	2658	191	389
	2659	205	408
	2660	195	392
	2661	217	402
	2662	208	400
	2663	211	399
	2664	188	391
	2665	206	397
	2666	196	389
	2667	205	398
	2668	202	396
	2669	198	397
	2670	193	393
	2671	207	402
	2672	194	400
	2673	198	399
	2674	196	398
	2675	188	409
	2676	185	398
	2677	201	399
	2678	190	391
	2679	207	395
	2680	191	393
	2681	196	396
	2682	188	395
	2683	210	409
	2684	201	380
	2685	200	383
	2686	193	396
	2687	200	388
	2688	203	393
	2689	212	400
	2690	194	380
	2691	210	395
	2692	200	396
	2693	208	391
	2694	190	394
	2695	201	390
	2696	195	386
	2697	199	399
	2698	203	391
	2699	209	408
	2700	198	386
	2701	199	387
	2702	196	399
	2703	196	413
	2704	206	392
	2705	210	394
	2706	192	390
	2707	205	386
	2708	193	395
	2709	205	403
	2710	188	394
	2711	209	401
	2712	194	380
	2713	210	398
	2714	200	392
	2715	207	404
	2716	193	388
	2717	199	400
	2718	192	401
	2719	206	404
	2720	194	387
	2721	263	400
	2722	193	387
	2723	198	400
	2724	190	397
	2725	203	418
	2726	239	398
	2727	213	396
	2728	193	395
	2729	193	408
	2730	193	398
	2731	202	403
	2732	201	388
	2733	202	384
	2734	194	398
	2735	205	393
	2736	190	391
	2737	196	407
	2738	201	382
	2739	208	400
	2740	191	393
	2741	205	401
	2742	199	399
	2743	210	395
	2744	196	402
	2745	193	405
	2746	200	393
	2747	217	406
	2748	196	392
	2749	195	395
	2750	208	397
	2751	206	412
	2752	202	396
	2753	202	396
	2754	196	390
	2755	200	403
	2756	187	379
	2757	202	415
	2758	191	398
	2759	204	398
	2760	190	380
	2761	202	404
	2762	193	409
	2763	226	398
	2764	189	391
	2765	201	397
	2766	193	389
	2767	203	403
	2768	197	379
	2769	201	397
	2770	195	387
	2771	211	406
	2772	188	396
	2773	207	396
	2774	190	398
	2775	205	392
	2776	189	394
	2777	191	405
	2778	193	398
	2779	208	401
	2780	205	403
	2781	204	396
	2782	193	388
	2783	259	400
	2784	188	405
	2785	199	404
	2786	213	392
	2787	207	401
	2788	190	398
	2789	201	403
	2790	195	386
	2791	207	400
	2792	205	401
	2793	196	396
	2794	199	393
	2795	208	395
	2796	203	391
	2797	206	392
	2798	198	393
	2799	206	400
	2800	202	402
	2801	204	416
	2802	189	445
	2803	206	393
	2804	194	392
	2805	205	396
	2806	195	403
	2807	208	407
	2808	209	406
	2809	213	406
	2810	189	407
	2811	191	417
	2812	205	411
	2813	199	401
	2814	200	397
	2815	191	404
	2816	188	397
	2817	205	401
	2818	201	389
	2819	220	403
	2820	197	388
	2821	210	398
	2822	187	403
	2823	208	399
	2824	204	390
	2825	208	387
	2826	191	393
	2827	211	406
	2828	195	394
	2829	215	407
	2830	209	390
	2831	256	399
	2832	191	390
	2833	194	399
	2834	201	401
	2835	200	405
	2836	204	386
	2837	201	418
	2838	213	394
	2839	205	399
	2840	188	392
	2841	207	399
	2842	190	389
	2843	206	407
	2844	189	392
	2845	197	396
	2846	203	390
	2847	203	399
	2848	192	389
	2849	178	409
	2850	190	398
	2851	201	397
	2852	197	399
	2853	213	403
	2854	187	392
	2855	201	404
	2856	193	398
	2857	203	397
	2858	188	398
	2859	210	418
	2860	191	395
	2861	210	397
	2862	198	385
	2863	200	397
	2864	205	390
	2865	205	405
	2866	190	394
	2867	214	393
	2868	188	387
	2869	200	407
	2870	209	391
	2871	206	399
	2872	195	391
	2873	202	391
	2874	182	393
	2875	212	408
	2876	192	395
	2877	203	411
	2878	206	416
	2879	205	403
	2880	195	394
	2881	191	395
	2882	190	384
	2883	216	402
	2884	194	385
	2885	209	400
	2886	198	402
	2887	208	396
	2888	188	389
	2889	370	396
	2890	206	396
	2891	208	414
	2892	205	398
	2893	208	408
	2894	204	392
	2895	201	387
	2896	199	396
	2897	193	398
	2898	201	405
	2899	211	404
	2900	194	394
	2901	218	395
	2902	188	386
	2903	197	396
	2904	191	399
	2905	211	406
	2906	193	394
	2907	202	404
	2908	201	393
	2909	207	402
	2910	194	388
	2911	197	432
	2912	202	393
	2913	210	408
	2914	193	432
	2915	191	401
	2916	193	392
	2917	200	396
	2918	203	395
	2919	221	386
	2920	243	395
	2921	204	407
	2922	192	393
	2923	203	402
	2924	209	400
	2925	199	386
	2926	196	385
	2927	194	399
	2928	195	400
	2929	193	403
	2930	192	405
	2931	205	397
	2932	204	392
	2933	203	398
	2934	187	400
	2935	196	402
	2936	199	406
	2937	202	393
	2938	188	397
	2939	195	405
	2940	196	396
	2941	204	401
	2942	194	403
	2943	203	398
	2944	198	402
	2945	198	397
	2946	203	393
	2947	210	407
	2948	204	392
	2949	200	400
	2950	188	394
	2951	218	409
	2952	186	391
	2953	207	404
	2954	186	393
	2955	208	401
	2956	202	402
	2957	207	400
	2958	210	407
	2959	216	403
	2960	199	393
	2961	185	407
	2962	199	398
	2963	212	396
	2964	198	396
	2965	201	389
	2966	197	398
	2967	206	404
	2968	197	400
	2969	196	412
	2970	187	389
	2971	202	405
	2972	197	391
	2973	205	392
	2974	194	389
	2975	208	405
	2976	200	386
	2977	207	405
	2978	195	396
	2979	209	398
	2980	208	394
	2981	210	389
	2982	195	396
	2983	209	397
	2984	188	404
	2985	207	387
	2986	186	397
	2987	200	403
	2988	192	396
	2989	205	392
	2990	197	398
	2991	202	392
	2992	199	391
	2993	197	393
	2994	187	390
	2995	197	396
	2996	199	391
	2997	211	395
	2998	223	399
	2999	216	400
	3000	187	394
	3001	212	399
	3002	197	393
	3003	215	396
	3004	198	410
	3005	205	391
	3006	201	394
	3007	196	391
	3008	190	378
	3009	192	396
	3010	201	395
	3011	199	399
	3012	193	393
	3013	200	399
	3014	189	404
	3015	213	403
	3016	199	400
	3017	203	398
	3018	188	388
	3019	203	402
	3020	189	389
	3021	206	407
	3022	192	397
	3023	199	392
	3024	197	392
	3025	203	394
	3026	200	395
	3027	202	401
	3028	193	391
	3029	210	385
	3030	185	381
	3031	207	411
	3032	197	394
	3033	212	403
	3034	193	384
	3035	205	397
	3036	189	387
	3037	200	387
	3038	199	398
	3039	199	397
	3040	191	392
	3041	204	407
	3042	205	402
	3043	205	396
	3044	197	391
	3045	202	391
	3046	189	391
	3047	195	402
	3048	193	396
	3049	209	401
	3050	195	388
	3051	203	401
	3052	194	393
	3053	202	412
	3054	187	398
	3055	196	397
	3056	206	387
	3057	200	401
	3058	201	398
	3059	201	406
	3060	195	409
	3061	198	401
	3062	187	397
	3063	198	401
	3064	186	388
	3065	207	404
	3066	191	386
	3067	205	399
	3068	194	389
	3069	205	401
	3070	200	389
	3071	202	401
	3072	199	384
	3073	192	391
	3074	201	384
	3075	213	412
	3076	207	388
	3077	201	408
	3078	202	393
	3079	208	402
	3080	187	396
	3081	205	411
	3082	189	395
	3083	208	406
	3084	188	399
	3085	196	401
	3086	200	386
	3087	196	405
	3088	199	388
	3089	202	401
	3090	196	400
	3091	201	416
	3092	204	399
	3093	190	393
	3094	199	387
	3095	209	399
	3096	190	395
	3097	209	399
	3098	187	393
	3099	199	407
	3100	193	381
	3101	212	391
	3102	194	397
	3103	205	404
	3104	199	396
	3105	209	393
	3106	198	396
	3107	200	392
	3108	194	405
	3109	214	386
	3110	193	395
	3111	198	413
	3112	192	398
	3113	197	410
	3114	192	398
	3115	213	403
	3116	201	383
	3117	214	400
	3118	196	399
	3119	193	397
	3120	189	390
	3121	201	393
	3122	200	395
	3123	197	409
	3124	194	389
	3125	195	397
	3126	194	386
	3127	199	397
	3128	188	408
	3129	201	394
	3130	186	401
	3131	218	405
	3132	195	390
	3133	208	409
	3134	190	393
	3135	208	403
	3136	207	388
	3137	207	399
	3138	208	389
	3139	201	406
	3140	189	387
	3141	194	402
	3142	202	389
	3143	199	389
	3144	191	394
	3145	207	404
	3146	216	395
	3147	195	397
	3148	190	384
	3149	204	397
	3150	205	388
	3151	214	408
	3152	195	389
	3153	201	405
	3154	192	396
	3155	191	400
	3156	202	397
	3157	202	393
	3158	188	396
	3159	199	405
	3160	190	402
	3161	205	407
	3162	190	388
	3163	207	403
	3164	191	393
	3165	216	405
	3166	200	398
	3167	212	402
	3168	196	390
	3169	200	392
	3170	201	390
	3171	200	408
	3172	198	392
	3173	202	411
	3174	200	392
	3175	198	398
	3176	188	400
	3177	199	398
	3178	189	387
	3179	210	400
	3180	197	401
	3181	199	401
	3182	192	396
	3183	210	403
	3184	201	390
	3185	255	396
	3186	191	391
	3187	202	400
	3188	189	400
	3189	209	395
	3190	200	398
	3191	217	396
	3192	192	399
	3193	200	404
	3194	198	393
	3195	217	392
	3196	185	392
	3197	195	402
	3198	197	398
	3199	206	395
	3200	207	384
	3201	205	393
	3202	198	391
	3203	204	400
	3204	202	393
	3205	200	406
	3206	197	390
	3207	201	402
	3208	187	398
	3209	199	403
	3210	188	400
	3211	214	416
	3212	190	383
	3213	213	402
	3214	187	398
	3215	201	391
	3216	201	400
	3217	201	402
	3218	195	387
	3219	194	405
	3220	194	391
	3221	204	400
	3222	189	397
	3223	212	449
	3224	190	387
	3225	201	408
	3226	196	401
	3227	195	409
	3228	195	391
	3229	214	403
	3230	195	391
	3231	209	398
	3232	187	395
	3233	191	404
	3234	196	393
	3235	204	399
	3236	198	400
	3237	203	401
	3238	199	388
	3239	205	408
	3240	202	392
	3241	207	438
	3242	193	399
	3243	209	403
	3244	204	396
	3245	199	406
	3246	190	418
	3247	203	403
	3248	201	401
	3249	199	402
	3250	199	382
	3251	198	411
	3252	195	392
	3253	204	407
	3254	193	404
	3255	209	394
	3256	189	388
	3257	204	420
	3258	182	395
	3259	207	397
	3260	196	387
	3261	211	385
	3262	191	396
	3263	209	404
	3264	186	402
	3265	199	403
	3266	191	394
	3267	194	394
	3268	196	389
	3269	200	401
	3270	192	392
	3271	200	397
	3272	189	403
	3273	207	406
	3274	192	399
	3275	206	399
	3276	201	396
	3277	208	393
	3278	188	395
	3279	196	400
	3280	197	401
	3281	200	398
	3282	211	382
	3283	205	402
	3284	197	397
	3285	245	390
	3286	193	394
	3287	200	413
	3288	192	386
	3289	206	409
	3290	186	393
	3291	209	405
	3292	189	390
	3293	210	390
	3294	191	400
	3295	197	391
	3296	195	392
	3297	197	399
	3298	197	386
	3299	196	395
	3300	197	394
	3301	194	393
	3302	200	383
	3303	203	395
	3304	196	381
	3305	200	393
	3306	190	390
	3307	212	402
	3308	203	397
	3309	199	406
	3310	197	394
	3311	202	405
	3312	196	403
	3313	197	401
	3314	194	409
	3315	201	406
	3316	197	384
	3317	197	406
	3318	195	398
	3319	198	387
	3320	197	396
	3321	209	392
	3322	212	392
	3323	217	406
	3324	189	389
	3325	201	393
	3326	185	388
	3327	195	399
	3328	194	394
	3329	198	398
	3330	197	378
	3331	191	399
	3332	193	397
	3333	203	397
	3334	194	400
	3335	212	402
	3336	204	388
	3337	203	408
	3338	188	399
	3339	200	400
	3340	197	395
	3341	193	404
	3342	189	394
	3343	196	411
	3344	189	392
	3345	203	413
	3346	199	402
	3347	221	386
	3348	196	392
	3349	200	399
	3350	195	400
	3351	197	397
	3352	190	399
	3353	200	400
	3354	200	393
	3355	210	399
	3356	182	394
	3357	206	392
	3358	196	385
	3359	200	395
	3360	192	386
	3361	207	410
	3362	209	393
	3363	203	388
	3364	198	394
	3365	192	401
	3366	191	391
	3367	202	401
	3368	191	389
	3369	209	394
	3370	193	393
	3371	210	391
	3372	194	398
	3373	207	400
	3374	194	382
	3375	198	395
	3376	195	395
	3377	193	400
	3378	197	393
	3379	201	391
	3380	200	390
	3381	208	404
	3382	196	395
	3383	213	396
	3384	199	388
	3385	208	400
	3386	199	409
	3387	206	402
	3388	197	399
	3389	205	398
	3390	200	394
	3391	201	402
	3392	190	398
	3393	196	396
	3394	195	393
	3395	207	394
	3396	198	388
	3397	193	402
	3398	194	392
	3399	199	411
	3400	192	401
	3401	203	401
	3402	194	405
	3403	201	406
	3404	188	397
	3405	205	399
	3406	185	394
	3407	202	398
	3408	194	401
	3409	199	400
	3410	202	389
	3411	195	398
	3412	192	388
	3413	203	403
	3414	196	395
	3415	206	403
	3416	190	393
	3417	202	398
	3418	186	393
	3419	203	396
	3420	194	384
	3421	199	404
	3422	201	392
	3423	206	404
	3424	193	392
	3425	202	405
	3426	198	392
	3427	205	402
	3428	203	392
	3429	216	401
	3430	197	398
	3431	210	392
	3432	197	384
	3433	203	394
	3434	193	397
	3435	212	408
	3436	182	388
	3437	195	410
	3438	189	385
	3439	192	402
	3440	191	407
	3441	209	398
	3442	204	395
	3443	195	393
	3444	191	385
	3445	192	397
	3446	193	398
	3447	202	396
	3448	190	391
	3449	197	401
	3450	199	389
	3451	195	415
	3452	197	391
	3453	212	397
	3454	190	391
	3455	216	408
	3456	192	387
	3457	208	398
	3458	197	405
	3459	208	392
	3460	204	387
	3461	197	424
	3462	199	406
	3463	209	413
	3464	197	401
	3465	203	397
	3466	193	393
	3467	208	417
	3468	194	386
	3469	207	404
	3470	190	402
	3471	212	402
	3472	198	460
	3473	200	391
	3474	204	397
	3475	213	392
	3476	182	388
	3477	202	397
	3478	193	440
	3479	205	397
	3480	198	387
	3481	214	390
	3482	194	385
	3483	201	408
	3484	183	402
	3485	196	413
	3486	187	397
	3487	202	401
	3488	202	383
	3489	203	406
	3490	203	395
	3491	208	401
	3492	196	387
	3493	197	402
	3494	198	390
	3495	209	405
	3496	193	393
	3497	204	395
	3498	191	405
	3499	210	399
	3500	195	407
	3501	207	398
	3502	187	386
	3503	203	398
	3504	183	397
	3505	202	403
	3506	197	393
	3507	200	401
	3508	204	389
	3509	199	396
	3510	198	387
	3511	203	402
	3512	194	393
	3513	208	396
	3514	191	394
	3515	208	400
	3516	198	391
	3517	216	393
	3518	190	394
	3519	204	396
	3520	188	395
	3521	202	411
	3522	196	396
	3523	203	397
	3524	194	399
	3525	200	398
	3526	203	405
	3527	199	398
	3528	192	391
	3529	199	398
	3530	191	383
	3531	194	403
	3532	195	399
	3533	197	405
	3534	194	387
	3535	205	392
	3536	182	393
	3537	202	408
	3538	195	393
	3539	201	398
	3540	190	424
	3541	207	409
	3542	197	388
	3543	211	397
	3544	193	394
	3545	205	394
	3546	202	381
	3547	202	401
	3548	197	393
	3549	207	403
	3550	229	443
	3551	204	387
	3552	187	391
	3553	193	404
	3554	198	387
	3555	207	423
	3556	196	394
	3557	203	389
	3558	194	399
	3559	205	414
	3560	203	394
	3561	203	397
	3562	200	391
	3563	207	397
	3564	199	395
	3565	211	395
	3566	198	387
	3567	200	400
	3568	190	389
	3569	203	397
	3570	204	387
	3571	209	403
	3572	191	391
	3573	199	398
	3574	202	388
	3575	193	401
	3576	195	390
	3577	203	402
	3578	201	386
	3579	213	410
	3580	180	394
	3581	213	403
	3582	205	396
	3583	249	401
	3584	188	392
	3585	205	399
	3586	208	395
	3587	202	396
	3588	193	399
	3589	191	398
	3590	195	397
	3591	204	399
	3592	193	396
	3593	213	390
	3594	189	387
	3595	200	394
	3596	185	405
	3597	213	400
	3598	190	391
	3599	214	407
	3600	203	380
	3601	202	396
	3602	204	394
	3603	213	394
	3604	203	393
	3605	198	394
	3606	184	386
	3607	206	398
	3608	201	390
	3609	199	399
	3610	192	397
	3611	217	406
	3612	194	398
	3613	211	401
	3614	190	407
	3615	207	400
	3616	192	389
	3617	202	399
	3618	194	394
	3619	194	407
	3620	198	385
	3621	197	397
	3622	202	387
	3623	200	395
	3624	188	397
	3625	192	396
	3626	193	390
	3627	205	388
	3628	186	397
	3629	209	389
	3630	191	390
	3631	203	385
	3632	191	391
	3633	209	402
	3634	194	398
	3635	199	409
	3636	200	392
	3637	208	393
	3638	202	392
	3639	202	413
	3640	191	396
	3641	206	400
	3642	200	385
	3643	202	400
	3644	197	393
	3645	203	398
	3646	192	399
	3647	207	404
	3648	182	398
	3649	212	397
	3650	197	402
	3651	210	409
	3652	198	386
	3653	200	394
	3654	201	391
	3655	197	406
	3656	192	399
	3657	201	402
	3658	194	393
	3659	208	400
	3660	194	392
	3661	216	402
	3662	183	393
	3663	208	394
	3664	196	389
	3665	201	394
	3666	185	394
	3667	215	403
	3668	193	395
	3669	203	395
	3670	192	387
	3671	204	406
	3672	196	381
	3673	200	403
	3674	187	392
	3675	195	410
	3676	199	392
	3677	202	405
	3678	195	389
	3679	199	394
	3680	196	397
	3681	205	391
	3682	194	399
	3683	211	398
	3684	196	390
	3685	204	396
	3686	192	388
	3687	193	393
	3688	196	392
	3689	196	392
	3690	190	397
	3691	201	396
	3692	203	387
	3693	197	408
	3694	188	386
	3695	208	412
	3696	189	392
	3697	205	392
	3698	193	394
	3699	210	394
	3700	243	391
	3701	203	392
	3702	189	395
	3703	200	396
	3704	188	398
	3705	200	409
	3706	198	390
	3707	204	403
	3708	191	395
	3709	194	405
	3710	192	396
	3711	209	400
	3712	190	384
	3713	207	389
	3714	189	385
	3715	195	386
	3716	192	384
	3717	198	395
	3718	185	382
	3719	192	391
	3720	207	394
	3721	199	392
	3722	197	383
	3723	194	392
