	0	18	37
	1	18	38
	2	15	39
	3	18	37
	4	17	36
	5	16	37
	6	17	35
	7	17	40
	8	17	39
	9	17	36
	10	16	39
	11	19	40
	12	17	37
	13	18	39
	14	19	37
	15	18	38
	16	18	37
	17	18	39
	18	19	39
	19	17	37
	20	17	38
	21	16	37
	22	17	34
	23	19	39
	24	16	38
	25	18	39
	26	20	39
	27	21	41
	28	21	40
	29	19	40
	30	22	42
	31	23	40
	32	23	42
	33	22	40
	34	22	39
	35	21	40
	36	23	41
	37	20	44
	38	20	41
	39	21	38
	40	20	42
	41	21	41
	42	22	39
	43	20	43
	44	18	39
	45	23	42
	46	20	41
	47	19	42
	48	23	38
	49	21	40
	50	21	40
	51	21	42
	52	25	42
	53	23	40
	54	21	39
	55	23	40
	56	23	42
	57	20	41
	58	18	39
	59	23	41
	60	22	40
	61	23	41
	62	23	42
	63	21	39
	64	21	41
	65	21	44
	66	21	42
	67	23	41
	68	21	43
	69	23	39
	70	22	41
	71	21	43
	72	19	42
	73	23	43
	74	21	43
	75	25	45
	76	21	42
	77	24	45
	78	23	41
	79	23	39
	80	19	41
	81	21	43
	82	23	41
	83	24	44
	84	24	37
	85	21	44
	86	26	42
	87	27	43
	88	22	41
	89	23	39
	90	21	42
	91	27	43
	92	22	41
	93	20	44
	94	21	42
	95	24	37
	96	23	48
	97	22	43
	98	24	41
	99	21	42
	100	24	42
	101	24	41
	102	23	41
	103	25	42
	104	25	41
	105	23	41
	106	23	41
	107	24	38
	108	24	41
	109	25	43
	110	22	43
	111	23	41
	112	22	41
	113	22	39
	114	23	43
	115	25	42
	116	22	41
	117	24	41
	118	21	40
	119	21	42
	120	20	40
	121	23	43
	122	21	39
	123	25	45
	124	22	42
	125	24	41
	126	25	40
	127	25	39
	128	24	39
	129	21	41
	130	19	42
	131	22	42
	132	24	42
	133	24	40
	134	26	42
	135	21	41
	136	29	43
	137	26	43
	138	21	41
	139	24	42
	140	22	40
	141	30	43
	142	26	42
	143	25	42
	144	19	42
	145	23	40
	146	22	38
	147	22	44
	148	23	41
	149	21	41
	150	24	42
	151	24	41
	152	20	41
	153	24	43
	154	25	43
	155	21	43
	156	21	42
	157	24	44
	158	23	40
	159	23	42
	160	22	43
	161	24	42
	162	24	41
	163	25	42
	164	22	42
	165	23	45
	166	25	42
	167	23	46
	168	21	44
	169	24	41
	170	26	42
	171	24	45
	172	23	42
	173	24	41
	174	24	41
	175	22	45
	176	19	42
	177	24	39
	178	22	44
	179	22	40
	180	24	41
	181	21	40
	182	22	42
	183	22	44
	184	25	41
	185	24	46
	186	21	41
	187	27	43
	188	24	41
	189	25	40
	190	21	43
	191	23	44
	192	24	43
	193	23	42
	194	23	40
	195	23	43
	196	23	42
	197	22	43
	198	22	41
	199	25	41
	200	27	42
	201	27	46
	202	23	41
	203	22	43
	204	25	43
	205	25	40
	206	22	40
	207	25	42
	208	19	42
	209	25	39
	210	25	44
	211	24	42
	212	23	41
	213	26	44
	214	21	45
	215	23	44
	216	23	40
	217	27	43
	218	24	42
	219	22	52
	220	24	43
	221	24	44
	222	22	42
	223	27	41
	224	22	41
	225	23	45
	226	26	40
	227	20	43
	228	22	43
	229	26	42
	230	23	42
	231	23	45
	232	21	42
	233	24	42
	234	24	43
	235	24	41
	236	23	43
	237	25	40
	238	24	44
	239	23	42
	240	24	41
	241	22	46
	242	22	42
	243	24	43
	244	24	38
	245	22	44
	246	24	41
	247	23	44
	248	26	40
	249	24	45
	250	22	41
	251	25	44
	252	23	46
	253	26	41
	254	27	45
	255	27	44
	256	22	43
	257	27	44
	258	25	44
	259	25	43
	260	26	43
	261	24	44
	262	23	43
	263	23	46
	264	23	39
	265	22	43
	266	22	42
	267	24	42
	268	22	43
	269	24	43
	270	22	41
	271	23	42
	272	21	42
	273	24	43
	274	25	41
	275	25	42
	276	21	40
	277	22	42
	278	23	41
	279	25	41
	280	22	39
	281	22	42
	282	22	41
	283	25	43
	284	24	40
	285	26	41
	286	21	41
	287	23	41
	288	23	44
	289	22	43
	290	29	43
	291	23	42
	292	24	45
	293	24	43
	294	23	46
	295	24	44
	296	26	43
	297	24	46
	298	33	39
	299	27	41
	300	22	41
	301	26	42
	302	22	42
	303	26	43
	304	25	40
	305	24	43
	306	24	43
	307	25	41
	308	23	43
	309	22	44
	310	24	44
	311	23	42
	312	23	44
	313	23	41
	314	20	43
	315	26	43
	316	27	43
	317	24	43
	318	25	40
	319	23	46
	320	25	41
	321	24	43
	322	23	45
	323	27	43
	324	23	42
	325	25	44
	326	21	44
	327	24	42
	328	22	43
	329	27	41
	330	23	41
	331	23	44
	332	24	40
	333	26	47
	334	23	41
	335	25	42
	336	24	41
	337	24	44
	338	27	42
	339	27	45
	340	23	42
	341	24	43
	342	23	43
	343	26	45
	344	28	42
	345	26	44
	346	23	43
	347	24	43
	348	23	43
	349	27	40
	350	25	41
	351	25	45
	352	25	43
	353	24	44
	354	25	44
	355	28	41
	356	24	42
	357	23	42
	358	24	43
	359	24	43
	360	25	43
	361	23	41
	362	25	42
	363	28	42
	364	25	41
	365	26	43
	366	26	42
	367	23	44
	368	25	44
	369	26	43
	370	28	42
	371	28	41
	372	23	40
	373	25	41
	374	26	46
	375	26	45
	376	25	42
	377	29	41
	378	23	41
	379	26	41
	380	24	41
	381	24	44
	382	25	40
	383	29	42
	384	25	41
	385	29	43
	386	26	39
	387	25	43
	388	27	42
	389	29	43
	390	26	41
	391	29	45
	392	25	41
	393	27	43
	394	28	45
	395	27	42
	396	25	41
	397	28	41
	398	26	42
	399	27	46
	400	28	43
	401	28	43
	402	29	42
	403	27	45
	404	24	41
	405	29	43
	406	25	43
	407	27	42
	408	29	44
	409	29	44
	410	31	43
	411	29	43
	412	28	43
	413	26	43
	414	27	45
	415	29	43
	416	29	44
	417	27	45
	418	30	44
	419	29	45
	420	29	41
	421	29	42
	422	30	43
	423	30	46
	424	29	42
	425	30	44
	426	27	41
	427	26	45
	428	31	45
	429	30	43
	430	30	43
	431	30	46
	432	28	44
	433	31	42
	434	28	43
	435	30	44
	436	28	43
	437	31	47
	438	31	42
	439	30	43
	440	31	44
	441	30	45
	442	29	45
	443	30	47
	444	32	42
	445	31	43
	446	34	41
	447	34	44
	448	31	43
	449	33	44
	450	32	43
	451	32	43
	452	43	43
	453	32	43
	454	36	42
	455	33	44
	456	34	43
	457	32	46
	458	31	42
	459	33	43
	460	30	40
	461	35	42
	462	31	43
	463	36	43
	464	35	42
	465	32	43
	466	35	45
	467	38	43
	468	36	44
	469	37	42
	470	33	42
	471	35	47
	472	36	43
	473	35	43
	474	36	43
	475	37	42
	476	36	45
	477	37	46
	478	39	45
	479	37	46
	480	38	42
	481	36	45
	482	34	46
	483	37	45
	484	37	44
	485	39	43
	486	37	48
	487	37	46
	488	39	46
	489	40	46
	490	38	44
	491	38	47
	492	40	46
	493	39	46
	494	41	44
	495	39	45
	496	41	40
	497	39	45
	498	37	44
	499	38	44
	500	39	46
	501	42	43
	502	40	41
	503	43	45
	504	40	42
	505	44	43
	506	45	43
	507	44	46
	508	43	45
	509	42	43
	510	41	45
	511	43	47
	512	45	44
	513	43	46
	514	44	44
	515	41	44
	516	44	45
	517	47	48
	518	45	47
	519	45	46
	520	45	47
	521	45	45
	522	46	44
	523	46	48
	524	41	44
	525	48	45
	526	48	44
	527	48	48
	528	49	41
	529	48	45
	530	45	45
	531	48	45
	532	49	44
	533	49	47
	534	47	47
	535	47	44
	536	47	46
	537	49	46
	538	47	46
	539	52	45
	540	53	45
	541	52	48
	542	50	43
	543	50	47
	544	52	44
	545	51	48
	546	51	48
	547	54	47
	548	57	45
	549	51	49
	550	54	44
	551	53	46
	552	52	45
	553	57	46
	554	54	46
	555	53	47
	556	56	45
	557	51	51
	558	59	45
	559	55	49
	560	57	44
	561	57	46
	562	61	48
	563	58	48
	564	57	46
	565	59	44
	566	57	45
	567	59	48
	568	61	45
	569	56	48
	570	56	45
	571	60	48
	572	60	45
	573	59	44
	574	61	47
	575	61	47
	576	61	45
	577	59	52
	578	61	45
	579	64	46
	580	63	48
	581	64	45
	582	63	49
	583	62	50
	584	64	49
	585	67	47
	586	64	46
	587	67	45
	588	65	46
	589	68	48
	590	66	49
	591	67	48
	592	68	46
	593	67	49
	594	67	48
	595	68	47
	596	71	47
	597	70	48
	598	72	45
	599	72	49
	600	73	46
	601	72	48
	602	73	47
	603	73	49
	604	74	47
	605	73	48
	606	75	48
	607	71	48
	608	74	48
	609	73	48
	610	74	46
	611	75	48
	612	76	52
	613	76	48
	614	77	44
	615	79	50
	616	74	51
	617	77	49
	618	76	49
	619	81	48
	620	75	46
	621	79	49
	622	79	49
	623	80	50
	624	81	46
	625	79	47
	626	81	51
	627	82	50
	628	82	51
	629	82	48
	630	82	48
	631	85	49
	632	83	49
	633	85	49
	634	85	50
	635	85	51
	636	85	47
	637	87	50
	638	84	53
	639	88	51
	640	92	52
	641	84	47
	642	87	51
	643	90	50
	644	89	50
	645	89	48
	646	85	49
	647	88	51
	648	90	48
	649	90	50
	650	88	51
	651	95	51
	652	90	49
	653	89	51
	654	90	48
	655	87	50
	656	89	50
	657	90	49
	658	91	50
	659	92	49
	660	95	54
	661	95	52
	662	91	48
	663	96	51
	664	91	50
	665	100	50
	666	96	53
	667	97	52
	668	94	51
	669	95	55
	670	96	50
	671	97	52
	672	102	54
	673	99	52
	674	97	52
	675	98	56
	676	100	56
	677	100	54
	678	99	51
	679	99	53
	680	97	52
	681	101	52
	682	101	52
	683	100	53
	684	104	52
	685	101	51
	686	102	54
	687	103	55
	688	103	50
	689	104	50
	690	103	52
	691	104	55
	692	106	53
	693	104	56
	694	102	55
	695	104	53
	696	104	51
	697	106	52
	698	108	50
	699	107	52
	700	108	51
	701	110	54
	702	108	50
	703	106	52
	704	108	54
	705	108	52
	706	110	51
	707	110	52
	708	116	53
	709	109	56
	710	107	55
	711	112	53
	712	110	56
	713	112	55
	714	110	55
	715	111	59
	716	113	52
	717	111	55
	718	114	57
	719	110	53
	720	115	54
	721	113	52
	722	117	54
	723	114	55
	724	111	53
	725	114	55
	726	119	54
	727	117	53
	728	115	53
	729	113	54
	730	121	54
	731	114	53
	732	115	54
	733	115	51
	734	115	53
	735	115	55
	736	118	54
	737	116	55
	738	118	55
	739	117	58
	740	118	55
	741	121	58
	742	120	56
	743	117	57
	744	115	54
	745	117	56
	746	116	59
	747	117	56
	748	119	54
	749	117	56
	750	117	56
	751	118	57
	752	119	52
	753	117	53
	754	118	52
	755	117	56
	756	119	54
	757	118	57
	758	117	55
	759	118	56
	760	117	54
	761	115	54
	762	116	55
	763	116	56
	764	114	52
	765	118	53
	766	119	57
	767	117	55
	768	116	55
	769	115	57
	770	117	53
	771	119	54
	772	119	54
	773	115	53
	774	115	52
	775	121	54
	776	125	48
	777	115	55
	778	116	55
	779	117	55
	780	116	52
	781	121	52
	782	116	53
	783	114	55
	784	113	55
	785	117	54
	786	113	52
	787	113	58
	788	116	51
	789	117	54
	790	116	54
	791	119	55
	792	112	53
	793	118	56
	794	114	52
	795	114	54
	796	117	52
	797	117	55
	798	113	54
	799	116	52
	800	116	53
	801	114	55
	802	110	55
	803	113	60
	804	113	53
	805	116	53
	806	114	58
	807	112	55
	808	110	55
	809	113	51
	810	112	50
	811	110	53
	812	111	53
	813	111	50
	814	108	54
	815	110	54
	816	108	53
	817	109	52
	818	107	53
	819	110	51
	820	104	53
	821	110	52
	822	107	51
	823	110	53
	824	100	52
	825	110	54
	826	107	53
	827	107	52
	828	108	53
	829	101	50
	830	106	50
	831	109	52
	832	105	52
	833	104	49
	834	104	51
	835	101	50
	836	101	51
	837	104	52
	838	103	49
	839	100	52
	840	96	51
	841	101	51
	842	100	52
	843	101	53
	844	101	51
	845	100	47
	846	97	49
	847	99	49
	848	99	49
	849	100	52
	850	96	51
	851	98	51
	852	95	51
	853	99	52
	854	100	51
	855	101	53
	856	95	49
	857	98	52
	858	94	51
	859	97	50
	860	101	51
	861	96	48
	862	99	49
	863	96	51
	864	93	50
	865	97	50
	866	99	51
	867	96	51
	868	96	52
	869	97	53
	870	90	50
	871	94	50
	872	88	47
	873	93	51
	874	92	51
	875	96	51
	876	93	52
	877	93	47
	878	91	50
	879	95	51
	880	92	49
	881	95	51
	882	91	48
	883	92	51
	884	88	48
	885	92	49
	886	86	51
	887	91	50
	888	91	45
	889	87	51
	890	88	50
	891	87	50
	892	87	49
	893	92	51
	894	92	50
	895	88	51
	896	85	54
	897	87	50
	898	85	51
	899	88	50
	900	88	51
	901	86	48
	902	86	50
	903	84	49
	904	84	46
	905	83	48
	906	88	48
	907	85	47
	908	86	48
	909	84	48
	910	81	46
	911	80	47
	912	79	46
	913	80	48
	914	81	49
	915	82	51
	916	80	49
	917	80	47
	918	77	49
	919	84	47
	920	79	45
	921	81	47
	922	81	47
	923	79	51
	924	76	46
	925	78	46
	926	77	48
	927	77	45
	928	81	49
	929	78	49
	930	80	45
	931	76	50
	932	74	48
	933	75	47
	934	71	48
	935	74	45
	936	75	43
	937	70	44
	938	70	46
	939	72	47
	940	71	45
	941	73	48
	942	70	44
	943	68	47
	944	72	47
	945	74	46
	946	73	46
	947	74	48
	948	71	43
	949	70	44
	950	71	54
	951	68	43
	952	68	48
	953	70	47
	954	68	44
	955	68	48
	956	67	45
	957	67	46
	958	68	46
	959	68	46
	960	68	45
	961	65	50
	962	69	46
	963	67	46
	964	64	43
	965	64	46
	966	65	46
	967	64	46
	968	64	47
	969	65	44
	970	64	46
	971	62	44
	972	65	47
	973	61	47
	974	62	46
	975	61	49
	976	59	46
	977	58	46
	978	59	44
	979	59	46
	980	55	45
	981	56	47
	982	56	41
	983	58	44
	984	58	46
	985	55	46
	986	53	45
	987	55	44
	988	51	45
	989	51	48
	990	51	46
	991	54	42
	992	51	45
	993	51	48
	994	51	44
	995	52	48
	996	46	45
	997	52	43
	998	53	43
	999	49	45
	1000	51	46
	1001	48	44
	1002	51	44
	1003	49	43
	1004	49	44
	1005	49	43
	1006	51	41
	1007	51	48
	1008	47	46
	1009	49	46
	1010	48	42
	1011	49	43
	1012	47	44
	1013	46	47
	1014	47	44
	1015	50	43
	1016	47	45
	1017	49	42
	1018	46	44
	1019	49	44
	1020	49	45
	1021	47	44
	1022	47	42
	1023	46	44
	1024	47	44
	1025	48	42
	1026	48	47
	1027	46	38
	1028	45	41
	1029	46	46
	1030	43	42
	1031	45	48
	1032	44	43
	1033	46	43
	1034	47	42
	1035	46	45
	1036	47	41
	1037	45	44
	1038	44	43
	1039	44	43
	1040	44	45
	1041	44	44
	1042	42	43
	1043	43	45
	1044	42	47
	1045	45	42
	1046	41	44
	1047	42	44
	1048	44	44
	1049	46	45
	1050	43	42
	1051	43	45
	1052	47	41
	1053	44	44
	1054	45	45
	1055	46	48
	1056	43	41
	1057	43	41
	1058	44	45
	1059	44	43
	1060	39	42
	1061	44	43
	1062	40	41
	1063	43	42
	1064	45	43
	1065	44	40
	1066	43	41
	1067	41	43
	1068	40	43
	1069	39	43
	1070	40	44
	1071	41	42
	1072	41	42
	1073	42	42
	1074	36	42
	1075	43	43
	1076	44	42
	1077	49	42
	1078	43	43
	1079	43	45
	1080	44	42
	1081	42	44
	1082	42	43
	1083	39	45
	1084	42	42
	1085	43	42
	1086	41	43
	1087	39	42
	1088	39	41
	1089	43	41
	1090	41	41
	1091	41	44
	1092	41	45
	1093	41	43
	1094	40	43
	1095	40	43
	1096	42	42
	1097	40	44
	1098	43	45
	1099	43	43
	1100	40	44
	1101	39	44
	1102	38	41
	1103	40	43
	1104	39	42
	1105	41	42
	1106	39	42
	1107	40	41
	1108	37	45
	1109	39	41
	1110	42	46
	1111	39	44
	1112	43	42
	1113	40	46
	1114	39	43
	1115	40	42
	1116	38	43
	1117	42	43
	1118	41	44
	1119	41	41
	1120	40	42
	1121	39	49
	1122	37	44
	1123	40	43
	1124	38	41
	1125	42	44
	1126	39	45
	1127	37	43
	1128	38	43
	1129	38	45
	1130	40	45
	1131	41	43
	1132	41	44
	1133	40	45
	1134	40	43
	1135	42	42
	1136	41	46
	1137	40	43
	1138	40	43
	1139	39	44
	1140	40	44
	1141	41	43
	1142	38	41
	1143	39	43
	1144	38	43
	1145	38	42
	1146	38	44
	1147	39	43
	1148	37	44
	1149	39	42
	1150	39	42
	1151	37	43
	1152	36	43
	1153	37	45
	1154	41	44
	1155	39	44
	1156	38	43
	1157	41	42
	1158	39	41
	1159	37	42
	1160	41	43
	1161	38	45
	1162	40	43
	1163	37	44
	1164	37	43
	1165	41	40
	1166	38	42
	1167	40	41
	1168	38	43
	1169	41	44
	1170	38	42
	1171	41	43
	1172	38	43
	1173	37	44
	1174	39	42
	1175	38	43
	1176	39	43
	1177	39	44
	1178	38	39
	1179	39	43
	1180	39	46
	1181	38	41
	1182	40	44
	1183	40	46
	1184	38	45
	1185	39	43
	1186	34	44
	1187	36	42
	1188	39	44
	1189	39	41
	1190	39	43
	1191	38	41
	1192	37	39
	1193	37	43
	1194	37	42
	1195	40	43
	1196	38	42
	1197	35	45
	1198	38	43
	1199	38	45
	1200	37	41
	1201	39	41
	1202	39	43
	1203	36	43
	1204	38	44
	1205	37	43
	1206	38	41
	1207	39	44
	1208	37	42
	1209	39	42
	1210	39	41
	1211	38	44
	1212	36	43
	1213	39	42
	1214	36	41
	1215	40	42
	1216	35	41
	1217	36	42
	1218	35	42
	1219	35	42
	1220	35	40
	1221	38	43
	1222	38	43
	1223	37	43
	1224	36	41
	1225	39	43
	1226	35	41
	1227	35	44
	1228	38	41
	1229	39	44
	1230	36	41
	1231	37	44
	1232	36	40
	1233	38	43
	1234	34	44
	1235	38	43
	1236	39	42
	1237	36	43
	1238	35	42
	1239	37	40
	1240	34	41
	1241	38	45
	1242	37	43
	1243	38	45
	1244	38	40
	1245	37	39
	1246	35	42
	1247	39	49
	1248	38	41
	1249	39	43
	1250	37	41
	1251	38	43
	1252	35	43
	1253	37	45
	1254	35	42
	1255	37	41
	1256	34	44
	1257	35	42
	1258	38	43
	1259	35	43
	1260	39	42
	1261	36	45
	1262	36	40
	1263	37	43
	1264	36	42
	1265	34	43
	1266	42	42
	1267	47	42
	1268	37	42
	1269	38	41
	1270	37	42
	1271	39	44
	1272	35	42
	1273	35	45
	1274	37	41
	1275	36	47
	1276	32	41
	1277	37	44
	1278	37	43
	1279	38	44
	1280	36	44
	1281	39	46
	1282	36	42
	1283	39	42
	1284	35	42
	1285	37	42
	1286	37	42
	1287	37	43
	1288	36	41
	1289	36	42
	1290	35	41
	1291	37	39
	1292	34	39
	1293	35	42
	1294	37	43
	1295	36	43
	1296	34	40
	1297	36	42
	1298	33	43
	1299	37	43
	1300	37	42
	1301	36	44
	1302	33	41
	1303	35	40
	1304	36	42
	1305	35	41
	1306	37	44
	1307	37	41
	1308	33	42
	1309	36	43
	1310	35	41
	1311	37	44
	1312	33	42
	1313	37	40
	1314	34	41
	1315	33	44
	1316	35	42
	1317	35	41
	1318	33	40
	1319	37	42
	1320	34	43
	1321	36	43
	1322	37	42
	1323	35	43
	1324	35	44
	1325	35	38
	1326	35	41
	1327	37	44
	1328	37	44
	1329	35	45
	1330	32	42
	1331	38	41
	1332	35	41
	1333	35	43
	1334	36	39
	1335	40	41
	1336	33	41
	1337	34	43
	1338	34	41
	1339	33	38
	1340	35	43
	1341	37	44
	1342	34	44
	1343	35	43
	1344	31	44
	1345	35	44
	1346	35	44
	1347	33	40
	1348	35	39
	1349	33	40
	1350	33	42
	1351	31	42
	1352	35	39
	1353	33	41
	1354	32	41
	1355	37	43
	1356	34	41
	1357	33	41
	1358	35	44
	1359	36	40
	1360	35	44
	1361	35	41
	1362	33	41
	1363	34	42
	1364	32	44
	1365	35	43
	1366	36	40
	1367	33	41
	1368	34	43
	1369	31	45
	1370	34	43
	1371	33	42
	1372	39	45
	1373	35	42
	1374	32	41
	1375	35	40
	1376	31	41
	1377	35	43
	1378	32	43
	1379	33	42
	1380	34	42
	1381	40	43
	1382	31	41
	1383	35	41
	1384	32	39
	1385	31	42
	1386	36	43
	1387	35	44
	1388	33	40
	1389	32	39
	1390	31	41
	1391	34	42
	1392	33	43
	1393	33	44
	1394	34	41
	1395	34	42
	1396	30	41
	1397	36	42
	1398	35	42
	1399	34	43
	1400	34	39
	1401	34	42
	1402	33	40
	1403	32	41
	1404	33	42
	1405	34	42
	1406	32	41
	1407	33	44
	1408	32	41
	1409	35	43
	1410	31	40
	1411	34	43
	1412	31	43
	1413	34	44
	1414	33	42
	1415	34	44
	1416	31	40
	1417	29	39
	1418	34	42
	1419	31	44
	1420	32	43
	1421	34	43
	1422	32	43
	1423	33	40
	1424	32	42
	1425	31	41
	1426	32	39
	1427	31	44
	1428	30	41
	1429	29	42
	1430	32	42
	1431	32	40
	1432	31	39
	1433	31	44
	1434	30	44
	1435	31	41
	1436	34	45
	1437	30	42
	1438	31	44
	1439	35	42
	1440	31	42
	1441	32	46
	1442	31	41
	1443	31	41
	1444	31	43
	1445	34	44
	1446	32	41
	1447	34	41
	1448	30	40
	1449	32	43
	1450	30	41
	1451	33	43
	1452	31	43
	1453	29	45
	1454	30	43
	1455	30	44
	1456	30	42
	1457	31	39
	1458	33	40
	1459	32	41
	1460	29	41
	1461	30	42
	1462	32	46
	1463	31	42
	1464	30	40
	1465	30	42
	1466	29	42
	1467	30	39
	1468	30	42
	1469	33	42
	1470	29	42
	1471	29	44
	1472	31	40
	1473	32	43
	1474	31	41
	1475	32	42
	1476	29	43
	1477	30	42
	1478	29	41
	1479	31	37
	1480	31	38
	1481	30	42
	1482	28	40
	1483	28	42
	1484	30	39
	1485	29	39
	1486	30	38
	1487	32	40
	1488	27	39
	1489	28	41
	1490	31	44
	1491	32	41
	1492	31	43
	1493	30	40
	1494	30	41
	1495	30	44
	1496	31	42
	1497	31	44
	1498	28	39
	1499	31	43
	1500	28	43
	1501	30	43
	1502	26	40
	1503	31	41
	1504	29	42
	1505	29	41
	1506	30	44
	1507	31	42
	1508	27	39
	1509	30	44
	1510	28	44
	1511	31	41
	1512	30	38
	1513	32	43
	1514	30	39
	1515	30	44
	1516	29	42
	1517	30	42
	1518	27	42
	1519	27	41
	1520	28	42
	1521	30	41
	1522	29	40
	1523	30	40
	1524	29	43
	1525	30	43
	1526	30	39
	1527	28	41
	1528	30	42
	1529	30	42
	1530	29	41
	1531	37	43
	1532	28	44
	1533	31	43
	1534	29	41
	1535	28	42
	1536	31	41
	1537	29	41
	1538	28	41
	1539	28	40
	1540	30	41
	1541	27	42
	1542	30	40
	1543	31	40
	1544	28	40
	1545	28	41
	1546	27	40
	1547	29	43
	1548	30	43
	1549	29	40
	1550	29	42
	1551	30	42
	1552	28	40
	1553	29	40
	1554	28	41
	1555	31	43
	1556	34	41
	1557	31	39
	1558	31	46
	1559	31	43
	1560	30	39
	1561	32	40
	1562	32	43
	1563	32	45
	1564	34	43
	1565	38	45
	1566	31	41
	1567	32	44
	1568	36	43
	1569	35	45
	1570	37	41
	1571	34	51
	1572	36	42
	1573	37	42
	1574	37	43
	1575	39	45
	1576	37	44
	1577	39	41
	1578	37	46
	1579	38	42
	1580	38	44
	1581	38	43
	1582	39	45
	1583	38	43
	1584	40	41
	1585	41	44
	1586	36	44
	1587	42	47
	1588	37	43
	1589	37	44
	1590	38	46
	1591	38	44
	1592	37	45
	1593	40	42
	1594	40	43
	1595	37	45
	1596	39	43
	1597	45	45
	1598	39	43
	1599	39	45
	1600	36	44
	1601	38	43
	1602	36	43
	1603	40	42
	1604	37	41
	1605	38	47
	1606	39	42
	1607	37	44
	1608	37	44
	1609	40	45
	1610	37	46
	1611	39	43
	1612	38	42
	1613	38	44
	1614	38	42
	1615	38	44
	1616	38	43
	1617	39	43
	1618	36	42
	1619	41	45
	1620	39	40
	1621	39	45
	1622	37	45
	1623	37	42
	1624	38	44
	1625	40	43
	1626	38	44
	1627	37	43
	1628	37	44
	1629	39	43
	1630	35	43
	1631	37	43
	1632	37	43
	1633	37	46
	1634	40	43
	1635	39	43
	1636	37	43
	1637	37	44
	1638	40	44
	1639	36	42
	1640	38	40
	1641	37	44
	1642	36	43
	1643	38	44
	1644	34	45
	1645	37	43
	1646	44	42
	1647	39	40
	1648	35	44
	1649	37	46
	1650	38	44
	1651	34	42
	1652	37	41
	1653	36	43
	1654	39	41
	1655	44	46
	1656	35	43
	1657	39	46
	1658	38	41
	1659	38	45
	1660	42	43
	1661	39	44
	1662	35	43
	1663	39	42
	1664	36	43
	1665	39	44
	1666	38	42
	1667	40	44
	1668	37	40
	1669	38	44
	1670	34	43
	1671	37	43
	1672	33	43
	1673	34	43
	1674	37	40
	1675	36	42
	1676	35	43
	1677	36	42
	1678	33	42
	1679	35	43
	1680	35	40
	1681	35	43
	1682	35	43
	1683	34	44
	1684	32	45
	1685	35	39
	1686	33	42
	1687	34	46
	1688	33	43
	1689	32	44
	1690	28	42
	1691	30	45
	1692	28	44
	1693	31	47
	1694	32	43
	1695	33	43
	1696	30	42
	1697	29	43
	1698	30	41
	1699	32	44
	1700	29	44
	1701	30	39
	1702	27	43
	1703	29	40
	1704	25	41
	1705	29	42
	1706	23	40
	1707	25	40
	1708	24	40
	1709	24	43
	1710	23	39
	1711	24	42
	1712	22	40
	1713	26	41
	1714	25	42
	1715	32	40
	1716	24	41
	1717	20	38
	1718	27	41
	1719	23	41
	1720	26	43
	1721	25	43
	1722	26	43
	1723	22	43
	1724	22	42
	1725	27	41
	1726	30	40
	1727	27	42
	1728	26	38
	1729	23	42
	1730	27	39
	1731	23	42
	1732	23	41
	1733	24	39
	1734	23	40
	1735	22	39
	1736	23	42
	1737	25	40
	1738	25	41
	1739	24	41
	1740	25	37
	1741	26	40
	1742	24	39
	1743	26	42
	1744	26	39
	1745	23	44
	1746	22	40
	1747	24	41
	1748	24	42
	1749	25	40
	1750	24	39
	1751	27	41
	1752	25	42
	1753	24	39
	1754	26	42
	1755	27	41
	1756	23	45
	1757	24	42
	1758	21	40
	1759	24	39
	1760	23	40
	1761	24	41
	1762	24	43
	1763	24	41
	1764	22	43
	1765	21	40
	1766	25	38
	1767	23	42
	1768	23	39
	1769	24	43
	1770	19	41
	1771	22	40
	1772	22	40
	1773	20	42
	1774	23	42
	1775	23	43
	1776	22	38
	1777	22	41
	1778	23	40
	1779	24	41
	1780	24	40
	1781	23	43
	1782	26	42
	1783	21	41
	1784	25	43
	1785	25	40
	1786	21	40
	1787	23	41
	1788	22	39
	1789	25	43
	1790	22	40
	1791	23	40
	1792	23	40
	1793	23	42
	1794	25	41
	1795	25	42
	1796	23	40
	1797	23	40
	1798	21	40
	1799	25	42
	1800	23	39
	1801	25	42
	1802	20	43
	1803	24	39
	1804	21	38
	1805	22	39
	1806	22	39
	1807	22	40
	1808	22	38
	1809	25	40
	1810	22	41
	1811	24	41
	1812	21	40
	1813	22	41
	1814	25	40
	1815	22	39
	1816	21	42
	1817	21	43
	1818	21	41
	1819	25	44
	1820	22	40
	1821	21	41
	1822	19	41
	1823	24	40
	1824	21	40
	1825	22	39
	1826	23	39
	1827	24	40
	1828	25	41
	1829	19	41
	1830	24	38
	1831	24	44
	1832	21	38
	1833	23	41
	1834	21	39
	1835	28	41
	1836	22	41
	1837	23	41
	1838	23	40
	1839	22	39
	1840	22	41
	1841	20	40
	1842	24	41
	1843	23	41
	1844	24	40
	1845	24	41
	1846	19	40
	1847	22	39
	1848	23	39
	1849	22	42
	1850	23	40
	1851	22	40
	1852	21	41
	1853	25	42
	1854	21	41
	1855	20	42
	1856	23	40
	1857	23	40
	1858	22	40
	1859	21	42
	1860	20	40
	1861	23	42
	1862	23	39
	1863	23	38
	1864	22	41
	1865	22	43
	1866	21	40
	1867	21	41
	1868	21	39
	1869	23	42
	1870	24	39
	1871	22	41
	1872	26	40
	1873	23	41
	1874	23	41
	1875	22	41
	1876	22	41
	1877	23	43
	1878	23	41
	1879	23	43
	1880	24	42
	1881	22	37
	1882	23	42
	1883	24	38
	1884	24	41
	1885	24	42
	1886	19	39
	1887	23	39
	1888	22	41
	1889	24	39
	1890	20	40
	1891	23	41
	1892	22	38
	1893	23	41
	1894	22	40
	1895	22	42
	1896	20	39
	1897	21	40
	1898	25	39
	1899	26	41
	1900	19	40
	1901	24	42
	1902	20	40
	1903	22	41
	1904	22	43
	1905	25	41
	1906	22	41
	1907	29	39
	1908	22	40
	1909	24	40
	1910	22	42
	1911	24	40
	1912	23	40
	1913	23	39
	1914	23	40
	1915	22	40
	1916	23	41
	1917	24	41
	1918	25	40
	1919	22	39
	1920	23	41
	1921	20	46
	1922	24	40
	1923	24	44
	1924	21	42
	1925	24	41
	1926	21	39
	1927	21	41
	1928	24	42
	1929	21	41
	1930	22	40
	1931	25	40
	1932	21	41
	1933	20	41
	1934	19	41
	1935	20	42
	1936	20	41
	1937	23	41
	1938	20	41
	1939	21	42
	1940	21	39
	1941	20	41
	1942	22	44
	1943	23	41
	1944	21	40
	1945	25	43
	1946	21	40
	1947	21	41
	1948	22	39
	1949	20	41
	1950	22	44
	1951	21	42
	1952	21	40
	1953	25	37
	1954	21	39
	1955	21	39
	1956	22	41
	1957	23	42
	1958	21	38
	1959	21	39
	1960	19	41
	1961	23	42
	1962	22	39
	1963	22	43
	1964	22	43
	1965	22	39
	1966	22	39
	1967	22	40
	1968	23	41
	1969	21	41
	1970	23	40
	1971	24	41
	1972	18	44
	1973	21	41
	1974	22	38
	1975	23	38
	1976	23	41
	1977	23	41
	1978	21	43
	1979	22	42
	1980	19	39
	1981	20	38
	1982	24	39
	1983	23	41
	1984	24	37
	1985	23	42
	1986	22	41
	1987	23	42
	1988	21	40
	1989	22	38
	1990	23	39
	1991	20	38
	1992	22	41
	1993	22	42
	1994	22	39
	1995	25	41
	1996	21	41
	1997	20	39
	1998	23	38
	1999	21	39
	2000	21	40
	2001	21	40
	2002	21	43
	2003	18	38
	2004	21	42
	2005	22	42
	2006	21	41
	2007	21	40
	2008	21	40
	2009	21	39
	2010	19	41
	2011	21	42
	2012	19	42
	2013	20	43
	2014	18	43
	2015	21	41
	2016	19	41
	2017	21	41
	2018	21	39
	2019	18	40
	2020	21	38
	2021	23	41
	2022	19	43
	2023	20	37
	2024	17	39
	2025	19	40
	2026	18	40
	2027	22	41
	2028	22	44
	2029	21	40
	2030	21	38
	2031	19	43
	2032	19	38
	2033	21	44
	2034	19	38
	2035	19	41
	2036	19	40
	2037	20	40
	2038	20	41
	2039	19	43
	2040	23	38
	2041	22	41
	2042	19	41
	2043	22	40
	2044	19	42
	2045	20	38
	2046	19	40
	2047	19	38
	2048	22	41
	2049	21	41
	2050	20	36
	2051	19	41
	2052	19	38
	2053	18	40
	2054	21	41
	2055	20	41
	2056	21	42
	2057	22	39
	2058	17	39
	2059	19	39
	2060	22	41
	2061	22	38
	2062	20	40
	2063	21	40
	2064	17	40
	2065	21	40
	2066	19	38
	2067	20	40
	2068	18	43
	2069	17	39
	2070	18	42
	2071	20	46
	2072	19	38
	2073	23	40
	2074	22	40
	2075	20	39
	2076	22	44
	2077	23	40
	2078	19	39
	2079	24	38
	2080	21	40
	2081	20	40
	2082	22	40
	2083	23	40
	2084	18	40
	2085	20	42
	2086	17	39
	2087	20	41
	2088	20	38
	2089	19	38
	2090	18	42
	2091	21	40
	2092	19	39
	2093	21	41
	2094	20	40
	2095	21	40
	2096	21	39
	2097	20	41
	2098	19	39
	2099	23	39
	2100	21	43
	2101	20	42
	2102	20	41
	2103	21	41
	2104	19	40
	2105	23	44
	2106	18	40
	2107	22	40
	2108	18	37
	2109	19	38
	2110	20	39
	2111	20	40
	2112	19	38
	2113	19	38
	2114	19	39
	2115	21	38
	2116	20	41
	2117	19	39
	2118	19	40
	2119	18	39
	2120	19	41
	2121	23	39
	2122	19	41
	2123	23	41
	2124	19	42
	2125	17	41
	2126	19	39
	2127	22	39
	2128	20	42
	2129	18	38
	2130	20	40
	2131	20	41
	2132	17	39
	2133	22	43
	2134	19	43
	2135	23	38
	2136	17	40
	2137	19	39
	2138	18	38
	2139	21	41
	2140	20	43
	2141	22	39
	2142	22	38
	2143	21	40
	2144	19	41
	2145	21	42
	2146	22	40
	2147	20	41
	2148	20	38
	2149	21	40
	2150	19	39
	2151	23	42
	2152	19	42
	2153	21	38
	2154	20	38
	2155	23	39
	2156	19	40
	2157	21	40
	2158	22	36
	2159	20	40
	2160	20	41
	2161	20	42
	2162	23	43
	2163	20	38
	2164	20	38
	2165	21	42
	2166	20	38
	2167	21	39
	2168	19	42
	2169	22	39
	2170	19	58
	2171	21	41
	2172	22	39
	2173	23	42
	2174	18	39
	2175	19	39
	2176	20	41
	2177	21	40
	2178	20	39
	2179	22	39
	2180	19	34
	2181	19	42
	2182	20	41
	2183	22	40
	2184	18	39
	2185	19	38
	2186	18	38
	2187	20	42
	2188	20	39
	2189	19	41
	2190	20	39
	2191	20	42
	2192	20	41
	2193	22	40
	2194	20	45
	2195	21	40
	2196	20	39
	2197	19	42
	2198	17	40
	2199	20	42
	2200	18	39
	2201	17	41
	2202	16	42
	2203	19	40
	2204	16	40
	2205	24	36
	2206	20	38
	2207	20	39
	2208	20	40
	2209	20	43
	2210	20	41
	2211	21	42
	2212	19	37
	2213	20	42
	2214	20	39
	2215	20	39
	2216	21	39
	2217	20	39
	2218	17	39
	2219	21	41
	2220	21	41
	2221	20	38
	2222	20	42
	2223	21	40
	2224	19	39
	2225	20	40
	2226	20	36
	2227	22	38
	2228	19	36
	2229	19	40
	2230	21	41
	2231	20	44
	2232	20	39
	2233	22	40
	2234	20	39
	2235	22	41
	2236	20	41
	2237	20	38
	2238	17	38
	2239	22	41
	2240	19	40
	2241	20	38
	2242	20	39
	2243	19	41
	2244	22	39
	2245	21	44
	2246	21	38
	2247	22	39
	2248	17	39
	2249	20	40
	2250	19	37
	2251	19	39
	2252	21	39
	2253	21	39
	2254	20	39
	2255	19	40
	2256	21	39
	2257	20	39
	2258	21	39
	2259	20	38
	2260	20	40
	2261	20	39
	2262	18	40
	2263	21	38
	2264	21	38
	2265	21	42
	2266	22	38
	2267	19	42
	2268	18	41
	2269	21	40
	2270	18	41
	2271	21	40
	2272	21	41
	2273	20	39
	2274	21	41
	2275	20	39
	2276	19	40
	2277	19	40
	2278	19	38
	2279	20	41
	2280	19	38
	2281	21	39
	2282	19	38
	2283	18	41
	2284	19	39
	2285	22	39
	2286	21	39
	2287	20	37
	2288	20	39
	2289	21	41
	2290	18	41
	2291	20	41
	2292	21	41
	2293	19	39
	2294	22	42
	2295	22	41
	2296	19	40
	2297	22	39
	2298	19	40
	2299	21	42
	2300	19	39
	2301	19	41
	2302	17	38
	2303	23	40
	2304	21	39
	2305	21	40
	2306	20	42
	2307	21	43
	2308	19	40
	2309	21	38
	2310	19	40
	2311	24	38
	2312	20	40
	2313	22	43
	2314	18	40
	2315	20	40
	2316	17	40
	2317	21	38
	2318	18	39
	2319	20	40
	2320	19	38
	2321	21	39
	2322	19	39
	2323	20	39
	2324	21	38
	2325	22	41
	2326	18	36
	2327	19	41
	2328	19	42
	2329	21	38
	2330	21	40
	2331	21	41
	2332	21	39
	2333	22	40
	2334	18	41
	2335	23	40
	2336	22	37
	2337	21	40
	2338	19	38
	2339	22	40
	2340	17	41
	2341	17	40
	2342	20	41
	2343	20	40
	2344	20	39
	2345	21	40
	2346	20	43
	2347	20	40
	2348	19	40
	2349	18	40
	2350	20	38
	2351	20	40
	2352	19	38
	2353	20	41
	2354	17	42
	2355	20	42
	2356	19	41
	2357	20	42
	2358	19	39
	2359	21	39
	2360	16	40
	2361	21	40
	2362	19	41
	2363	18	43
	2364	22	38
	2365	19	39
	2366	21	35
	2367	19	40
	2368	15	37
	2369	21	42
	2370	20	42
	2371	22	40
	2372	18	38
	2373	20	38
	2374	18	39
	2375	22	42
	2376	18	41
	2377	20	38
	2378	19	39
	2379	21	39
	2380	18	40
	2381	19	40
	2382	21	38
	2383	23	40
	2384	21	38
	2385	22	40
	2386	19	40
	2387	19	39
	2388	19	40
	2389	22	41
	2390	20	39
	2391	20	44
	2392	18	40
	2393	21	38
	2394	18	40
	2395	21	38
	2396	19	40
	2397	20	43
	2398	21	41
	2399	21	41
	2400	17	43
	2401	19	37
	2402	18	39
	2403	29	42
	2404	19	39
	2405	17	42
	2406	19	38
	2407	20	41
	2408	18	40
	2409	20	41
	2410	19	37
	2411	21	39
	2412	20	37
	2413	18	41
	2414	22	40
	2415	24	39
	2416	18	39
	2417	19	46
	2418	20	42
	2419	21	42
	2420	20	41
	2421	20	41
	2422	21	39
	2423	21	40
	2424	19	40
	2425	22	45
	2426	19	40
	2427	21	39
	2428	21	37
	2429	21	39
	2430	18	39
	2431	18	39
	2432	18	40
	2433	18	40
	2434	23	44
	2435	21	41
	2436	24	39
	2437	20	40
	2438	20	40
	2439	21	43
	2440	18	38
	2441	19	41
	2442	20	40
	2443	21	40
	2444	19	37
	2445	18	40
	2446	19	38
	2447	17	41
	2448	21	41
	2449	18	39
	2450	18	40
	2451	20	41
	2452	19	41
	2453	23	40
	2454	21	41
	2455	18	40
	2456	20	43
	2457	19	42
	2458	19	40
	2459	24	41
	2460	22	38
	2461	20	42
	2462	23	37
	2463	21	40
	2464	23	46
	2465	20	38
	2466	20	39
	2467	19	41
	2468	20	40
	2469	19	41
	2470	20	41
	2471	20	39
	2472	16	39
	2473	21	42
	2474	22	41
	2475	21	41
	2476	23	37
	2477	19	40
	2478	21	39
	2479	18	40
	2480	22	43
	2481	19	39
	2482	20	39
	2483	19	40
	2484	17	40
	2485	22	41
	2486	21	37
	2487	21	40
	2488	18	40
	2489	19	43
	2490	20	40
	2491	19	40
	2492	18	39
	2493	21	40
	2494	19	41
	2495	20	40
	2496	22	39
	2497	20	39
	2498	18	38
	2499	22	39
	2500	20	42
	2501	19	40
	2502	18	39
	2503	22	40
	2504	20	38
	2505	19	38
	2506	19	40
	2507	19	40
	2508	19	37
	2509	20	41
	2510	20	40
	2511	17	40
	2512	19	39
	2513	22	40
	2514	17	40
	2515	22	39
	2516	19	38
	2517	20	40
	2518	20	43
	2519	23	41
	2520	19	39
	2521	21	39
	2522	20	43
	2523	19	41
	2524	19	40
	2525	18	37
	2526	23	41
	2527	17	39
	2528	18	37
	2529	21	42
	2530	19	42
	2531	23	43
	2532	22	40
	2533	19	41
	2534	19	37
	2535	20	39
	2536	21	41
	2537	21	43
	2538	21	40
	2539	22	39
	2540	20	39
	2541	20	39
	2542	20	40
	2543	20	40
	2544	19	39
	2545	20	39
	2546	20	41
	2547	20	41
	2548	20	43
	2549	18	41
	2550	19	39
	2551	16	42
	2552	19	40
	2553	21	40
	2554	20	39
	2555	19	43
	2556	17	41
	2557	22	41
	2558	20	39
	2559	21	44
	2560	20	40
	2561	21	38
	2562	21	39
	2563	20	41
	2564	18	38
	2565	20	40
	2566	18	40
	2567	21	47
	2568	20	41
	2569	19	41
	2570	20	38
	2571	23	42
	2572	23	40
	2573	21	38
	2574	22	41
	2575	19	41
	2576	21	39
	2577	18	42
	2578	18	38
	2579	20	40
	2580	17	38
	2581	18	38
	2582	17	40
	2583	20	40
	2584	17	39
	2585	20	43
	2586	20	40
	2587	20	39
	2588	21	38
	2589	18	39
	2590	19	38
	2591	22	39
	2592	20	37
	2593	19	38
	2594	18	40
	2595	19	38
	2596	18	39
	2597	18	41
	2598	19	39
	2599	22	40
	2600	17	37
	2601	19	38
	2602	18	40
	2603	18	41
	2604	19	38
	2605	20	40
	2606	19	41
	2607	20	42
	2608	19	40
	2609	19	41
	2610	19	39
	2611	21	39
	2612	19	39
	2613	20	42
	2614	18	39
	2615	22	41
	2616	17	39
	2617	23	40
	2618	19	39
	2619	20	41
	2620	17	40
	2621	19	39
	2622	19	40
	2623	17	41
	2624	20	38
	2625	18	39
	2626	26	40
	2627	21	41
	2628	17	41
	2629	19	39
	2630	18	40
	2631	16	41
	2632	20	41
	2633	22	40
	2634	19	40
	2635	17	41
	2636	18	41
	2637	19	41
	2638	18	39
	2639	21	40
	2640	19	37
	2641	23	40
	2642	18	39
	2643	21	42
	2644	19	37
	2645	22	42
	2646	20	41
	2647	23	39
	2648	20	40
	2649	22	42
	2650	17	40
	2651	19	38
	2652	23	41
	2653	19	39
	2654	21	41
	2655	20	40
	2656	20	41
	2657	21	43
	2658	18	38
	2659	20	40
	2660	17	37
	2661	20	38
	2662	19	39
	2663	20	41
	2664	21	38
	2665	20	40
	2666	21	38
	2667	20	38
	2668	19	42
	2669	20	38
	2670	18	39
	2671	22	41
	2672	18	39
	2673	20	38
	2674	17	39
	2675	18	38
	2676	19	40
	2677	21	43
	2678	19	40
	2679	20	41
	2680	19	41
	2681	18	39
	2682	22	39
	2683	21	40
	2684	22	36
	2685	19	39
	2686	23	38
	2687	21	38
	2688	18	38
	2689	19	40
	2690	18	39
	2691	25	41
	2692	20	38
	2693	20	41
	2694	16	39
	2695	18	41
	2696	18	39
	2697	21	42
	2698	20	39
	2699	23	40
	2700	18	37
	2701	20	37
	2702	19	40
	2703	21	42
	2704	21	40
	2705	22	41
	2706	20	40
	2707	22	37
	2708	20	41
	2709	18	40
	2710	20	41
	2711	20	43
	2712	20	40
	2713	22	41
	2714	20	41
	2715	20	40
	2716	20	38
	2717	22	42
	2718	18	39
	2719	21	40
	2720	19	39
	2721	27	39
	2722	19	37
	2723	21	40
	2724	18	41
	2725	22	41
	2726	22	39
	2727	22	40
	2728	20	41
	2729	19	39
	2730	20	39
	2731	21	39
	2732	18	38
	2733	19	38
	2734	19	38
	2735	20	40
	2736	17	42
	2737	21	40
	2738	21	39
	2739	21	38
	2740	20	40
	2741	19	40
	2742	19	39
	2743	20	39
	2744	20	38
	2745	21	40
	2746	18	39
	2747	20	43
	2748	20	39
	2749	19	40
	2750	19	39
	2751	21	40
	2752	16	39
	2753	20	39
	2754	18	40
	2755	21	38
	2756	21	38
	2757	20	39
	2758	20	40
	2759	18	39
	2760	19	42
	2761	19	42
	2762	19	42
	2763	21	39
	2764	19	40
	2765	20	39
	2766	21	39
	2767	21	40
	2768	20	40
	2769	21	39
	2770	19	43
	2771	20	43
	2772	18	40
	2773	21	42
	2774	18	41
	2775	19	38
	2776	19	40
	2777	18	39
	2778	22	40
	2779	19	39
	2780	21	39
	2781	21	39
	2782	19	40
	2783	24	40
	2784	18	40
	2785	19	40
	2786	19	41
	2787	18	40
	2788	17	40
	2789	20	39
	2790	17	39
	2791	18	42
	2792	20	41
	2793	21	39
	2794	21	41
	2795	20	40
	2796	21	40
	2797	21	40
	2798	22	39
	2799	21	38
	2800	20	39
	2801	19	43
	2802	20	43
	2803	22	42
	2804	17	38
	2805	21	42
	2806	18	41
	2807	18	42
	2808	20	41
	2809	22	40
	2810	20	41
	2811	21	44
	2812	18	39
	2813	18	41
	2814	17	43
	2815	21	41
	2816	16	39
	2817	20	42
	2818	19	35
	2819	21	42
	2820	19	34
	2821	19	39
	2822	19	42
	2823	21	42
	2824	19	39
	2825	20	38
	2826	18	39
	2827	19	41
	2828	20	39
	2829	19	40
	2830	20	39
	2831	25	38
	2832	18	40
	2833	19	40
	2834	19	40
	2835	22	40
	2836	17	40
	2837	22	44
	2838	21	41
	2839	22	39
	2840	20	39
	2841	18	39
	2842	21	41
	2843	21	39
	2844	17	38
	2845	18	38
	2846	17	41
	2847	19	38
	2848	19	39
	2849	19	41
	2850	19	40
	2851	21	41
	2852	18	39
	2853	21	41
	2854	21	37
	2855	22	39
	2856	20	41
	2857	19	40
	2858	19	39
	2859	23	43
	2860	18	40
	2861	22	37
	2862	20	40
	2863	20	42
	2864	17	38
	2865	21	38
	2866	18	42
	2867	20	41
	2868	19	38
	2869	23	38
	2870	21	37
	2871	23	41
	2872	19	40
	2873	21	40
	2874	19	40
	2875	20	39
	2876	21	40
	2877	20	42
	2878	21	39
	2879	18	38
	2880	19	39
	2881	19	38
	2882	20	38
	2883	21	40
	2884	15	39
	2885	22	39
	2886	19	40
	2887	20	39
	2888	21	40
	2889	44	41
	2890	20	39
	2891	20	43
	2892	19	39
	2893	22	41
	2894	19	41
	2895	24	40
	2896	17	38
	2897	19	42
	2898	19	39
	2899	21	42
	2900	20	42
	2901	22	42
	2902	19	37
	2903	19	38
	2904	20	39
	2905	21	42
	2906	21	39
	2907	19	37
	2908	19	39
	2909	19	42
	2910	19	37
	2911	19	43
	2912	20	39
	2913	20	43
	2914	21	43
	2915	22	38
	2916	21	42
	2917	20	39
	2918	20	40
	2919	22	39
	2920	27	43
	2921	18	44
	2922	17	39
	2923	18	41
	2924	22	35
	2925	19	39
	2926	20	41
	2927	20	39
	2928	21	41
	2929	20	41
	2930	18	40
	2931	20	40
	2932	21	40
	2933	23	41
	2934	21	44
	2935	20	39
	2936	17	40
	2937	19	37
	2938	22	39
	2939	21	42
	2940	20	37
	2941	21	40
	2942	20	42
	2943	19	43
	2944	19	40
	2945	19	42
	2946	20	40
	2947	22	39
	2948	23	39
	2949	22	41
	2950	19	39
	2951	21	40
	2952	20	40
	2953	20	39
	2954	20	41
	2955	23	40
	2956	21	40
	2957	21	41
	2958	19	39
	2959	23	40
	2960	20	37
	2961	19	41
	2962	18	41
	2963	21	43
	2964	20	40
	2965	22	38
	2966	19	38
	2967	23	38
	2968	21	39
	2969	19	42
	2970	19	38
	2971	22	37
	2972	19	39
	2973	22	38
	2974	19	37
	2975	19	43
	2976	17	42
	2977	21	40
	2978	17	39
	2979	22	41
	2980	21	39
	2981	22	40
	2982	20	36
	2983	21	40
	2984	21	39
	2985	19	40
	2986	21	41
	2987	20	38
	2988	20	40
	2989	19	40
	2990	20	40
	2991	19	44
	2992	20	41
	2993	21	41
	2994	19	39
	2995	23	39
	2996	18	38
	2997	20	39
	2998	23	38
	2999	22	41
	3000	19	36
	3001	20	41
	3002	20	38
	3003	19	39
	3004	19	41
	3005	21	41
	3006	19	39
	3007	19	38
	3008	18	40
	3009	19	40
	3010	20	41
	3011	20	40
	3012	19	40
	3013	23	37
	3014	20	39
	3015	20	40
	3016	20	37
	3017	21	41
	3018	20	38
	3019	20	40
	3020	18	41
	3021	18	40
	3022	19	40
	3023	18	41
	3024	21	40
	3025	22	39
	3026	19	43
	3027	22	40
	3028	18	40
	3029	22	39
	3030	19	39
	3031	20	43
	3032	21	38
	3033	17	39
	3034	18	39
	3035	18	39
	3036	17	36
	3037	19	39
	3038	18	41
	3039	22	41
	3040	20	43
	3041	22	41
	3042	18	39
	3043	22	39
	3044	22	41
	3045	22	42
	3046	19	39
	3047	21	38
	3048	19	39
	3049	18	42
	3050	24	40
	3051	19	42
	3052	20	39
	3053	19	40
	3054	18	38
	3055	22	43
	3056	20	41
	3057	20	40
	3058	21	41
	3059	23	41
	3060	18	43
	3061	19	40
	3062	18	40
	3063	21	41
	3064	18	37
	3065	21	41
	3066	19	39
	3067	21	41
	3068	21	39
	3069	19	43
	3070	21	38
	3071	18	38
	3072	18	39
	3073	22	38
	3074	20	37
	3075	19	43
	3076	18	37
	3077	18	42
	3078	19	40
	3079	20	39
	3080	20	40
	3081	16	41
	3082	21	39
	3083	23	42
	3084	21	39
	3085	21	41
	3086	20	41
	3087	20	39
	3088	19	40
	3089	21	40
	3090	23	40
	3091	20	43
	3092	18	40
	3093	22	38
	3094	20	40
	3095	21	41
	3096	19	41
	3097	23	36
	3098	19	41
	3099	20	40
	3100	23	38
	3101	23	41
	3102	19	40
	3103	20	39
	3104	19	39
	3105	24	41
	3106	19	41
	3107	21	40
	3108	19	42
	3109	20	41
	3110	18	38
	3111	22	39
	3112	21	40
	3113	20	41
	3114	19	40
	3115	20	41
	3116	18	37
	3117	21	41
	3118	19	41
	3119	22	42
	3120	20	41
	3121	21	41
	3122	19	38
	3123	19	42
	3124	19	38
	3125	21	42
	3126	16	38
	3127	20	39
	3128	16	39
	3129	20	40
	3130	19	41
	3131	19	40
	3132	18	39
	3133	23	40
	3134	20	39
	3135	20	43
	3136	21	41
	3137	20	39
	3138	21	40
	3139	20	40
	3140	20	39
	3141	20	39
	3142	19	38
	3143	19	36
	3144	22	42
	3145	22	41
	3146	20	39
	3147	18	42
	3148	19	39
	3149	21	40
	3150	19	39
	3151	19	41
	3152	19	39
	3153	20	41
	3154	19	40
	3155	20	39
	3156	20	40
	3157	19	40
	3158	20	40
	3159	19	42
	3160	18	40
	3161	20	38
	3162	18	37
	3163	21	41
	3164	18	40
	3165	23	38
	3166	19	41
	3167	21	39
	3168	18	40
	3169	23	43
	3170	18	39
	3171	20	40
	3172	20	39
	3173	20	39
	3174	21	37
	3175	21	40
	3176	19	36
	3177	21	40
	3178	22	40
	3179	21	41
	3180	17	39
	3181	19	39
	3182	20	41
	3183	20	41
	3184	18	40
	3185	24	43
	3186	18	38
	3187	21	40
	3188	20	41
	3189	21	38
	3190	20	41
	3191	20	37
	3192	20	38
	3193	19	40
	3194	19	39
	3195	25	38
	3196	19	37
	3197	22	40
	3198	17	39
	3199	20	40
	3200	21	38
	3201	21	41
	3202	19	39
	3203	22	40
	3204	18	41
	3205	17	40
	3206	18	41
	3207	20	38
	3208	18	36
	3209	19	41
	3210	19	42
	3211	21	41
	3212	20	41
	3213	22	41
	3214	20	38
	3215	21	42
	3216	20	41
	3217	20	41
	3218	20	40
	3219	22	38
	3220	20	43
	3221	20	38
	3222	20	41
	3223	24	45
	3224	17	36
	3225	18	42
	3226	19	41
	3227	20	43
	3228	18	42
	3229	19	42
	3230	21	38
	3231	21	39
	3232	16	40
	3233	20	41
	3234	20	40
	3235	19	40
	3236	19	39
	3237	21	41
	3238	21	40
	3239	19	41
	3240	21	38
	3241	20	45
	3242	19	40
	3243	22	40
	3244	19	40
	3245	20	40
	3246	21	42
	3247	23	42
	3248	19	41
	3249	20	42
	3250	19	39
	3251	23	41
	3252	17	39
	3253	23	42
	3254	19	39
	3255	19	40
	3256	18	38
	3257	21	41
	3258	18	40
	3259	18	37
	3260	21	38
	3261	19	38
	3262	21	38
	3263	21	42
	3264	19	42
	3265	19	41
	3266	18	42
	3267	22	41
	3268	20	39
	3269	19	43
	3270	19	40
	3271	20	44
	3272	19	39
	3273	23	38
	3274	19	43
	3275	21	42
	3276	21	39
	3277	22	40
	3278	20	42
	3279	20	41
	3280	19	43
	3281	21	41
	3282	20	41
	3283	19	44
	3284	17	40
	3285	22	40
	3286	19	40
	3287	21	40
	3288	19	38
	3289	20	44
	3290	23	42
	3291	21	40
	3292	19	40
	3293	21	40
	3294	19	39
	3295	22	38
	3296	18	41
	3297	18	39
	3298	20	40
	3299	19	40
	3300	19	40
	3301	19	40
	3302	19	39
	3303	19	38
	3304	19	39
	3305	19	40
	3306	19	40
	3307	22	40
	3308	21	40
	3309	21	39
	3310	17	36
	3311	20	39
	3312	17	40
	3313	19	42
	3314	20	43
	3315	19	40
	3316	19	38
	3317	20	40
	3318	21	39
	3319	19	39
	3320	22	42
	3321	20	41
	3322	21	38
	3323	21	41
	3324	19	39
	3325	20	38
	3326	19	39
	3327	21	41
	3328	23	39
	3329	21	39
	3330	21	38
	3331	19	39
	3332	19	39
	3333	22	41
	3334	21	38
	3335	19	40
	3336	18	41
	3337	18	41
	3338	17	40
	3339	18	40
	3340	18	39
	3341	18	41
	3342	18	40
	3343	20	41
	3344	19	39
	3345	22	39
	3346	22	43
	3347	23	42
	3348	20	38
	3349	18	39
	3350	20	41
	3351	19	39
	3352	19	43
	3353	18	38
	3354	20	40
	3355	18	42
	3356	19	38
	3357	22	42
	3358	21	38
	3359	21	41
	3360	19	41
	3361	20	38
	3362	18	42
	3363	17	38
	3364	19	39
	3365	19	39
	3366	20	39
	3367	20	40
	3368	20	42
	3369	21	38
	3370	18	40
	3371	22	38
	3372	19	39
	3373	25	39
	3374	19	39
	3375	18	42
	3376	19	41
	3377	19	38
	3378	17	40
	3379	22	38
	3380	20	39
	3381	19	41
	3382	20	41
	3383	20	40
	3384	19	40
	3385	21	38
	3386	17	40
	3387	19	41
	3388	21	38
	3389	19	39
	3390	20	37
	3391	19	40
	3392	20	36
	3393	21	42
	3394	20	40
	3395	20	39
	3396	21	36
	3397	19	41
	3398	20	40
	3399	21	38
	3400	21	41
	3401	20	41
	3402	18	40
	3403	22	43
	3404	20	40
	3405	19	42
	3406	19	40
	3407	23	40
	3408	19	38
	3409	22	41
	3410	18	39
	3411	20	40
	3412	21	37
	3413	20	39
	3414	19	39
	3415	19	39
	3416	19	39
	3417	19	39
	3418	20	38
	3419	21	39
	3420	20	37
	3421	21	41
	3422	20	41
	3423	18	41
	3424	20	38
	3425	19	40
	3426	19	41
	3427	21	41
	3428	17	40
	3429	23	40
	3430	17	38
	3431	19	38
	3432	23	38
	3433	18	39
	3434	18	42
	3435	18	41
	3436	18	39
	3437	22	41
	3438	20	40
	3439	21	40
	3440	18	40
	3441	22	40
	3442	21	41
	3443	18	40
	3444	19	40
	3445	19	40
	3446	22	39
	3447	21	41
	3448	20	38
	3449	20	37
	3450	19	38
	3451	20	42
	3452	22	38
	3453	21	38
	3454	19	40
	3455	19	41
	3456	18	38
	3457	20	38
	3458	18	40
	3459	20	40
	3460	21	40
	3461	19	41
	3462	19	39
	3463	18	40
	3464	20	39
	3465	22	39
	3466	19	37
	3467	18	42
	3468	19	38
	3469	20	38
	3470	19	40
	3471	21	40
	3472	19	50
	3473	19	40
	3474	21	38
	3475	18	39
	3476	21	38
	3477	21	37
	3478	19	45
	3479	21	39
	3480	22	40
	3481	21	40
	3482	20	37
	3483	19	40
	3484	20	39
	3485	20	42
	3486	19	43
	3487	18	39
	3488	21	37
	3489	20	41
	3490	18	39
	3491	20	40
	3492	21	41
	3493	19	39
	3494	21	39
	3495	18	40
	3496	18	37
	3497	20	42
	3498	21	42
	3499	21	40
	3500	20	41
	3501	20	43
	3502	19	41
	3503	19	40
	3504	18	39
	3505	21	39
	3506	20	41
	3507	20	40
	3508	19	39
	3509	21	38
	3510	21	40
	3511	21	39
	3512	17	40
	3513	20	39
	3514	17	39
	3515	22	39
	3516	20	38
	3517	21	40
	3518	22	39
	3519	20	40
	3520	18	40
	3521	19	39
	3522	20	40
	3523	19	37
	3524	20	39
	3525	18	40
	3526	19	40
	3527	18	42
	3528	18	41
	3529	18	40
	3530	19	42
	3531	20	41
	3532	21	39
	3533	18	41
	3534	15	38
	3535	22	39
	3536	19	37
	3537	21	41
	3538	21	39
	3539	19	40
	3540	18	44
	3541	19	42
	3542	19	38
	3543	19	42
	3544	19	42
	3545	19	36
	3546	19	37
	3547	19	42
	3548	19	41
	3549	19	41
	3550	22	45
	3551	19	39
	3552	20	40
	3553	18	40
	3554	21	38
	3555	20	45
	3556	19	38
	3557	23	36
	3558	21	41
	3559	21	42
	3560	19	41
	3561	19	39
	3562	20	39
	3563	21	40
	3564	20	41
	3565	21	39
	3566	19	39
	3567	20	39
	3568	19	39
	3569	21	41
	3570	22	38
	3571	21	43
	3572	20	42
	3573	18	40
	3574	19	39
	3575	21	40
	3576	18	41
	3577	19	38
	3578	20	40
	3579	19	39
	3580	19	38
	3581	21	41
	3582	19	39
	3583	24	42
	3584	19	41
	3585	19	40
	3586	20	41
	3587	19	40
	3588	19	38
	3589	21	41
	3590	21	41
	3591	21	40
	3592	17	38
	3593	20	39
	3594	19	39
	3595	19	39
	3596	20	41
	3597	25	39
	3598	22	40
	3599	21	42
	3600	21	39
	3601	19	38
	3602	22	39
	3603	20	39
	3604	19	40
	3605	20	38
	3606	20	39
	3607	20	40
	3608	19	37
	3609	21	41
	3610	20	42
	3611	18	42
	3612	18	41
	3613	19	40
	3614	20	42
	3615	22	39
	3616	21	38
	3617	20	38
	3618	18	40
	3619	20	38
	3620	19	38
	3621	21	43
	3622	19	38
	3623	18	41
	3624	17	41
	3625	20	39
	3626	19	39
	3627	21	43
	3628	19	42
	3629	20	39
	3630	19	41
	3631	20	39
	3632	19	41
	3633	20	40
	3634	20	41
	3635	20	40
	3636	22	39
	3637	22	38
	3638	20	38
	3639	20	41
	3640	20	39
	3641	22	41
	3642	18	37
	3643	20	41
	3644	18	39
	3645	21	41
	3646	17	40
	3647	19	41
	3648	21	38
	3649	20	39
	3650	20	39
	3651	17	41
	3652	19	38
	3653	21	42
	3654	19	40
	3655	20	39
	3656	18	41
	3657	20	39
	3658	18	41
	3659	18	40
	3660	20	38
	3661	18	43
	3662	17	40
	3663	21	38
	3664	21	41
	3665	19	39
	3666	17	41
	3667	23	40
	3668	18	40
	3669	20	40
	3670	21	40
	3671	21	35
	3672	21	37
	3673	21	40
	3674	18	40
	3675	23	41
	3676	20	39
	3677	20	39
	3678	19	40
	3679	19	39
	3680	19	42
	3681	21	40
	3682	19	39
	3683	20	40
	3684	19	42
	3685	21	38
	3686	21	40
	3687	21	39
	3688	18	40
	3689	21	39
	3690	20	40
	3691	19	39
	3692	20	40
	3693	19	43
	3694	20	39
	3695	22	43
	3696	17	41
	3697	19	39
	3698	16	36
	3699	18	40
	3700	24	39
	3701	20	38
	3702	19	39
	3703	20	42
	3704	18	41
	3705	19	39
	3706	20	40
	3707	21	41
	3708	19	36
	3709	19	40
	3710	19	39
	3711	19	41
	3712	18	37
	3713	20	38
	3714	21	38
	3715	22	41
	3716	20	41
	3717	19	39
	3718	19	39
	3719	18	36
	3720	21	38
	3721	20	39
	3722	21	37
	3723	21	41
