	0	17	39
	1	20	37
	2	20	37
	3	19	39
	4	15	38
	5	18	38
	6	19	39
	7	20	39
	8	16	37
	9	18	38
	10	17	37
	11	16	41
	12	18	38
	13	17	39
	14	19	37
	15	19	41
	16	19	38
	17	19	39
	18	17	38
	19	20	37
	20	18	41
	21	19	39
	22	18	38
	23	21	39
	24	20	36
	25	20	36
	26	20	40
	27	23	42
	28	20	39
	29	20	40
	30	22	39
	31	19	38
	32	20	40
	33	19	43
	34	19	40
	35	23	39
	36	23	39
	37	20	41
	38	19	40
	39	20	39
	40	21	44
	41	22	40
	42	22	40
	43	21	44
	44	21	40
	45	20	43
	46	21	41
	47	17	41
	48	22	40
	49	21	41
	50	19	42
	51	22	43
	52	20	39
	53	23	40
	54	24	40
	55	25	38
	56	23	42
	57	24	38
	58	21	42
	59	24	41
	60	21	43
	61	23	43
	62	24	41
	63	22	44
	64	23	40
	65	24	41
	66	24	41
	67	25	44
	68	23	39
	69	22	45
	70	24	43
	71	22	43
	72	21	42
	73	25	42
	74	22	44
	75	23	43
	76	23	45
	77	23	42
	78	23	43
	79	25	41
	80	21	45
	81	23	43
	82	21	42
	83	23	47
	84	22	42
	85	22	44
	86	21	44
	87	24	43
	88	23	43
	89	22	41
	90	22	42
	91	25	43
	92	22	42
	93	23	43
	94	22	43
	95	25	45
	96	24	52
	97	19	46
	98	22	45
	99	21	45
	100	24	41
	101	23	44
	102	21	42
	103	23	45
	104	21	42
	105	21	43
	106	23	45
	107	23	40
	108	21	42
	109	25	44
	110	21	40
	111	21	43
	112	25	42
	113	25	43
	114	23	42
	115	25	43
	116	20	41
	117	27	44
	118	25	42
	119	25	44
	120	24	42
	121	26	43
	122	23	41
	123	22	43
	124	24	41
	125	19	43
	126	24	43
	127	25	38
	128	21	40
	129	23	43
	130	21	43
	131	22	42
	132	26	40
	133	23	40
	134	25	41
	135	27	46
	136	30	43
	137	25	44
	138	23	42
	139	23	43
	140	25	42
	141	26	45
	142	25	42
	143	25	42
	144	24	44
	145	23	44
	146	26	43
	147	25	42
	148	23	42
	149	24	43
	150	23	44
	151	22	42
	152	25	43
	153	21	45
	154	23	43
	155	23	45
	156	23	42
	157	23	44
	158	26	44
	159	24	46
	160	23	47
	161	21	42
	162	20	43
	163	26	43
	164	22	42
	165	24	42
	166	27	44
	167	24	44
	168	22	40
	169	24	45
	170	25	41
	171	23	45
	172	25	45
	173	25	43
	174	24	44
	175	25	45
	176	23	42
	177	24	46
	178	25	45
	179	24	43
	180	27	44
	181	22	43
	182	22	41
	183	22	41
	184	24	42
	185	23	43
	186	21	39
	187	25	45
	188	24	44
	189	22	42
	190	24	43
	191	27	44
	192	21	43
	193	26	44
	194	23	44
	195	24	43
	196	24	44
	197	23	41
	198	21	40
	199	26	42
	200	23	44
	201	24	46
	202	24	41
	203	26	42
	204	23	42
	205	27	44
	206	26	44
	207	25	40
	208	22	40
	209	24	44
	210	26	43
	211	24	45
	212	20	43
	213	27	43
	214	23	43
	215	26	44
	216	25	40
	217	23	46
	218	24	43
	219	24	49
	220	23	44
	221	22	42
	222	22	44
	223	24	46
	224	23	43
	225	25	45
	226	24	43
	227	24	44
	228	22	44
	229	26	45
	230	24	45
	231	24	43
	232	24	43
	233	22	41
	234	26	43
	235	23	43
	236	22	43
	237	22	44
	238	23	43
	239	24	44
	240	24	41
	241	24	43
	242	24	43
	243	24	43
	244	26	43
	245	23	43
	246	22	42
	247	22	41
	248	23	41
	249	23	44
	250	23	41
	251	25	47
	252	23	42
	253	24	41
	254	24	43
	255	26	47
	256	20	40
	257	23	43
	258	25	44
	259	21	46
	260	26	41
	261	25	45
	262	21	40
	263	23	44
	264	24	43
	265	22	45
	266	22	40
	267	20	44
	268	22	42
	269	25	43
	270	22	44
	271	22	45
	272	21	42
	273	24	44
	274	22	42
	275	28	44
	276	21	42
	277	25	41
	278	23	42
	279	23	45
	280	23	40
	281	22	42
	282	24	40
	283	24	41
	284	23	43
	285	26	43
	286	25	45
	287	23	42
	288	23	42
	289	23	42
	290	26	43
	291	26	40
	292	22	44
	293	22	44
	294	20	44
	295	26	46
	296	20	43
	297	25	45
	298	30	43
	299	25	43
	300	24	43
	301	22	42
	302	22	46
	303	25	45
	304	22	42
	305	24	42
	306	21	43
	307	23	41
	308	23	43
	309	28	44
	310	24	43
	311	25	41
	312	23	42
	313	24	43
	314	24	40
	315	24	41
	316	25	41
	317	25	43
	318	26	45
	319	24	43
	320	24	42
	321	25	42
	322	26	45
	323	24	43
	324	25	43
	325	27	40
	326	23	41
	327	25	39
	328	22	44
	329	25	46
	330	25	43
	331	26	43
	332	25	40
	333	24	48
	334	27	45
	335	24	44
	336	24	40
	337	24	45
	338	25	41
	339	27	45
	340	20	42
	341	23	42
	342	23	40
	343	26	45
	344	25	43
	345	28	41
	346	26	43
	347	26	41
	348	25	42
	349	26	41
	350	25	43
	351	25	42
	352	23	44
	353	24	45
	354	21	42
	355	28	43
	356	24	40
	357	25	43
	358	25	43
	359	29	41
	360	24	39
	361	24	44
	362	24	43
	363	26	44
	364	25	42
	365	24	43
	366	21	45
	367	26	47
	368	24	46
	369	27	46
	370	26	43
	371	28	39
	372	24	41
	373	26	43
	374	24	43
	375	25	43
	376	25	41
	377	28	44
	378	26	45
	379	23	40
	380	25	43
	381	26	45
	382	23	45
	383	29	46
	384	27	46
	385	27	40
	386	27	41
	387	28	44
	388	25	44
	389	28	45
	390	26	43
	391	27	44
	392	27	47
	393	25	45
	394	27	43
	395	30	41
	396	28	43
	397	30	42
	398	30	46
	399	28	48
	400	28	44
	401	26	41
	402	31	41
	403	29	44
	404	27	44
	405	30	43
	406	25	41
	407	28	43
	408	28	43
	409	28	44
	410	26	44
	411	27	44
	412	27	42
	413	28	43
	414	27	46
	415	28	44
	416	28	43
	417	30	42
	418	28	46
	419	31	45
	420	29	44
	421	27	43
	422	30	41
	423	30	42
	424	28	45
	425	29	44
	426	29	42
	427	27	46
	428	29	43
	429	31	46
	430	30	44
	431	31	45
	432	31	42
	433	35	45
	434	31	43
	435	33	44
	436	28	43
	437	31	41
	438	31	42
	439	31	46
	440	34	43
	441	31	46
	442	34	43
	443	32	45
	444	31	39
	445	30	46
	446	33	45
	447	30	42
	448	31	42
	449	35	42
	450	31	40
	451	33	45
	452	38	43
	453	33	43
	454	34	42
	455	33	43
	456	33	43
	457	30	44
	458	38	43
	459	35	45
	460	33	44
	461	33	44
	462	34	44
	463	36	45
	464	31	42
	465	34	46
	466	34	46
	467	35	44
	468	34	43
	469	36	43
	470	34	44
	471	35	45
	472	35	46
	473	36	47
	474	38	46
	475	38	42
	476	37	44
	477	37	44
	478	38	44
	479	39	43
	480	36	43
	481	37	44
	482	37	41
	483	37	45
	484	35	46
	485	38	43
	486	37	47
	487	36	45
	488	39	43
	489	39	45
	490	39	43
	491	38	45
	492	40	45
	493	40	44
	494	38	43
	495	41	46
	496	43	44
	497	42	48
	498	40	44
	499	40	41
	500	37	43
	501	44	45
	502	43	44
	503	40	46
	504	42	42
	505	37	41
	506	41	42
	507	42	45
	508	44	46
	509	45	46
	510	40	44
	511	43	45
	512	44	46
	513	43	48
	514	43	44
	515	43	44
	516	42	48
	517	47	47
	518	43	46
	519	48	44
	520	44	45
	521	44	46
	522	45	43
	523	45	47
	524	44	46
	525	45	45
	526	43	44
	527	47	46
	528	46	44
	529	48	45
	530	47	42
	531	49	49
	532	47	45
	533	49	45
	534	51	47
	535	50	45
	536	46	46
	537	52	47
	538	47	45
	539	52	46
	540	49	44
	541	48	45
	542	49	44
	543	52	47
	544	49	47
	545	52	47
	546	50	45
	547	55	46
	548	56	45
	549	52	47
	550	52	45
	551	52	46
	552	56	42
	553	56	45
	554	53	45
	555	54	47
	556	54	44
	557	56	49
	558	57	46
	559	55	49
	560	55	46
	561	56	46
	562	56	46
	563	58	45
	564	54	45
	565	58	47
	566	59	45
	567	57	49
	568	60	47
	569	54	45
	570	56	49
	571	59	50
	572	59	44
	573	60	48
	574	58	44
	575	59	47
	576	58	47
	577	63	50
	578	58	46
	579	61	45
	580	61	44
	581	63	46
	582	63	47
	583	62	50
	584	65	46
	585	66	49
	586	66	49
	587	70	50
	588	67	46
	589	69	48
	590	68	47
	591	67	48
	592	69	49
	593	71	48
	594	70	49
	595	67	44
	596	67	45
	597	70	48
	598	70	47
	599	68	47
	600	71	45
	601	71	48
	602	71	48
	603	71	50
	604	71	49
	605	75	46
	606	73	44
	607	74	50
	608	73	48
	609	73	46
	610	74	49
	611	77	48
	612	75	52
	613	76	48
	614	77	46
	615	74	51
	616	77	50
	617	78	50
	618	83	50
	619	77	50
	620	78	48
	621	79	51
	622	76	47
	623	81	49
	624	79	47
	625	79	49
	626	82	48
	627	85	50
	628	83	46
	629	80	47
	630	80	50
	631	86	47
	632	82	51
	633	81	50
	634	81	49
	635	85	51
	636	85	49
	637	87	50
	638	85	50
	639	83	51
	640	84	50
	641	87	49
	642	84	50
	643	86	49
	644	88	49
	645	87	50
	646	90	51
	647	89	50
	648	89	49
	649	89	52
	650	89	52
	651	91	49
	652	88	50
	653	93	50
	654	88	50
	655	92	52
	656	90	50
	657	94	51
	658	94	48
	659	92	49
	660	94	50
	661	94	51
	662	95	52
	663	94	52
	664	90	52
	665	99	48
	666	98	50
	667	98	53
	668	98	51
	669	93	50
	670	96	48
	671	98	53
	672	95	54
	673	100	53
	674	96	51
	675	102	54
	676	99	50
	677	99	55
	678	100	53
	679	100	52
	680	100	51
	681	100	56
	682	102	52
	683	100	53
	684	100	51
	685	105	53
	686	104	53
	687	103	55
	688	105	52
	689	105	54
	690	106	53
	691	103	53
	692	106	52
	693	104	53
	694	106	53
	695	105	51
	696	107	51
	697	106	54
	698	106	53
	699	106	53
	700	108	54
	701	112	52
	702	110	54
	703	110	52
	704	108	53
	705	109	53
	706	109	54
	707	110	54
	708	118	49
	709	110	54
	710	110	56
	711	109	57
	712	112	53
	713	109	54
	714	111	56
	715	111	56
	716	112	56
	717	112	55
	718	114	58
	719	109	54
	720	109	56
	721	111	53
	722	115	54
	723	112	56
	724	112	52
	725	115	55
	726	115	56
	727	117	53
	728	114	52
	729	115	53
	730	115	58
	731	113	57
	732	113	55
	733	117	55
	734	111	55
	735	117	53
	736	120	54
	737	119	56
	738	119	54
	739	118	58
	740	115	55
	741	115	57
	742	115	58
	743	117	58
	744	118	56
	745	116	56
	746	119	56
	747	117	57
	748	117	55
	749	116	58
	750	114	55
	751	115	56
	752	118	56
	753	117	56
	754	114	53
	755	117	54
	756	120	52
	757	118	52
	758	117	57
	759	118	55
	760	118	54
	761	117	54
	762	117	53
	763	116	55
	764	119	54
	765	117	55
	766	118	57
	767	122	54
	768	115	51
	769	121	54
	770	118	52
	771	118	57
	772	120	55
	773	119	54
	774	117	54
	775	120	56
	776	121	55
	777	116	57
	778	119	55
	779	118	54
	780	116	55
	781	119	57
	782	119	54
	783	119	56
	784	115	52
	785	115	55
	786	114	56
	787	115	55
	788	117	54
	789	114	55
	790	118	54
	791	117	55
	792	112	52
	793	112	56
	794	114	53
	795	113	56
	796	115	54
	797	112	54
	798	112	51
	799	114	52
	800	115	51
	801	113	55
	802	112	57
	803	115	61
	804	113	51
	805	117	51
	806	111	56
	807	114	55
	808	113	59
	809	112	51
	810	112	55
	811	114	54
	812	111	55
	813	111	52
	814	108	52
	815	114	57
	816	110	51
	817	110	50
	818	108	51
	819	109	52
	820	110	52
	821	107	49
	822	110	51
	823	109	57
	824	101	52
	825	105	50
	826	104	51
	827	105	51
	828	108	54
	829	104	52
	830	106	52
	831	104	52
	832	104	51
	833	104	53
	834	106	50
	835	102	52
	836	103	52
	837	99	51
	838	105	51
	839	100	52
	840	100	49
	841	103	52
	842	102	49
	843	99	52
	844	100	51
	845	95	51
	846	97	49
	847	99	53
	848	95	46
	849	99	52
	850	98	49
	851	98	49
	852	97	51
	853	98	53
	854	100	49
	855	98	51
	856	96	49
	857	97	51
	858	100	53
	859	97	51
	860	95	49
	861	96	51
	862	97	50
	863	96	48
	864	96	51
	865	95	48
	866	96	50
	867	95	53
	868	99	48
	869	95	52
	870	94	50
	871	91	52
	872	94	51
	873	94	53
	874	90	45
	875	93	50
	876	92	51
	877	92	48
	878	89	49
	879	91	51
	880	93	52
	881	93	49
	882	90	49
	883	89	48
	884	94	50
	885	85	49
	886	89	48
	887	91	52
	888	90	48
	889	88	50
	890	91	53
	891	89	51
	892	90	48
	893	87	52
	894	88	49
	895	90	48
	896	88	54
	897	87	47
	898	86	50
	899	85	50
	900	86	51
	901	88	48
	902	86	46
	903	82	49
	904	85	48
	905	84	50
	906	86	49
	907	86	48
	908	86	47
	909	86	48
	910	83	47
	911	85	49
	912	82	49
	913	81	50
	914	84	49
	915	83	47
	916	80	49
	917	81	46
	918	78	48
	919	84	50
	920	79	49
	921	79	47
	922	80	46
	923	81	51
	924	76	46
	925	79	51
	926	79	46
	927	77	47
	928	78	48
	929	76	45
	930	74	48
	931	78	49
	932	73	47
	933	76	48
	934	74	46
	935	75	47
	936	74	45
	937	71	46
	938	72	48
	939	73	49
	940	71	44
	941	71	46
	942	70	48
	943	69	49
	944	72	47
	945	73	48
	946	70	44
	947	70	47
	948	70	45
	949	68	47
	950	70	55
	951	70	44
	952	71	46
	953	67	48
	954	71	45
	955	67	47
	956	64	46
	957	69	44
	958	63	47
	959	69	47
	960	65	46
	961	66	49
	962	65	45
	963	64	45
	964	65	46
	965	65	45
	966	63	45
	967	64	44
	968	64	49
	969	63	46
	970	63	49
	971	66	46
	972	62	47
	973	64	48
	974	62	46
	975	61	45
	976	63	47
	977	59	46
	978	58	43
	979	58	47
	980	57	45
	981	59	47
	982	59	46
	983	57	47
	984	57	44
	985	57	45
	986	54	43
	987	55	46
	988	53	43
	989	51	45
	990	54	45
	991	54	45
	992	52	42
	993	50	49
	994	51	41
	995	50	46
	996	51	46
	997	54	47
	998	54	42
	999	50	51
	1000	54	47
	1001	49	46
	1002	49	48
	1003	52	48
	1004	52	45
	1005	49	45
	1006	49	43
	1007	51	45
	1008	49	44
	1009	49	46
	1010	50	45
	1011	49	46
	1012	47	44
	1013	49	46
	1014	47	42
	1015	48	43
	1016	49	48
	1017	47	46
	1018	46	45
	1019	49	44
	1020	45	44
	1021	47	45
	1022	43	45
	1023	48	43
	1024	48	43
	1025	49	43
	1026	47	40
	1027	48	46
	1028	47	42
	1029	47	43
	1030	45	43
	1031	43	43
	1032	44	44
	1033	47	45
	1034	44	45
	1035	44	47
	1036	44	43
	1037	44	43
	1038	45	45
	1039	45	45
	1040	47	41
	1041	46	42
	1042	47	41
	1043	47	43
	1044	48	50
	1045	45	45
	1046	44	41
	1047	44	42
	1048	43	43
	1049	44	43
	1050	41	44
	1051	43	42
	1052	45	42
	1053	45	40
	1054	41	44
	1055	44	51
	1056	40	42
	1057	43	41
	1058	44	42
	1059	44	45
	1060	41	40
	1061	39	44
	1062	41	40
	1063	44	43
	1064	44	43
	1065	44	44
	1066	43	43
	1067	43	44
	1068	43	42
	1069	44	42
	1070	41	42
	1071	45	41
	1072	43	41
	1073	44	41
	1074	41	41
	1075	43	43
	1076	42	43
	1077	49	40
	1078	41	42
	1079	46	43
	1080	41	42
	1081	44	45
	1082	39	43
	1083	43	42
	1084	40	43
	1085	44	42
	1086	40	46
	1087	41	44
	1088	41	41
	1089	43	43
	1090	44	41
	1091	41	43
	1092	41	41
	1093	40	45
	1094	42	45
	1095	41	47
	1096	40	44
	1097	42	46
	1098	39	44
	1099	39	41
	1100	39	41
	1101	43	44
	1102	39	39
	1103	42	46
	1104	40	42
	1105	42	43
	1106	40	41
	1107	40	41
	1108	41	43
	1109	40	48
	1110	39	48
	1111	35	44
	1112	42	43
	1113	42	42
	1114	39	43
	1115	41	43
	1116	42	44
	1117	39	40
	1118	41	41
	1119	41	44
	1120	41	42
	1121	41	46
	1122	37	43
	1123	38	44
	1124	39	44
	1125	39	42
	1126	39	43
	1127	40	43
	1128	36	40
	1129	40	42
	1130	38	46
	1131	40	42
	1132	39	43
	1133	39	45
	1134	33	41
	1135	40	43
	1136	39	47
	1137	42	41
	1138	43	39
	1139	38	44
	1140	41	41
	1141	39	44
	1142	40	41
	1143	39	44
	1144	39	45
	1145	38	42
	1146	37	43
	1147	41	45
	1148	39	42
	1149	39	42
	1150	37	42
	1151	39	43
	1152	38	41
	1153	37	44
	1154	40	41
	1155	40	43
	1156	39	44
	1157	40	43
	1158	39	43
	1159	39	44
	1160	38	40
	1161	41	45
	1162	42	42
	1163	39	46
	1164	38	46
	1165	40	41
	1166	35	41
	1167	39	44
	1168	37	44
	1169	37	41
	1170	34	43
	1171	41	39
	1172	37	43
	1173	36	46
	1174	38	40
	1175	40	42
	1176	39	41
	1177	37	40
	1178	38	44
	1179	36	42
	1180	39	40
	1181	38	40
	1182	39	45
	1183	38	42
	1184	39	45
	1185	33	40
	1186	36	41
	1187	37	42
	1188	36	45
	1189	38	43
	1190	40	43
	1191	35	41
	1192	39	40
	1193	37	44
	1194	38	43
	1195	39	47
	1196	38	42
	1197	39	44
	1198	38	42
	1199	40	41
	1200	39	41
	1201	38	41
	1202	40	42
	1203	35	40
	1204	39	41
	1205	37	43
	1206	39	42
	1207	36	44
	1208	37	39
	1209	39	42
	1210	37	44
	1211	37	44
	1212	36	44
	1213	39	43
	1214	36	40
	1215	38	43
	1216	35	43
	1217	40	41
	1218	35	42
	1219	38	42
	1220	35	42
	1221	39	46
	1222	38	44
	1223	36	43
	1224	37	38
	1225	40	42
	1226	35	43
	1227	38	43
	1228	39	43
	1229	37	45
	1230	38	39
	1231	37	42
	1232	37	43
	1233	41	41
	1234	33	43
	1235	37	42
	1236	40	38
	1237	38	42
	1238	36	43
	1239	38	41
	1240	33	41
	1241	37	43
	1242	37	41
	1243	38	44
	1244	36	41
	1245	35	40
	1246	35	41
	1247	39	45
	1248	37	40
	1249	37	40
	1250	36	39
	1251	35	40
	1252	35	39
	1253	37	43
	1254	38	43
	1255	38	46
	1256	36	44
	1257	36	43
	1258	36	42
	1259	37	40
	1260	36	43
	1261	36	44
	1262	39	42
	1263	36	41
	1264	36	43
	1265	35	42
	1266	44	40
	1267	47	42
	1268	35	41
	1269	37	42
	1270	37	41
	1271	40	41
	1272	33	42
	1273	38	43
	1274	40	41
	1275	41	47
	1276	35	42
	1277	38	43
	1278	38	45
	1279	35	41
	1280	36	39
	1281	35	43
	1282	36	42
	1283	37	42
	1284	34	44
	1285	35	45
	1286	35	44
	1287	35	42
	1288	36	41
	1289	38	39
	1290	33	42
	1291	35	42
	1292	37	42
	1293	36	41
	1294	35	43
	1295	36	44
	1296	36	43
	1297	32	43
	1298	33	42
	1299	37	42
	1300	35	38
	1301	39	46
	1302	36	40
	1303	38	43
	1304	35	41
	1305	34	44
	1306	34	43
	1307	38	44
	1308	34	44
	1309	33	45
	1310	34	43
	1311	38	42
	1312	34	42
	1313	35	42
	1314	36	39
	1315	36	44
	1316	35	42
	1317	34	42
	1318	33	41
	1319	37	44
	1320	35	42
	1321	36	43
	1322	35	41
	1323	36	41
	1324	35	42
	1325	36	42
	1326	36	40
	1327	37	41
	1328	38	44
	1329	32	41
	1330	34	40
	1331	40	46
	1332	33	40
	1333	36	44
	1334	33	43
	1335	36	44
	1336	34	41
	1337	34	44
	1338	34	42
	1339	34	44
	1340	34	42
	1341	35	45
	1342	33	47
	1343	35	41
	1344	32	41
	1345	34	42
	1346	35	43
	1347	31	42
	1348	33	41
	1349	36	41
	1350	35	44
	1351	37	44
	1352	34	43
	1353	35	43
	1354	33	39
	1355	35	44
	1356	33	41
	1357	33	41
	1358	34	42
	1359	35	43
	1360	32	40
	1361	36	43
	1362	32	43
	1363	31	43
	1364	32	41
	1365	35	43
	1366	34	42
	1367	34	44
	1368	31	42
	1369	32	38
	1370	34	43
	1371	35	40
	1372	41	43
	1373	33	43
	1374	34	44
	1375	34	40
	1376	34	40
	1377	33	41
	1378	31	41
	1379	35	45
	1380	34	43
	1381	40	45
	1382	33	44
	1383	32	42
	1384	34	44
	1385	34	43
	1386	34	44
	1387	37	44
	1388	31	40
	1389	35	40
	1390	31	42
	1391	35	43
	1392	32	39
	1393	31	44
	1394	33	43
	1395	34	42
	1396	35	45
	1397	34	40
	1398	31	41
	1399	33	44
	1400	32	43
	1401	35	43
	1402	30	41
	1403	33	41
	1404	32	42
	1405	35	43
	1406	34	40
	1407	32	41
	1408	30	38
	1409	32	42
	1410	33	43
	1411	34	44
	1412	33	41
	1413	31	44
	1414	30	41
	1415	35	42
	1416	32	45
	1417	32	39
	1418	33	40
	1419	33	41
	1420	30	42
	1421	31	43
	1422	30	41
	1423	33	41
	1424	34	40
	1425	32	42
	1426	32	41
	1427	31	42
	1428	31	42
	1429	29	43
	1430	31	44
	1431	31	43
	1432	31	43
	1433	34	42
	1434	31	43
	1435	32	41
	1436	32	40
	1437	32	39
	1438	30	42
	1439	34	40
	1440	31	39
	1441	31	41
	1442	34	41
	1443	32	42
	1444	32	43
	1445	32	42
	1446	30	45
	1447	33	41
	1448	33	39
	1449	32	44
	1450	32	42
	1451	34	42
	1452	29	39
	1453	29	40
	1454	32	41
	1455	32	41
	1456	28	39
	1457	31	42
	1458	33	41
	1459	29	41
	1460	29	41
	1461	28	41
	1462	28	43
	1463	30	43
	1464	32	41
	1465	35	39
	1466	33	42
	1467	30	40
	1468	32	42
	1469	31	40
	1470	31	41
	1471	30	45
	1472	34	40
	1473	30	45
	1474	32	40
	1475	32	44
	1476	29	44
	1477	32	40
	1478	30	42
	1479	32	44
	1480	30	42
	1481	31	41
	1482	33	42
	1483	28	40
	1484	29	40
	1485	30	42
	1486	29	41
	1487	31	43
	1488	27	39
	1489	30	39
	1490	28	43
	1491	33	42
	1492	27	42
	1493	29	46
	1494	29	42
	1495	29	42
	1496	28	43
	1497	29	43
	1498	30	44
	1499	31	41
	1500	30	44
	1501	28	41
	1502	29	42
	1503	30	39
	1504	30	43
	1505	29	43
	1506	29	43
	1507	31	42
	1508	26	41
	1509	29	42
	1510	32	40
	1511	29	43
	1512	30	43
	1513	31	45
	1514	27	42
	1515	31	42
	1516	26	38
	1517	30	43
	1518	32	41
	1519	29	39
	1520	30	40
	1521	31	40
	1522	28	40
	1523	31	41
	1524	27	40
	1525	30	43
	1526	28	39
	1527	28	42
	1528	30	40
	1529	29	43
	1530	28	42
	1531	37	41
	1532	28	42
	1533	31	41
	1534	29	40
	1535	28	42
	1536	29	41
	1537	29	41
	1538	28	41
	1539	30	43
	1540	31	42
	1541	31	45
	1542	27	40
	1543	33	41
	1544	29	41
	1545	31	42
	1546	29	41
	1547	27	41
	1548	29	42
	1549	31	40
	1550	32	42
	1551	27	40
	1552	28	41
	1553	28	42
	1554	30	41
	1555	32	42
	1556	31	41
	1557	31	39
	1558	32	44
	1559	31	42
	1560	30	40
	1561	35	43
	1562	30	41
	1563	33	42
	1564	31	40
	1565	33	42
	1566	33	39
	1567	31	43
	1568	35	42
	1569	36	45
	1570	35	42
	1571	35	51
	1572	35	43
	1573	33	43
	1574	36	43
	1575	38	43
	1576	39	44
	1577	37	45
	1578	38	44
	1579	37	42
	1580	39	42
	1581	37	42
	1582	39	42
	1583	39	43
	1584	38	43
	1585	39	42
	1586	37	44
	1587	36	43
	1588	37	43
	1589	41	43
	1590	41	42
	1591	37	44
	1592	37	44
	1593	37	42
	1594	38	44
	1595	40	43
	1596	38	40
	1597	45	42
	1598	35	42
	1599	40	43
	1600	39	41
	1601	37	43
	1602	38	43
	1603	36	40
	1604	38	43
	1605	38	46
	1606	34	42
	1607	39	44
	1608	37	43
	1609	39	42
	1610	38	47
	1611	38	44
	1612	39	41
	1613	39	43
	1614	38	41
	1615	38	44
	1616	39	43
	1617	38	43
	1618	34	42
	1619	39	43
	1620	36	43
	1621	39	44
	1622	39	45
	1623	36	40
	1624	36	43
	1625	41	43
	1626	36	42
	1627	37	42
	1628	40	45
	1629	38	42
	1630	39	42
	1631	37	46
	1632	39	43
	1633	38	45
	1634	38	42
	1635	41	44
	1636	39	43
	1637	38	45
	1638	36	44
	1639	39	45
	1640	38	42
	1641	37	43
	1642	36	42
	1643	38	43
	1644	37	42
	1645	36	43
	1646	42	42
	1647	36	39
	1648	37	45
	1649	36	41
	1650	37	39
	1651	38	41
	1652	35	41
	1653	37	45
	1654	38	44
	1655	42	42
	1656	35	38
	1657	38	41
	1658	34	41
	1659	39	42
	1660	38	41
	1661	36	43
	1662	36	44
	1663	38	43
	1664	36	43
	1665	37	46
	1666	37	41
	1667	39	44
	1668	36	43
	1669	38	43
	1670	36	46
	1671	37	40
	1672	34	44
	1673	40	42
	1674	36	39
	1675	36	43
	1676	36	40
	1677	36	41
	1678	37	41
	1679	35	42
	1680	35	43
	1681	33	43
	1682	34	45
	1683	34	40
	1684	32	43
	1685	36	44
	1686	34	45
	1687	38	43
	1688	32	41
	1689	33	41
	1690	32	43
	1691	32	42
	1692	28	43
	1693	32	41
	1694	34	41
	1695	30	45
	1696	29	41
	1697	31	42
	1698	29	42
	1699	31	42
	1700	27	41
	1701	27	41
	1702	26	43
	1703	26	41
	1704	23	42
	1705	30	40
	1706	26	40
	1707	26	40
	1708	28	39
	1709	26	41
	1710	26	39
	1711	27	40
	1712	24	37
	1713	24	39
	1714	26	39
	1715	27	40
	1716	25	40
	1717	25	40
	1718	25	39
	1719	26	44
	1720	27	39
	1721	25	39
	1722	26	41
	1723	22	41
	1724	23	39
	1725	26	42
	1726	31	37
	1727	26	41
	1728	26	40
	1729	26	41
	1730	25	41
	1731	26	44
	1732	27	43
	1733	25	43
	1734	25	39
	1735	23	40
	1736	24	41
	1737	25	41
	1738	22	43
	1739	24	42
	1740	26	38
	1741	24	39
	1742	25	41
	1743	25	42
	1744	22	41
	1745	24	40
	1746	24	39
	1747	26	42
	1748	27	39
	1749	25	42
	1750	24	39
	1751	26	39
	1752	28	37
	1753	24	41
	1754	24	42
	1755	27	40
	1756	24	41
	1757	24	41
	1758	27	39
	1759	24	43
	1760	23	43
	1761	24	39
	1762	22	41
	1763	25	40
	1764	22	43
	1765	25	44
	1766	23	38
	1767	25	43
	1768	23	39
	1769	22	41
	1770	25	39
	1771	23	40
	1772	25	37
	1773	23	41
	1774	24	41
	1775	23	38
	1776	25	40
	1777	23	41
	1778	26	39
	1779	23	38
	1780	22	39
	1781	25	42
	1782	24	39
	1783	23	39
	1784	24	42
	1785	24	39
	1786	21	37
	1787	23	42
	1788	23	39
	1789	25	40
	1790	24	38
	1791	24	41
	1792	24	41
	1793	24	41
	1794	21	42
	1795	20	41
	1796	22	40
	1797	23	41
	1798	22	41
	1799	22	41
	1800	23	39
	1801	24	40
	1802	23	38
	1803	25	40
	1804	21	41
	1805	22	41
	1806	24	41
	1807	23	41
	1808	22	41
	1809	24	40
	1810	22	39
	1811	24	39
	1812	21	38
	1813	25	39
	1814	20	41
	1815	22	41
	1816	22	42
	1817	23	38
	1818	21	37
	1819	25	39
	1820	25	39
	1821	21	42
	1822	20	42
	1823	23	41
	1824	23	43
	1825	23	44
	1826	22	40
	1827	23	41
	1828	22	41
	1829	19	40
	1830	21	41
	1831	23	41
	1832	21	42
	1833	22	41
	1834	25	41
	1835	24	39
	1836	24	40
	1837	22	41
	1838	21	39
	1839	23	40
	1840	23	41
	1841	20	41
	1842	26	42
	1843	21	40
	1844	22	39
	1845	25	42
	1846	23	40
	1847	23	43
	1848	24	41
	1849	22	41
	1850	21	39
	1851	23	39
	1852	23	42
	1853	24	41
	1854	22	39
	1855	20	39
	1856	22	41
	1857	22	41
	1858	21	39
	1859	23	41
	1860	22	39
	1861	23	40
	1862	24	42
	1863	25	39
	1864	21	41
	1865	22	41
	1866	22	35
	1867	23	39
	1868	20	40
	1869	21	42
	1870	22	42
	1871	23	40
	1872	25	41
	1873	24	41
	1874	22	40
	1875	22	41
	1876	23	41
	1877	25	40
	1878	23	39
	1879	24	40
	1880	19	39
	1881	22	41
	1882	21	40
	1883	26	38
	1884	23	41
	1885	23	40
	1886	21	41
	1887	21	43
	1888	23	41
	1889	23	40
	1890	20	40
	1891	22	41
	1892	25	37
	1893	25	41
	1894	20	39
	1895	21	40
	1896	23	42
	1897	25	40
	1898	24	41
	1899	21	40
	1900	21	38
	1901	23	39
	1902	25	41
	1903	22	38
	1904	25	43
	1905	24	41
	1906	20	41
	1907	31	43
	1908	22	38
	1909	24	40
	1910	25	39
	1911	22	41
	1912	24	39
	1913	24	38
	1914	23	41
	1915	22	39
	1916	24	41
	1917	26	40
	1918	24	38
	1919	21	39
	1920	19	39
	1921	20	48
	1922	22	41
	1923	22	40
	1924	20	38
	1925	22	41
	1926	20	42
	1927	20	42
	1928	23	39
	1929	24	40
	1930	20	37
	1931	19	41
	1932	21	38
	1933	21	42
	1934	20	38
	1935	23	38
	1936	21	39
	1937	23	40
	1938	21	40
	1939	22	40
	1940	22	39
	1941	20	39
	1942	20	40
	1943	23	39
	1944	22	40
	1945	18	39
	1946	23	38
	1947	20	39
	1948	23	39
	1949	20	37
	1950	21	42
	1951	23	39
	1952	23	41
	1953	24	39
	1954	20	40
	1955	26	39
	1956	22	41
	1957	25	41
	1958	21	38
	1959	21	43
	1960	21	40
	1961	21	41
	1962	23	38
	1963	23	40
	1964	23	37
	1965	20	39
	1966	21	42
	1967	22	38
	1968	23	42
	1969	21	41
	1970	21	40
	1971	24	39
	1972	21	43
	1973	24	41
	1974	21	40
	1975	22	38
	1976	21	41
	1977	20	38
	1978	21	40
	1979	21	41
	1980	20	40
	1981	19	41
	1982	23	39
	1983	22	39
	1984	20	38
	1985	24	41
	1986	20	39
	1987	22	42
	1988	20	43
	1989	20	40
	1990	24	39
	1991	26	39
	1992	23	40
	1993	22	44
	1994	22	40
	1995	23	40
	1996	23	40
	1997	22	39
	1998	21	37
	1999	23	43
	2000	22	40
	2001	23	40
	2002	21	41
	2003	22	40
	2004	21	43
	2005	24	42
	2006	20	38
	2007	23	42
	2008	20	41
	2009	22	39
	2010	22	39
	2011	19	39
	2012	20	40
	2013	20	40
	2014	21	42
	2015	26	42
	2016	20	41
	2017	20	42
	2018	20	40
	2019	19	40
	2020	19	41
	2021	23	41
	2022	23	44
	2023	20	37
	2024	21	41
	2025	22	37
	2026	22	39
	2027	23	39
	2028	19	41
	2029	23	40
	2030	22	40
	2031	22	40
	2032	20	38
	2033	20	40
	2034	21	41
	2035	21	40
	2036	19	42
	2037	21	39
	2038	18	41
	2039	20	40
	2040	20	41
	2041	20	40
	2042	20	41
	2043	19	41
	2044	22	40
	2045	17	41
	2046	20	42
	2047	21	41
	2048	20	40
	2049	23	40
	2050	18	37
	2051	19	40
	2052	21	41
	2053	20	39
	2054	22	40
	2055	21	39
	2056	20	41
	2057	21	41
	2058	22	41
	2059	21	38
	2060	22	39
	2061	21	39
	2062	19	40
	2063	21	39
	2064	19	43
	2065	24	41
	2066	23	39
	2067	21	41
	2068	20	40
	2069	22	41
	2070	19	39
	2071	23	41
	2072	22	41
	2073	22	40
	2074	23	38
	2075	21	37
	2076	21	39
	2077	19	39
	2078	19	42
	2079	20	40
	2080	20	38
	2081	19	39
	2082	20	38
	2083	21	39
	2084	17	40
	2085	20	42
	2086	19	38
	2087	22	38
	2088	20	38
	2089	20	41
	2090	18	39
	2091	22	41
	2092	21	39
	2093	20	39
	2094	19	41
	2095	24	39
	2096	20	41
	2097	22	42
	2098	17	40
	2099	23	39
	2100	21	41
	2101	21	38
	2102	21	38
	2103	21	40
	2104	19	38
	2105	24	42
	2106	21	39
	2107	21	38
	2108	22	37
	2109	19	39
	2110	19	38
	2111	24	41
	2112	21	39
	2113	22	39
	2114	20	41
	2115	19	42
	2116	19	39
	2117	20	43
	2118	20	39
	2119	20	42
	2120	19	38
	2121	21	37
	2122	22	40
	2123	20	36
	2124	19	35
	2125	21	40
	2126	19	40
	2127	22	40
	2128	22	42
	2129	19	39
	2130	22	42
	2131	22	39
	2132	21	39
	2133	19	39
	2134	18	39
	2135	19	38
	2136	20	41
	2137	17	41
	2138	19	39
	2139	23	41
	2140	19	40
	2141	19	38
	2142	21	41
	2143	19	40
	2144	21	42
	2145	21	40
	2146	19	41
	2147	23	41
	2148	20	42
	2149	20	39
	2150	21	39
	2151	21	39
	2152	20	38
	2153	19	39
	2154	21	40
	2155	22	43
	2156	19	40
	2157	19	41
	2158	20	38
	2159	20	41
	2160	20	41
	2161	22	40
	2162	17	39
	2163	19	39
	2164	22	37
	2165	22	39
	2166	19	40
	2167	18	36
	2168	17	39
	2169	20	39
	2170	18	60
	2171	21	42
	2172	23	37
	2173	19	41
	2174	19	41
	2175	20	41
	2176	19	40
	2177	19	42
	2178	20	39
	2179	19	41
	2180	20	39
	2181	19	41
	2182	19	39
	2183	23	37
	2184	21	41
	2185	19	40
	2186	20	41
	2187	20	39
	2188	18	37
	2189	19	41
	2190	19	41
	2191	21	43
	2192	18	41
	2193	18	41
	2194	18	45
	2195	19	40
	2196	16	41
	2197	21	39
	2198	19	41
	2199	20	37
	2200	18	40
	2201	18	41
	2202	17	43
	2203	20	42
	2204	18	37
	2205	24	40
	2206	20	40
	2207	19	40
	2208	19	40
	2209	20	40
	2210	20	41
	2211	20	43
	2212	19	40
	2213	20	40
	2214	18	39
	2215	22	39
	2216	20	40
	2217	21	43
	2218	20	40
	2219	22	38
	2220	22	39
	2221	21	38
	2222	20	40
	2223	22	41
	2224	19	39
	2225	21	42
	2226	21	40
	2227	21	39
	2228	18	40
	2229	18	41
	2230	19	38
	2231	21	40
	2232	22	39
	2233	23	40
	2234	19	40
	2235	18	39
	2236	20	39
	2237	24	41
	2238	19	40
	2239	24	43
	2240	18	42
	2241	20	41
	2242	17	38
	2243	20	40
	2244	23	39
	2245	23	43
	2246	23	44
	2247	20	39
	2248	22	38
	2249	20	41
	2250	21	37
	2251	21	39
	2252	18	39
	2253	20	41
	2254	18	40
	2255	20	41
	2256	23	41
	2257	20	39
	2258	20	39
	2259	21	41
	2260	22	41
	2261	22	39
	2262	18	39
	2263	18	40
	2264	21	40
	2265	20	40
	2266	22	40
	2267	19	39
	2268	20	39
	2269	22	39
	2270	21	39
	2271	21	43
	2272	21	40
	2273	21	41
	2274	20	41
	2275	21	39
	2276	19	40
	2277	21	39
	2278	22	37
	2279	18	40
	2280	19	37
	2281	20	40
	2282	21	39
	2283	22	42
	2284	19	41
	2285	20	39
	2286	19	39
	2287	20	41
	2288	19	41
	2289	20	41
	2290	19	40
	2291	21	38
	2292	18	40
	2293	22	38
	2294	19	43
	2295	21	42
	2296	21	36
	2297	18	40
	2298	21	40
	2299	21	40
	2300	21	39
	2301	19	39
	2302	18	41
	2303	21	43
	2304	19	41
	2305	23	42
	2306	20	38
	2307	20	40
	2308	19	41
	2309	22	41
	2310	19	41
	2311	21	40
	2312	20	38
	2313	19	40
	2314	20	38
	2315	22	40
	2316	21	38
	2317	20	39
	2318	20	39
	2319	20	39
	2320	19	40
	2321	23	36
	2322	21	41
	2323	22	38
	2324	19	41
	2325	22	41
	2326	20	38
	2327	19	41
	2328	18	39
	2329	23	40
	2330	21	41
	2331	21	41
	2332	22	40
	2333	22	39
	2334	22	42
	2335	18	39
	2336	21	39
	2337	23	43
	2338	20	38
	2339	22	41
	2340	18	39
	2341	18	40
	2342	21	41
	2343	18	41
	2344	23	40
	2345	20	41
	2346	20	40
	2347	19	40
	2348	17	38
	2349	21	39
	2350	20	40
	2351	19	43
	2352	16	39
	2353	20	39
	2354	19	41
	2355	23	38
	2356	18	38
	2357	22	39
	2358	21	41
	2359	20	41
	2360	20	42
	2361	19	37
	2362	20	40
	2363	22	41
	2364	19	39
	2365	22	38
	2366	22	42
	2367	18	40
	2368	19	41
	2369	20	41
	2370	21	39
	2371	21	37
	2372	22	41
	2373	20	40
	2374	21	38
	2375	22	41
	2376	21	39
	2377	19	39
	2378	19	40
	2379	20	42
	2380	18	39
	2381	18	39
	2382	19	42
	2383	22	40
	2384	16	41
	2385	20	40
	2386	17	38
	2387	22	39
	2388	20	40
	2389	20	39
	2390	18	36
	2391	19	40
	2392	20	38
	2393	22	42
	2394	19	37
	2395	20	39
	2396	19	38
	2397	22	41
	2398	19	39
	2399	19	39
	2400	18	45
	2401	22	39
	2402	17	41
	2403	26	40
	2404	18	40
	2405	20	39
	2406	20	40
	2407	22	43
	2408	20	40
	2409	20	40
	2410	21	40
	2411	22	39
	2412	19	39
	2413	21	39
	2414	21	37
	2415	23	39
	2416	19	39
	2417	21	46
	2418	20	42
	2419	20	40
	2420	19	39
	2421	22	38
	2422	21	39
	2423	20	40
	2424	19	39
	2425	21	40
	2426	17	38
	2427	22	42
	2428	19	41
	2429	23	41
	2430	19	41
	2431	19	39
	2432	18	37
	2433	20	43
	2434	22	44
	2435	20	40
	2436	19	38
	2437	18	40
	2438	18	42
	2439	21	40
	2440	20	44
	2441	20	41
	2442	18	40
	2443	21	44
	2444	19	38
	2445	19	39
	2446	20	39
	2447	20	40
	2448	19	41
	2449	22	40
	2450	19	38
	2451	21	40
	2452	20	38
	2453	19	40
	2454	22	41
	2455	20	41
	2456	20	39
	2457	19	41
	2458	20	40
	2459	21	39
	2460	19	39
	2461	19	40
	2462	19	39
	2463	21	39
	2464	17	43
	2465	18	40
	2466	21	40
	2467	23	40
	2468	22	39
	2469	20	37
	2470	18	38
	2471	19	41
	2472	21	40
	2473	20	40
	2474	20	41
	2475	21	39
	2476	18	39
	2477	21	42
	2478	20	39
	2479	20	41
	2480	20	42
	2481	21	44
	2482	22	40
	2483	20	42
	2484	21	38
	2485	22	40
	2486	18	39
	2487	21	39
	2488	19	41
	2489	21	40
	2490	18	39
	2491	17	43
	2492	21	38
	2493	21	41
	2494	22	40
	2495	22	40
	2496	17	40
	2497	19	44
	2498	17	39
	2499	21	42
	2500	20	41
	2501	20	41
	2502	19	39
	2503	20	42
	2504	21	37
	2505	19	39
	2506	18	41
	2507	19	40
	2508	19	42
	2509	21	42
	2510	19	39
	2511	19	39
	2512	20	39
	2513	21	41
	2514	18	40
	2515	21	43
	2516	20	37
	2517	19	39
	2518	19	40
	2519	21	40
	2520	19	41
	2521	20	39
	2522	20	41
	2523	19	45
	2524	21	43
	2525	19	38
	2526	20	41
	2527	22	39
	2528	20	38
	2529	19	41
	2530	16	39
	2531	21	40
	2532	19	36
	2533	21	40
	2534	19	38
	2535	21	40
	2536	21	36
	2537	20	42
	2538	22	37
	2539	22	41
	2540	20	39
	2541	21	39
	2542	19	41
	2543	22	41
	2544	19	39
	2545	21	37
	2546	20	41
	2547	22	40
	2548	21	38
	2549	21	38
	2550	19	39
	2551	16	40
	2552	21	41
	2553	21	41
	2554	17	39
	2555	22	41
	2556	20	39
	2557	20	41
	2558	22	39
	2559	21	42
	2560	20	41
	2561	20	38
	2562	20	40
	2563	23	39
	2564	19	37
	2565	18	38
	2566	22	43
	2567	20	46
	2568	20	39
	2569	21	42
	2570	19	34
	2571	21	41
	2572	18	40
	2573	19	39
	2574	19	40
	2575	19	38
	2576	17	38
	2577	22	42
	2578	21	42
	2579	23	38
	2580	20	42
	2581	21	38
	2582	19	40
	2583	20	40
	2584	20	38
	2585	19	39
	2586	19	41
	2587	19	42
	2588	18	41
	2589	20	42
	2590	16	39
	2591	21	41
	2592	18	37
	2593	17	42
	2594	19	41
	2595	18	42
	2596	20	37
	2597	19	39
	2598	19	39
	2599	20	39
	2600	18	38
	2601	20	39
	2602	18	41
	2603	18	41
	2604	21	38
	2605	21	40
	2606	18	41
	2607	22	41
	2608	16	39
	2609	20	40
	2610	19	37
	2611	18	40
	2612	19	40
	2613	22	40
	2614	20	41
	2615	19	42
	2616	20	39
	2617	23	40
	2618	18	39
	2619	21	39
	2620	18	40
	2621	19	41
	2622	19	41
	2623	23	40
	2624	19	36
	2625	21	40
	2626	24	38
	2627	19	40
	2628	19	41
	2629	18	38
	2630	20	39
	2631	20	40
	2632	20	43
	2633	21	42
	2634	19	41
	2635	19	39
	2636	21	38
	2637	21	41
	2638	19	40
	2639	22	37
	2640	19	40
	2641	22	43
	2642	20	41
	2643	20	41
	2644	20	41
	2645	23	41
	2646	19	37
	2647	19	41
	2648	20	41
	2649	20	41
	2650	19	39
	2651	20	41
	2652	18	41
	2653	21	39
	2654	19	38
	2655	22	40
	2656	20	38
	2657	23	42
	2658	21	42
	2659	19	41
	2660	20	39
	2661	23	40
	2662	21	39
	2663	20	41
	2664	20	39
	2665	17	42
	2666	19	41
	2667	21	38
	2668	18	41
	2669	22	41
	2670	20	43
	2671	21	44
	2672	20	41
	2673	21	41
	2674	21	41
	2675	20	43
	2676	19	37
	2677	19	40
	2678	21	40
	2679	20	40
	2680	17	41
	2681	20	40
	2682	18	40
	2683	22	40
	2684	18	39
	2685	23	40
	2686	17	42
	2687	19	40
	2688	21	39
	2689	20	39
	2690	21	38
	2691	21	40
	2692	21	39
	2693	21	41
	2694	20	38
	2695	20	41
	2696	21	38
	2697	22	43
	2698	21	40
	2699	22	40
	2700	19	40
	2701	20	41
	2702	18	39
	2703	20	40
	2704	20	40
	2705	22	40
	2706	20	39
	2707	20	40
	2708	18	38
	2709	20	41
	2710	21	39
	2711	21	42
	2712	22	41
	2713	22	38
	2714	23	40
	2715	21	38
	2716	22	38
	2717	22	41
	2718	19	39
	2719	21	38
	2720	17	43
	2721	26	40
	2722	18	39
	2723	18	41
	2724	19	40
	2725	19	39
	2726	24	39
	2727	19	41
	2728	19	41
	2729	21	41
	2730	20	39
	2731	21	40
	2732	20	40
	2733	21	41
	2734	20	40
	2735	21	40
	2736	20	37
	2737	21	39
	2738	19	39
	2739	20	40
	2740	19	43
	2741	20	42
	2742	20	37
	2743	21	40
	2744	19	40
	2745	21	41
	2746	20	41
	2747	21	39
	2748	19	40
	2749	23	40
	2750	20	39
	2751	23	41
	2752	20	40
	2753	21	40
	2754	20	38
	2755	20	40
	2756	21	40
	2757	19	39
	2758	19	39
	2759	19	37
	2760	18	42
	2761	23	42
	2762	21	39
	2763	23	43
	2764	19	38
	2765	22	40
	2766	19	40
	2767	22	40
	2768	18	41
	2769	21	39
	2770	19	40
	2771	22	40
	2772	18	38
	2773	21	40
	2774	21	38
	2775	20	39
	2776	20	41
	2777	20	41
	2778	21	39
	2779	21	40
	2780	20	38
	2781	21	40
	2782	19	43
	2783	27	42
	2784	21	42
	2785	22	42
	2786	21	39
	2787	22	38
	2788	20	40
	2789	21	41
	2790	21	42
	2791	19	38
	2792	21	42
	2793	19	39
	2794	23	36
	2795	25	39
	2796	21	37
	2797	21	42
	2798	18	39
	2799	21	38
	2800	18	40
	2801	22	41
	2802	19	44
	2803	21	43
	2804	20	39
	2805	18	37
	2806	21	39
	2807	21	38
	2808	19	40
	2809	22	39
	2810	20	40
	2811	22	42
	2812	19	42
	2813	21	41
	2814	19	43
	2815	20	40
	2816	19	39
	2817	19	44
	2818	19	39
	2819	22	40
	2820	24	41
	2821	23	38
	2822	19	40
	2823	22	38
	2824	21	41
	2825	21	40
	2826	21	40
	2827	23	39
	2828	23	39
	2829	20	41
	2830	22	41
	2831	24	41
	2832	19	39
	2833	22	38
	2834	19	38
	2835	21	40
	2836	22	37
	2837	19	43
	2838	21	42
	2839	17	41
	2840	19	39
	2841	18	40
	2842	20	39
	2843	23	41
	2844	16	38
	2845	20	43
	2846	22	40
	2847	21	41
	2848	22	41
	2849	19	38
	2850	17	37
	2851	19	39
	2852	18	40
	2853	20	38
	2854	19	39
	2855	21	40
	2856	18	39
	2857	20	39
	2858	17	40
	2859	23	42
	2860	20	40
	2861	21	37
	2862	18	39
	2863	22	40
	2864	21	39
	2865	21	39
	2866	21	40
	2867	23	39
	2868	19	41
	2869	21	39
	2870	24	38
	2871	20	41
	2872	20	39
	2873	19	41
	2874	20	41
	2875	21	43
	2876	17	40
	2877	20	42
	2878	18	40
	2879	19	39
	2880	19	40
	2881	20	40
	2882	19	39
	2883	21	38
	2884	21	39
	2885	21	40
	2886	21	38
	2887	23	39
	2888	19	37
	2889	42	42
	2890	20	38
	2891	20	43
	2892	19	42
	2893	19	39
	2894	18	41
	2895	20	42
	2896	20	41
	2897	21	41
	2898	18	38
	2899	22	37
	2900	20	40
	2901	24	41
	2902	19	39
	2903	19	42
	2904	21	39
	2905	21	41
	2906	20	39
	2907	21	41
	2908	19	38
	2909	20	42
	2910	19	39
	2911	21	43
	2912	19	41
	2913	23	41
	2914	21	41
	2915	18	39
	2916	22	39
	2917	20	38
	2918	21	39
	2919	23	38
	2920	24	38
	2921	23	42
	2922	19	40
	2923	20	40
	2924	22	37
	2925	19	38
	2926	18	40
	2927	22	40
	2928	20	38
	2929	21	41
	2930	18	38
	2931	17	41
	2932	20	39
	2933	19	37
	2934	19	39
	2935	19	39
	2936	19	40
	2937	19	41
	2938	19	42
	2939	19	39
	2940	19	39
	2941	21	39
	2942	18	40
	2943	21	41
	2944	19	41
	2945	21	41
	2946	22	38
	2947	23	40
	2948	23	39
	2949	20	37
	2950	18	39
	2951	17	39
	2952	20	38
	2953	22	39
	2954	17	40
	2955	21	44
	2956	18	39
	2957	20	38
	2958	19	38
	2959	21	39
	2960	19	38
	2961	21	41
	2962	19	36
	2963	20	38
	2964	19	40
	2965	21	41
	2966	22	42
	2967	21	40
	2968	17	38
	2969	20	41
	2970	20	40
	2971	20	39
	2972	21	41
	2973	20	40
	2974	21	39
	2975	20	41
	2976	18	39
	2977	21	40
	2978	19	38
	2979	21	39
	2980	22	41
	2981	20	39
	2982	18	35
	2983	17	39
	2984	21	40
	2985	21	38
	2986	17	40
	2987	19	39
	2988	17	37
	2989	20	40
	2990	19	39
	2991	19	38
	2992	22	37
	2993	21	40
	2994	19	38
	2995	21	37
	2996	19	39
	2997	22	40
	2998	23	39
	2999	24	38
	3000	19	39
	3001	20	40
	3002	19	41
	3003	22	38
	3004	19	43
	3005	21	41
	3006	20	38
	3007	20	37
	3008	18	40
	3009	19	38
	3010	22	37
	3011	20	38
	3012	19	39
	3013	22	41
	3014	21	41
	3015	20	41
	3016	22	39
	3017	20	39
	3018	19	40
	3019	24	41
	3020	19	38
	3021	22	42
	3022	17	39
	3023	21	41
	3024	20	43
	3025	21	39
	3026	19	38
	3027	18	39
	3028	16	37
	3029	19	39
	3030	20	38
	3031	22	43
	3032	19	39
	3033	20	40
	3034	22	35
	3035	18	42
	3036	21	38
	3037	19	38
	3038	19	37
	3039	21	40
	3040	19	39
	3041	18	42
	3042	21	39
	3043	22	39
	3044	21	38
	3045	20	37
	3046	19	38
	3047	21	41
	3048	19	40
	3049	21	39
	3050	19	39
	3051	22	40
	3052	19	39
	3053	21	39
	3054	21	42
	3055	21	41
	3056	21	37
	3057	19	39
	3058	23	39
	3059	20	39
	3060	18	41
	3061	21	39
	3062	20	40
	3063	20	43
	3064	20	42
	3065	19	40
	3066	17	40
	3067	19	43
	3068	20	40
	3069	21	44
	3070	19	38
	3071	20	39
	3072	19	39
	3073	20	40
	3074	18	39
	3075	22	40
	3076	20	37
	3077	21	42
	3078	22	39
	3079	19	39
	3080	19	41
	3081	19	39
	3082	17	38
	3083	22	42
	3084	19	39
	3085	20	40
	3086	20	39
	3087	20	40
	3088	20	40
	3089	21	41
	3090	19	39
	3091	20	38
	3092	22	37
	3093	20	40
	3094	19	39
	3095	21	40
	3096	21	40
	3097	22	40
	3098	20	40
	3099	22	39
	3100	17	40
	3101	20	40
	3102	21	40
	3103	18	40
	3104	19	39
	3105	19	41
	3106	20	39
	3107	19	38
	3108	21	39
	3109	24	40
	3110	20	40
	3111	21	42
	3112	20	41
	3113	19	39
	3114	21	40
	3115	21	40
	3116	21	39
	3117	21	43
	3118	20	40
	3119	21	40
	3120	20	40
	3121	17	40
	3122	21	38
	3123	19	41
	3124	20	38
	3125	20	43
	3126	19	39
	3127	20	42
	3128	21	38
	3129	23	38
	3130	21	41
	3131	19	43
	3132	18	42
	3133	22	39
	3134	19	42
	3135	22	40
	3136	23	36
	3137	17	38
	3138	18	40
	3139	18	40
	3140	18	38
	3141	21	40
	3142	20	38
	3143	20	39
	3144	21	39
	3145	21	37
	3146	22	37
	3147	20	42
	3148	21	40
	3149	19	42
	3150	21	39
	3151	19	37
	3152	19	38
	3153	21	41
	3154	20	38
	3155	20	41
	3156	19	38
	3157	19	38
	3158	21	42
	3159	20	41
	3160	20	39
	3161	22	41
	3162	19	39
	3163	19	42
	3164	19	40
	3165	19	40
	3166	20	43
	3167	23	40
	3168	20	37
	3169	20	39
	3170	21	39
	3171	20	38
	3172	22	42
	3173	21	41
	3174	19	38
	3175	20	42
	3176	21	39
	3177	20	40
	3178	19	38
	3179	20	39
	3180	18	41
	3181	19	40
	3182	18	37
	3183	21	41
	3184	21	39
	3185	26	42
	3186	18	39
	3187	22	41
	3188	19	40
	3189	23	39
	3190	19	40
	3191	22	39
	3192	22	41
	3193	22	40
	3194	19	41
	3195	22	41
	3196	17	41
	3197	18	39
	3198	20	38
	3199	19	41
	3200	21	38
	3201	18	41
	3202	17	39
	3203	20	40
	3204	21	44
	3205	21	40
	3206	20	37
	3207	19	42
	3208	19	41
	3209	22	43
	3210	18	39
	3211	23	38
	3212	18	42
	3213	22	44
	3214	21	41
	3215	20	40
	3216	19	37
	3217	19	42
	3218	22	40
	3219	21	39
	3220	17	41
	3221	21	42
	3222	18	40
	3223	22	46
	3224	17	38
	3225	20	40
	3226	22	40
	3227	21	40
	3228	19	40
	3229	24	44
	3230	19	37
	3231	21	40
	3232	19	38
	3233	19	41
	3234	19	40
	3235	19	41
	3236	20	38
	3237	19	39
	3238	19	39
	3239	20	40
	3240	20	40
	3241	19	44
	3242	20	39
	3243	23	41
	3244	19	41
	3245	20	39
	3246	19	43
	3247	20	40
	3248	21	35
	3249	19	41
	3250	18	39
	3251	19	42
	3252	19	40
	3253	22	37
	3254	19	38
	3255	24	42
	3256	19	38
	3257	19	42
	3258	16	40
	3259	19	39
	3260	20	38
	3261	22	39
	3262	22	40
	3263	20	40
	3264	18	39
	3265	21	39
	3266	20	38
	3267	22	40
	3268	18	35
	3269	19	39
	3270	20	40
	3271	22	41
	3272	21	42
	3273	20	39
	3274	19	38
	3275	18	38
	3276	18	40
	3277	21	40
	3278	18	39
	3279	20	41
	3280	18	39
	3281	21	40
	3282	22	39
	3283	17	43
	3284	20	39
	3285	24	40
	3286	18	40
	3287	22	44
	3288	19	38
	3289	19	42
	3290	18	39
	3291	20	39
	3292	17	42
	3293	20	39
	3294	19	41
	3295	19	39
	3296	19	36
	3297	19	39
	3298	19	38
	3299	22	41
	3300	20	38
	3301	19	40
	3302	18	38
	3303	20	42
	3304	20	40
	3305	20	39
	3306	17	40
	3307	19	40
	3308	19	38
	3309	18	39
	3310	20	38
	3311	19	39
	3312	20	38
	3313	20	39
	3314	19	42
	3315	19	40
	3316	19	40
	3317	20	43
	3318	19	42
	3319	21	39
	3320	15	40
	3321	20	42
	3322	21	36
	3323	22	39
	3324	19	37
	3325	19	39
	3326	22	40
	3327	21	40
	3328	21	38
	3329	19	40
	3330	19	37
	3331	18	40
	3332	19	38
	3333	19	40
	3334	18	39
	3335	19	44
	3336	18	40
	3337	19	42
	3338	20	40
	3339	22	39
	3340	21	39
	3341	17	43
	3342	19	38
	3343	22	40
	3344	17	42
	3345	20	37
	3346	19	41
	3347	21	42
	3348	19	40
	3349	20	38
	3350	18	39
	3351	20	38
	3352	19	41
	3353	20	40
	3354	19	38
	3355	22	39
	3356	17	38
	3357	21	42
	3358	20	38
	3359	22	41
	3360	20	39
	3361	21	41
	3362	20	41
	3363	18	40
	3364	19	38
	3365	17	38
	3366	20	38
	3367	20	40
	3368	17	40
	3369	20	40
	3370	18	40
	3371	21	39
	3372	21	38
	3373	22	38
	3374	19	39
	3375	20	41
	3376	20	40
	3377	22	38
	3378	19	40
	3379	21	41
	3380	20	38
	3381	21	41
	3382	19	41
	3383	20	40
	3384	19	42
	3385	23	40
	3386	21	40
	3387	18	42
	3388	19	40
	3389	19	40
	3390	19	39
	3391	19	39
	3392	23	37
	3393	18	40
	3394	19	35
	3395	20	39
	3396	21	39
	3397	19	44
	3398	19	39
	3399	20	41
	3400	18	40
	3401	22	40
	3402	19	39
	3403	20	38
	3404	21	37
	3405	19	39
	3406	17	38
	3407	20	39
	3408	22	37
	3409	20	41
	3410	18	38
	3411	22	41
	3412	19	41
	3413	20	40
	3414	18	42
	3415	21	40
	3416	19	40
	3417	21	41
	3418	18	41
	3419	19	41
	3420	19	36
	3421	20	38
	3422	18	40
	3423	19	42
	3424	17	37
	3425	18	37
	3426	17	39
	3427	22	41
	3428	16	37
	3429	22	40
	3430	19	40
	3431	23	37
	3432	20	41
	3433	20	38
	3434	19	41
	3435	20	42
	3436	22	40
	3437	20	39
	3438	18	39
	3439	19	42
	3440	19	38
	3441	19	39
	3442	17	38
	3443	18	41
	3444	19	39
	3445	22	43
	3446	19	38
	3447	20	41
	3448	17	41
	3449	20	40
	3450	21	38
	3451	21	39
	3452	21	41
	3453	20	37
	3454	18	39
	3455	22	40
	3456	20	37
	3457	22	38
	3458	19	38
	3459	20	40
	3460	21	39
	3461	19	42
	3462	19	39
	3463	21	39
	3464	17	38
	3465	19	41
	3466	19	42
	3467	21	42
	3468	18	35
	3469	20	39
	3470	19	41
	3471	21	40
	3472	21	45
	3473	20	41
	3474	20	38
	3475	18	41
	3476	18	41
	3477	21	41
	3478	20	43
	3479	18	38
	3480	19	38
	3481	22	43
	3482	19	40
	3483	21	41
	3484	17	38
	3485	20	40
	3486	18	40
	3487	17	41
	3488	17	38
	3489	20	41
	3490	18	41
	3491	22	39
	3492	18	39
	3493	19	39
	3494	18	39
	3495	19	41
	3496	19	38
	3497	22	38
	3498	19	40
	3499	20	42
	3500	19	42
	3501	18	40
	3502	20	39
	3503	21	36
	3504	18	40
	3505	23	39
	3506	20	40
	3507	19	40
	3508	18	39
	3509	20	40
	3510	20	37
	3511	24	39
	3512	18	38
	3513	20	40
	3514	18	38
	3515	20	42
	3516	20	38
	3517	21	39
	3518	19	38
	3519	20	41
	3520	20	42
	3521	20	39
	3522	18	39
	3523	21	38
	3524	18	40
	3525	21	40
	3526	18	38
	3527	22	38
	3528	20	39
	3529	22	42
	3530	21	40
	3531	19	41
	3532	19	37
	3533	19	38
	3534	21	36
	3535	20	42
	3536	21	39
	3537	22	40
	3538	19	39
	3539	19	44
	3540	17	44
	3541	19	43
	3542	20	38
	3543	21	39
	3544	20	39
	3545	19	39
	3546	19	41
	3547	21	41
	3548	18	39
	3549	19	41
	3550	23	44
	3551	20	40
	3552	21	36
	3553	20	36
	3554	20	38
	3555	18	39
	3556	19	41
	3557	22	42
	3558	16	39
	3559	21	37
	3560	16	38
	3561	20	38
	3562	19	39
	3563	21	39
	3564	21	40
	3565	20	39
	3566	16	43
	3567	19	41
	3568	17	38
	3569	22	39
	3570	18	38
	3571	22	41
	3572	19	42
	3573	18	41
	3574	21	38
	3575	23	42
	3576	17	38
	3577	21	41
	3578	22	42
	3579	18	41
	3580	17	42
	3581	21	40
	3582	20	39
	3583	24	36
	3584	19	39
	3585	21	41
	3586	22	40
	3587	23	39
	3588	17	39
	3589	21	39
	3590	17	38
	3591	21	39
	3592	19	38
	3593	20	39
	3594	17	41
	3595	21	40
	3596	21	41
	3597	20	38
	3598	20	39
	3599	18	40
	3600	20	40
	3601	22	39
	3602	20	36
	3603	21	37
	3604	20	41
	3605	17	39
	3606	21	40
	3607	21	43
	3608	19	38
	3609	20	39
	3610	21	41
	3611	19	41
	3612	19	39
	3613	17	39
	3614	19	38
	3615	21	41
	3616	18	38
	3617	18	38
	3618	14	38
	3619	21	39
	3620	20	39
	3621	18	40
	3622	22	36
	3623	20	39
	3624	20	39
	3625	20	39
	3626	19	39
	3627	20	36
	3628	21	40
	3629	22	39
	3630	18	37
	3631	18	37
	3632	18	38
	3633	18	39
	3634	20	40
	3635	20	40
	3636	19	38
	3637	21	41
	3638	18	40
	3639	21	40
	3640	20	39
	3641	20	41
	3642	18	38
	3643	19	40
	3644	20	38
	3645	20	41
	3646	21	39
	3647	19	38
	3648	20	39
	3649	19	41
	3650	18	40
	3651	22	40
	3652	18	37
	3653	20	38
	3654	19	38
	3655	19	43
	3656	21	39
	3657	19	40
	3658	17	37
	3659	23	40
	3660	17	38
	3661	19	41
	3662	21	37
	3663	19	38
	3664	20	40
	3665	19	39
	3666	19	40
	3667	24	39
	3668	20	40
	3669	19	41
	3670	23	43
	3671	21	41
	3672	16	39
	3673	21	39
	3674	18	38
	3675	19	42
	3676	20	39
	3677	17	40
	3678	21	39
	3679	20	41
	3680	18	40
	3681	20	38
	3682	22	39
	3683	21	39
	3684	20	39
	3685	19	39
	3686	21	40
	3687	19	38
	3688	20	42
	3689	20	39
	3690	17	39
	3691	17	36
	3692	19	37
	3693	18	42
	3694	18	37
	3695	20	42
	3696	20	42
	3697	19	38
	3698	23	39
	3699	22	43
	3700	23	38
	3701	20	40
	3702	19	41
	3703	20	40
	3704	19	41
	3705	20	40
	3706	21	38
	3707	21	40
	3708	19	37
	3709	17	41
	3710	21	38
	3711	20	39
	3712	21	39
	3713	19	39
	3714	20	38
	3715	20	37
	3716	16	37
	3717	18	38
	3718	20	39
	3719	18	39
	3720	20	38
	3721	19	37
	3722	17	37
	3723	20	36
