	0	15	39
	1	18	39
	2	16	37
	3	18	36
	4	17	39
	5	17	39
	6	20	38
	7	17	38
	8	17	40
	9	16	39
	10	19	38
	11	21	40
	12	17	36
	13	18	37
	14	15	36
	15	18	38
	16	20	41
	17	17	40
	18	20	38
	19	19	36
	20	19	39
	21	17	40
	22	19	39
	23	18	39
	24	19	40
	25	19	39
	26	21	40
	27	20	40
	28	17	39
	29	19	41
	30	21	41
	31	19	43
	32	21	40
	33	19	43
	34	22	43
	35	21	38
	36	21	42
	37	22	41
	38	21	42
	39	24	42
	40	21	39
	41	21	39
	42	22	43
	43	21	42
	44	21	39
	45	22	44
	46	23	41
	47	23	43
	48	22	39
	49	19	41
	50	19	41
	51	22	42
	52	21	40
	53	18	43
	54	23	41
	55	20	42
	56	20	42
	57	22	40
	58	21	43
	59	22	43
	60	22	42
	61	24	39
	62	26	44
	63	22	45
	64	20	44
	65	24	42
	66	22	43
	67	22	42
	68	20	41
	69	23	45
	70	19	43
	71	20	45
	72	19	43
	73	24	43
	74	20	43
	75	23	44
	76	22	44
	77	25	41
	78	21	42
	79	22	43
	80	22	42
	81	22	45
	82	19	42
	83	24	42
	84	20	40
	85	23	43
	86	23	43
	87	23	46
	88	22	44
	89	22	41
	90	20	42
	91	23	42
	92	20	41
	93	22	46
	94	19	44
	95	22	43
	96	19	52
	97	22	44
	98	24	44
	99	25	43
	100	23	43
	101	24	43
	102	23	44
	103	22	43
	104	23	46
	105	21	43
	106	21	44
	107	23	46
	108	19	44
	109	23	46
	110	19	40
	111	23	43
	112	22	41
	113	22	43
	114	21	43
	115	23	43
	116	21	43
	117	25	47
	118	25	42
	119	23	44
	120	20	46
	121	22	42
	122	21	42
	123	24	45
	124	23	42
	125	21	46
	126	22	42
	127	24	40
	128	21	41
	129	20	44
	130	19	42
	131	23	43
	132	24	40
	133	22	43
	134	23	44
	135	24	44
	136	28	44
	137	23	45
	138	22	44
	139	20	44
	140	19	43
	141	27	44
	142	22	43
	143	25	41
	144	23	42
	145	21	43
	146	21	41
	147	22	46
	148	24	45
	149	20	45
	150	23	43
	151	22	44
	152	25	41
	153	22	43
	154	22	43
	155	21	44
	156	22	40
	157	26	45
	158	21	43
	159	22	43
	160	19	49
	161	21	45
	162	19	46
	163	24	46
	164	19	42
	165	23	47
	166	26	46
	167	20	47
	168	22	43
	169	24	43
	170	25	42
	171	21	45
	172	26	43
	173	25	44
	174	21	44
	175	23	46
	176	20	41
	177	24	45
	178	20	45
	179	21	45
	180	22	43
	181	22	43
	182	21	44
	183	22	45
	184	22	46
	185	22	43
	186	21	46
	187	21	45
	188	20	43
	189	23	42
	190	21	43
	191	26	46
	192	23	42
	193	22	44
	194	22	43
	195	21	42
	196	23	42
	197	24	42
	198	22	42
	199	22	48
	200	22	45
	201	25	45
	202	24	42
	203	24	45
	204	21	45
	205	24	43
	206	20	44
	207	23	41
	208	22	42
	209	25	45
	210	24	44
	211	23	48
	212	22	46
	213	24	45
	214	22	45
	215	24	45
	216	24	42
	217	27	46
	218	20	44
	219	25	50
	220	21	47
	221	21	46
	222	21	47
	223	29	46
	224	23	42
	225	23	44
	226	21	45
	227	20	46
	228	23	44
	229	22	48
	230	26	48
	231	22	46
	232	20	44
	233	22	43
	234	22	45
	235	21	46
	236	23	43
	237	24	43
	238	22	44
	239	22	44
	240	20	42
	241	23	47
	242	23	43
	243	25	44
	244	24	43
	245	23	47
	246	20	45
	247	22	47
	248	21	45
	249	24	48
	250	25	45
	251	25	46
	252	23	42
	253	21	44
	254	21	42
	255	27	48
	256	20	43
	257	23	47
	258	19	49
	259	25	49
	260	23	47
	261	25	45
	262	22	45
	263	22	47
	264	23	43
	265	23	47
	266	20	45
	267	24	42
	268	22	43
	269	25	46
	270	22	43
	271	24	44
	272	19	43
	273	23	42
	274	19	46
	275	24	46
	276	23	47
	277	23	44
	278	22	42
	279	20	42
	280	22	45
	281	25	43
	282	22	41
	283	24	45
	284	21	44
	285	22	42
	286	20	46
	287	25	43
	288	23	45
	289	24	43
	290	24	47
	291	21	43
	292	21	47
	293	19	44
	294	23	45
	295	25	44
	296	18	43
	297	20	47
	298	29	46
	299	22	43
	300	22	44
	301	24	45
	302	22	43
	303	25	47
	304	20	45
	305	21	46
	306	22	45
	307	22	44
	308	21	43
	309	23	42
	310	21	43
	311	20	45
	312	22	46
	313	18	46
	314	21	44
	315	22	43
	316	22	44
	317	24	44
	318	21	46
	319	23	43
	320	22	44
	321	23	45
	322	22	45
	323	22	43
	324	22	40
	325	22	43
	326	21	44
	327	22	43
	328	21	41
	329	22	42
	330	21	46
	331	24	46
	332	21	40
	333	20	47
	334	23	44
	335	23	45
	336	23	43
	337	24	45
	338	22	43
	339	23	45
	340	20	43
	341	21	46
	342	23	37
	343	22	47
	344	23	42
	345	24	42
	346	22	43
	347	23	42
	348	22	43
	349	23	41
	350	23	42
	351	25	44
	352	18	42
	353	23	43
	354	20	43
	355	21	45
	356	22	43
	357	22	42
	358	21	43
	359	25	44
	360	20	41
	361	20	43
	362	26	43
	363	25	43
	364	22	42
	365	23	39
	366	20	45
	367	24	43
	368	21	43
	369	25	44
	370	24	44
	371	24	42
	372	20	43
	373	24	43
	374	22	42
	375	22	42
	376	23	41
	377	22	42
	378	22	45
	379	24	43
	380	22	41
	381	21	43
	382	23	42
	383	23	45
	384	22	47
	385	22	45
	386	24	42
	387	23	44
	388	22	39
	389	25	44
	390	23	41
	391	22	40
	392	21	42
	393	24	46
	394	23	44
	395	23	42
	396	22	43
	397	23	44
	398	20	45
	399	24	50
	400	20	44
	401	22	44
	402	25	43
	403	22	45
	404	23	45
	405	25	44
	406	22	43
	407	23	45
	408	21	44
	409	22	45
	410	26	45
	411	19	47
	412	20	39
	413	22	47
	414	21	44
	415	24	44
	416	22	44
	417	24	42
	418	25	44
	419	26	44
	420	22	42
	421	23	42
	422	23	44
	423	25	44
	424	23	46
	425	23	47
	426	24	43
	427	23	46
	428	23	41
	429	25	46
	430	23	41
	431	23	46
	432	22	46
	433	24	46
	434	23	47
	435	24	44
	436	22	44
	437	23	45
	438	23	43
	439	20	44
	440	25	45
	441	20	47
	442	24	44
	443	24	43
	444	25	41
	445	24	43
	446	22	43
	447	24	48
	448	21	46
	449	26	43
	450	24	42
	451	24	44
	452	31	44
	453	23	46
	454	26	45
	455	23	46
	456	23	46
	457	23	42
	458	20	45
	459	23	45
	460	23	45
	461	23	45
	462	23	46
	463	25	43
	464	22	43
	465	23	45
	466	24	44
	467	25	44
	468	25	44
	469	24	43
	470	25	45
	471	24	45
	472	23	45
	473	23	46
	474	27	45
	475	25	46
	476	22	48
	477	25	45
	478	23	45
	479	26	47
	480	24	43
	481	23	45
	482	23	46
	483	25	44
	484	21	45
	485	25	46
	486	23	45
	487	22	44
	488	27	46
	489	23	44
	490	26	49
	491	24	43
	492	23	41
	493	22	43
	494	24	44
	495	27	48
	496	25	42
	497	25	46
	498	21	41
	499	24	45
	500	24	45
	501	25	45
	502	26	45
	503	23	43
	504	26	47
	505	23	45
	506	25	44
	507	24	48
	508	23	45
	509	21	44
	510	23	47
	511	23	46
	512	22	46
	513	28	44
	514	25	44
	515	25	47
	516	24	47
	517	26	47
	518	25	47
	519	27	47
	520	21	43
	521	22	48
	522	25	45
	523	22	50
	524	24	47
	525	23	45
	526	22	45
	527	25	49
	528	24	44
	529	25	43
	530	25	46
	531	27	48
	532	23	46
	533	28	48
	534	23	47
	535	25	48
	536	24	47
	537	26	43
	538	23	48
	539	26	50
	540	27	45
	541	26	47
	542	25	48
	543	26	47
	544	25	46
	545	25	47
	546	24	46
	547	28	46
	548	26	46
	549	24	46
	550	25	48
	551	27	44
	552	25	44
	553	25	48
	554	26	45
	555	25	47
	556	26	46
	557	25	51
	558	25	46
	559	23	47
	560	25	49
	561	27	45
	562	26	48
	563	25	47
	564	24	48
	565	23	47
	566	27	49
	567	28	49
	568	24	47
	569	23	49
	570	23	46
	571	27	49
	572	28	43
	573	27	44
	574	24	47
	575	25	49
	576	23	43
	577	27	49
	578	24	44
	579	28	47
	580	26	49
	581	25	47
	582	25	46
	583	26	49
	584	26	47
	585	23	49
	586	28	49
	587	30	51
	588	25	47
	589	28	48
	590	26	49
	591	29	50
	592	28	46
	593	27	47
	594	28	46
	595	30	47
	596	25	47
	597	28	51
	598	27	47
	599	29	51
	600	26	43
	601	27	50
	602	28	51
	603	27	51
	604	27	48
	605	24	49
	606	26	45
	607	26	50
	608	26	52
	609	29	48
	610	26	46
	611	27	52
	612	31	50
	613	28	50
	614	29	50
	615	28	49
	616	25	52
	617	27	50
	618	28	50
	619	28	52
	620	28	48
	621	26	48
	622	27	48
	623	28	51
	624	28	49
	625	28	51
	626	26	50
	627	30	54
	628	27	51
	629	28	51
	630	26	50
	631	30	53
	632	26	52
	633	29	50
	634	28	50
	635	29	53
	636	27	53
	637	27	50
	638	26	52
	639	29	53
	640	26	50
	641	30	49
	642	28	52
	643	29	50
	644	28	51
	645	28	51
	646	31	49
	647	29	50
	648	29	48
	649	26	50
	650	29	50
	651	30	54
	652	29	53
	653	32	53
	654	28	51
	655	27	50
	656	28	50
	657	31	50
	658	30	52
	659	28	51
	660	29	50
	661	31	52
	662	30	52
	663	29	53
	664	28	53
	665	30	51
	666	30	50
	667	29	53
	668	31	54
	669	28	54
	670	27	51
	671	30	53
	672	33	58
	673	31	55
	674	29	57
	675	29	52
	676	29	54
	677	32	55
	678	28	52
	679	31	57
	680	29	52
	681	31	54
	682	32	50
	683	28	56
	684	31	52
	685	30	56
	686	28	54
	687	33	55
	688	31	53
	689	28	55
	690	30	55
	691	31	56
	692	29	54
	693	32	53
	694	30	57
	695	29	55
	696	31	54
	697	32	55
	698	32	56
	699	32	54
	700	32	53
	701	34	54
	702	32	54
	703	30	54
	704	28	54
	705	33	53
	706	33	55
	707	35	58
	708	36	54
	709	33	56
	710	31	53
	711	32	56
	712	31	56
	713	30	55
	714	33	55
	715	30	58
	716	32	56
	717	30	56
	718	28	53
	719	30	57
	720	31	58
	721	34	54
	722	31	57
	723	31	57
	724	31	56
	725	30	55
	726	34	56
	727	31	58
	728	30	55
	729	32	56
	730	31	55
	731	30	55
	732	31	57
	733	32	57
	734	30	54
	735	32	57
	736	32	58
	737	33	57
	738	30	57
	739	32	57
	740	29	55
	741	33	60
	742	33	60
	743	31	59
	744	29	56
	745	30	55
	746	35	60
	747	35	58
	748	32	58
	749	29	60
	750	30	55
	751	31	59
	752	30	56
	753	32	58
	754	30	58
	755	32	56
	756	30	56
	757	31	61
	758	33	59
	759	34	60
	760	32	57
	761	30	56
	762	30	58
	763	29	59
	764	26	57
	765	31	57
	766	31	57
	767	30	58
	768	29	58
	769	30	57
	770	30	56
	771	31	57
	772	31	57
	773	31	58
	774	30	54
	775	33	57
	776	37	54
	777	32	59
	778	29	54
	779	31	60
	780	28	58
	781	32	60
	782	30	59
	783	30	55
	784	29	56
	785	32	57
	786	28	58
	787	30	56
	788	29	56
	789	31	57
	790	31	59
	791	33	58
	792	27	53
	793	28	56
	794	29	53
	795	30	55
	796	28	55
	797	32	59
	798	31	57
	799	33	56
	800	30	57
	801	29	57
	802	27	56
	803	31	63
	804	24	54
	805	31	55
	806	33	57
	807	30	55
	808	28	57
	809	30	55
	810	31	53
	811	32	56
	812	27	56
	813	30	55
	814	29	54
	815	29	54
	816	31	54
	817	25	52
	818	27	53
	819	31	53
	820	29	56
	821	29	55
	822	26	51
	823	27	55
	824	27	51
	825	28	52
	826	26	53
	827	27	53
	828	28	55
	829	29	53
	830	27	50
	831	30	53
	832	26	52
	833	30	54
	834	28	54
	835	28	54
	836	28	54
	837	30	49
	838	27	51
	839	28	52
	840	26	53
	841	26	55
	842	30	51
	843	25	53
	844	27	50
	845	29	54
	846	27	51
	847	30	55
	848	29	51
	849	28	57
	850	28	52
	851	27	53
	852	25	50
	853	27	51
	854	27	54
	855	29	55
	856	25	49
	857	29	55
	858	31	52
	859	28	46
	860	27	52
	861	24	53
	862	28	51
	863	26	52
	864	26	49
	865	25	53
	866	30	52
	867	28	53
	868	24	52
	869	28	52
	870	26	51
	871	28	55
	872	25	50
	873	25	53
	874	25	52
	875	25	52
	876	25	52
	877	28	52
	878	24	50
	879	27	51
	880	26	53
	881	28	54
	882	24	51
	883	27	53
	884	28	48
	885	29	51
	886	25	50
	887	31	52
	888	26	48
	889	27	51
	890	27	53
	891	27	51
	892	27	50
	893	26	52
	894	25	51
	895	25	51
	896	25	56
	897	26	47
	898	28	48
	899	27	49
	900	28	51
	901	27	50
	902	25	48
	903	28	50
	904	26	51
	905	26	50
	906	26	49
	907	26	49
	908	23	50
	909	24	51
	910	24	49
	911	27	45
	912	27	51
	913	24	47
	914	24	49
	915	24	48
	916	23	49
	917	24	46
	918	25	45
	919	28	50
	920	23	48
	921	25	49
	922	26	46
	923	26	49
	924	24	48
	925	25	50
	926	27	50
	927	24	46
	928	24	47
	929	26	47
	930	25	50
	931	28	49
	932	23	45
	933	23	50
	934	25	49
	935	24	49
	936	28	44
	937	24	48
	938	25	49
	939	24	47
	940	25	49
	941	24	51
	942	24	48
	943	25	49
	944	24	47
	945	27	49
	946	22	47
	947	25	48
	948	21	46
	949	25	49
	950	25	56
	951	25	46
	952	25	47
	953	26	49
	954	24	46
	955	24	48
	956	25	46
	957	23	48
	958	24	44
	959	25	47
	960	25	46
	961	24	49
	962	25	46
	963	21	46
	964	22	47
	965	25	46
	966	23	49
	967	22	46
	968	24	48
	969	23	46
	970	26	50
	971	24	47
	972	23	47
	973	24	45
	974	22	46
	975	24	49
	976	24	45
	977	22	46
	978	22	43
	979	26	43
	980	21	47
	981	23	48
	982	22	46
	983	24	49
	984	23	48
	985	23	47
	986	23	46
	987	23	46
	988	23	45
	989	22	47
	990	25	47
	991	24	45
	992	22	45
	993	23	49
	994	19	46
	995	23	48
	996	21	48
	997	25	45
	998	23	45
	999	24	47
	1000	23	45
	1001	23	46
	1002	24	45
	1003	24	46
	1004	26	47
	1005	24	48
	1006	24	47
	1007	24	46
	1008	23	45
	1009	21	46
	1010	22	45
	1011	22	44
	1012	22	47
	1013	23	47
	1014	22	40
	1015	24	45
	1016	23	46
	1017	20	45
	1018	21	44
	1019	22	43
	1020	21	43
	1021	21	45
	1022	22	46
	1023	24	43
	1024	22	44
	1025	23	46
	1026	20	44
	1027	23	44
	1028	21	41
	1029	24	44
	1030	23	41
	1031	25	45
	1032	22	42
	1033	21	44
	1034	20	43
	1035	25	45
	1036	23	39
	1037	21	44
	1038	24	44
	1039	22	46
	1040	20	45
	1041	23	42
	1042	22	43
	1043	20	45
	1044	23	47
	1045	24	46
	1046	21	43
	1047	22	46
	1048	22	45
	1049	23	45
	1050	23	46
	1051	23	45
	1052	24	41
	1053	24	42
	1054	20	45
	1055	24	50
	1056	20	44
	1057	23	41
	1058	22	45
	1059	26	47
	1060	21	43
	1061	24	46
	1062	20	44
	1063	23	45
	1064	21	44
	1065	21	41
	1066	23	41
	1067	22	43
	1068	21	44
	1069	25	44
	1070	19	42
	1071	23	43
	1072	21	43
	1073	23	42
	1074	22	44
	1075	22	42
	1076	22	44
	1077	30	42
	1078	24	44
	1079	25	44
	1080	20	43
	1081	22	45
	1082	20	46
	1083	21	41
	1084	19	42
	1085	22	39
	1086	19	41
	1087	22	44
	1088	23	40
	1089	21	41
	1090	22	40
	1091	23	46
	1092	20	41
	1093	24	45
	1094	20	43
	1095	24	43
	1096	22	47
	1097	23	42
	1098	19	43
	1099	23	41
	1100	19	41
	1101	22	44
	1102	20	44
	1103	23	43
	1104	21	40
	1105	25	44
	1106	24	43
	1107	21	43
	1108	22	43
	1109	23	47
	1110	21	49
	1111	24	44
	1112	21	40
	1113	25	42
	1114	23	45
	1115	22	41
	1116	22	44
	1117	24	40
	1118	23	44
	1119	23	43
	1120	21	43
	1121	22	42
	1122	19	44
	1123	23	43
	1124	22	43
	1125	23	44
	1126	22	46
	1127	24	45
	1128	23	43
	1129	22	42
	1130	25	46
	1131	20	43
	1132	20	44
	1133	23	44
	1134	18	42
	1135	21	41
	1136	21	47
	1137	22	45
	1138	24	44
	1139	23	46
	1140	24	42
	1141	22	44
	1142	22	44
	1143	23	44
	1144	23	43
	1145	23	43
	1146	18	42
	1147	24	43
	1148	23	44
	1149	23	42
	1150	26	44
	1151	22	45
	1152	19	43
	1153	20	45
	1154	23	42
	1155	20	42
	1156	21	46
	1157	23	43
	1158	25	44
	1159	23	49
	1160	21	41
	1161	22	43
	1162	22	42
	1163	22	47
	1164	22	43
	1165	23	43
	1166	22	39
	1167	20	41
	1168	20	42
	1169	20	41
	1170	20	42
	1171	23	41
	1172	19	44
	1173	22	44
	1174	21	44
	1175	21	43
	1176	23	41
	1177	21	43
	1178	23	43
	1179	24	44
	1180	22	42
	1181	21	41
	1182	24	44
	1183	24	44
	1184	24	43
	1185	21	43
	1186	23	45
	1187	21	44
	1188	23	46
	1189	19	44
	1190	21	44
	1191	22	44
	1192	24	43
	1193	24	45
	1194	21	43
	1195	23	42
	1196	24	45
	1197	24	46
	1198	23	42
	1199	23	45
	1200	22	44
	1201	24	43
	1202	24	45
	1203	24	42
	1204	23	43
	1205	22	42
	1206	22	42
	1207	23	42
	1208	23	42
	1209	24	42
	1210	21	44
	1211	22	41
	1212	21	42
	1213	22	44
	1214	21	40
	1215	23	41
	1216	23	42
	1217	21	44
	1218	23	44
	1219	20	44
	1220	22	42
	1221	26	42
	1222	21	44
	1223	24	47
	1224	20	40
	1225	25	41
	1226	19	44
	1227	23	43
	1228	20	42
	1229	20	46
	1230	22	40
	1231	22	44
	1232	20	40
	1233	22	44
	1234	23	44
	1235	21	46
	1236	19	41
	1237	24	44
	1238	22	44
	1239	23	42
	1240	18	41
	1241	23	42
	1242	21	44
	1243	22	43
	1244	22	44
	1245	22	44
	1246	20	44
	1247	23	44
	1248	23	42
	1249	24	41
	1250	22	42
	1251	23	42
	1252	24	46
	1253	23	43
	1254	20	42
	1255	20	43
	1256	20	44
	1257	25	44
	1258	23	44
	1259	22	43
	1260	23	43
	1261	23	46
	1262	22	43
	1263	21	43
	1264	20	41
	1265	20	45
	1266	27	40
	1267	26	42
	1268	21	40
	1269	20	42
	1270	18	41
	1271	24	42
	1272	21	41
	1273	20	45
	1274	23	41
	1275	22	46
	1276	24	43
	1277	25	43
	1278	22	43
	1279	22	43
	1280	20	43
	1281	22	42
	1282	23	44
	1283	23	46
	1284	19	41
	1285	23	44
	1286	22	43
	1287	22	44
	1288	22	43
	1289	23	44
	1290	21	39
	1291	21	44
	1292	20	45
	1293	23	42
	1294	21	44
	1295	22	38
	1296	24	43
	1297	19	43
	1298	19	43
	1299	23	45
	1300	20	43
	1301	24	41
	1302	23	41
	1303	24	43
	1304	21	43
	1305	23	44
	1306	20	44
	1307	21	42
	1308	25	44
	1309	23	46
	1310	27	43
	1311	20	43
	1312	22	42
	1313	21	44
	1314	21	45
	1315	23	42
	1316	22	41
	1317	18	42
	1318	20	42
	1319	23	42
	1320	20	41
	1321	24	42
	1322	20	44
	1323	25	44
	1324	20	42
	1325	23	45
	1326	23	44
	1327	24	43
	1328	22	48
	1329	21	44
	1330	23	41
	1331	24	45
	1332	22	41
	1333	22	42
	1334	20	47
	1335	23	43
	1336	21	44
	1337	20	44
	1338	20	39
	1339	19	46
	1340	22	43
	1341	24	45
	1342	22	44
	1343	24	43
	1344	23	41
	1345	22	41
	1346	23	42
	1347	23	44
	1348	19	40
	1349	24	42
	1350	21	39
	1351	21	44
	1352	22	41
	1353	23	42
	1354	18	40
	1355	24	45
	1356	20	43
	1357	21	45
	1358	22	43
	1359	22	39
	1360	22	42
	1361	23	43
	1362	21	41
	1363	21	44
	1364	20	43
	1365	22	43
	1366	22	43
	1367	22	42
	1368	23	42
	1369	24	44
	1370	22	39
	1371	24	42
	1372	23	46
	1373	21	42
	1374	19	45
	1375	21	42
	1376	21	41
	1377	22	47
	1378	22	40
	1379	19	42
	1380	21	43
	1381	30	44
	1382	21	39
	1383	23	44
	1384	21	44
	1385	21	43
	1386	23	43
	1387	21	42
	1388	22	40
	1389	21	40
	1390	20	43
	1391	23	46
	1392	21	40
	1393	20	46
	1394	22	43
	1395	25	45
	1396	19	43
	1397	23	42
	1398	22	42
	1399	21	41
	1400	22	42
	1401	21	41
	1402	20	42
	1403	24	44
	1404	20	42
	1405	21	41
	1406	19	44
	1407	21	44
	1408	21	39
	1409	21	43
	1410	21	44
	1411	23	42
	1412	20	44
	1413	22	42
	1414	23	41
	1415	24	45
	1416	21	39
	1417	23	41
	1418	21	42
	1419	21	42
	1420	20	45
	1421	22	44
	1422	22	43
	1423	23	45
	1424	20	41
	1425	19	42
	1426	20	42
	1427	20	41
	1428	22	42
	1429	21	43
	1430	20	41
	1431	25	44
	1432	19	46
	1433	24	43
	1434	20	46
	1435	22	43
	1436	22	42
	1437	23	44
	1438	20	43
	1439	21	43
	1440	21	42
	1441	23	43
	1442	26	44
	1443	20	40
	1444	22	42
	1445	21	39
	1446	21	43
	1447	23	44
	1448	20	43
	1449	19	45
	1450	21	42
	1451	21	43
	1452	19	40
	1453	18	45
	1454	20	42
	1455	24	45
	1456	21	43
	1457	21	40
	1458	23	42
	1459	21	42
	1460	19	44
	1461	21	40
	1462	21	44
	1463	21	44
	1464	20	45
	1465	23	42
	1466	22	45
	1467	22	43
	1468	21	45
	1469	23	45
	1470	22	40
	1471	21	45
	1472	22	41
	1473	22	43
	1474	23	44
	1475	25	40
	1476	23	45
	1477	21	40
	1478	19	40
	1479	20	42
	1480	20	41
	1481	24	41
	1482	20	43
	1483	19	44
	1484	19	42
	1485	20	42
	1486	22	42
	1487	22	44
	1488	19	41
	1489	22	40
	1490	22	41
	1491	21	43
	1492	20	44
	1493	21	42
	1494	23	41
	1495	22	44
	1496	20	43
	1497	22	43
	1498	20	45
	1499	23	43
	1500	20	42
	1501	23	42
	1502	20	42
	1503	22	43
	1504	20	40
	1505	21	44
	1506	21	42
	1507	23	44
	1508	20	39
	1509	20	44
	1510	22	41
	1511	24	44
	1512	24	42
	1513	25	44
	1514	21	43
	1515	24	44
	1516	19	40
	1517	24	41
	1518	21	43
	1519	23	42
	1520	22	40
	1521	21	39
	1522	21	41
	1523	21	43
	1524	22	44
	1525	21	43
	1526	21	41
	1527	22	45
	1528	24	44
	1529	23	45
	1530	23	40
	1531	30	44
	1532	19	44
	1533	22	44
	1534	22	42
	1535	24	42
	1536	21	43
	1537	22	42
	1538	21	42
	1539	22	45
	1540	23	43
	1541	23	46
	1542	21	40
	1543	23	41
	1544	21	41
	1545	23	43
	1546	23	43
	1547	21	43
	1548	23	41
	1549	25	43
	1550	25	42
	1551	22	42
	1552	22	45
	1553	23	41
	1554	20	42
	1555	22	44
	1556	20	42
	1557	20	42
	1558	22	47
	1559	20	39
	1560	22	44
	1561	22	42
	1562	21	43
	1563	22	44
	1564	22	44
	1565	25	40
	1566	22	41
	1567	21	44
	1568	22	42
	1569	23	44
	1570	23	43
	1571	23	52
	1572	21	43
	1573	23	44
	1574	25	44
	1575	24	45
	1576	20	45
	1577	23	43
	1578	22	44
	1579	22	44
	1580	22	42
	1581	24	44
	1582	24	47
	1583	23	47
	1584	25	46
	1585	26	44
	1586	23	44
	1587	23	47
	1588	23	44
	1589	21	46
	1590	20	45
	1591	20	44
	1592	20	44
	1593	24	44
	1594	22	45
	1595	22	49
	1596	22	44
	1597	28	45
	1598	19	46
	1599	24	47
	1600	26	46
	1601	26	46
	1602	22	44
	1603	23	44
	1604	23	46
	1605	23	47
	1606	23	43
	1607	24	47
	1608	22	45
	1609	23	46
	1610	22	47
	1611	25	44
	1612	22	43
	1613	24	45
	1614	21	48
	1615	22	46
	1616	21	45
	1617	20	46
	1618	22	41
	1619	22	49
	1620	23	43
	1621	23	47
	1622	26	48
	1623	22	44
	1624	24	46
	1625	23	45
	1626	21	46
	1627	23	43
	1628	23	45
	1629	23	46
	1630	22	46
	1631	24	47
	1632	20	45
	1633	21	46
	1634	23	43
	1635	24	48
	1636	23	44
	1637	19	46
	1638	21	47
	1639	22	46
	1640	22	46
	1641	19	49
	1642	21	45
	1643	23	41
	1644	21	43
	1645	24	47
	1646	27	46
	1647	23	44
	1648	21	44
	1649	22	45
	1650	19	44
	1651	21	45
	1652	22	46
	1653	25	49
	1654	22	45
	1655	25	45
	1656	20	40
	1657	23	48
	1658	22	43
	1659	25	46
	1660	24	43
	1661	24	42
	1662	22	48
	1663	29	43
	1664	23	44
	1665	24	47
	1666	24	45
	1667	23	46
	1668	23	48
	1669	22	47
	1670	20	45
	1671	23	42
	1672	19	45
	1673	25	47
	1674	24	43
	1675	25	46
	1676	24	45
	1677	23	41
	1678	23	46
	1679	24	46
	1680	23	44
	1681	22	46
	1682	22	47
	1683	24	44
	1684	22	46
	1685	21	43
	1686	21	43
	1687	24	45
	1688	23	45
	1689	25	45
	1690	20	41
	1691	24	44
	1692	20	45
	1693	23	47
	1694	25	45
	1695	24	46
	1696	20	44
	1697	24	45
	1698	19	40
	1699	22	41
	1700	22	44
	1701	22	48
	1702	21	43
	1703	20	46
	1704	21	43
	1705	23	39
	1706	22	41
	1707	21	42
	1708	19	43
	1709	23	42
	1710	19	42
	1711	19	42
	1712	21	43
	1713	20	43
	1714	22	40
	1715	26	41
	1716	19	44
	1717	21	40
	1718	24	42
	1719	21	44
	1720	20	39
	1721	21	42
	1722	20	42
	1723	23	44
	1724	18	41
	1725	23	43
	1726	27	37
	1727	20	41
	1728	23	42
	1729	20	41
	1730	19	39
	1731	21	41
	1732	20	39
	1733	23	44
	1734	21	42
	1735	21	39
	1736	19	42
	1737	20	42
	1738	21	41
	1739	21	42
	1740	23	39
	1741	22	42
	1742	18	42
	1743	22	41
	1744	20	42
	1745	19	43
	1746	20	42
	1747	21	43
	1748	23	40
	1749	21	43
	1750	21	41
	1751	22	41
	1752	23	40
	1753	23	42
	1754	20	43
	1755	19	41
	1756	19	41
	1757	20	43
	1758	20	41
	1759	23	42
	1760	19	41
	1761	23	41
	1762	21	43
	1763	21	40
	1764	19	41
	1765	23	44
	1766	20	40
	1767	20	43
	1768	22	42
	1769	19	42
	1770	18	42
	1771	21	45
	1772	20	42
	1773	20	43
	1774	18	40
	1775	19	42
	1776	19	42
	1777	21	41
	1778	21	38
	1779	24	42
	1780	20	41
	1781	21	44
	1782	22	41
	1783	20	40
	1784	24	43
	1785	20	41
	1786	20	42
	1787	21	43
	1788	20	44
	1789	20	40
	1790	22	40
	1791	21	43
	1792	19	41
	1793	21	43
	1794	18	44
	1795	17	38
	1796	17	41
	1797	19	41
	1798	18	39
	1799	22	41
	1800	17	40
	1801	21	40
	1802	18	43
	1803	19	42
	1804	23	41
	1805	20	39
	1806	18	41
	1807	24	41
	1808	17	44
	1809	22	41
	1810	21	39
	1811	21	40
	1812	21	40
	1813	21	39
	1814	20	40
	1815	20	41
	1816	20	41
	1817	19	43
	1818	20	41
	1819	22	41
	1820	22	39
	1821	21	42
	1822	19	44
	1823	22	42
	1824	19	41
	1825	23	41
	1826	22	41
	1827	22	43
	1828	20	40
	1829	20	40
	1830	19	42
	1831	21	42
	1832	21	39
	1833	21	41
	1834	19	39
	1835	23	39
	1836	18	41
	1837	22	42
	1838	22	37
	1839	20	42
	1840	18	41
	1841	21	40
	1842	19	43
	1843	23	41
	1844	19	40
	1845	21	41
	1846	19	39
	1847	18	39
	1848	21	43
	1849	19	41
	1850	18	39
	1851	21	41
	1852	23	41
	1853	21	41
	1854	21	40
	1855	21	42
	1856	19	42
	1857	22	42
	1858	20	40
	1859	20	43
	1860	21	40
	1861	19	40
	1862	23	43
	1863	24	44
	1864	21	41
	1865	21	41
	1866	21	39
	1867	20	46
	1868	18	41
	1869	20	40
	1870	18	44
	1871	22	40
	1872	24	42
	1873	21	43
	1874	23	39
	1875	21	38
	1876	20	41
	1877	22	41
	1878	21	41
	1879	24	41
	1880	24	41
	1881	23	39
	1882	19	40
	1883	21	41
	1884	20	43
	1885	21	43
	1886	19	42
	1887	21	43
	1888	19	39
	1889	22	42
	1890	19	44
	1891	20	43
	1892	22	41
	1893	21	40
	1894	20	41
	1895	19	42
	1896	19	41
	1897	20	44
	1898	22	41
	1899	21	39
	1900	19	42
	1901	21	43
	1902	19	43
	1903	21	40
	1904	20	41
	1905	21	41
	1906	19	43
	1907	29	41
	1908	20	41
	1909	19	41
	1910	17	37
	1911	23	43
	1912	22	43
	1913	22	39
	1914	24	42
	1915	20	41
	1916	18	39
	1917	19	41
	1918	21	41
	1919	22	39
	1920	20	39
	1921	20	47
	1922	19	39
	1923	24	45
	1924	21	42
	1925	21	44
	1926	19	44
	1927	20	40
	1928	19	40
	1929	21	41
	1930	19	41
	1931	22	40
	1932	21	40
	1933	20	41
	1934	19	39
	1935	23	41
	1936	19	40
	1937	21	42
	1938	19	41
	1939	22	40
	1940	20	39
	1941	20	42
	1942	20	43
	1943	17	43
	1944	19	39
	1945	21	42
	1946	22	38
	1947	20	42
	1948	19	42
	1949	21	41
	1950	20	42
	1951	21	41
	1952	20	42
	1953	23	41
	1954	21	38
	1955	21	42
	1956	21	41
	1957	19	40
	1958	20	42
	1959	19	38
	1960	21	41
	1961	20	42
	1962	22	40
	1963	18	45
	1964	19	42
	1965	24	43
	1966	23	39
	1967	22	41
	1968	21	39
	1969	20	42
	1970	20	43
	1971	18	39
	1972	20	41
	1973	21	39
	1974	18	39
	1975	19	41
	1976	21	40
	1977	18	42
	1978	21	41
	1979	20	39
	1980	21	40
	1981	21	43
	1982	20	41
	1983	20	41
	1984	20	39
	1985	24	42
	1986	19	41
	1987	21	42
	1988	19	41
	1989	21	39
	1990	20	42
	1991	22	43
	1992	25	42
	1993	19	43
	1994	20	39
	1995	17	40
	1996	20	39
	1997	20	41
	1998	19	41
	1999	20	43
	2000	18	40
	2001	21	42
	2002	21	36
	2003	19	41
	2004	23	43
	2005	21	43
	2006	21	41
	2007	21	41
	2008	19	39
	2009	18	39
	2010	19	41
	2011	20	41
	2012	20	43
	2013	19	40
	2014	20	39
	2015	20	41
	2016	19	40
	2017	20	41
	2018	19	42
	2019	19	40
	2020	20	41
	2021	22	41
	2022	21	39
	2023	19	40
	2024	19	41
	2025	24	40
	2026	22	43
	2027	22	42
	2028	20	41
	2029	22	40
	2030	22	39
	2031	26	42
	2032	19	40
	2033	20	41
	2034	18	41
	2035	22	44
	2036	17	40
	2037	21	43
	2038	18	41
	2039	19	39
	2040	22	42
	2041	21	42
	2042	20	39
	2043	18	39
	2044	20	40
	2045	22	41
	2046	20	44
	2047	20	40
	2048	19	38
	2049	19	40
	2050	19	42
	2051	20	43
	2052	16	41
	2053	19	43
	2054	20	40
	2055	21	42
	2056	21	41
	2057	22	40
	2058	21	40
	2059	21	41
	2060	21	40
	2061	22	39
	2062	20	40
	2063	21	41
	2064	15	40
	2065	22	37
	2066	20	39
	2067	22	41
	2068	18	43
	2069	20	44
	2070	20	39
	2071	20	41
	2072	21	37
	2073	18	40
	2074	20	38
	2075	21	41
	2076	18	41
	2077	21	42
	2078	20	42
	2079	23	41
	2080	19	39
	2081	21	42
	2082	19	40
	2083	22	40
	2084	19	41
	2085	19	42
	2086	16	39
	2087	19	40
	2088	19	39
	2089	20	41
	2090	19	38
	2091	20	39
	2092	21	39
	2093	17	41
	2094	20	40
	2095	22	41
	2096	20	39
	2097	22	40
	2098	20	41
	2099	23	39
	2100	20	40
	2101	22	42
	2102	20	39
	2103	20	42
	2104	20	39
	2105	22	41
	2106	21	40
	2107	21	41
	2108	18	37
	2109	20	40
	2110	20	43
	2111	24	40
	2112	18	40
	2113	23	41
	2114	19	40
	2115	22	43
	2116	20	41
	2117	21	41
	2118	19	40
	2119	20	41
	2120	19	40
	2121	22	40
	2122	19	42
	2123	20	39
	2124	21	42
	2125	21	41
	2126	20	42
	2127	21	43
	2128	16	37
	2129	20	41
	2130	20	41
	2131	24	40
	2132	20	38
	2133	19	41
	2134	20	39
	2135	21	40
	2136	18	38
	2137	20	40
	2138	21	40
	2139	20	41
	2140	19	41
	2141	20	42
	2142	19	39
	2143	20	40
	2144	18	41
	2145	22	38
	2146	21	42
	2147	22	41
	2148	19	39
	2149	17	40
	2150	21	39
	2151	24	39
	2152	22	40
	2153	21	42
	2154	21	40
	2155	19	41
	2156	19	39
	2157	22	38
	2158	20	40
	2159	21	44
	2160	19	40
	2161	21	43
	2162	21	37
	2163	20	42
	2164	21	41
	2165	19	43
	2166	21	38
	2167	20	42
	2168	18	39
	2169	20	39
	2170	20	61
	2171	23	39
	2172	22	38
	2173	21	40
	2174	21	40
	2175	21	42
	2176	20	42
	2177	22	39
	2178	18	38
	2179	21	39
	2180	19	40
	2181	20	42
	2182	19	40
	2183	21	39
	2184	18	39
	2185	19	41
	2186	20	39
	2187	18	40
	2188	21	40
	2189	20	42
	2190	20	41
	2191	22	40
	2192	20	40
	2193	19	39
	2194	19	46
	2195	20	41
	2196	19	42
	2197	21	40
	2198	19	38
	2199	20	42
	2200	19	37
	2201	20	41
	2202	20	43
	2203	19	41
	2204	22	39
	2205	25	39
	2206	21	41
	2207	21	41
	2208	22	39
	2209	21	40
	2210	20	38
	2211	20	41
	2212	17	40
	2213	21	39
	2214	19	42
	2215	19	41
	2216	21	39
	2217	20	39
	2218	20	41
	2219	19	44
	2220	20	38
	2221	17	42
	2222	20	41
	2223	21	42
	2224	20	41
	2225	22	41
	2226	17	40
	2227	19	39
	2228	21	41
	2229	21	39
	2230	20	39
	2231	23	40
	2232	21	40
	2233	18	39
	2234	21	39
	2235	18	42
	2236	21	40
	2237	21	38
	2238	18	38
	2239	20	45
	2240	19	40
	2241	18	39
	2242	21	38
	2243	21	41
	2244	21	38
	2245	23	40
	2246	19	41
	2247	21	41
	2248	20	40
	2249	20	38
	2250	20	40
	2251	22	39
	2252	21	39
	2253	16	41
	2254	18	40
	2255	21	38
	2256	20	41
	2257	21	42
	2258	19	37
	2259	20	43
	2260	18	40
	2261	20	41
	2262	22	42
	2263	21	42
	2264	22	40
	2265	20	42
	2266	17	38
	2267	19	41
	2268	22	41
	2269	22	41
	2270	21	41
	2271	19	39
	2272	19	42
	2273	20	40
	2274	20	38
	2275	20	41
	2276	21	40
	2277	21	42
	2278	21	39
	2279	18	42
	2280	21	38
	2281	24	39
	2282	19	40
	2283	19	38
	2284	23	40
	2285	20	41
	2286	19	39
	2287	20	39
	2288	18	43
	2289	23	40
	2290	19	40
	2291	21	39
	2292	19	39
	2293	20	42
	2294	19	42
	2295	21	43
	2296	17	39
	2297	20	42
	2298	20	43
	2299	19	43
	2300	23	39
	2301	21	39
	2302	19	40
	2303	23	42
	2304	21	41
	2305	20	40
	2306	18	39
	2307	22	39
	2308	19	38
	2309	21	39
	2310	19	40
	2311	18	39
	2312	18	37
	2313	19	40
	2314	21	39
	2315	21	41
	2316	19	40
	2317	20	40
	2318	19	37
	2319	21	41
	2320	19	41
	2321	19	39
	2322	18	38
	2323	22	42
	2324	20	40
	2325	21	43
	2326	20	37
	2327	21	42
	2328	18	42
	2329	20	41
	2330	23	41
	2331	19	40
	2332	21	38
	2333	19	42
	2334	22	39
	2335	21	38
	2336	19	42
	2337	21	39
	2338	18	39
	2339	20	40
	2340	20	38
	2341	19	40
	2342	19	41
	2343	20	43
	2344	20	40
	2345	20	40
	2346	19	42
	2347	19	41
	2348	21	43
	2349	20	40
	2350	18	39
	2351	20	43
	2352	20	41
	2353	21	42
	2354	20	40
	2355	21	40
	2356	20	39
	2357	24	40
	2358	20	43
	2359	23	40
	2360	21	40
	2361	19	40
	2362	21	38
	2363	20	42
	2364	19	38
	2365	18	41
	2366	18	39
	2367	19	41
	2368	22	40
	2369	22	40
	2370	20	38
	2371	21	40
	2372	17	40
	2373	23	40
	2374	20	41
	2375	21	39
	2376	18	37
	2377	20	40
	2378	18	39
	2379	20	42
	2380	18	39
	2381	20	41
	2382	21	42
	2383	20	41
	2384	19	42
	2385	20	41
	2386	19	41
	2387	21	41
	2388	19	41
	2389	22	40
	2390	20	39
	2391	21	43
	2392	19	39
	2393	24	39
	2394	20	42
	2395	19	39
	2396	23	39
	2397	18	42
	2398	22	40
	2399	20	43
	2400	19	42
	2401	17	40
	2402	17	41
	2403	29	44
	2404	20	40
	2405	21	40
	2406	18	40
	2407	22	43
	2408	21	40
	2409	20	38
	2410	22	39
	2411	20	40
	2412	17	38
	2413	19	41
	2414	20	40
	2415	21	40
	2416	16	40
	2417	20	46
	2418	20	40
	2419	20	40
	2420	19	40
	2421	21	41
	2422	22	40
	2423	22	43
	2424	21	40
	2425	20	40
	2426	19	39
	2427	24	43
	2428	20	42
	2429	21	43
	2430	21	39
	2431	22	39
	2432	19	44
	2433	22	41
	2434	19	40
	2435	20	40
	2436	20	41
	2437	20	43
	2438	21	40
	2439	22	40
	2440	19	37
	2441	20	42
	2442	20	40
	2443	23	40
	2444	20	42
	2445	17	37
	2446	17	40
	2447	22	38
	2448	20	42
	2449	22	39
	2450	19	40
	2451	21	42
	2452	20	39
	2453	20	40
	2454	19	41
	2455	19	40
	2456	19	43
	2457	20	43
	2458	23	38
	2459	20	39
	2460	21	41
	2461	21	41
	2462	23	39
	2463	20	41
	2464	22	43
	2465	20	41
	2466	21	39
	2467	22	40
	2468	20	39
	2469	23	43
	2470	19	40
	2471	21	40
	2472	21	41
	2473	22	39
	2474	20	37
	2475	20	39
	2476	22	40
	2477	20	42
	2478	19	41
	2479	18	38
	2480	19	41
	2481	21	42
	2482	21	38
	2483	21	43
	2484	18	39
	2485	20	37
	2486	18	41
	2487	22	39
	2488	20	41
	2489	19	41
	2490	19	40
	2491	21	43
	2492	19	41
	2493	19	41
	2494	19	40
	2495	21	42
	2496	18	39
	2497	22	41
	2498	18	39
	2499	21	41
	2500	20	42
	2501	20	41
	2502	21	40
	2503	20	38
	2504	20	41
	2505	20	39
	2506	18	43
	2507	22	42
	2508	20	40
	2509	18	43
	2510	20	38
	2511	18	42
	2512	21	38
	2513	19	43
	2514	19	40
	2515	21	40
	2516	18	41
	2517	19	41
	2518	18	38
	2519	22	39
	2520	21	42
	2521	20	42
	2522	20	39
	2523	20	40
	2524	18	42
	2525	20	38
	2526	20	40
	2527	20	42
	2528	18	41
	2529	19	41
	2530	18	38
	2531	21	39
	2532	18	40
	2533	19	40
	2534	19	41
	2535	21	41
	2536	20	39
	2537	24	42
	2538	19	41
	2539	22	41
	2540	21	42
	2541	21	44
	2542	22	40
	2543	21	42
	2544	20	38
	2545	20	42
	2546	19	41
	2547	21	41
	2548	20	41
	2549	20	40
	2550	18	40
	2551	22	43
	2552	18	40
	2553	20	43
	2554	21	39
	2555	21	43
	2556	21	40
	2557	19	39
	2558	20	39
	2559	20	38
	2560	19	37
	2561	22	40
	2562	21	40
	2563	20	42
	2564	19	40
	2565	17	41
	2566	18	43
	2567	22	45
	2568	20	39
	2569	20	40
	2570	21	39
	2571	20	40
	2572	18	40
	2573	22	41
	2574	22	39
	2575	21	40
	2576	21	39
	2577	18	42
	2578	18	42
	2579	21	39
	2580	19	41
	2581	23	42
	2582	21	39
	2583	21	41
	2584	19	40
	2585	17	40
	2586	18	38
	2587	21	40
	2588	19	37
	2589	22	40
	2590	19	39
	2591	21	43
	2592	17	39
	2593	19	39
	2594	21	41
	2595	20	42
	2596	19	39
	2597	21	39
	2598	19	38
	2599	19	39
	2600	19	37
	2601	19	40
	2602	19	39
	2603	22	41
	2604	19	40
	2605	20	40
	2606	21	40
	2607	22	41
	2608	19	40
	2609	22	40
	2610	22	40
	2611	21	39
	2612	19	43
	2613	21	39
	2614	19	37
	2615	23	39
	2616	19	38
	2617	20	39
	2618	15	38
	2619	19	40
	2620	20	39
	2621	18	40
	2622	20	37
	2623	19	39
	2624	21	41
	2625	19	43
	2626	26	39
	2627	21	40
	2628	21	38
	2629	19	42
	2630	17	38
	2631	19	39
	2632	23	39
	2633	22	42
	2634	19	38
	2635	20	40
	2636	20	39
	2637	17	41
	2638	18	43
	2639	20	41
	2640	18	38
	2641	21	39
	2642	19	42
	2643	19	39
	2644	19	37
	2645	21	41
	2646	18	41
	2647	20	41
	2648	20	41
	2649	20	38
	2650	18	41
	2651	24	40
	2652	21	38
	2653	18	43
	2654	22	40
	2655	20	41
	2656	21	42
	2657	21	39
	2658	20	37
	2659	18	42
	2660	21	38
	2661	22	41
	2662	21	38
	2663	21	39
	2664	19	39
	2665	19	40
	2666	19	40
	2667	21	41
	2668	19	37
	2669	20	41
	2670	19	42
	2671	22	42
	2672	23	43
	2673	20	40
	2674	19	39
	2675	18	45
	2676	19	38
	2677	20	41
	2678	18	38
	2679	19	39
	2680	18	40
	2681	19	38
	2682	21	39
	2683	22	40
	2684	18	39
	2685	20	38
	2686	19	39
	2687	19	40
	2688	21	37
	2689	19	39
	2690	19	37
	2691	22	42
	2692	20	41
	2693	19	41
	2694	18	39
	2695	19	41
	2696	19	41
	2697	17	42
	2698	20	38
	2699	21	40
	2700	19	40
	2701	19	41
	2702	18	42
	2703	20	41
	2704	19	41
	2705	20	39
	2706	19	41
	2707	20	39
	2708	19	38
	2709	21	37
	2710	19	38
	2711	22	43
	2712	18	40
	2713	20	43
	2714	18	38
	2715	19	40
	2716	20	38
	2717	18	41
	2718	19	40
	2719	21	40
	2720	19	38
	2721	27	39
	2722	19	40
	2723	19	40
	2724	17	40
	2725	20	43
	2726	25	41
	2727	22	41
	2728	18	40
	2729	20	40
	2730	20	41
	2731	19	40
	2732	20	37
	2733	20	44
	2734	17	39
	2735	21	40
	2736	20	43
	2737	18	39
	2738	22	38
	2739	20	40
	2740	19	41
	2741	22	39
	2742	20	41
	2743	21	38
	2744	21	38
	2745	22	40
	2746	20	42
	2747	21	42
	2748	20	38
	2749	21	43
	2750	19	43
	2751	19	41
	2752	19	38
	2753	19	40
	2754	17	39
	2755	20	39
	2756	18	40
	2757	20	41
	2758	21	41
	2759	21	41
	2760	19	40
	2761	23	40
	2762	19	40
	2763	23	39
	2764	20	40
	2765	23	40
	2766	19	41
	2767	21	42
	2768	19	38
	2769	19	38
	2770	18	38
	2771	21	39
	2772	18	38
	2773	21	39
	2774	22	42
	2775	19	40
	2776	20	41
	2777	19	38
	2778	18	40
	2779	22	42
	2780	19	40
	2781	19	41
	2782	20	40
	2783	25	40
	2784	21	40
	2785	22	41
	2786	21	38
	2787	20	42
	2788	19	42
	2789	23	41
	2790	20	41
	2791	19	39
	2792	19	43
	2793	21	39
	2794	21	40
	2795	22	41
	2796	20	43
	2797	22	39
	2798	21	40
	2799	22	38
	2800	22	38
	2801	21	43
	2802	18	47
	2803	19	41
	2804	21	41
	2805	19	41
	2806	20	39
	2807	19	42
	2808	19	39
	2809	21	42
	2810	19	40
	2811	20	38
	2812	22	41
	2813	19	41
	2814	19	41
	2815	21	37
	2816	19	41
	2817	19	40
	2818	21	38
	2819	21	43
	2820	20	40
	2821	22	41
	2822	19	40
	2823	20	39
	2824	21	37
	2825	21	43
	2826	19	39
	2827	20	40
	2828	22	40
	2829	21	38
	2830	19	38
	2831	24	38
	2832	17	40
	2833	20	41
	2834	22	39
	2835	20	41
	2836	21	43
	2837	20	43
	2838	20	38
	2839	19	42
	2840	21	38
	2841	20	43
	2842	17	38
	2843	19	40
	2844	16	39
	2845	20	42
	2846	21	38
	2847	20	41
	2848	20	39
	2849	19	39
	2850	19	39
	2851	21	39
	2852	18	40
	2853	22	43
	2854	21	39
	2855	20	41
	2856	18	38
	2857	20	38
	2858	18	40
	2859	22	43
	2860	19	41
	2861	22	40
	2862	19	38
	2863	17	39
	2864	19	39
	2865	19	42
	2866	19	41
	2867	20	41
	2868	17	40
	2869	22	38
	2870	20	40
	2871	20	38
	2872	22	39
	2873	21	40
	2874	18	40
	2875	20	41
	2876	19	41
	2877	19	42
	2878	19	43
	2879	22	42
	2880	19	39
	2881	19	38
	2882	20	39
	2883	22	39
	2884	20	40
	2885	22	42
	2886	19	39
	2887	23	41
	2888	22	40
	2889	43	40
	2890	23	41
	2891	23	41
	2892	21	38
	2893	22	39
	2894	19	39
	2895	22	38
	2896	19	40
	2897	17	41
	2898	21	39
	2899	22	42
	2900	19	39
	2901	21	41
	2902	19	42
	2903	18	41
	2904	22	39
	2905	20	43
	2906	18	41
	2907	20	38
	2908	20	40
	2909	21	41
	2910	19	39
	2911	19	44
	2912	20	38
	2913	21	40
	2914	17	40
	2915	18	39
	2916	17	39
	2917	19	42
	2918	23	41
	2919	23	40
	2920	23	38
	2921	20	39
	2922	20	41
	2923	19	37
	2924	19	40
	2925	19	42
	2926	20	39
	2927	19	38
	2928	21	39
	2929	19	42
	2930	20	41
	2931	21	40
	2932	19	39
	2933	18	39
	2934	20	40
	2935	22	41
	2936	17	42
	2937	21	38
	2938	21	42
	2939	21	42
	2940	19	39
	2941	21	38
	2942	19	42
	2943	18	41
	2944	19	38
	2945	20	40
	2946	22	39
	2947	21	41
	2948	19	40
	2949	19	40
	2950	19	38
	2951	20	43
	2952	19	38
	2953	23	39
	2954	20	40
	2955	21	41
	2956	18	39
	2957	20	43
	2958	22	40
	2959	21	40
	2960	21	40
	2961	18	38
	2962	19	41
	2963	20	39
	2964	18	37
	2965	22	41
	2966	21	40
	2967	22	38
	2968	22	40
	2969	24	39
	2970	16	40
	2971	19	42
	2972	19	39
	2973	20	42
	2974	19	40
	2975	19	39
	2976	17	40
	2977	23	40
	2978	21	39
	2979	21	41
	2980	19	41
	2981	20	40
	2982	19	39
	2983	21	39
	2984	18	39
	2985	21	42
	2986	16	41
	2987	20	41
	2988	18	42
	2989	19	39
	2990	20	38
	2991	20	40
	2992	21	39
	2993	20	43
	2994	20	41
	2995	20	41
	2996	16	38
	2997	19	41
	2998	21	42
	2999	19	41
	3000	18	40
	3001	20	40
	3002	20	38
	3003	20	39
	3004	20	40
	3005	19	40
	3006	19	39
	3007	21	39
	3008	18	42
	3009	19	41
	3010	19	39
	3011	22	40
	3012	20	38
	3013	20	40
	3014	18	44
	3015	20	39
	3016	20	40
	3017	21	38
	3018	21	38
	3019	22	40
	3020	18	40
	3021	21	39
	3022	18	40
	3023	19	41
	3024	18	39
	3025	20	37
	3026	17	38
	3027	20	41
	3028	19	41
	3029	19	40
	3030	18	39
	3031	19	41
	3032	19	41
	3033	23	39
	3034	18	41
	3035	22	40
	3036	21	39
	3037	18	39
	3038	19	40
	3039	20	40
	3040	18	39
	3041	23	40
	3042	19	39
	3043	18	41
	3044	21	39
	3045	21	40
	3046	20	38
	3047	20	39
	3048	20	39
	3049	20	41
	3050	18	40
	3051	21	41
	3052	18	39
	3053	22	40
	3054	19	40
	3055	21	42
	3056	21	40
	3057	20	41
	3058	20	41
	3059	20	38
	3060	17	38
	3061	19	39
	3062	17	42
	3063	17	43
	3064	21	39
	3065	23	39
	3066	18	38
	3067	22	39
	3068	18	41
	3069	22	40
	3070	21	40
	3071	20	41
	3072	20	41
	3073	19	41
	3074	21	40
	3075	21	42
	3076	21	39
	3077	20	43
	3078	21	40
	3079	20	40
	3080	19	41
	3081	22	43
	3082	18	39
	3083	23	42
	3084	20	38
	3085	20	40
	3086	19	39
	3087	19	37
	3088	20	37
	3089	22	38
	3090	19	40
	3091	21	42
	3092	23	41
	3093	19	38
	3094	21	41
	3095	21	40
	3096	21	39
	3097	22	42
	3098	20	40
	3099	19	40
	3100	18	42
	3101	19	40
	3102	19	41
	3103	21	41
	3104	21	38
	3105	21	40
	3106	21	44
	3107	20	43
	3108	18	41
	3109	22	39
	3110	20	39
	3111	22	42
	3112	19	39
	3113	19	44
	3114	19	39
	3115	20	41
	3116	18	37
	3117	21	42
	3118	20	40
	3119	22	38
	3120	21	40
	3121	19	41
	3122	21	38
	3123	19	43
	3124	19	41
	3125	21	38
	3126	19	41
	3127	19	39
	3128	16	40
	3129	22	41
	3130	19	40
	3131	21	41
	3132	20	41
	3133	21	39
	3134	18	40
	3135	19	40
	3136	18	37
	3137	20	43
	3138	19	42
	3139	21	42
	3140	19	40
	3141	20	41
	3142	19	41
	3143	19	39
	3144	19	40
	3145	22	37
	3146	23	40
	3147	20	41
	3148	20	40
	3149	20	40
	3150	19	41
	3151	22	40
	3152	20	39
	3153	24	42
	3154	18	39
	3155	17	37
	3156	23	38
	3157	21	38
	3158	20	41
	3159	19	39
	3160	18	42
	3161	20	40
	3162	21	37
	3163	22	40
	3164	19	40
	3165	24	39
	3166	22	42
	3167	22	42
	3168	19	38
	3169	19	42
	3170	19	39
	3171	20	42
	3172	22	40
	3173	20	42
	3174	17	39
	3175	20	40
	3176	18	40
	3177	22	41
	3178	20	39
	3179	21	39
	3180	17	41
	3181	22	40
	3182	21	40
	3183	21	41
	3184	17	37
	3185	24	40
	3186	19	39
	3187	20	40
	3188	19	40
	3189	20	38
	3190	20	39
	3191	21	43
	3192	17	40
	3193	21	39
	3194	21	41
	3195	23	41
	3196	19	43
	3197	21	41
	3198	19	42
	3199	19	40
	3200	19	39
	3201	18	40
	3202	21	36
	3203	21	39
	3204	19	42
	3205	18	41
	3206	19	38
	3207	18	40
	3208	17	36
	3209	17	40
	3210	19	41
	3211	22	41
	3212	18	41
	3213	21	40
	3214	17	39
	3215	19	40
	3216	21	41
	3217	21	41
	3218	23	40
	3219	17	38
	3220	21	40
	3221	19	42
	3222	18	36
	3223	19	45
	3224	20	42
	3225	20	43
	3226	17	44
	3227	19	42
	3228	18	41
	3229	21	41
	3230	20	41
	3231	24	40
	3232	19	38
	3233	19	40
	3234	19	40
	3235	21	41
	3236	21	41
	3237	20	39
	3238	21	40
	3239	20	38
	3240	22	38
	3241	20	45
	3242	20	35
	3243	22	42
	3244	19	38
	3245	19	39
	3246	18	41
	3247	22	38
	3248	18	37
	3249	20	39
	3250	23	41
	3251	21	40
	3252	21	39
	3253	19	42
	3254	19	42
	3255	22	41
	3256	18	42
	3257	22	42
	3258	20	41
	3259	22	38
	3260	19	38
	3261	22	41
	3262	19	42
	3263	20	40
	3264	19	40
	3265	18	36
	3266	20	40
	3267	19	41
	3268	16	39
	3269	19	41
	3270	19	40
	3271	23	38
	3272	21	41
	3273	20	40
	3274	20	41
	3275	20	41
	3276	20	41
	3277	21	41
	3278	17	39
	3279	21	39
	3280	21	37
	3281	19	41
	3282	20	40
	3283	18	39
	3284	19	41
	3285	26	40
	3286	21	37
	3287	17	41
	3288	19	37
	3289	20	41
	3290	19	41
	3291	19	42
	3292	19	37
	3293	19	39
	3294	20	39
	3295	20	40
	3296	21	39
	3297	22	39
	3298	22	39
	3299	19	41
	3300	20	38
	3301	19	41
	3302	22	38
	3303	21	39
	3304	19	40
	3305	23	39
	3306	19	38
	3307	22	41
	3308	21	39
	3309	19	42
	3310	19	41
	3311	22	38
	3312	20	39
	3313	21	41
	3314	19	38
	3315	19	43
	3316	19	40
	3317	18	42
	3318	20	39
	3319	17	42
	3320	19	42
	3321	20	40
	3322	19	40
	3323	19	40
	3324	20	41
	3325	20	39
	3326	17	37
	3327	19	40
	3328	19	38
	3329	19	38
	3330	17	38
	3331	20	41
	3332	19	38
	3333	20	42
	3334	17	39
	3335	21	40
	3336	19	39
	3337	18	42
	3338	18	38
	3339	20	39
	3340	20	36
	3341	20	39
	3342	20	41
	3343	21	36
	3344	21	42
	3345	23	41
	3346	18	37
	3347	26	40
	3348	20	39
	3349	20	41
	3350	20	43
	3351	18	40
	3352	21	39
	3353	19	43
	3354	18	39
	3355	21	40
	3356	17	38
	3357	21	39
	3358	20	40
	3359	19	38
	3360	17	40
	3361	20	39
	3362	20	38
	3363	21	39
	3364	20	41
	3365	18	41
	3366	21	40
	3367	21	38
	3368	19	36
	3369	22	40
	3370	19	39
	3371	21	41
	3372	19	35
	3373	20	40
	3374	17	40
	3375	20	38
	3376	20	40
	3377	19	38
	3378	19	41
	3379	22	41
	3380	19	38
	3381	19	42
	3382	18	41
	3383	19	40
	3384	21	36
	3385	21	43
	3386	19	39
	3387	20	41
	3388	20	41
	3389	22	39
	3390	19	39
	3391	17	40
	3392	18	35
	3393	20	39
	3394	17	39
	3395	19	38
	3396	17	42
	3397	19	41
	3398	19	38
	3399	20	42
	3400	18	39
	3401	22	42
	3402	18	39
	3403	20	39
	3404	22	36
	3405	20	40
	3406	19	37
	3407	21	41
	3408	17	41
	3409	22	40
	3410	19	40
	3411	20	40
	3412	20	41
	3413	20	38
	3414	22	40
	3415	22	40
	3416	19	40
	3417	19	41
	3418	20	38
	3419	22	39
	3420	22	39
	3421	20	38
	3422	18	37
	3423	20	43
	3424	19	38
	3425	21	42
	3426	19	37
	3427	17	40
	3428	19	40
	3429	19	41
	3430	17	42
	3431	20	39
	3432	20	36
	3433	20	40
	3434	19	41
	3435	21	42
	3436	19	41
	3437	20	42
	3438	17	39
	3439	18	41
	3440	21	40
	3441	20	40
	3442	17	41
	3443	21	41
	3444	19	40
	3445	19	42
	3446	20	41
	3447	18	39
	3448	20	37
	3449	21	41
	3450	18	39
	3451	21	40
	3452	19	41
	3453	21	39
	3454	19	38
	3455	22	41
	3456	19	37
	3457	21	41
	3458	20	39
	3459	20	43
	3460	21	41
	3461	20	40
	3462	20	41
	3463	20	41
	3464	21	39
	3465	18	42
	3466	18	41
	3467	17	39
	3468	18	38
	3469	19	38
	3470	21	39
	3471	23	41
	3472	16	45
	3473	19	40
	3474	20	40
	3475	20	37
	3476	17	39
	3477	19	42
	3478	20	45
	3479	19	43
	3480	19	41
	3481	19	39
	3482	19	40
	3483	22	39
	3484	18	40
	3485	18	42
	3486	19	39
	3487	21	41
	3488	24	43
	3489	17	41
	3490	23	38
	3491	22	39
	3492	20	41
	3493	21	41
	3494	21	42
	3495	19	41
	3496	20	39
	3497	19	39
	3498	21	41
	3499	22	43
	3500	19	40
	3501	20	40
	3502	18	36
	3503	20	41
	3504	16	40
	3505	19	40
	3506	16	40
	3507	19	41
	3508	19	40
	3509	20	41
	3510	22	38
	3511	18	38
	3512	19	38
	3513	19	40
	3514	19	41
	3515	19	41
	3516	18	38
	3517	20	41
	3518	20	35
	3519	19	41
	3520	20	39
	3521	20	41
	3522	19	38
	3523	18	41
	3524	18	39
	3525	20	40
	3526	20	39
	3527	20	40
	3528	19	39
	3529	19	38
	3530	20	39
	3531	19	44
	3532	17	39
	3533	19	41
	3534	18	40
	3535	22	38
	3536	18	41
	3537	21	43
	3538	19	41
	3539	22	43
	3540	18	43
	3541	20	39
	3542	20	39
	3543	23	42
	3544	21	38
	3545	20	39
	3546	21	38
	3547	23	37
	3548	20	38
	3549	24	40
	3550	23	45
	3551	21	39
	3552	18	39
	3553	22	41
	3554	18	36
	3555	22	42
	3556	18	38
	3557	21	41
	3558	22	41
	3559	21	44
	3560	19	40
	3561	21	40
	3562	19	40
	3563	20	40
	3564	22	41
	3565	22	40
	3566	19	39
	3567	20	40
	3568	18	40
	3569	22	41
	3570	20	39
	3571	24	42
	3572	19	38
	3573	20	39
	3574	19	36
	3575	18	40
	3576	21	40
	3577	19	39
	3578	19	42
	3579	20	43
	3580	18	40
	3581	20	38
	3582	19	39
	3583	26	40
	3584	16	42
	3585	19	41
	3586	21	39
	3587	22	40
	3588	21	39
	3589	17	40
	3590	21	39
	3591	20	39
	3592	19	37
	3593	19	40
	3594	20	40
	3595	22	41
	3596	19	41
	3597	20	41
	3598	17	39
	3599	22	40
	3600	19	41
	3601	20	39
	3602	19	38
	3603	24	39
	3604	21	38
	3605	19	38
	3606	20	40
	3607	21	39
	3608	22	37
	3609	21	41
	3610	19	37
	3611	17	44
	3612	21	39
	3613	18	40
	3614	18	41
	3615	20	39
	3616	19	42
	3617	21	41
	3618	17	40
	3619	21	38
	3620	21	39
	3621	22	41
	3622	18	40
	3623	19	39
	3624	18	37
	3625	19	39
	3626	18	39
	3627	22	40
	3628	19	42
	3629	22	42
	3630	16	35
	3631	19	37
	3632	17	37
	3633	21	40
	3634	19	39
	3635	21	43
	3636	21	40
	3637	22	39
	3638	20	41
	3639	22	38
	3640	19	39
	3641	22	39
	3642	21	40
	3643	21	42
	3644	19	38
	3645	20	39
	3646	19	40
	3647	22	41
	3648	19	41
	3649	23	40
	3650	19	41
	3651	19	40
	3652	18	38
	3653	22	39
	3654	20	41
	3655	20	40
	3656	20	40
	3657	20	40
	3658	20	39
	3659	18	40
	3660	20	40
	3661	22	41
	3662	21	41
	3663	19	41
	3664	17	40
	3665	21	38
	3666	18	39
	3667	21	41
	3668	19	40
	3669	16	40
	3670	20	39
	3671	19	42
	3672	20	41
	3673	18	38
	3674	18	39
	3675	18	39
	3676	17	41
	3677	19	40
	3678	19	38
	3679	21	39
	3680	18	40
	3681	22	38
	3682	22	40
	3683	21	41
	3684	19	40
	3685	17	40
	3686	19	40
	3687	20	40
	3688	20	41
	3689	22	42
	3690	18	41
	3691	20	41
	3692	21	43
	3693	19	40
	3694	18	39
	3695	19	44
	3696	19	39
	3697	20	40
	3698	20	40
	3699	20	41
	3700	23	39
	3701	20	39
	3702	17	36
	3703	20	39
	3704	18	40
	3705	19	39
	3706	18	39
	3707	19	38
	3708	19	39
	3709	18	41
	3710	18	37
	3711	20	40
	3712	22	37
	3713	21	39
	3714	19	38
	3715	22	39
	3716	17	40
	3717	19	41
	3718	16	40
	3719	20	38
	3720	18	40
	3721	18	39
	3722	20	37
	3723	17	37
