	0	19	38
	1	19	37
	2	16	35
	3	17	37
	4	17	39
	5	19	40
	6	18	40
	7	19	38
	8	14	38
	9	19	40
	10	18	38
	11	19	36
	12	19	35
	13	18	40
	14	17	40
	15	16	39
	16	19	41
	17	19	37
	18	17	35
	19	18	38
	20	21	39
	21	18	38
	22	18	38
	23	18	39
	24	14	39
	25	20	36
	26	22	42
	27	21	40
	28	21	40
	29	20	40
	30	20	42
	31	23	42
	32	19	38
	33	19	40
	34	21	42
	35	22	40
	36	22	40
	37	21	43
	38	20	42
	39	22	42
	40	20	41
	41	21	42
	42	20	40
	43	19	46
	44	22	41
	45	21	39
	46	23	40
	47	22	41
	48	23	39
	49	21	42
	50	21	40
	51	20	44
	52	21	41
	53	22	43
	54	21	38
	55	20	41
	56	20	43
	57	22	43
	58	19	43
	59	22	44
	60	24	43
	61	21	40
	62	20	42
	63	21	43
	64	21	45
	65	24	43
	66	24	41
	67	21	41
	68	21	44
	69	25	44
	70	22	41
	71	22	41
	72	20	40
	73	24	43
	74	23	46
	75	23	45
	76	22	43
	77	23	42
	78	22	44
	79	25	44
	80	20	42
	81	22	43
	82	21	41
	83	20	47
	84	22	42
	85	23	45
	86	23	44
	87	25	44
	88	22	42
	89	23	45
	90	22	40
	91	24	42
	92	23	41
	93	22	43
	94	22	45
	95	23	42
	96	21	47
	97	20	45
	98	21	44
	99	24	43
	100	21	45
	101	24	43
	102	21	41
	103	21	43
	104	23	40
	105	24	43
	106	24	42
	107	24	43
	108	22	41
	109	23	46
	110	19	45
	111	21	42
	112	23	42
	113	22	42
	114	24	44
	115	22	44
	116	20	42
	117	23	40
	118	22	44
	119	22	44
	120	20	42
	121	23	44
	122	19	46
	123	24	46
	124	23	41
	125	23	45
	126	22	42
	127	23	44
	128	22	44
	129	23	44
	130	22	40
	131	20	44
	132	22	42
	133	22	41
	134	24	43
	135	24	44
	136	30	43
	137	23	47
	138	24	44
	139	24	44
	140	20	42
	141	31	40
	142	21	42
	143	24	44
	144	19	44
	145	21	44
	146	27	42
	147	24	40
	148	21	45
	149	21	45
	150	20	42
	151	24	45
	152	23	41
	153	24	42
	154	20	44
	155	21	46
	156	21	41
	157	24	43
	158	23	43
	159	24	45
	160	22	45
	161	22	44
	162	21	45
	163	22	43
	164	23	43
	165	24	42
	166	26	42
	167	22	42
	168	20	44
	169	25	43
	170	22	44
	171	23	45
	172	23	45
	173	25	43
	174	24	45
	175	21	44
	176	24	44
	177	23	47
	178	27	46
	179	20	45
	180	23	39
	181	21	43
	182	23	42
	183	23	45
	184	23	46
	185	24	45
	186	22	43
	187	23	44
	188	20	45
	189	25	42
	190	20	46
	191	24	45
	192	22	40
	193	25	45
	194	23	44
	195	23	43
	196	24	42
	197	24	45
	198	22	43
	199	23	47
	200	22	44
	201	24	47
	202	23	43
	203	23	44
	204	23	45
	205	25	46
	206	21	44
	207	23	44
	208	23	43
	209	25	43
	210	24	49
	211	24	46
	212	22	43
	213	23	46
	214	24	44
	215	24	46
	216	24	42
	217	23	44
	218	23	47
	219	23	55
	220	22	46
	221	22	46
	222	22	45
	223	26	42
	224	20	44
	225	21	47
	226	22	45
	227	21	46
	228	24	41
	229	23	45
	230	23	45
	231	25	47
	232	21	45
	233	23	44
	234	22	41
	235	22	47
	236	23	46
	237	22	45
	238	22	43
	239	22	44
	240	21	43
	241	24	47
	242	23	44
	243	21	43
	244	25	41
	245	25	44
	246	22	44
	247	23	46
	248	24	44
	249	25	47
	250	25	43
	251	27	46
	252	21	44
	253	23	45
	254	22	43
	255	24	47
	256	20	41
	257	23	44
	258	24	47
	259	24	46
	260	27	42
	261	22	47
	262	22	44
	263	22	46
	264	24	45
	265	23	46
	266	20	45
	267	24	45
	268	19	44
	269	23	45
	270	23	40
	271	21	44
	272	22	41
	273	21	45
	274	24	45
	275	23	45
	276	19	43
	277	24	41
	278	21	43
	279	21	46
	280	21	43
	281	23	43
	282	21	45
	283	25	46
	284	21	43
	285	25	44
	286	20	43
	287	25	43
	288	24	43
	289	24	45
	290	27	44
	291	21	43
	292	22	46
	293	20	44
	294	20	45
	295	22	45
	296	19	43
	297	23	46
	298	27	42
	299	23	45
	300	19	46
	301	24	46
	302	19	44
	303	22	44
	304	19	43
	305	18	45
	306	25	43
	307	24	44
	308	20	42
	309	24	44
	310	21	44
	311	23	44
	312	22	46
	313	19	43
	314	21	41
	315	19	43
	316	21	44
	317	23	44
	318	24	44
	319	22	46
	320	22	42
	321	21	48
	322	22	46
	323	24	44
	324	20	43
	325	26	41
	326	22	46
	327	20	47
	328	22	43
	329	24	45
	330	19	44
	331	24	47
	332	23	45
	333	23	47
	334	22	45
	335	21	42
	336	19	41
	337	22	45
	338	25	41
	339	25	47
	340	21	44
	341	22	44
	342	21	43
	343	24	44
	344	22	42
	345	26	45
	346	23	43
	347	23	42
	348	21	41
	349	23	42
	350	22	41
	351	25	43
	352	19	42
	353	23	46
	354	21	43
	355	21	44
	356	23	43
	357	23	49
	358	21	42
	359	23	43
	360	21	40
	361	20	47
	362	26	43
	363	24	45
	364	22	44
	365	24	45
	366	23	42
	367	23	43
	368	22	43
	369	22	44
	370	24	43
	371	22	41
	372	22	43
	373	20	41
	374	22	43
	375	21	43
	376	22	41
	377	25	44
	378	24	40
	379	25	43
	380	20	43
	381	21	44
	382	23	42
	383	23	45
	384	23	45
	385	22	42
	386	22	42
	387	23	45
	388	23	42
	389	22	42
	390	22	46
	391	24	46
	392	24	41
	393	21	44
	394	23	42
	395	23	42
	396	24	44
	397	22	43
	398	24	43
	399	24	47
	400	22	39
	401	24	44
	402	25	44
	403	24	44
	404	24	45
	405	26	41
	406	22	44
	407	23	43
	408	23	44
	409	21	43
	410	22	43
	411	22	44
	412	24	44
	413	21	45
	414	21	45
	415	20	45
	416	22	43
	417	23	47
	418	23	47
	419	23	45
	420	21	44
	421	23	44
	422	23	41
	423	21	47
	424	25	43
	425	25	44
	426	20	43
	427	21	43
	428	22	44
	429	24	44
	430	21	44
	431	22	47
	432	21	45
	433	25	47
	434	22	43
	435	24	44
	436	25	43
	437	23	43
	438	22	45
	439	22	46
	440	25	44
	441	25	44
	442	24	45
	443	21	43
	444	23	42
	445	24	46
	446	21	44
	447	23	43
	448	22	43
	449	23	43
	450	23	44
	451	27	45
	452	30	43
	453	24	44
	454	24	40
	455	24	43
	456	23	44
	457	24	43
	458	23	46
	459	22	42
	460	23	44
	461	24	46
	462	22	45
	463	24	42
	464	22	45
	465	23	44
	466	24	43
	467	24	46
	468	26	42
	469	24	43
	470	25	44
	471	23	48
	472	24	41
	473	24	47
	474	25	45
	475	24	41
	476	24	47
	477	26	46
	478	23	44
	479	24	45
	480	23	46
	481	23	46
	482	22	47
	483	25	43
	484	23	46
	485	24	44
	486	22	41
	487	21	45
	488	23	46
	489	24	44
	490	23	44
	491	27	49
	492	24	41
	493	22	44
	494	21	45
	495	25	46
	496	23	44
	497	28	45
	498	22	43
	499	22	44
	500	25	43
	501	24	43
	502	23	44
	503	25	44
	504	25	44
	505	25	47
	506	27	46
	507	24	48
	508	23	41
	509	24	44
	510	25	48
	511	24	49
	512	24	48
	513	22	48
	514	21	43
	515	22	45
	516	25	49
	517	27	50
	518	23	47
	519	25	47
	520	22	43
	521	23	48
	522	23	46
	523	24	49
	524	24	45
	525	28	48
	526	22	45
	527	26	46
	528	25	47
	529	25	44
	530	26	47
	531	24	50
	532	22	47
	533	25	48
	534	24	46
	535	23	46
	536	25	46
	537	26	48
	538	23	45
	539	24	46
	540	26	44
	541	27	47
	542	24	48
	543	25	46
	544	24	47
	545	27	49
	546	25	47
	547	28	48
	548	26	44
	549	24	46
	550	25	48
	551	25	47
	552	24	47
	553	24	47
	554	23	47
	555	27	44
	556	25	45
	557	26	52
	558	24	44
	559	27	48
	560	27	47
	561	26	46
	562	26	47
	563	24	48
	564	25	43
	565	27	49
	566	29	48
	567	26	47
	568	26	50
	569	23	47
	570	24	51
	571	26	51
	572	26	46
	573	25	48
	574	22	46
	575	25	50
	576	25	50
	577	25	50
	578	22	44
	579	26	47
	580	24	49
	581	26	46
	582	25	43
	583	24	49
	584	26	48
	585	25	51
	586	29	48
	587	25	49
	588	26	47
	589	28	46
	590	25	47
	591	26	50
	592	24	48
	593	25	49
	594	26	43
	595	27	50
	596	27	50
	597	26	51
	598	28	48
	599	27	50
	600	26	47
	601	26	47
	602	24	49
	603	28	52
	604	26	52
	605	28	51
	606	28	46
	607	27	49
	608	27	50
	609	27	51
	610	25	47
	611	28	46
	612	26	50
	613	27	48
	614	29	47
	615	31	48
	616	26	52
	617	29	51
	618	27	46
	619	27	50
	620	24	48
	621	28	49
	622	27	50
	623	29	50
	624	27	48
	625	27	50
	626	28	48
	627	29	49
	628	28	50
	629	29	50
	630	28	48
	631	27	51
	632	28	49
	633	27	50
	634	27	51
	635	30	52
	636	27	51
	637	31	54
	638	26	52
	639	29	53
	640	28	50
	641	29	50
	642	25	48
	643	26	49
	644	27	49
	645	28	51
	646	25	51
	647	27	52
	648	30	50
	649	29	52
	650	28	49
	651	32	50
	652	27	49
	653	28	50
	654	27	52
	655	26	51
	656	28	50
	657	31	53
	658	27	51
	659	30	52
	660	30	54
	661	29	54
	662	28	54
	663	30	51
	664	27	52
	665	33	52
	666	30	53
	667	29	55
	668	27	53
	669	30	52
	670	31	50
	671	28	53
	672	26	56
	673	30	51
	674	29	57
	675	31	56
	676	31	51
	677	30	52
	678	27	54
	679	32	57
	680	28	53
	681	25	56
	682	30	52
	683	30	55
	684	31	54
	685	30	55
	686	26	54
	687	31	54
	688	32	52
	689	30	54
	690	30	54
	691	32	55
	692	29	53
	693	27	54
	694	28	56
	695	30	56
	696	30	54
	697	29	56
	698	30	51
	699	31	55
	700	30	56
	701	30	52
	702	28	55
	703	30	54
	704	29	53
	705	31	56
	706	31	53
	707	30	53
	708	40	55
	709	30	55
	710	32	55
	711	31	56
	712	29	52
	713	30	55
	714	31	58
	715	30	58
	716	32	58
	717	28	56
	718	29	55
	719	32	54
	720	31	57
	721	34	55
	722	31	53
	723	31	56
	724	32	55
	725	30	56
	726	32	55
	727	32	54
	728	30	54
	729	34	57
	730	32	57
	731	30	59
	732	30	54
	733	31	54
	734	30	56
	735	31	57
	736	30	54
	737	32	55
	738	31	55
	739	32	56
	740	28	57
	741	30	59
	742	33	59
	743	29	58
	744	30	56
	745	28	57
	746	31	60
	747	32	59
	748	33	58
	749	31	60
	750	30	56
	751	29	56
	752	30	56
	753	33	58
	754	30	55
	755	32	57
	756	31	57
	757	28	59
	758	29	61
	759	31	60
	760	31	56
	761	30	55
	762	29	59
	763	32	59
	764	30	56
	765	30	55
	766	33	55
	767	29	55
	768	29	55
	769	35	56
	770	29	57
	771	30	55
	772	29	56
	773	31	55
	774	30	56
	775	29	55
	776	38	55
	777	31	61
	778	30	58
	779	29	57
	780	31	58
	781	32	53
	782	29	56
	783	32	59
	784	29	60
	785	31	58
	786	30	59
	787	29	59
	788	32	57
	789	30	56
	790	29	55
	791	31	61
	792	27	56
	793	28	57
	794	30	55
	795	31	55
	796	28	57
	797	31	56
	798	29	54
	799	32	58
	800	29	57
	801	32	57
	802	28	53
	803	31	61
	804	26	56
	805	31	53
	806	28	60
	807	29	55
	808	30	58
	809	30	53
	810	29	54
	811	29	55
	812	26	59
	813	31	55
	814	29	54
	815	31	54
	816	29	53
	817	27	58
	818	28	57
	819	29	55
	820	29	52
	821	28	58
	822	27	52
	823	28	57
	824	27	55
	825	27	55
	826	29	55
	827	31	55
	828	29	56
	829	30	53
	830	27	53
	831	30	51
	832	25	54
	833	29	53
	834	28	55
	835	25	56
	836	25	51
	837	30	53
	838	27	53
	839	27	52
	840	27	51
	841	27	54
	842	29	54
	843	28	54
	844	27	52
	845	27	51
	846	23	52
	847	28	52
	848	29	51
	849	29	55
	850	25	54
	851	28	52
	852	23	51
	853	27	55
	854	29	53
	855	26	54
	856	27	53
	857	28	51
	858	25	51
	859	28	53
	860	27	48
	861	26	51
	862	27	49
	863	25	51
	864	28	55
	865	26	50
	866	26	52
	867	23	53
	868	29	53
	869	29	53
	870	24	53
	871	27	52
	872	22	51
	873	26	53
	874	26	48
	875	28	52
	876	28	51
	877	29	52
	878	24	51
	879	27	49
	880	26	52
	881	28	52
	882	25	51
	883	27	51
	884	25	52
	885	28	49
	886	23	49
	887	28	51
	888	29	50
	889	26	49
	890	25	51
	891	23	50
	892	25	52
	893	26	57
	894	26	48
	895	26	50
	896	23	57
	897	28	48
	898	26	51
	899	26	52
	900	25	50
	901	27	49
	902	26	51
	903	24	49
	904	24	50
	905	23	50
	906	23	46
	907	26	50
	908	27	48
	909	26	48
	910	25	47
	911	26	47
	912	27	49
	913	23	52
	914	25	48
	915	26	50
	916	25	49
	917	25	48
	918	25	49
	919	27	50
	920	22	49
	921	26	50
	922	25	48
	923	25	50
	924	26	47
	925	23	51
	926	26	47
	927	28	50
	928	23	46
	929	28	49
	930	25	50
	931	22	50
	932	24	48
	933	27	51
	934	26	47
	935	24	50
	936	25	46
	937	24	48
	938	24	45
	939	24	47
	940	26	47
	941	25	48
	942	26	49
	943	25	51
	944	26	48
	945	25	48
	946	25	48
	947	27	49
	948	24	48
	949	23	49
	950	26	56
	951	24	49
	952	24	48
	953	23	48
	954	26	45
	955	26	46
	956	23	47
	957	24	48
	958	22	46
	959	23	47
	960	22	46
	961	24	49
	962	26	50
	963	26	47
	964	21	47
	965	24	47
	966	22	46
	967	23	47
	968	26	47
	969	26	45
	970	26	48
	971	24	46
	972	23	48
	973	24	48
	974	25	45
	975	22	44
	976	24	46
	977	25	48
	978	22	47
	979	24	44
	980	22	46
	981	24	48
	982	26	46
	983	24	49
	984	23	46
	985	23	47
	986	21	43
	987	24	49
	988	25	47
	989	23	49
	990	24	46
	991	22	45
	992	22	44
	993	21	49
	994	20	44
	995	25	40
	996	21	48
	997	27	47
	998	21	47
	999	22	45
	1000	24	44
	1001	26	47
	1002	26	48
	1003	24	46
	1004	22	46
	1005	24	47
	1006	23	44
	1007	23	48
	1008	21	45
	1009	24	44
	1010	23	45
	1011	24	45
	1012	23	48
	1013	23	43
	1014	22	44
	1015	24	43
	1016	24	46
	1017	23	44
	1018	22	44
	1019	24	43
	1020	24	46
	1021	23	46
	1022	26	46
	1023	25	44
	1024	24	41
	1025	23	46
	1026	22	46
	1027	25	43
	1028	24	42
	1029	24	43
	1030	22	43
	1031	24	47
	1032	22	45
	1033	21	44
	1034	21	42
	1035	23	43
	1036	24	44
	1037	21	46
	1038	23	44
	1039	23	47
	1040	22	45
	1041	22	44
	1042	21	43
	1043	21	44
	1044	23	48
	1045	21	45
	1046	23	44
	1047	23	45
	1048	21	47
	1049	23	44
	1050	23	46
	1051	22	45
	1052	24	42
	1053	22	43
	1054	24	43
	1055	24	49
	1056	21	43
	1057	24	44
	1058	23	44
	1059	23	45
	1060	19	43
	1061	27	44
	1062	20	44
	1063	22	43
	1064	23	44
	1065	21	46
	1066	20	47
	1067	21	43
	1068	22	45
	1069	23	45
	1070	22	44
	1071	23	44
	1072	19	42
	1073	23	42
	1074	21	44
	1075	22	42
	1076	23	42
	1077	30	44
	1078	22	40
	1079	23	44
	1080	24	44
	1081	25	43
	1082	21	46
	1083	23	43
	1084	22	41
	1085	22	45
	1086	22	47
	1087	21	43
	1088	20	44
	1089	24	42
	1090	22	42
	1091	21	45
	1092	23	42
	1093	23	42
	1094	24	42
	1095	23	45
	1096	21	45
	1097	23	44
	1098	21	42
	1099	23	44
	1100	23	45
	1101	23	44
	1102	20	45
	1103	21	42
	1104	24	43
	1105	21	43
	1106	24	43
	1107	23	41
	1108	24	43
	1109	24	46
	1110	24	48
	1111	21	43
	1112	23	42
	1113	24	43
	1114	24	44
	1115	25	42
	1116	24	43
	1117	21	43
	1118	21	43
	1119	24	41
	1120	23	44
	1121	24	45
	1122	19	42
	1123	23	41
	1124	19	44
	1125	23	42
	1126	23	45
	1127	22	42
	1128	21	41
	1129	21	42
	1130	23	44
	1131	24	47
	1132	22	43
	1133	22	46
	1134	21	42
	1135	22	45
	1136	22	48
	1137	21	43
	1138	22	41
	1139	23	43
	1140	24	43
	1141	22	41
	1142	20	43
	1143	24	42
	1144	21	44
	1145	21	44
	1146	21	41
	1147	23	45
	1148	21	42
	1149	22	43
	1150	22	42
	1151	23	43
	1152	23	42
	1153	20	44
	1154	24	43
	1155	22	43
	1156	23	45
	1157	22	43
	1158	20	45
	1159	22	39
	1160	23	45
	1161	25	45
	1162	21	43
	1163	19	46
	1164	19	41
	1165	23	44
	1166	22	42
	1167	22	41
	1168	23	46
	1169	22	43
	1170	22	41
	1171	26	45
	1172	20	47
	1173	22	44
	1174	21	45
	1175	20	43
	1176	22	46
	1177	22	44
	1178	22	42
	1179	23	43
	1180	22	46
	1181	22	43
	1182	24	42
	1183	21	42
	1184	22	43
	1185	23	43
	1186	22	43
	1187	22	42
	1188	21	45
	1189	22	47
	1190	22	43
	1191	23	43
	1192	22	43
	1193	19	41
	1194	20	44
	1195	22	45
	1196	26	43
	1197	23	42
	1198	20	41
	1199	23	41
	1200	22	43
	1201	24	44
	1202	21	43
	1203	23	44
	1204	23	44
	1205	24	43
	1206	22	44
	1207	25	44
	1208	18	40
	1209	25	43
	1210	22	45
	1211	22	44
	1212	20	42
	1213	23	39
	1214	21	44
	1215	24	42
	1216	21	43
	1217	19	44
	1218	16	41
	1219	24	41
	1220	23	42
	1221	23	44
	1222	22	41
	1223	20	44
	1224	23	40
	1225	24	43
	1226	21	46
	1227	23	42
	1228	21	43
	1229	21	43
	1230	23	43
	1231	21	46
	1232	21	45
	1233	24	41
	1234	22	42
	1235	23	44
	1236	23	40
	1237	23	43
	1238	21	43
	1239	20	44
	1240	20	40
	1241	21	43
	1242	22	44
	1243	23	44
	1244	22	42
	1245	23	43
	1246	22	41
	1247	22	45
	1248	22	41
	1249	23	45
	1250	21	42
	1251	21	41
	1252	22	45
	1253	22	43
	1254	20	44
	1255	22	41
	1256	22	43
	1257	22	42
	1258	21	43
	1259	20	43
	1260	25	43
	1261	22	42
	1262	20	40
	1263	23	45
	1264	22	44
	1265	20	46
	1266	28	45
	1267	30	42
	1268	21	42
	1269	23	43
	1270	20	44
	1271	25	44
	1272	20	45
	1273	22	44
	1274	23	43
	1275	25	47
	1276	21	44
	1277	23	42
	1278	21	44
	1279	21	43
	1280	21	43
	1281	22	45
	1282	23	44
	1283	21	42
	1284	21	42
	1285	21	44
	1286	21	42
	1287	22	44
	1288	20	42
	1289	21	43
	1290	19	43
	1291	20	46
	1292	21	41
	1293	24	42
	1294	22	43
	1295	21	43
	1296	20	44
	1297	20	43
	1298	22	43
	1299	20	44
	1300	19	43
	1301	23	43
	1302	21	42
	1303	23	45
	1304	19	42
	1305	27	43
	1306	20	45
	1307	20	43
	1308	21	42
	1309	21	43
	1310	20	41
	1311	22	46
	1312	21	45
	1313	23	43
	1314	22	42
	1315	20	46
	1316	22	46
	1317	20	42
	1318	19	43
	1319	25	44
	1320	20	45
	1321	22	43
	1322	21	40
	1323	24	42
	1324	22	45
	1325	23	43
	1326	21	41
	1327	24	46
	1328	22	46
	1329	22	42
	1330	23	44
	1331	25	43
	1332	22	41
	1333	25	44
	1334	23	44
	1335	22	43
	1336	19	43
	1337	23	42
	1338	20	43
	1339	19	45
	1340	21	43
	1341	20	46
	1342	23	43
	1343	24	42
	1344	22	43
	1345	22	44
	1346	22	43
	1347	20	42
	1348	23	43
	1349	23	46
	1350	24	40
	1351	23	45
	1352	23	44
	1353	26	43
	1354	20	41
	1355	24	44
	1356	19	41
	1357	18	39
	1358	23	46
	1359	23	43
	1360	20	43
	1361	25	41
	1362	24	43
	1363	18	45
	1364	19	42
	1365	22	43
	1366	23	40
	1367	24	44
	1368	20	44
	1369	23	43
	1370	21	44
	1371	24	45
	1372	28	46
	1373	23	46
	1374	19	43
	1375	23	41
	1376	20	43
	1377	22	44
	1378	20	43
	1379	23	43
	1380	22	42
	1381	29	43
	1382	20	43
	1383	22	42
	1384	24	43
	1385	22	43
	1386	21	44
	1387	24	47
	1388	21	43
	1389	20	43
	1390	19	43
	1391	21	45
	1392	21	41
	1393	23	46
	1394	23	42
	1395	21	43
	1396	20	42
	1397	20	42
	1398	22	46
	1399	22	46
	1400	25	44
	1401	24	43
	1402	18	42
	1403	21	46
	1404	23	44
	1405	21	45
	1406	23	44
	1407	18	45
	1408	22	42
	1409	20	43
	1410	23	47
	1411	24	42
	1412	22	45
	1413	22	43
	1414	21	44
	1415	21	45
	1416	19	45
	1417	22	41
	1418	24	43
	1419	22	43
	1420	20	41
	1421	22	47
	1422	24	42
	1423	24	43
	1424	22	45
	1425	22	44
	1426	21	43
	1427	22	44
	1428	21	43
	1429	20	44
	1430	20	46
	1431	22	44
	1432	22	42
	1433	24	43
	1434	23	43
	1435	22	42
	1436	19	46
	1437	21	42
	1438	24	44
	1439	24	41
	1440	22	43
	1441	21	46
	1442	21	43
	1443	21	42
	1444	22	44
	1445	23	43
	1446	21	41
	1447	21	45
	1448	21	43
	1449	22	45
	1450	21	45
	1451	23	43
	1452	18	43
	1453	20	46
	1454	20	42
	1455	21	43
	1456	21	43
	1457	23	45
	1458	23	42
	1459	22	43
	1460	22	43
	1461	21	43
	1462	20	45
	1463	22	47
	1464	22	43
	1465	24	42
	1466	19	42
	1467	20	43
	1468	21	43
	1469	21	41
	1470	17	46
	1471	23	46
	1472	20	42
	1473	21	44
	1474	22	44
	1475	22	42
	1476	22	42
	1477	22	45
	1478	19	43
	1479	22	44
	1480	23	39
	1481	18	43
	1482	20	44
	1483	20	43
	1484	18	42
	1485	21	42
	1486	23	39
	1487	22	42
	1488	22	42
	1489	21	41
	1490	20	44
	1491	21	42
	1492	23	41
	1493	24	44
	1494	23	43
	1495	19	43
	1496	20	42
	1497	23	46
	1498	19	42
	1499	21	46
	1500	19	44
	1501	22	43
	1502	20	39
	1503	21	42
	1504	21	39
	1505	20	42
	1506	20	42
	1507	23	43
	1508	17	41
	1509	20	40
	1510	19	43
	1511	26	43
	1512	22	40
	1513	22	44
	1514	20	41
	1515	20	41
	1516	21	41
	1517	25	41
	1518	22	44
	1519	21	45
	1520	21	43
	1521	19	42
	1522	21	43
	1523	20	44
	1524	18	42
	1525	22	42
	1526	22	39
	1527	23	44
	1528	22	43
	1529	23	44
	1530	23	38
	1531	27	43
	1532	22	44
	1533	26	42
	1534	23	43
	1535	24	45
	1536	21	39
	1537	20	44
	1538	22	40
	1539	21	43
	1540	20	44
	1541	20	44
	1542	21	40
	1543	22	44
	1544	20	41
	1545	20	42
	1546	21	42
	1547	22	41
	1548	20	45
	1549	21	42
	1550	20	39
	1551	24	44
	1552	22	41
	1553	24	41
	1554	19	43
	1555	22	43
	1556	20	45
	1557	21	42
	1558	24	48
	1559	19	46
	1560	19	44
	1561	24	39
	1562	21	45
	1563	23	44
	1564	23	43
	1565	22	44
	1566	24	42
	1567	23	42
	1568	23	43
	1569	22	46
	1570	21	44
	1571	24	52
	1572	24	44
	1573	20	46
	1574	20	46
	1575	21	46
	1576	23	46
	1577	23	46
	1578	23	44
	1579	24	41
	1580	19	42
	1581	22	45
	1582	21	49
	1583	22	46
	1584	23	47
	1585	24	44
	1586	24	47
	1587	22	46
	1588	21	44
	1589	22	45
	1590	23	43
	1591	22	49
	1592	21	45
	1593	22	47
	1594	20	44
	1595	22	46
	1596	24	47
	1597	30	45
	1598	23	45
	1599	24	48
	1600	20	45
	1601	23	44
	1602	19	43
	1603	24	45
	1604	23	46
	1605	23	49
	1606	23	43
	1607	22	48
	1608	22	47
	1609	23	47
	1610	19	44
	1611	24	44
	1612	22	45
	1613	25	47
	1614	20	42
	1615	21	47
	1616	20	43
	1617	22	48
	1618	21	45
	1619	21	46
	1620	24	45
	1621	20	47
	1622	23	43
	1623	22	45
	1624	24	45
	1625	23	45
	1626	22	45
	1627	25	45
	1628	21	45
	1629	19	44
	1630	22	43
	1631	23	46
	1632	22	47
	1633	22	47
	1634	21	47
	1635	22	46
	1636	22	44
	1637	22	48
	1638	19	43
	1639	21	48
	1640	24	46
	1641	23	46
	1642	19	43
	1643	23	45
	1644	22	44
	1645	24	46
	1646	29	46
	1647	22	46
	1648	23	47
	1649	21	46
	1650	23	48
	1651	20	46
	1652	23	44
	1653	23	46
	1654	24	46
	1655	24	45
	1656	20	45
	1657	23	45
	1658	23	44
	1659	23	44
	1660	21	45
	1661	23	45
	1662	23	46
	1663	25	44
	1664	23	45
	1665	24	46
	1666	23	45
	1667	23	46
	1668	23	47
	1669	21	45
	1670	22	44
	1671	22	43
	1672	20	45
	1673	22	41
	1674	20	43
	1675	23	44
	1676	24	43
	1677	24	46
	1678	24	45
	1679	23	46
	1680	25	45
	1681	23	49
	1682	20	45
	1683	23	48
	1684	23	46
	1685	23	45
	1686	20	45
	1687	23	44
	1688	21	43
	1689	23	45
	1690	23	41
	1691	22	44
	1692	20	44
	1693	22	45
	1694	19	44
	1695	19	45
	1696	22	44
	1697	22	46
	1698	20	42
	1699	22	46
	1700	21	46
	1701	19	43
	1702	22	43
	1703	21	40
	1704	20	41
	1705	24	43
	1706	17	41
	1707	20	43
	1708	21	41
	1709	19	43
	1710	21	43
	1711	21	43
	1712	21	41
	1713	20	41
	1714	21	42
	1715	26	43
	1716	19	39
	1717	19	43
	1718	25	42
	1719	20	44
	1720	22	43
	1721	22	42
	1722	20	40
	1723	20	42
	1724	20	40
	1725	21	44
	1726	26	40
	1727	19	43
	1728	23	39
	1729	19	42
	1730	21	43
	1731	20	43
	1732	23	42
	1733	19	39
	1734	18	40
	1735	21	39
	1736	21	41
	1737	21	43
	1738	20	41
	1739	21	41
	1740	25	42
	1741	21	41
	1742	18	38
	1743	21	43
	1744	20	41
	1745	19	39
	1746	22	42
	1747	20	41
	1748	21	42
	1749	20	42
	1750	19	41
	1751	21	41
	1752	23	43
	1753	19	41
	1754	21	43
	1755	22	41
	1756	20	41
	1757	22	39
	1758	20	43
	1759	21	42
	1760	19	44
	1761	19	41
	1762	19	42
	1763	19	39
	1764	18	42
	1765	20	41
	1766	24	42
	1767	19	38
	1768	18	38
	1769	22	45
	1770	20	41
	1771	23	42
	1772	21	41
	1773	20	41
	1774	20	42
	1775	20	43
	1776	19	42
	1777	23	42
	1778	20	39
	1779	21	40
	1780	19	40
	1781	21	42
	1782	23	42
	1783	20	40
	1784	21	41
	1785	22	41
	1786	19	41
	1787	17	44
	1788	23	39
	1789	21	44
	1790	23	42
	1791	23	39
	1792	21	42
	1793	20	42
	1794	21	41
	1795	20	42
	1796	23	41
	1797	21	43
	1798	21	39
	1799	22	40
	1800	21	39
	1801	19	43
	1802	20	41
	1803	23	44
	1804	21	41
	1805	22	40
	1806	17	43
	1807	22	41
	1808	21	41
	1809	19	46
	1810	20	39
	1811	23	41
	1812	18	44
	1813	20	43
	1814	23	39
	1815	17	43
	1816	21	40
	1817	20	41
	1818	19	42
	1819	22	40
	1820	17	42
	1821	21	40
	1822	19	41
	1823	18	42
	1824	20	41
	1825	22	42
	1826	20	40
	1827	19	41
	1828	19	41
	1829	19	42
	1830	20	41
	1831	20	43
	1832	22	42
	1833	19	43
	1834	22	41
	1835	23	41
	1836	21	41
	1837	21	41
	1838	20	42
	1839	20	43
	1840	20	42
	1841	20	42
	1842	21	41
	1843	19	40
	1844	22	41
	1845	19	44
	1846	17	43
	1847	20	43
	1848	20	41
	1849	20	40
	1850	18	42
	1851	20	42
	1852	19	46
	1853	22	42
	1854	20	38
	1855	22	42
	1856	20	42
	1857	20	39
	1858	17	42
	1859	20	38
	1860	19	41
	1861	19	41
	1862	20	41
	1863	23	43
	1864	23	41
	1865	20	44
	1866	19	40
	1867	19	42
	1868	17	41
	1869	21	42
	1870	19	40
	1871	21	41
	1872	19	42
	1873	18	42
	1874	19	42
	1875	21	41
	1876	20	42
	1877	21	38
	1878	23	38
	1879	23	43
	1880	20	38
	1881	22	39
	1882	21	38
	1883	23	41
	1884	21	39
	1885	19	43
	1886	22	40
	1887	18	42
	1888	19	38
	1889	22	41
	1890	21	43
	1891	22	40
	1892	19	42
	1893	21	42
	1894	20	44
	1895	21	45
	1896	22	42
	1897	19	42
	1898	21	41
	1899	21	41
	1900	21	42
	1901	20	42
	1902	20	38
	1903	23	40
	1904	22	40
	1905	20	40
	1906	18	40
	1907	27	41
	1908	21	39
	1909	20	42
	1910	20	41
	1911	19	37
	1912	21	41
	1913	19	39
	1914	17	42
	1915	22	40
	1916	20	41
	1917	24	37
	1918	19	37
	1919	18	43
	1920	19	41
	1921	18	46
	1922	20	42
	1923	23	39
	1924	19	44
	1925	21	41
	1926	24	41
	1927	20	41
	1928	21	41
	1929	24	41
	1930	20	44
	1931	20	40
	1932	21	39
	1933	22	39
	1934	19	37
	1935	23	41
	1936	22	40
	1937	24	42
	1938	17	42
	1939	21	41
	1940	20	38
	1941	19	41
	1942	20	39
	1943	22	42
	1944	19	42
	1945	20	42
	1946	19	41
	1947	17	39
	1948	21	45
	1949	19	41
	1950	19	42
	1951	21	39
	1952	19	41
	1953	20	42
	1954	17	40
	1955	21	37
	1956	18	42
	1957	19	43
	1958	19	40
	1959	19	42
	1960	18	41
	1961	19	42
	1962	20	38
	1963	21	41
	1964	20	42
	1965	22	42
	1966	18	38
	1967	20	40
	1968	20	40
	1969	20	43
	1970	18	42
	1971	22	41
	1972	21	38
	1973	22	44
	1974	19	40
	1975	23	41
	1976	20	42
	1977	19	41
	1978	18	42
	1979	19	42
	1980	18	39
	1981	19	42
	1982	20	43
	1983	20	38
	1984	23	41
	1985	21	41
	1986	16	42
	1987	19	41
	1988	21	43
	1989	21	40
	1990	23	41
	1991	21	40
	1992	18	40
	1993	19	41
	1994	18	42
	1995	17	42
	1996	19	41
	1997	19	39
	1998	20	41
	1999	21	41
	2000	16	43
	2001	18	41
	2002	19	41
	2003	19	39
	2004	19	43
	2005	20	43
	2006	21	41
	2007	20	44
	2008	16	41
	2009	18	40
	2010	20	37
	2011	19	43
	2012	19	42
	2013	17	43
	2014	20	42
	2015	20	40
	2016	18	42
	2017	20	41
	2018	19	40
	2019	21	44
	2020	17	40
	2021	19	39
	2022	20	43
	2023	20	40
	2024	19	42
	2025	19	40
	2026	21	40
	2027	20	42
	2028	18	42
	2029	22	39
	2030	21	40
	2031	21	41
	2032	16	37
	2033	22	41
	2034	18	41
	2035	19	41
	2036	16	41
	2037	21	40
	2038	21	42
	2039	18	42
	2040	22	40
	2041	22	40
	2042	19	40
	2043	21	41
	2044	20	43
	2045	19	42
	2046	20	40
	2047	21	41
	2048	19	39
	2049	21	40
	2050	20	42
	2051	18	39
	2052	17	41
	2053	21	40
	2054	20	41
	2055	19	40
	2056	21	41
	2057	18	39
	2058	18	39
	2059	18	42
	2060	18	37
	2061	20	39
	2062	20	44
	2063	19	43
	2064	17	41
	2065	18	43
	2066	20	38
	2067	21	41
	2068	21	39
	2069	19	42
	2070	18	41
	2071	19	44
	2072	18	40
	2073	19	41
	2074	19	38
	2075	20	41
	2076	20	41
	2077	22	42
	2078	19	41
	2079	22	41
	2080	20	41
	2081	20	42
	2082	19	41
	2083	24	41
	2084	21	41
	2085	20	43
	2086	20	39
	2087	20	40
	2088	21	40
	2089	20	42
	2090	20	39
	2091	19	39
	2092	20	42
	2093	20	40
	2094	22	41
	2095	21	39
	2096	19	38
	2097	23	42
	2098	15	41
	2099	18	41
	2100	20	41
	2101	19	39
	2102	20	39
	2103	21	41
	2104	20	42
	2105	21	42
	2106	21	40
	2107	16	41
	2108	20	40
	2109	20	41
	2110	17	41
	2111	23	40
	2112	18	39
	2113	20	41
	2114	20	40
	2115	20	44
	2116	20	42
	2117	21	39
	2118	19	41
	2119	20	42
	2120	16	38
	2121	22	41
	2122	22	43
	2123	20	42
	2124	20	38
	2125	17	42
	2126	19	39
	2127	20	42
	2128	21	40
	2129	18	41
	2130	19	41
	2131	18	43
	2132	16	40
	2133	20	39
	2134	21	40
	2135	21	38
	2136	18	38
	2137	20	43
	2138	19	40
	2139	22	39
	2140	18	43
	2141	21	40
	2142	19	41
	2143	20	44
	2144	20	40
	2145	20	39
	2146	17	40
	2147	19	40
	2148	21	43
	2149	18	42
	2150	21	39
	2151	21	39
	2152	21	44
	2153	22	42
	2154	20	40
	2155	18	40
	2156	20	42
	2157	21	42
	2158	22	39
	2159	19	43
	2160	19	40
	2161	18	37
	2162	20	39
	2163	20	40
	2164	19	39
	2165	20	41
	2166	17	40
	2167	20	41
	2168	20	41
	2169	22	43
	2170	20	58
	2171	18	40
	2172	19	38
	2173	22	41
	2174	22	38
	2175	18	40
	2176	19	40
	2177	21	44
	2178	17	44
	2179	21	42
	2180	18	40
	2181	22	39
	2182	19	42
	2183	20	39
	2184	21	43
	2185	18	41
	2186	21	41
	2187	21	40
	2188	19	39
	2189	20	43
	2190	18	41
	2191	20	42
	2192	21	39
	2193	19	40
	2194	18	45
	2195	23	40
	2196	18	38
	2197	21	41
	2198	19	39
	2199	19	43
	2200	17	39
	2201	22	41
	2202	21	41
	2203	23	43
	2204	19	39
	2205	22	40
	2206	19	42
	2207	20	41
	2208	21	40
	2209	23	40
	2210	17	40
	2211	19	41
	2212	18	41
	2213	21	41
	2214	18	38
	2215	19	41
	2216	19	37
	2217	20	39
	2218	20	39
	2219	17	41
	2220	18	40
	2221	21	42
	2222	20	40
	2223	20	41
	2224	19	42
	2225	20	40
	2226	21	43
	2227	20	43
	2228	18	38
	2229	21	40
	2230	19	40
	2231	18	40
	2232	19	41
	2233	20	42
	2234	16	39
	2235	17	44
	2236	19	43
	2237	22	41
	2238	21	43
	2239	17	43
	2240	19	41
	2241	21	38
	2242	21	42
	2243	20	40
	2244	18	41
	2245	19	41
	2246	17	39
	2247	20	43
	2248	22	38
	2249	22	42
	2250	19	40
	2251	20	40
	2252	18	41
	2253	20	41
	2254	21	40
	2255	18	43
	2256	19	41
	2257	20	41
	2258	20	39
	2259	20	40
	2260	19	42
	2261	22	41
	2262	22	40
	2263	20	40
	2264	19	39
	2265	21	42
	2266	21	42
	2267	19	42
	2268	20	37
	2269	20	43
	2270	20	41
	2271	21	42
	2272	20	41
	2273	19	40
	2274	19	39
	2275	20	42
	2276	22	41
	2277	20	42
	2278	17	40
	2279	19	36
	2280	21	41
	2281	22	42
	2282	22	41
	2283	22	39
	2284	20	39
	2285	19	39
	2286	21	42
	2287	21	42
	2288	19	39
	2289	18	41
	2290	19	40
	2291	20	40
	2292	19	42
	2293	23	41
	2294	21	43
	2295	19	43
	2296	23	38
	2297	24	41
	2298	20	43
	2299	21	41
	2300	19	41
	2301	21	41
	2302	22	40
	2303	20	39
	2304	19	40
	2305	22	41
	2306	20	37
	2307	19	41
	2308	19	40
	2309	22	39
	2310	17	39
	2311	19	40
	2312	17	39
	2313	20	41
	2314	21	36
	2315	18	44
	2316	21	39
	2317	15	39
	2318	19	41
	2319	19	39
	2320	20	39
	2321	23	39
	2322	19	37
	2323	20	41
	2324	19	40
	2325	19	41
	2326	18	41
	2327	22	40
	2328	20	42
	2329	20	40
	2330	22	41
	2331	19	41
	2332	18	42
	2333	23	41
	2334	18	37
	2335	22	38
	2336	19	40
	2337	18	38
	2338	22	38
	2339	21	39
	2340	18	41
	2341	21	43
	2342	21	37
	2343	20	39
	2344	16	39
	2345	20	40
	2346	19	39
	2347	21	39
	2348	20	37
	2349	20	39
	2350	21	41
	2351	18	42
	2352	18	39
	2353	18	36
	2354	20	39
	2355	22	40
	2356	19	39
	2357	20	38
	2358	22	41
	2359	19	39
	2360	21	41
	2361	18	41
	2362	18	39
	2363	20	41
	2364	19	37
	2365	19	37
	2366	19	39
	2367	19	42
	2368	20	39
	2369	22	40
	2370	20	37
	2371	20	39
	2372	19	39
	2373	19	39
	2374	20	40
	2375	22	40
	2376	18	38
	2377	19	40
	2378	18	39
	2379	20	43
	2380	20	40
	2381	20	41
	2382	17	40
	2383	19	41
	2384	19	40
	2385	17	39
	2386	19	39
	2387	21	43
	2388	19	41
	2389	20	41
	2390	15	41
	2391	19	39
	2392	19	39
	2393	21	38
	2394	21	40
	2395	19	39
	2396	20	41
	2397	19	41
	2398	20	40
	2399	20	41
	2400	20	42
	2401	20	42
	2402	18	41
	2403	29	43
	2404	17	41
	2405	21	41
	2406	20	39
	2407	20	40
	2408	20	40
	2409	21	39
	2410	21	41
	2411	22	40
	2412	19	39
	2413	19	42
	2414	20	39
	2415	20	39
	2416	19	39
	2417	19	48
	2418	17	39
	2419	20	41
	2420	19	40
	2421	21	40
	2422	16	39
	2423	19	41
	2424	18	41
	2425	21	41
	2426	22	41
	2427	20	41
	2428	22	39
	2429	19	40
	2430	19	41
	2431	19	41
	2432	19	41
	2433	19	43
	2434	22	40
	2435	19	38
	2436	19	37
	2437	19	40
	2438	17	42
	2439	20	41
	2440	17	36
	2441	22	43
	2442	16	37
	2443	18	41
	2444	21	41
	2445	17	40
	2446	20	39
	2447	19	41
	2448	19	41
	2449	20	40
	2450	20	41
	2451	19	41
	2452	19	40
	2453	19	45
	2454	19	40
	2455	19	43
	2456	19	41
	2457	19	39
	2458	17	39
	2459	20	41
	2460	21	40
	2461	21	39
	2462	22	38
	2463	18	38
	2464	19	43
	2465	19	41
	2466	19	42
	2467	20	44
	2468	19	36
	2469	19	41
	2470	19	39
	2471	19	44
	2472	20	40
	2473	20	40
	2474	21	42
	2475	21	42
	2476	18	39
	2477	18	40
	2478	19	39
	2479	21	40
	2480	19	41
	2481	20	42
	2482	19	42
	2483	22	40
	2484	19	40
	2485	20	40
	2486	18	39
	2487	21	40
	2488	18	40
	2489	21	40
	2490	16	41
	2491	20	39
	2492	18	40
	2493	19	39
	2494	20	40
	2495	20	43
	2496	17	41
	2497	17	39
	2498	16	39
	2499	21	41
	2500	22	41
	2501	21	41
	2502	18	41
	2503	19	41
	2504	19	40
	2505	19	42
	2506	18	41
	2507	22	40
	2508	18	41
	2509	21	42
	2510	20	41
	2511	18	40
	2512	20	40
	2513	19	46
	2514	20	41
	2515	20	39
	2516	19	44
	2517	20	42
	2518	21	40
	2519	20	40
	2520	20	39
	2521	20	37
	2522	17	41
	2523	18	38
	2524	18	44
	2525	20	41
	2526	22	38
	2527	18	39
	2528	19	43
	2529	18	39
	2530	17	42
	2531	20	41
	2532	19	41
	2533	19	37
	2534	18	40
	2535	22	41
	2536	17	39
	2537	19	39
	2538	20	42
	2539	20	40
	2540	21	39
	2541	18	41
	2542	19	41
	2543	21	40
	2544	20	39
	2545	20	43
	2546	20	39
	2547	22	39
	2548	17	40
	2549	20	40
	2550	19	40
	2551	20	38
	2552	21	38
	2553	22	41
	2554	20	39
	2555	19	41
	2556	19	38
	2557	21	43
	2558	18	40
	2559	20	41
	2560	20	40
	2561	21	38
	2562	18	41
	2563	19	41
	2564	19	37
	2565	18	43
	2566	17	38
	2567	21	46
	2568	21	41
	2569	20	40
	2570	16	40
	2571	19	44
	2572	20	39
	2573	20	44
	2574	21	39
	2575	18	39
	2576	19	40
	2577	21	41
	2578	19	39
	2579	19	43
	2580	19	38
	2581	21	41
	2582	16	42
	2583	19	41
	2584	17	38
	2585	19	39
	2586	18	40
	2587	19	41
	2588	19	39
	2589	22	40
	2590	19	40
	2591	21	41
	2592	18	38
	2593	19	39
	2594	19	40
	2595	20	39
	2596	19	41
	2597	20	41
	2598	17	40
	2599	20	41
	2600	18	41
	2601	20	41
	2602	18	38
	2603	21	42
	2604	19	39
	2605	19	43
	2606	19	41
	2607	19	41
	2608	19	43
	2609	20	41
	2610	19	40
	2611	19	39
	2612	19	39
	2613	21	37
	2614	19	40
	2615	20	41
	2616	20	40
	2617	21	40
	2618	18	36
	2619	22	39
	2620	19	37
	2621	20	38
	2622	20	39
	2623	21	40
	2624	17	41
	2625	21	41
	2626	26	40
	2627	19	40
	2628	19	40
	2629	18	41
	2630	20	39
	2631	19	41
	2632	19	40
	2633	24	42
	2634	19	42
	2635	21	42
	2636	17	40
	2637	21	44
	2638	17	41
	2639	20	38
	2640	21	40
	2641	20	41
	2642	21	42
	2643	19	41
	2644	18	40
	2645	21	40
	2646	20	38
	2647	23	40
	2648	18	40
	2649	19	40
	2650	20	39
	2651	21	40
	2652	20	41
	2653	20	39
	2654	21	43
	2655	19	41
	2656	20	39
	2657	20	42
	2658	21	40
	2659	19	42
	2660	23	39
	2661	21	38
	2662	21	40
	2663	19	42
	2664	20	42
	2665	20	43
	2666	19	39
	2667	20	40
	2668	18	41
	2669	22	39
	2670	18	40
	2671	17	42
	2672	21	40
	2673	20	42
	2674	19	40
	2675	17	42
	2676	15	39
	2677	18	39
	2678	20	41
	2679	19	40
	2680	20	39
	2681	20	39
	2682	19	39
	2683	19	41
	2684	20	40
	2685	19	39
	2686	20	41
	2687	19	39
	2688	20	38
	2689	19	38
	2690	19	38
	2691	18	39
	2692	19	40
	2693	19	40
	2694	17	41
	2695	19	41
	2696	16	40
	2697	19	41
	2698	20	39
	2699	20	41
	2700	16	40
	2701	22	41
	2702	19	41
	2703	19	40
	2704	18	37
	2705	23	39
	2706	22	41
	2707	20	40
	2708	17	40
	2709	19	40
	2710	18	37
	2711	20	40
	2712	19	40
	2713	20	41
	2714	20	40
	2715	19	40
	2716	16	37
	2717	21	41
	2718	19	38
	2719	21	39
	2720	21	39
	2721	25	39
	2722	20	40
	2723	20	40
	2724	19	38
	2725	19	39
	2726	22	38
	2727	21	42
	2728	17	42
	2729	22	43
	2730	18	41
	2731	21	39
	2732	20	40
	2733	18	39
	2734	20	42
	2735	21	38
	2736	19	39
	2737	22	40
	2738	19	41
	2739	18	41
	2740	19	39
	2741	20	39
	2742	22	41
	2743	22	43
	2744	17	40
	2745	20	40
	2746	19	43
	2747	23	39
	2748	19	39
	2749	21	42
	2750	17	40
	2751	21	41
	2752	20	39
	2753	19	41
	2754	20	42
	2755	19	40
	2756	20	41
	2757	22	43
	2758	20	40
	2759	22	38
	2760	21	40
	2761	19	39
	2762	19	44
	2763	22	41
	2764	17	39
	2765	21	39
	2766	20	39
	2767	20	40
	2768	19	39
	2769	19	41
	2770	20	43
	2771	22	41
	2772	21	43
	2773	25	38
	2774	19	37
	2775	20	42
	2776	19	41
	2777	17	44
	2778	19	39
	2779	22	40
	2780	18	39
	2781	21	40
	2782	17	37
	2783	26	39
	2784	21	39
	2785	18	36
	2786	22	41
	2787	21	41
	2788	21	39
	2789	16	43
	2790	19	39
	2791	17	42
	2792	20	43
	2793	21	41
	2794	18	40
	2795	23	41
	2796	19	38
	2797	21	40
	2798	21	41
	2799	21	39
	2800	20	40
	2801	20	41
	2802	19	44
	2803	19	41
	2804	18	41
	2805	20	39
	2806	19	40
	2807	21	39
	2808	21	39
	2809	20	41
	2810	20	42
	2811	21	40
	2812	19	43
	2813	20	42
	2814	21	39
	2815	19	38
	2816	20	40
	2817	18	40
	2818	21	40
	2819	22	41
	2820	22	40
	2821	20	43
	2822	20	40
	2823	20	40
	2824	21	37
	2825	21	42
	2826	21	39
	2827	21	40
	2828	22	39
	2829	20	39
	2830	22	39
	2831	25	39
	2832	20	40
	2833	21	40
	2834	19	39
	2835	20	42
	2836	19	38
	2837	19	41
	2838	21	38
	2839	18	41
	2840	21	38
	2841	17	41
	2842	19	40
	2843	20	40
	2844	19	38
	2845	18	41
	2846	19	40
	2847	22	39
	2848	20	39
	2849	21	41
	2850	17	39
	2851	17	40
	2852	19	42
	2853	19	41
	2854	19	37
	2855	20	41
	2856	16	41
	2857	20	42
	2858	18	39
	2859	20	44
	2860	18	37
	2861	19	41
	2862	18	39
	2863	21	42
	2864	18	41
	2865	20	38
	2866	19	39
	2867	19	39
	2868	17	39
	2869	23	41
	2870	19	38
	2871	20	40
	2872	20	40
	2873	20	38
	2874	18	41
	2875	20	42
	2876	18	40
	2877	21	44
	2878	20	42
	2879	19	41
	2880	17	39
	2881	20	39
	2882	19	40
	2883	23	41
	2884	18	41
	2885	19	41
	2886	21	40
	2887	20	39
	2888	18	41
	2889	40	40
	2890	19	39
	2891	22	41
	2892	19	39
	2893	21	39
	2894	18	37
	2895	19	39
	2896	19	41
	2897	21	42
	2898	19	43
	2899	20	39
	2900	18	38
	2901	17	43
	2902	18	36
	2903	20	38
	2904	19	43
	2905	19	42
	2906	18	41
	2907	21	42
	2908	20	39
	2909	19	37
	2910	20	39
	2911	20	45
	2912	17	40
	2913	21	44
	2914	18	42
	2915	19	42
	2916	18	41
	2917	21	42
	2918	20	41
	2919	22	39
	2920	25	37
	2921	19	41
	2922	21	39
	2923	19	37
	2924	20	39
	2925	22	39
	2926	19	39
	2927	19	39
	2928	16	37
	2929	20	40
	2930	20	40
	2931	19	42
	2932	19	39
	2933	20	42
	2934	17	40
	2935	16	40
	2936	19	38
	2937	19	40
	2938	17	38
	2939	21	42
	2940	18	43
	2941	20	39
	2942	18	42
	2943	18	41
	2944	19	41
	2945	22	42
	2946	18	41
	2947	19	42
	2948	20	39
	2949	20	40
	2950	20	41
	2951	20	40
	2952	17	39
	2953	20	40
	2954	16	42
	2955	19	42
	2956	21	40
	2957	18	37
	2958	19	41
	2959	21	38
	2960	20	40
	2961	19	43
	2962	19	40
	2963	17	40
	2964	20	39
	2965	19	41
	2966	20	39
	2967	19	41
	2968	20	39
	2969	18	41
	2970	21	41
	2971	21	43
	2972	21	42
	2973	19	39
	2974	17	40
	2975	23	41
	2976	20	38
	2977	19	41
	2978	19	38
	2979	19	39
	2980	19	40
	2981	20	40
	2982	18	38
	2983	18	39
	2984	18	39
	2985	21	44
	2986	20	39
	2987	18	41
	2988	19	38
	2989	22	40
	2990	20	40
	2991	19	41
	2992	20	37
	2993	21	41
	2994	19	42
	2995	22	39
	2996	21	41
	2997	20	42
	2998	25	38
	2999	22	40
	3000	19	39
	3001	20	39
	3002	18	42
	3003	20	40
	3004	19	41
	3005	21	41
	3006	20	41
	3007	17	42
	3008	17	41
	3009	20	40
	3010	20	41
	3011	19	39
	3012	22	40
	3013	21	40
	3014	21	43
	3015	22	39
	3016	20	41
	3017	21	41
	3018	22	40
	3019	20	40
	3020	19	37
	3021	21	40
	3022	17	39
	3023	21	41
	3024	21	39
	3025	21	40
	3026	21	39
	3027	23	38
	3028	19	40
	3029	23	39
	3030	17	39
	3031	20	41
	3032	20	40
	3033	20	37
	3034	22	40
	3035	19	40
	3036	19	41
	3037	19	39
	3038	19	38
	3039	21	43
	3040	16	39
	3041	21	43
	3042	18	40
	3043	20	41
	3044	19	39
	3045	21	39
	3046	18	42
	3047	17	42
	3048	19	38
	3049	20	39
	3050	21	39
	3051	21	43
	3052	19	37
	3053	20	42
	3054	17	40
	3055	18	40
	3056	20	41
	3057	18	40
	3058	19	39
	3059	18	40
	3060	18	39
	3061	20	41
	3062	20	39
	3063	22	43
	3064	21	42
	3065	20	42
	3066	19	40
	3067	21	41
	3068	22	40
	3069	21	40
	3070	20	41
	3071	20	39
	3072	19	41
	3073	20	37
	3074	19	40
	3075	21	42
	3076	18	39
	3077	21	42
	3078	19	40
	3079	20	43
	3080	19	42
	3081	18	40
	3082	19	41
	3083	22	42
	3084	20	42
	3085	20	40
	3086	19	40
	3087	20	40
	3088	18	41
	3089	20	39
	3090	20	42
	3091	19	42
	3092	19	36
	3093	17	39
	3094	19	42
	3095	18	42
	3096	18	41
	3097	19	40
	3098	19	37
	3099	21	42
	3100	19	40
	3101	16	37
	3102	20	40
	3103	21	39
	3104	17	42
	3105	22	41
	3106	19	40
	3107	18	39
	3108	17	38
	3109	22	42
	3110	20	41
	3111	21	43
	3112	17	39
	3113	19	42
	3114	20	38
	3115	19	40
	3116	20	39
	3117	21	42
	3118	17	40
	3119	19	38
	3120	17	42
	3121	18	41
	3122	20	38
	3123	20	41
	3124	20	39
	3125	22	42
	3126	18	40
	3127	20	39
	3128	18	40
	3129	22	39
	3130	20	40
	3131	21	40
	3132	19	39
	3133	19	39
	3134	19	38
	3135	21	38
	3136	20	39
	3137	19	42
	3138	23	38
	3139	19	41
	3140	20	39
	3141	22	39
	3142	19	42
	3143	19	39
	3144	20	43
	3145	20	39
	3146	25	37
	3147	21	41
	3148	20	39
	3149	19	40
	3150	21	38
	3151	22	39
	3152	19	38
	3153	21	40
	3154	17	40
	3155	22	40
	3156	18	42
	3157	20	41
	3158	21	41
	3159	18	40
	3160	21	42
	3161	22	39
	3162	18	39
	3163	22	42
	3164	21	39
	3165	20	45
	3166	18	40
	3167	21	40
	3168	20	39
	3169	21	39
	3170	21	37
	3171	19	39
	3172	19	39
	3173	22	39
	3174	20	40
	3175	21	41
	3176	19	40
	3177	20	39
	3178	20	40
	3179	20	42
	3180	20	40
	3181	20	37
	3182	19	39
	3183	20	40
	3184	19	41
	3185	22	43
	3186	19	40
	3187	19	41
	3188	17	39
	3189	20	39
	3190	22	40
	3191	22	39
	3192	20	41
	3193	19	39
	3194	19	41
	3195	24	42
	3196	20	41
	3197	23	41
	3198	19	39
	3199	19	40
	3200	19	38
	3201	19	41
	3202	19	41
	3203	20	41
	3204	19	41
	3205	18	38
	3206	17	41
	3207	18	39
	3208	18	38
	3209	20	41
	3210	19	39
	3211	22	42
	3212	21	39
	3213	24	40
	3214	20	41
	3215	22	41
	3216	18	38
	3217	20	41
	3218	21	40
	3219	19	40
	3220	19	39
	3221	19	37
	3222	19	41
	3223	21	47
	3224	20	41
	3225	20	41
	3226	22	39
	3227	19	40
	3228	20	40
	3229	20	42
	3230	20	38
	3231	19	41
	3232	17	37
	3233	20	40
	3234	22	38
	3235	19	39
	3236	20	38
	3237	22	39
	3238	18	39
	3239	20	36
	3240	20	41
	3241	20	42
	3242	21	39
	3243	20	42
	3244	22	39
	3245	20	40
	3246	19	42
	3247	20	41
	3248	21	39
	3249	20	41
	3250	19	38
	3251	21	41
	3252	22	39
	3253	22	40
	3254	19	41
	3255	21	41
	3256	19	42
	3257	19	41
	3258	18	40
	3259	18	41
	3260	19	38
	3261	19	39
	3262	20	39
	3263	19	40
	3264	18	42
	3265	19	41
	3266	18	42
	3267	20	41
	3268	20	41
	3269	18	43
	3270	21	38
	3271	21	41
	3272	19	41
	3273	21	39
	3274	19	38
	3275	21	41
	3276	18	40
	3277	20	40
	3278	18	40
	3279	19	39
	3280	20	40
	3281	19	42
	3282	20	39
	3283	22	43
	3284	20	39
	3285	25	39
	3286	21	42
	3287	21	41
	3288	18	39
	3289	20	40
	3290	19	39
	3291	18	41
	3292	19	43
	3293	21	41
	3294	20	40
	3295	18	41
	3296	19	37
	3297	19	39
	3298	18	40
	3299	18	39
	3300	18	40
	3301	19	41
	3302	19	40
	3303	20	41
	3304	21	38
	3305	19	40
	3306	19	40
	3307	18	38
	3308	19	42
	3309	18	41
	3310	19	40
	3311	19	41
	3312	20	41
	3313	18	39
	3314	16	42
	3315	20	45
	3316	18	39
	3317	20	41
	3318	18	38
	3319	17	40
	3320	20	39
	3321	23	42
	3322	22	40
	3323	23	39
	3324	20	38
	3325	19	37
	3326	18	40
	3327	22	41
	3328	21	40
	3329	20	40
	3330	18	42
	3331	20	39
	3332	18	40
	3333	21	43
	3334	18	40
	3335	19	44
	3336	20	39
	3337	21	43
	3338	21	43
	3339	19	39
	3340	20	41
	3341	17	41
	3342	20	40
	3343	22	42
	3344	19	43
	3345	21	38
	3346	18	41
	3347	24	40
	3348	22	40
	3349	21	39
	3350	18	39
	3351	20	39
	3352	20	37
	3353	19	41
	3354	18	39
	3355	21	38
	3356	18	39
	3357	19	43
	3358	22	41
	3359	20	37
	3360	20	41
	3361	22	41
	3362	18	40
	3363	22	41
	3364	19	40
	3365	19	40
	3366	18	39
	3367	19	41
	3368	21	42
	3369	20	40
	3370	18	40
	3371	19	40
	3372	21	40
	3373	17	40
	3374	20	39
	3375	19	43
	3376	21	41
	3377	21	41
	3378	19	42
	3379	19	40
	3380	20	38
	3381	18	41
	3382	21	40
	3383	19	38
	3384	19	38
	3385	22	39
	3386	20	42
	3387	21	42
	3388	23	37
	3389	20	39
	3390	21	40
	3391	20	41
	3392	18	39
	3393	20	41
	3394	20	40
	3395	20	41
	3396	21	41
	3397	22	40
	3398	19	39
	3399	20	42
	3400	19	40
	3401	20	39
	3402	23	41
	3403	21	41
	3404	19	40
	3405	18	41
	3406	18	42
	3407	19	40
	3408	19	41
	3409	21	40
	3410	19	38
	3411	21	40
	3412	18	40
	3413	18	40
	3414	20	39
	3415	21	40
	3416	20	39
	3417	18	40
	3418	19	39
	3419	19	40
	3420	18	36
	3421	19	43
	3422	21	41
	3423	22	40
	3424	18	38
	3425	20	40
	3426	17	38
	3427	21	41
	3428	20	39
	3429	23	39
	3430	20	39
	3431	21	42
	3432	19	41
	3433	21	42
	3434	18	39
	3435	18	41
	3436	21	41
	3437	22	40
	3438	21	40
	3439	17	41
	3440	18	40
	3441	20	42
	3442	21	41
	3443	22	40
	3444	20	38
	3445	21	42
	3446	19	38
	3447	19	39
	3448	20	40
	3449	20	41
	3450	20	39
	3451	21	40
	3452	21	35
	3453	19	39
	3454	18	42
	3455	23	42
	3456	19	40
	3457	20	39
	3458	15	39
	3459	21	40
	3460	18	38
	3461	20	41
	3462	20	41
	3463	19	41
	3464	20	41
	3465	19	41
	3466	20	41
	3467	22	41
	3468	20	39
	3469	22	40
	3470	20	41
	3471	20	40
	3472	20	49
	3473	22	42
	3474	19	38
	3475	20	39
	3476	18	41
	3477	21	40
	3478	16	44
	3479	20	41
	3480	19	41
	3481	22	41
	3482	21	41
	3483	19	39
	3484	21	42
	3485	18	40
	3486	21	41
	3487	20	39
	3488	19	40
	3489	20	39
	3490	20	39
	3491	21	40
	3492	19	38
	3493	18	40
	3494	20	38
	3495	21	39
	3496	19	38
	3497	20	40
	3498	20	41
	3499	17	42
	3500	22	42
	3501	22	39
	3502	19	40
	3503	19	40
	3504	20	40
	3505	20	39
	3506	19	41
	3507	19	40
	3508	20	38
	3509	20	41
	3510	21	40
	3511	18	42
	3512	20	38
	3513	19	41
	3514	19	41
	3515	19	41
	3516	21	41
	3517	21	39
	3518	18	41
	3519	19	41
	3520	19	39
	3521	24	39
	3522	18	42
	3523	21	35
	3524	18	40
	3525	19	41
	3526	20	42
	3527	17	39
	3528	18	40
	3529	20	41
	3530	18	39
	3531	21	42
	3532	20	41
	3533	19	41
	3534	18	39
	3535	20	40
	3536	18	39
	3537	19	39
	3538	20	38
	3539	21	39
	3540	20	45
	3541	20	41
	3542	22	38
	3543	23	39
	3544	17	39
	3545	21	43
	3546	18	42
	3547	19	37
	3548	20	39
	3549	21	38
	3550	23	43
	3551	19	38
	3552	18	39
	3553	17	42
	3554	19	38
	3555	23	43
	3556	18	42
	3557	22	40
	3558	19	38
	3559	20	41
	3560	20	39
	3561	20	41
	3562	21	43
	3563	20	41
	3564	18	40
	3565	17	38
	3566	20	40
	3567	18	42
	3568	19	41
	3569	18	40
	3570	19	40
	3571	21	39
	3572	15	39
	3573	18	41
	3574	19	42
	3575	19	40
	3576	17	38
	3577	23	40
	3578	16	40
	3579	18	41
	3580	21	41
	3581	19	36
	3582	21	41
	3583	23	39
	3584	18	40
	3585	19	42
	3586	21	40
	3587	20	40
	3588	18	40
	3589	19	42
	3590	20	42
	3591	19	42
	3592	18	39
	3593	19	40
	3594	17	41
	3595	19	40
	3596	22	40
	3597	20	41
	3598	19	41
	3599	23	43
	3600	20	39
	3601	20	42
	3602	21	38
	3603	21	38
	3604	19	40
	3605	19	44
	3606	20	39
	3607	19	40
	3608	19	40
	3609	19	41
	3610	19	41
	3611	18	42
	3612	16	41
	3613	20	40
	3614	20	38
	3615	19	39
	3616	21	40
	3617	19	40
	3618	16	39
	3619	20	40
	3620	19	41
	3621	20	41
	3622	21	39
	3623	20	42
	3624	16	39
	3625	22	40
	3626	19	36
	3627	18	38
	3628	19	40
	3629	21	39
	3630	18	38
	3631	19	39
	3632	21	40
	3633	20	43
	3634	19	41
	3635	21	41
	3636	20	38
	3637	21	42
	3638	18	40
	3639	20	43
	3640	21	38
	3641	20	40
	3642	17	41
	3643	17	38
	3644	22	37
	3645	16	41
	3646	18	42
	3647	20	41
	3648	18	42
	3649	21	39
	3650	19	41
	3651	21	41
	3652	21	36
	3653	18	43
	3654	20	41
	3655	22	39
	3656	19	40
	3657	21	39
	3658	19	41
	3659	22	41
	3660	18	39
	3661	18	42
	3662	17	43
	3663	18	41
	3664	19	38
	3665	19	41
	3666	20	38
	3667	22	42
	3668	19	40
	3669	21	44
	3670	18	41
	3671	18	39
	3672	21	38
	3673	19	39
	3674	19	40
	3675	20	41
	3676	18	41
	3677	19	39
	3678	17	40
	3679	19	40
	3680	21	42
	3681	20	41
	3682	19	42
	3683	19	44
	3684	19	41
	3685	19	41
	3686	17	39
	3687	20	39
	3688	19	41
	3689	22	40
	3690	20	41
	3691	18	40
	3692	20	39
	3693	19	40
	3694	21	40
	3695	18	41
	3696	17	40
	3697	18	42
	3698	18	41
	3699	19	41
	3700	24	39
	3701	21	40
	3702	19	40
	3703	20	40
	3704	18	43
	3705	21	40
	3706	20	39
	3707	19	41
	3708	18	39
	3709	19	43
	3710	22	38
	3711	20	43
	3712	18	39
	3713	22	42
	3714	19	39
	3715	20	39
	3716	17	37
	3717	18	40
	3718	15	37
	3719	20	39
	3720	19	41
	3721	18	40
	3722	18	37
	3723	19	38
