	0	91	187
	1	97	197
	2	89	190
	3	93	193
	4	91	186
	5	96	195
	6	93	192
	7	97	201
	8	93	192
	9	91	191
	10	84	186
	11	91	191
	12	92	196
	13	89	190
	14	87	192
	15	91	199
	16	93	188
	17	92	187
	18	93	192
	19	95	193
	20	91	191
	21	91	194
	22	86	193
	23	92	198
	24	88	193
	25	94	194
	26	103	200
	27	103	204
	28	102	206
	29	107	206
	30	107	211
	31	106	207
	32	103	200
	33	103	210
	34	106	201
	35	109	202
	36	107	204
	37	109	209
	38	97	206
	39	106	207
	40	101	208
	41	106	208
	42	94	203
	43	99	212
	44	98	209
	45	108	201
	46	107	205
	47	93	206
	48	101	194
	49	103	206
	50	100	205
	51	111	214
	52	105	210
	53	112	207
	54	105	201
	55	108	216
	56	103	208
	57	106	205
	58	106	205
	59	109	204
	60	110	199
	61	103	214
	62	112	205
	63	111	204
	64	107	217
	65	112	214
	66	115	206
	67	116	211
	68	108	213
	69	116	223
	70	103	207
	71	112	219
	72	107	215
	73	116	218
	74	108	207
	75	117	215
	76	108	220
	77	115	217
	78	112	211
	79	121	211
	80	108	211
	81	113	218
	82	100	208
	83	113	226
	84	114	210
	85	115	220
	86	117	213
	87	115	219
	88	109	209
	89	112	204
	90	109	210
	91	119	208
	92	114	200
	93	112	221
	94	107	223
	95	113	208
	96	102	246
	97	105	212
	98	115	224
	99	118	219
	100	107	209
	101	119	214
	102	115	208
	103	107	220
	104	113	215
	105	112	208
	106	113	209
	107	112	216
	108	110	209
	109	125	221
	110	113	211
	111	118	210
	112	119	211
	113	117	214
	114	109	208
	115	121	225
	116	109	206
	117	125	210
	118	115	216
	119	114	221
	120	108	213
	121	111	217
	122	103	211
	123	117	222
	124	119	209
	125	111	214
	126	115	211
	127	116	211
	128	117	202
	129	112	217
	130	104	214
	131	118	216
	132	112	216
	133	117	208
	134	118	206
	135	118	224
	136	151	209
	137	125	212
	138	119	221
	139	116	215
	140	116	205
	141	143	216
	142	123	220
	143	128	212
	144	111	214
	145	115	212
	146	124	208
	147	114	218
	148	117	224
	149	118	220
	150	116	211
	151	127	209
	152	114	209
	153	122	221
	154	121	211
	155	124	226
	156	113	211
	157	122	212
	158	115	219
	159	119	220
	160	120	225
	161	120	225
	162	116	219
	163	128	219
	164	115	217
	165	119	218
	166	125	213
	167	120	225
	168	113	212
	169	133	226
	170	122	222
	171	117	222
	172	120	219
	173	119	214
	174	118	222
	175	117	226
	176	118	209
	177	128	221
	178	123	221
	179	114	219
	180	119	214
	181	124	219
	182	113	216
	183	115	216
	184	116	216
	185	116	221
	186	111	220
	187	120	219
	188	115	211
	189	127	213
	190	122	221
	191	117	224
	192	122	216
	193	126	222
	194	112	208
	195	116	213
	196	125	219
	197	128	207
	198	116	204
	199	128	227
	200	117	207
	201	123	218
	202	125	219
	203	131	214
	204	120	214
	205	123	216
	206	117	213
	207	125	209
	208	115	214
	209	133	215
	210	123	228
	211	118	222
	212	108	225
	213	131	217
	214	119	222
	215	124	224
	216	120	217
	217	122	226
	218	126	222
	219	116	255
	220	119	211
	221	117	217
	222	123	215
	223	131	215
	224	110	220
	225	121	223
	226	117	206
	227	114	225
	228	109	217
	229	127	219
	230	122	222
	231	123	220
	232	118	220
	233	119	217
	234	126	212
	235	127	222
	236	123	215
	237	122	213
	238	118	217
	239	112	222
	240	112	211
	241	121	234
	242	118	215
	243	120	218
	244	116	223
	245	112	224
	246	112	222
	247	118	220
	248	118	212
	249	122	224
	250	123	219
	251	129	223
	252	117	211
	253	118	218
	254	114	215
	255	131	231
	256	109	213
	257	129	227
	258	116	223
	259	121	230
	260	112	210
	261	117	219
	262	113	222
	263	128	219
	264	116	215
	265	115	230
	266	110	215
	267	117	220
	268	119	215
	269	114	220
	270	110	216
	271	114	216
	272	113	217
	273	114	216
	274	113	216
	275	124	228
	276	108	219
	277	117	212
	278	113	217
	279	115	217
	280	111	215
	281	114	211
	282	107	211
	283	118	210
	284	113	213
	285	114	208
	286	113	214
	287	117	220
	288	115	221
	289	116	217
	290	131	209
	291	112	205
	292	109	225
	293	109	217
	294	107	225
	295	121	229
	296	115	216
	297	106	224
	298	143	217
	299	113	218
	300	118	215
	301	120	223
	302	110	219
	303	121	217
	304	106	215
	305	116	219
	306	104	215
	307	123	222
	308	112	223
	309	118	225
	310	109	217
	311	116	211
	312	118	214
	313	104	216
	314	107	208
	315	112	216
	316	110	213
	317	113	222
	318	112	218
	319	117	224
	320	113	212
	321	118	231
	322	115	222
	323	111	218
	324	110	210
	325	116	217
	326	105	217
	327	118	220
	328	110	218
	329	109	221
	330	109	221
	331	124	222
	332	123	211
	333	119	236
	334	117	215
	335	117	220
	336	107	220
	337	110	227
	338	113	217
	339	129	224
	340	106	221
	341	112	223
	342	109	212
	343	120	229
	344	113	208
	345	119	220
	346	115	223
	347	119	214
	348	109	211
	349	118	210
	350	109	219
	351	109	230
	352	110	210
	353	119	228
	354	101	212
	355	120	212
	356	105	222
	357	113	214
	358	113	229
	359	110	221
	360	115	204
	361	103	216
	362	116	221
	363	119	227
	364	109	220
	365	114	223
	366	114	215
	367	115	223
	368	111	219
	369	121	228
	370	117	221
	371	125	219
	372	105	214
	373	121	217
	374	118	218
	375	111	226
	376	111	210
	377	121	211
	378	112	222
	379	127	218
	380	114	213
	381	113	218
	382	117	219
	383	128	235
	384	107	231
	385	119	226
	386	120	216
	387	122	218
	388	104	219
	389	119	221
	390	110	228
	391	118	225
	392	118	224
	393	118	225
	394	116	216
	395	124	223
	396	108	227
	397	119	225
	398	118	223
	399	115	256
	400	116	221
	401	125	225
	402	116	222
	403	120	226
	404	110	223
	405	125	221
	406	116	221
	407	123	223
	408	113	218
	409	111	224
	410	115	226
	411	117	231
	412	122	219
	413	120	223
	414	118	225
	415	113	228
	416	115	218
	417	116	227
	418	121	222
	419	124	233
	420	119	219
	421	113	230
	422	119	223
	423	120	231
	424	119	235
	425	119	232
	426	118	226
	427	108	243
	428	106	221
	429	113	224
	430	113	228
	431	115	235
	432	110	222
	433	124	226
	434	119	227
	435	117	234
	436	112	221
	437	120	226
	438	116	217
	439	119	233
	440	117	231
	441	114	235
	442	118	228
	443	120	233
	444	119	227
	445	121	228
	446	119	222
	447	122	233
	448	117	224
	449	121	232
	450	116	226
	451	126	229
	452	158	221
	453	122	236
	454	121	230
	455	116	230
	456	126	234
	457	119	221
	458	119	225
	459	121	239
	460	120	233
	461	125	237
	462	111	230
	463	119	229
	464	118	226
	465	123	238
	466	126	240
	467	121	233
	468	120	238
	469	126	227
	470	115	228
	471	122	236
	472	123	227
	473	129	241
	474	131	227
	475	126	225
	476	122	240
	477	123	236
	478	124	229
	479	123	228
	480	123	228
	481	124	233
	482	118	238
	483	127	235
	484	120	234
	485	118	232
	486	116	240
	487	121	236
	488	124	233
	489	128	236
	490	133	232
	491	129	245
	492	127	233
	493	128	230
	494	121	227
	495	130	236
	496	127	234
	497	131	241
	498	120	234
	499	122	234
	500	116	229
	501	133	239
	502	126	234
	503	127	237
	504	132	232
	505	123	227
	506	132	235
	507	128	248
	508	122	232
	509	134	238
	510	131	245
	511	123	249
	512	130	249
	513	128	246
	514	128	241
	515	119	236
	516	121	248
	517	140	251
	518	126	248
	519	130	245
	520	123	244
	521	128	250
	522	125	239
	523	126	253
	524	122	247
	525	128	245
	526	128	241
	527	127	255
	528	119	236
	529	134	240
	530	121	248
	531	130	262
	532	125	251
	533	134	241
	534	126	243
	535	127	246
	536	119	251
	537	139	247
	538	126	242
	539	133	250
	540	131	242
	541	129	243
	542	118	244
	543	134	251
	544	132	250
	545	126	251
	546	121	253
	547	137	256
	548	142	247
	549	131	250
	550	133	252
	551	133	253
	552	128	251
	553	131	258
	554	137	250
	555	132	252
	556	123	256
	557	133	279
	558	131	249
	559	130	263
	560	129	258
	561	134	257
	562	132	250
	563	139	259
	564	131	250
	565	141	257
	566	136	263
	567	129	262
	568	138	262
	569	131	258
	570	133	265
	571	144	264
	572	132	249
	573	129	258
	574	119	263
	575	130	263
	576	139	254
	577	136	272
	578	125	258
	579	137	270
	580	137	259
	581	141	258
	582	141	259
	583	135	274
	584	137	265
	585	138	268
	586	136	262
	587	140	269
	588	135	257
	589	141	267
	590	138	272
	591	146	269
	592	136	259
	593	140	268
	594	148	274
	595	147	275
	596	139	272
	597	151	264
	598	145	259
	599	140	281
	600	145	256
	601	140	276
	602	148	272
	603	140	277
	604	137	272
	605	138	281
	606	144	262
	607	148	277
	608	146	281
	609	147	276
	610	144	274
	611	148	278
	612	141	281
	613	146	277
	614	150	277
	615	154	287
	616	144	286
	617	153	288
	618	149	278
	619	143	280
	620	143	272
	621	152	279
	622	150	289
	623	154	282
	624	144	282
	625	147	280
	626	143	285
	627	154	289
	628	154	282
	629	151	280
	630	148	287
	631	157	283
	632	148	287
	633	154	293
	634	152	292
	635	157	295
	636	155	286
	637	161	295
	638	151	305
	639	156	305
	640	149	291
	641	151	290
	642	158	300
	643	163	299
	644	158	304
	645	156	293
	646	150	287
	647	161	297
	648	161	287
	649	154	307
	650	160	293
	651	172	294
	652	157	295
	653	158	303
	654	158	297
	655	150	294
	656	158	296
	657	168	300
	658	155	304
	659	160	310
	660	165	308
	661	164	303
	662	159	312
	663	165	307
	664	153	310
	665	173	309
	666	165	305
	667	165	310
	668	157	310
	669	159	309
	670	161	315
	671	157	318
	672	161	319
	673	172	314
	674	158	323
	675	168	314
	676	162	320
	677	168	325
	678	161	304
	679	166	326
	680	165	310
	681	163	324
	682	168	313
	683	165	324
	684	168	315
	685	172	327
	686	157	325
	687	167	328
	688	173	314
	689	169	324
	690	165	325
	691	165	325
	692	161	314
	693	166	332
	694	174	325
	695	168	319
	696	164	320
	697	168	331
	698	171	326
	699	176	334
	700	169	329
	701	172	323
	702	168	328
	703	173	324
	704	166	328
	705	169	322
	706	178	329
	707	183	328
	708	211	321
	709	172	325
	710	176	329
	711	173	333
	712	170	332
	713	177	335
	714	173	331
	715	174	345
	716	176	342
	717	172	337
	718	172	340
	719	181	338
	720	172	330
	721	185	339
	722	176	335
	723	167	337
	724	169	336
	725	175	339
	726	185	338
	727	174	347
	728	179	334
	729	181	342
	730	178	339
	731	174	345
	732	173	338
	733	179	347
	734	168	338
	735	181	350
	736	170	340
	737	182	344
	738	179	345
	739	178	355
	740	171	346
	741	175	347
	742	177	340
	743	172	353
	744	168	350
	745	175	343
	746	175	358
	747	189	348
	748	171	345
	749	178	350
	750	169	345
	751	173	348
	752	171	343
	753	176	349
	754	175	336
	755	177	351
	756	176	341
	757	176	350
	758	175	347
	759	183	351
	760	170	344
	761	173	344
	762	175	351
	763	177	356
	764	164	342
	765	171	346
	766	178	341
	767	178	349
	768	170	350
	769	173	343
	770	162	339
	771	177	342
	772	182	340
	773	173	342
	774	169	330
	775	176	337
	776	206	332
	777	174	347
	778	175	346
	779	178	343
	780	168	339
	781	184	346
	782	173	348
	783	168	357
	784	172	335
	785	185	338
	786	171	342
	787	174	342
	788	170	342
	789	174	339
	790	175	350
	791	188	350
	792	167	330
	793	167	340
	794	165	335
	795	165	337
	796	173	330
	797	169	350
	798	163	333
	799	180	336
	800	174	337
	801	176	340
	802	160	335
	803	162	371
	804	159	328
	805	176	330
	806	171	333
	807	171	337
	808	157	347
	809	164	331
	810	166	333
	811	178	335
	812	168	335
	813	166	328
	814	153	333
	815	164	323
	816	169	331
	817	163	331
	818	153	323
	819	169	329
	820	165	320
	821	156	326
	822	162	317
	823	156	328
	824	156	331
	825	157	321
	826	162	315
	827	166	323
	828	159	326
	829	152	324
	830	150	318
	831	169	327
	832	160	313
	833	169	317
	834	166	312
	835	152	316
	836	159	317
	837	161	307
	838	157	315
	839	163	321
	840	158	310
	841	154	320
	842	159	315
	843	154	313
	844	153	306
	845	159	315
	846	150	307
	847	160	319
	848	141	307
	849	153	312
	850	146	308
	851	152	314
	852	148	302
	853	150	314
	854	154	305
	855	147	307
	856	149	292
	857	157	308
	858	149	308
	859	157	298
	860	145	299
	861	154	302
	862	153	301
	863	143	310
	864	141	311
	865	148	301
	866	151	299
	867	147	300
	868	146	306
	869	149	305
	870	138	299
	871	151	308
	872	141	295
	873	140	308
	874	142	303
	875	149	310
	876	146	299
	877	150	304
	878	140	302
	879	152	304
	880	141	302
	881	149	300
	882	138	299
	883	140	296
	884	150	290
	885	151	294
	886	136	289
	887	147	294
	888	145	286
	889	143	298
	890	140	301
	891	141	302
	892	146	288
	893	149	307
	894	142	291
	895	145	292
	896	142	307
	897	143	283
	898	136	290
	899	138	289
	900	135	297
	901	145	282
	902	139	288
	903	141	283
	904	138	278
	905	142	291
	906	141	274
	907	140	285
	908	141	280
	909	143	282
	910	133	279
	911	145	283
	912	139	275
	913	138	279
	914	134	283
	915	136	278
	916	125	281
	917	140	282
	918	140	282
	919	150	279
	920	128	271
	921	130	272
	922	137	279
	923	140	286
	924	135	267
	925	137	275
	926	137	266
	927	137	279
	928	130	272
	929	138	278
	930	137	272
	931	136	283
	932	130	274
	933	133	278
	934	131	270
	935	134	271
	936	143	268
	937	138	276
	938	125	267
	939	134	285
	940	140	265
	941	131	268
	942	133	268
	943	128	274
	944	135	272
	945	139	273
	946	127	265
	947	131	275
	948	134	261
	949	139	258
	950	127	307
	951	132	263
	952	132	266
	953	129	265
	954	131	258
	955	136	259
	956	135	267
	957	134	265
	958	121	257
	959	129	269
	960	120	260
	961	136	269
	962	134	261
	963	134	260
	964	131	258
	965	125	261
	966	121	256
	967	126	251
	968	133	258
	969	131	250
	970	134	258
	971	127	258
	972	115	263
	973	132	271
	974	123	255
	975	120	259
	976	126	264
	977	125	258
	978	126	254
	979	129	253
	980	121	255
	981	125	262
	982	128	253
	983	126	255
	984	125	255
	985	127	258
	986	118	248
	987	125	250
	988	123	255
	989	126	258
	990	119	250
	991	131	250
	992	113	243
	993	121	265
	994	117	250
	995	123	242
	996	115	246
	997	133	251
	998	121	244
	999	117	245
	1000	128	245
	1001	122	242
	1002	118	243
	1003	126	244
	1004	122	241
	1005	122	245
	1006	119	234
	1007	124	239
	1008	117	241
	1009	121	239
	1010	128	235
	1011	120	242
	1012	117	237
	1013	121	240
	1014	119	238
	1015	125	240
	1016	119	240
	1017	113	232
	1018	123	232
	1019	124	236
	1020	113	244
	1021	125	241
	1022	118	240
	1023	129	232
	1024	118	230
	1025	118	233
	1026	118	239
	1027	126	239
	1028	117	225
	1029	118	235
	1030	116	226
	1031	116	242
	1032	108	224
	1033	122	229
	1034	111	228
	1035	129	232
	1036	118	235
	1037	120	251
	1038	114	230
	1039	118	239
	1040	111	236
	1041	118	235
	1042	114	230
	1043	124	228
	1044	118	265
	1045	123	236
	1046	117	228
	1047	112	241
	1048	119	242
	1049	121	232
	1050	108	231
	1051	120	239
	1052	120	233
	1053	112	233
	1054	118	236
	1055	118	259
	1056	105	235
	1057	123	227
	1058	117	232
	1059	126	244
	1060	112	227
	1061	116	236
	1062	114	233
	1063	119	230
	1064	111	231
	1065	114	233
	1066	117	231
	1067	123	231
	1068	114	234
	1069	124	229
	1070	121	232
	1071	114	229
	1072	108	223
	1073	112	229
	1074	115	228
	1075	120	224
	1076	113	226
	1077	143	234
	1078	115	232
	1079	120	228
	1080	111	234
	1081	117	227
	1082	114	234
	1083	121	231
	1084	108	234
	1085	118	228
	1086	106	234
	1087	120	226
	1088	121	229
	1089	119	225
	1090	114	228
	1091	120	233
	1092	102	217
	1093	117	229
	1094	117	235
	1095	121	235
	1096	118	236
	1097	115	231
	1098	114	228
	1099	121	229
	1100	112	231
	1101	117	236
	1102	104	223
	1103	121	234
	1104	112	227
	1105	115	234
	1106	115	220
	1107	120	234
	1108	120	226
	1109	114	234
	1110	116	252
	1111	111	235
	1112	118	217
	1113	128	220
	1114	115	227
	1115	115	226
	1116	116	225
	1117	111	232
	1118	118	226
	1119	121	220
	1120	114	226
	1121	120	237
	1122	115	227
	1123	114	230
	1124	114	226
	1125	116	226
	1126	117	238
	1127	118	230
	1128	108	227
	1129	112	227
	1130	124	224
	1131	113	237
	1132	112	234
	1133	123	238
	1134	109	227
	1135	122	226
	1136	109	249
	1137	115	234
	1138	111	221
	1139	111	239
	1140	127	229
	1141	120	217
	1142	107	228
	1143	119	234
	1144	111	230
	1145	104	225
	1146	112	220
	1147	128	225
	1148	114	231
	1149	115	229
	1150	111	231
	1151	114	230
	1152	106	221
	1153	106	234
	1154	119	219
	1155	128	222
	1156	105	227
	1157	118	220
	1158	118	222
	1159	116	225
	1160	113	228
	1161	116	228
	1162	113	226
	1163	111	251
	1164	108	220
	1165	118	229
	1166	119	220
	1167	118	221
	1168	112	226
	1169	117	230
	1170	112	232
	1171	121	233
	1172	119	230
	1173	108	233
	1174	106	218
	1175	113	235
	1176	111	221
	1177	114	227
	1178	110	220
	1179	116	225
	1180	113	232
	1181	116	228
	1182	118	224
	1183	122	226
	1184	113	226
	1185	115	231
	1186	110	228
	1187	112	227
	1188	114	233
	1189	115	232
	1190	113	225
	1191	105	232
	1192	110	219
	1193	111	236
	1194	111	225
	1195	123	225
	1196	115	230
	1197	116	243
	1198	115	217
	1199	123	229
	1200	118	221
	1201	113	226
	1202	119	232
	1203	111	230
	1204	118	221
	1205	117	228
	1206	115	218
	1207	124	228
	1208	112	223
	1209	120	222
	1210	111	225
	1211	117	225
	1212	102	226
	1213	118	231
	1214	111	228
	1215	128	223
	1216	114	230
	1217	111	228
	1218	113	216
	1219	113	227
	1220	111	221
	1221	124	230
	1222	111	228
	1223	115	236
	1224	110	220
	1225	128	230
	1226	107	228
	1227	111	223
	1228	109	228
	1229	112	239
	1230	111	229
	1231	112	223
	1232	112	209
	1233	126	223
	1234	110	224
	1235	113	236
	1236	117	218
	1237	113	219
	1238	110	223
	1239	110	230
	1240	106	214
	1241	109	239
	1242	116	227
	1243	115	231
	1244	110	225
	1245	102	228
	1246	114	228
	1247	115	232
	1248	115	224
	1249	116	214
	1250	117	221
	1251	123	224
	1252	116	223
	1253	113	222
	1254	111	224
	1255	111	218
	1256	112	231
	1257	110	230
	1258	118	230
	1259	115	228
	1260	121	222
	1261	119	230
	1262	109	229
	1263	114	230
	1264	113	217
	1265	120	224
	1266	153	228
	1267	145	227
	1268	109	216
	1269	121	214
	1270	110	223
	1271	118	236
	1272	110	233
	1273	116	230
	1274	105	228
	1275	126	251
	1276	109	225
	1277	118	228
	1278	113	232
	1279	112	228
	1280	112	225
	1281	118	233
	1282	108	229
	1283	123	230
	1284	118	223
	1285	113	229
	1286	118	227
	1287	117	225
	1288	112	220
	1289	114	225
	1290	112	226
	1291	119	229
	1292	108	220
	1293	117	230
	1294	105	227
	1295	122	221
	1296	113	227
	1297	115	222
	1298	108	224
	1299	117	235
	1300	110	230
	1301	113	233
	1302	110	220
	1303	115	228
	1304	110	222
	1305	116	234
	1306	115	227
	1307	119	226
	1308	100	216
	1309	118	229
	1310	112	227
	1311	116	228
	1312	106	219
	1313	115	225
	1314	116	226
	1315	120	229
	1316	119	226
	1317	116	225
	1318	110	225
	1319	114	225
	1320	111	229
	1321	121	229
	1322	109	228
	1323	124	225
	1324	119	218
	1325	123	233
	1326	112	229
	1327	120	233
	1328	113	234
	1329	108	221
	1330	120	224
	1331	129	236
	1332	109	219
	1333	121	228
	1334	116	231
	1335	122	220
	1336	104	218
	1337	120	226
	1338	107	221
	1339	114	228
	1340	116	225
	1341	115	230
	1342	115	231
	1343	125	226
	1344	109	214
	1345	113	226
	1346	111	222
	1347	103	228
	1348	109	220
	1349	117	227
	1350	115	216
	1351	113	229
	1352	117	218
	1353	116	226
	1354	111	230
	1355	122	230
	1356	118	221
	1357	113	226
	1358	110	230
	1359	124	230
	1360	108	222
	1361	116	219
	1362	112	220
	1363	109	228
	1364	105	224
	1365	117	227
	1366	112	209
	1367	112	228
	1368	110	226
	1369	114	221
	1370	119	219
	1371	120	222
	1372	142	220
	1373	115	219
	1374	113	232
	1375	116	219
	1376	111	215
	1377	113	230
	1378	111	216
	1379	116	223
	1380	109	222
	1381	155	227
	1382	106	225
	1383	112	226
	1384	112	222
	1385	111	231
	1386	112	221
	1387	122	223
	1388	113	221
	1389	106	224
	1390	110	219
	1391	113	225
	1392	110	214
	1393	118	240
	1394	107	225
	1395	117	224
	1396	114	233
	1397	113	226
	1398	107	217
	1399	119	222
	1400	111	224
	1401	117	227
	1402	111	224
	1403	123	233
	1404	116	220
	1405	116	221
	1406	111	226
	1407	113	228
	1408	106	212
	1409	122	215
	1410	117	228
	1411	121	224
	1412	108	233
	1413	116	224
	1414	112	225
	1415	113	224
	1416	111	220
	1417	109	224
	1418	117	222
	1419	117	224
	1420	102	219
	1421	105	220
	1422	108	224
	1423	116	231
	1424	112	229
	1425	118	226
	1426	108	216
	1427	108	221
	1428	107	233
	1429	112	230
	1430	108	225
	1431	119	218
	1432	107	217
	1433	119	219
	1434	111	227
	1435	120	219
	1436	113	223
	1437	122	218
	1438	109	219
	1439	117	221
	1440	113	219
	1441	108	221
	1442	117	222
	1443	114	224
	1444	111	219
	1445	115	220
	1446	108	226
	1447	122	224
	1448	111	221
	1449	116	228
	1450	106	219
	1451	111	226
	1452	101	218
	1453	103	226
	1454	112	227
	1455	111	232
	1456	109	217
	1457	113	220
	1458	115	215
	1459	113	216
	1460	107	220
	1461	110	214
	1462	112	223
	1463	117	233
	1464	108	213
	1465	111	218
	1466	104	227
	1467	109	224
	1468	109	223
	1469	116	222
	1470	110	219
	1471	106	230
	1472	113	215
	1473	113	230
	1474	114	223
	1475	121	216
	1476	112	223
	1477	112	218
	1478	106	221
	1479	113	218
	1480	107	219
	1481	110	223
	1482	112	222
	1483	107	232
	1484	102	212
	1485	106	218
	1486	114	221
	1487	112	224
	1488	103	218
	1489	114	214
	1490	103	214
	1491	110	221
	1492	107	220
	1493	112	218
	1494	106	222
	1495	115	222
	1496	109	212
	1497	110	227
	1498	102	212
	1499	120	227
	1500	105	225
	1501	108	230
	1502	108	215
	1503	114	221
	1504	107	217
	1505	110	223
	1506	110	221
	1507	117	221
	1508	108	210
	1509	105	226
	1510	109	222
	1511	118	223
	1512	107	209
	1513	115	210
	1514	102	217
	1515	114	223
	1516	101	219
	1517	109	217
	1518	112	218
	1519	109	214
	1520	108	224
	1521	112	213
	1522	108	223
	1523	110	221
	1524	103	216
	1525	115	212
	1526	110	217
	1527	121	220
	1528	113	220
	1529	111	222
	1530	107	216
	1531	150	223
	1532	104	232
	1533	120	217
	1534	112	217
	1535	115	222
	1536	107	213
	1537	108	220
	1538	108	211
	1539	113	215
	1540	113	214
	1541	113	226
	1542	105	218
	1543	119	218
	1544	104	221
	1545	106	226
	1546	109	220
	1547	111	224
	1548	102	212
	1549	113	218
	1550	107	217
	1551	112	221
	1552	115	223
	1553	110	214
	1554	107	218
	1555	113	218
	1556	106	219
	1557	110	222
	1558	109	240
	1559	111	222
	1560	113	212
	1561	119	216
	1562	110	213
	1563	113	231
	1564	112	214
	1565	118	223
	1566	113	221
	1567	117	222
	1568	113	221
	1569	116	229
	1570	115	211
	1571	124	264
	1572	111	218
	1573	106	230
	1574	115	225
	1575	123	225
	1576	110	232
	1577	114	233
	1578	117	252
	1579	119	240
	1580	120	235
	1581	116	238
	1582	119	234
	1583	123	247
	1584	126	244
	1585	126	245
	1586	125	247
	1587	118	239
	1588	110	236
	1589	117	243
	1590	118	238
	1591	119	247
	1592	111	245
	1593	121	231
	1594	115	241
	1595	128	244
	1596	118	237
	1597	153	237
	1598	117	235
	1599	128	245
	1600	115	246
	1601	120	242
	1602	111	241
	1603	119	238
	1604	115	241
	1605	124	251
	1606	112	239
	1607	121	246
	1608	118	245
	1609	130	244
	1610	116	239
	1611	121	251
	1612	121	235
	1613	123	246
	1614	119	236
	1615	119	238
	1616	118	231
	1617	121	235
	1618	118	224
	1619	124	244
	1620	112	241
	1621	122	244
	1622	118	247
	1623	118	240
	1624	123	234
	1625	129	243
	1626	119	243
	1627	121	236
	1628	120	247
	1629	119	237
	1630	119	232
	1631	124	243
	1632	117	233
	1633	122	243
	1634	117	248
	1635	127	250
	1636	116	233
	1637	109	250
	1638	111	243
	1639	118	247
	1640	117	240
	1641	116	242
	1642	103	240
	1643	118	235
	1644	116	237
	1645	125	236
	1646	152	234
	1647	126	235
	1648	112	247
	1649	119	245
	1650	116	233
	1651	114	243
	1652	116	235
	1653	117	246
	1654	122	247
	1655	136	235
	1656	108	237
	1657	125	249
	1658	116	240
	1659	124	239
	1660	117	236
	1661	119	238
	1662	120	237
	1663	124	237
	1664	117	231
	1665	120	242
	1666	123	241
	1667	129	240
	1668	114	239
	1669	120	237
	1670	116	244
	1671	126	237
	1672	112	238
	1673	131	229
	1674	114	228
	1675	122	239
	1676	120	236
	1677	123	241
	1678	116	231
	1679	121	236
	1680	124	232
	1681	119	241
	1682	113	238
	1683	119	237
	1684	115	234
	1685	123	232
	1686	120	235
	1687	128	236
	1688	116	239
	1689	122	233
	1690	113	236
	1691	118	241
	1692	108	238
	1693	116	246
	1694	117	237
	1695	120	234
	1696	111	232
	1697	115	234
	1698	110	227
	1699	118	233
	1700	111	235
	1701	109	221
	1702	103	225
	1703	114	223
	1704	103	219
	1705	118	217
	1706	106	203
	1707	111	211
	1708	106	210
	1709	114	214
	1710	108	211
	1711	108	209
	1712	102	208
	1713	101	209
	1714	106	214
	1715	123	217
	1716	110	205
	1717	108	215
	1718	110	217
	1719	105	217
	1720	108	211
	1721	106	217
	1722	112	204
	1723	104	217
	1724	104	203
	1725	111	214
	1726	137	215
	1727	107	217
	1728	111	205
	1729	104	218
	1730	105	206
	1731	104	217
	1732	109	208
	1733	103	215
	1734	105	218
	1735	104	210
	1736	108	211
	1737	111	216
	1738	101	205
	1739	111	210
	1740	110	207
	1741	104	209
	1742	105	203
	1743	114	214
	1744	105	201
	1745	104	212
	1746	102	209
	1747	108	208
	1748	115	209
	1749	110	211
	1750	98	208
	1751	108	215
	1752	102	211
	1753	110	212
	1754	98	215
	1755	106	211
	1756	101	209
	1757	104	211
	1758	108	209
	1759	106	219
	1760	101	220
	1761	105	209
	1762	105	217
	1763	103	215
	1764	107	204
	1765	109	209
	1766	103	211
	1767	106	219
	1768	102	206
	1769	105	216
	1770	102	205
	1771	104	210
	1772	97	201
	1773	97	210
	1774	107	202
	1775	106	208
	1776	100	198
	1777	110	211
	1778	108	201
	1779	112	209
	1780	102	216
	1781	105	209
	1782	113	202
	1783	107	211
	1784	107	209
	1785	103	208
	1786	101	212
	1787	103	214
	1788	110	209
	1789	104	213
	1790	113	208
	1791	108	211
	1792	94	215
	1793	98	209
	1794	102	214
	1795	102	223
	1796	104	203
	1797	100	208
	1798	105	200
	1799	104	204
	1800	100	206
	1801	102	215
	1802	102	218
	1803	111	211
	1804	102	201
	1805	101	201
	1806	103	208
	1807	106	200
	1808	98	213
	1809	103	212
	1810	100	211
	1811	112	212
	1812	102	211
	1813	107	210
	1814	101	208
	1815	105	211
	1816	98	211
	1817	106	219
	1818	107	207
	1819	109	206
	1820	102	205
	1821	103	214
	1822	95	210
	1823	109	211
	1824	100	197
	1825	100	208
	1826	103	205
	1827	101	214
	1828	101	206
	1829	109	212
	1830	98	210
	1831	106	205
	1832	95	202
	1833	104	200
	1834	103	204
	1835	113	209
	1836	97	196
	1837	104	208
	1838	102	198
	1839	106	200
	1840	96	204
	1841	97	210
	1842	107	211
	1843	104	207
	1844	101	207
	1845	108	209
	1846	100	211
	1847	111	205
	1848	106	208
	1849	103	213
	1850	96	204
	1851	108	209
	1852	95	216
	1853	110	206
	1854	99	202
	1855	101	209
	1856	105	207
	1857	113	207
	1858	104	209
	1859	106	208
	1860	104	208
	1861	103	199
	1862	111	197
	1863	107	209
	1864	100	210
	1865	107	211
	1866	102	208
	1867	103	207
	1868	101	207
	1869	102	209
	1870	96	203
	1871	104	204
	1872	105	204
	1873	103	203
	1874	100	204
	1875	108	207
	1876	100	203
	1877	105	206
	1878	97	199
	1879	110	214
	1880	105	208
	1881	104	201
	1882	96	201
	1883	106	205
	1884	102	202
	1885	100	209
	1886	97	196
	1887	102	209
	1888	99	197
	1889	100	210
	1890	101	209
	1891	104	211
	1892	95	207
	1893	108	211
	1894	98	208
	1895	105	210
	1896	95	202
	1897	99	209
	1898	107	208
	1899	107	210
	1900	102	206
	1901	111	202
	1902	99	205
	1903	110	207
	1904	105	203
	1905	108	202
	1906	101	209
	1907	143	208
	1908	99	200
	1909	101	206
	1910	99	204
	1911	104	211
	1912	99	211
	1913	95	211
	1914	106	211
	1915	106	213
	1916	107	198
	1917	101	207
	1918	105	208
	1919	105	212
	1920	106	207
	1921	100	236
	1922	96	210
	1923	104	212
	1924	99	203
	1925	106	210
	1926	101	213
	1927	105	204
	1928	99	205
	1929	105	215
	1930	100	198
	1931	103	203
	1932	99	204
	1933	99	206
	1934	104	202
	1935	106	213
	1936	93	199
	1937	110	202
	1938	93	205
	1939	109	210
	1940	106	208
	1941	111	217
	1942	96	202
	1943	103	210
	1944	94	202
	1945	103	211
	1946	104	208
	1947	109	206
	1948	105	201
	1949	97	207
	1950	99	209
	1951	100	209
	1952	99	207
	1953	105	205
	1954	102	205
	1955	107	208
	1956	104	205
	1957	105	211
	1958	101	205
	1959	99	206
	1960	97	206
	1961	109	213
	1962	101	206
	1963	104	208
	1964	98	203
	1965	100	202
	1966	108	208
	1967	111	205
	1968	100	205
	1969	110	215
	1970	99	211
	1971	105	208
	1972	101	211
	1973	105	207
	1974	99	206
	1975	106	207
	1976	95	204
	1977	100	211
	1978	103	218
	1979	100	209
	1980	104	202
	1981	101	207
	1982	100	205
	1983	100	209
	1984	98	206
	1985	104	212
	1986	97	208
	1987	108	210
	1988	105	207
	1989	102	207
	1990	101	208
	1991	106	198
	1992	100	198
	1993	100	207
	1994	95	206
	1995	101	212
	1996	102	208
	1997	107	199
	1998	102	209
	1999	105	208
	2000	96	205
	2001	102	199
	2002	107	201
	2003	100	204
	2004	103	220
	2005	110	216
	2006	100	199
	2007	103	204
	2008	99	202
	2009	97	208
	2010	97	205
	2011	102	208
	2012	101	211
	2013	106	211
	2014	103	212
	2015	101	204
	2016	103	210
	2017	102	208
	2018	104	200
	2019	103	201
	2020	102	204
	2021	106	204
	2022	98	199
	2023	106	206
	2024	99	209
	2025	102	202
	2026	98	211
	2027	105	210
	2028	102	200
	2029	103	195
	2030	98	202
	2031	101	212
	2032	96	201
	2033	107	212
	2034	94	200
	2035	101	208
	2036	93	203
	2037	106	205
	2038	97	211
	2039	103	206
	2040	103	206
	2041	104	213
	2042	100	204
	2043	101	206
	2044	100	205
	2045	103	201
	2046	102	207
	2047	110	201
	2048	101	206
	2049	98	211
	2050	94	197
	2051	97	199
	2052	99	203
	2053	108	202
	2054	99	202
	2055	103	203
	2056	98	195
	2057	99	203
	2058	99	205
	2059	101	201
	2060	98	207
	2061	99	205
	2062	95	200
	2063	102	204
	2064	95	198
	2065	102	206
	2066	98	195
	2067	104	202
	2068	96	199
	2069	102	203
	2070	102	198
	2071	103	214
	2072	98	205
	2073	98	205
	2074	101	203
	2075	101	205
	2076	102	202
	2077	102	195
	2078	96	204
	2079	105	194
	2080	99	207
	2081	97	209
	2082	97	201
	2083	105	202
	2084	93	196
	2085	102	204
	2086	96	199
	2087	99	200
	2088	99	196
	2089	106	199
	2090	102	200
	2091	101	199
	2092	104	193
	2093	105	201
	2094	101	201
	2095	104	208
	2096	95	204
	2097	106	202
	2098	95	202
	2099	102	198
	2100	96	204
	2101	101	209
	2102	94	200
	2103	103	206
	2104	100	197
	2105	105	195
	2106	98	207
	2107	96	204
	2108	98	200
	2109	105	203
	2110	96	196
	2111	105	195
	2112	93	208
	2113	108	198
	2114	94	209
	2115	103	213
	2116	99	207
	2117	108	204
	2118	104	211
	2119	101	201
	2120	99	190
	2121	101	199
	2122	100	204
	2123	101	209
	2124	102	207
	2125	101	200
	2126	98	201
	2127	93	204
	2128	95	199
	2129	91	206
	2130	98	203
	2131	101	202
	2132	92	201
	2133	99	204
	2134	87	203
	2135	99	198
	2136	95	197
	2137	104	205
	2138	97	204
	2139	99	201
	2140	100	206
	2141	103	203
	2142	99	198
	2143	103	200
	2144	97	205
	2145	113	200
	2146	100	202
	2147	105	195
	2148	102	195
	2149	104	205
	2150	101	204
	2151	105	204
	2152	99	203
	2153	106	197
	2154	97	199
	2155	99	197
	2156	98	194
	2157	105	207
	2158	100	198
	2159	100	200
	2160	95	194
	2161	104	202
	2162	95	205
	2163	107	208
	2164	102	195
	2165	104	202
	2166	92	205
	2167	103	199
	2168	97	202
	2169	96	206
	2170	99	310
	2171	101	200
	2172	98	200
	2173	101	204
	2174	95	196
	2175	107	201
	2176	98	198
	2177	105	204
	2178	98	204
	2179	103	201
	2180	95	197
	2181	101	204
	2182	98	202
	2183	106	197
	2184	102	201
	2185	97	197
	2186	102	199
	2187	103	203
	2188	100	199
	2189	100	209
	2190	97	197
	2191	107	202
	2192	97	205
	2193	95	204
	2194	100	233
	2195	109	200
	2196	94	199
	2197	102	202
	2198	98	207
	2199	102	206
	2200	98	203
	2201	100	206
	2202	97	206
	2203	103	210
	2204	98	200
	2205	120	199
	2206	95	196
	2207	101	198
	2208	96	199
	2209	108	206
	2210	96	194
	2211	107	198
	2212	93	205
	2213	96	207
	2214	91	200
	2215	94	200
	2216	96	200
	2217	105	198
	2218	97	207
	2219	97	202
	2220	97	200
	2221	104	208
	2222	100	204
	2223	114	210
	2224	87	199
	2225	101	204
	2226	95	200
	2227	106	202
	2228	99	196
	2229	97	205
	2230	97	201
	2231	104	201
	2232	96	196
	2233	92	207
	2234	104	196
	2235	99	209
	2236	97	206
	2237	109	201
	2238	94	199
	2239	101	214
	2240	100	202
	2241	100	206
	2242	93	196
	2243	108	205
	2244	100	201
	2245	96	201
	2246	100	206
	2247	109	205
	2248	104	196
	2249	104	200
	2250	102	189
	2251	103	197
	2252	98	197
	2253	107	200
	2254	92	197
	2255	103	203
	2256	100	202
	2257	104	200
	2258	97	201
	2259	107	203
	2260	95	200
	2261	99	206
	2262	99	197
	2263	99	202
	2264	99	201
	2265	101	206
	2266	96	202
	2267	104	202
	2268	95	201
	2269	101	201
	2270	96	200
	2271	104	208
	2272	91	200
	2273	100	199
	2274	95	196
	2275	106	205
	2276	97	203
	2277	99	203
	2278	95	199
	2279	98	201
	2280	103	201
	2281	99	202
	2282	105	195
	2283	98	201
	2284	88	203
	2285	96	200
	2286	100	198
	2287	108	197
	2288	94	193
	2289	105	208
	2290	95	204
	2291	103	207
	2292	97	202
	2293	102	200
	2294	99	199
	2295	100	211
	2296	97	193
	2297	102	206
	2298	105	208
	2299	104	199
	2300	99	201
	2301	100	197
	2302	97	200
	2303	102	203
	2304	98	201
	2305	104	206
	2306	98	200
	2307	109	202
	2308	96	192
	2309	101	207
	2310	95	194
	2311	100	202
	2312	90	197
	2313	102	201
	2314	100	192
	2315	100	205
	2316	96	190
	2317	101	202
	2318	93	203
	2319	106	196
	2320	99	196
	2321	111	204
	2322	95	198
	2323	108	201
	2324	94	196
	2325	105	204
	2326	95	196
	2327	103	202
	2328	96	200
	2329	103	203
	2330	106	194
	2331	100	201
	2332	93	200
	2333	100	205
	2334	96	196
	2335	107	199
	2336	98	192
	2337	96	202
	2338	92	202
	2339	102	207
	2340	102	198
	2341	93	207
	2342	92	191
	2343	98	205
	2344	92	196
	2345	96	193
	2346	105	206
	2347	100	196
	2348	94	202
	2349	101	204
	2350	101	202
	2351	101	209
	2352	90	197
	2353	101	202
	2354	98	204
	2355	105	200
	2356	97	198
	2357	108	198
	2358	94	198
	2359	103	207
	2360	99	196
	2361	103	205
	2362	99	206
	2363	96	201
	2364	102	194
	2365	105	198
	2366	95	203
	2367	104	201
	2368	101	189
	2369	101	202
	2370	98	200
	2371	104	196
	2372	99	199
	2373	104	205
	2374	96	194
	2375	105	207
	2376	100	193
	2377	98	198
	2378	91	199
	2379	108	196
	2380	95	198
	2381	99	203
	2382	100	194
	2383	107	201
	2384	96	200
	2385	98	196
	2386	94	204
	2387	107	199
	2388	97	192
	2389	104	198
	2390	100	197
	2391	100	207
	2392	100	196
	2393	101	202
	2394	96	196
	2395	99	201
	2396	93	198
	2397	96	210
	2398	98	201
	2399	106	202
	2400	93	206
	2401	97	202
	2402	92	198
	2403	133	207
	2404	100	195
	2405	99	199
	2406	99	195
	2407	102	206
	2408	102	200
	2409	98	209
	2410	99	198
	2411	104	202
	2412	97	197
	2413	102	207
	2414	96	204
	2415	109	205
	2416	95	203
	2417	105	228
	2418	96	201
	2419	107	201
	2420	94	197
	2421	111	203
	2422	103	199
	2423	97	206
	2424	95	199
	2425	109	206
	2426	88	195
	2427	104	209
	2428	95	195
	2429	105	209
	2430	96	204
	2431	105	202
	2432	102	195
	2433	100	211
	2434	90	203
	2435	97	204
	2436	100	198
	2437	97	203
	2438	95	198
	2439	105	198
	2440	98	194
	2441	94	206
	2442	104	204
	2443	109	203
	2444	98	197
	2445	100	201
	2446	104	194
	2447	101	209
	2448	93	200
	2449	97	198
	2450	95	199
	2451	103	200
	2452	103	205
	2453	103	206
	2454	99	208
	2455	99	200
	2456	96	198
	2457	95	203
	2458	100	205
	2459	103	204
	2460	104	198
	2461	98	205
	2462	101	198
	2463	104	206
	2464	102	228
	2465	104	201
	2466	105	201
	2467	100	208
	2468	102	194
	2469	100	205
	2470	93	203
	2471	102	201
	2472	101	202
	2473	94	205
	2474	99	198
	2475	100	208
	2476	93	201
	2477	99	212
	2478	97	200
	2479	101	199
	2480	93	203
	2481	105	212
	2482	93	205
	2483	98	206
	2484	97	196
	2485	104	203
	2486	94	200
	2487	101	203
	2488	99	197
	2489	100	198
	2490	94	201
	2491	97	200
	2492	99	202
	2493	101	201
	2494	97	204
	2495	97	215
	2496	99	200
	2497	107	202
	2498	99	195
	2499	100	207
	2500	98	197
	2501	105	207
	2502	105	197
	2503	96	201
	2504	102	199
	2505	102	201
	2506	99	206
	2507	100	209
	2508	93	196
	2509	99	200
	2510	99	204
	2511	111	200
	2512	97	198
	2513	101	216
	2514	93	192
	2515	99	206
	2516	96	201
	2517	99	203
	2518	103	204
	2519	108	195
	2520	96	198
	2521	96	206
	2522	95	203
	2523	100	198
	2524	95	202
	2525	105	201
	2526	98	204
	2527	98	203
	2528	97	198
	2529	104	202
	2530	99	197
	2531	101	201
	2532	99	198
	2533	101	199
	2534	93	193
	2535	104	207
	2536	98	198
	2537	102	206
	2538	97	196
	2539	95	206
	2540	102	194
	2541	102	206
	2542	97	200
	2543	95	203
	2544	102	202
	2545	105	202
	2546	98	192
	2547	96	204
	2548	99	197
	2549	99	200
	2550	104	202
	2551	97	200
	2552	98	200
	2553	101	199
	2554	93	198
	2555	101	209
	2556	93	195
	2557	111	200
	2558	95	202
	2559	96	207
	2560	96	203
	2561	104	203
	2562	103	198
	2563	98	207
	2564	101	197
	2565	94	202
	2566	96	195
	2567	102	234
	2568	101	202
	2569	100	210
	2570	96	200
	2571	101	202
	2572	102	185
	2573	99	198
	2574	101	197
	2575	111	205
	2576	95	203
	2577	105	196
	2578	96	200
	2579	98	205
	2580	97	195
	2581	100	205
	2582	94	200
	2583	101	202
	2584	95	193
	2585	94	203
	2586	99	201
	2587	100	209
	2588	97	195
	2589	102	200
	2590	104	197
	2591	106	200
	2592	92	199
	2593	98	196
	2594	95	191
	2595	106	200
	2596	99	199
	2597	99	199
	2598	91	192
	2599	98	197
	2600	97	190
	2601	100	196
	2602	97	194
	2603	96	208
	2604	97	199
	2605	107	204
	2606	93	195
	2607	94	199
	2608	90	198
	2609	101	198
	2610	97	202
	2611	104	194
	2612	98	205
	2613	99	206
	2614	97	199
	2615	107	210
	2616	97	196
	2617	101	206
	2618	98	207
	2619	101	200
	2620	95	196
	2621	97	203
	2622	95	200
	2623	104	200
	2624	90	199
	2625	99	201
	2626	127	199
	2627	100	201
	2628	94	195
	2629	97	197
	2630	107	195
	2631	96	199
	2632	100	198
	2633	101	209
	2634	97	197
	2635	104	194
	2636	95	192
	2637	100	200
	2638	95	195
	2639	96	206
	2640	90	200
	2641	107	206
	2642	96	199
	2643	98	203
	2644	95	196
	2645	101	202
	2646	97	198
	2647	101	204
	2648	99	197
	2649	96	200
	2650	98	200
	2651	97	195
	2652	96	202
	2653	101	206
	2654	102	194
	2655	95	204
	2656	98	200
	2657	104	201
	2658	96	204
	2659	98	200
	2660	98	193
	2661	102	191
	2662	107	194
	2663	105	202
	2664	95	195
	2665	99	199
	2666	93	201
	2667	105	196
	2668	91	198
	2669	100	199
	2670	93	200
	2671	102	203
	2672	97	203
	2673	99	209
	2674	93	204
	2675	98	207
	2676	98	195
	2677	94	204
	2678	98	203
	2679	100	202
	2680	92	202
	2681	98	204
	2682	94	200
	2683	100	198
	2684	96	198
	2685	96	194
	2686	96	187
	2687	108	203
	2688	94	198
	2689	108	203
	2690	94	196
	2691	101	197
	2692	102	195
	2693	100	202
	2694	97	196
	2695	98	200
	2696	97	198
	2697	98	202
	2698	97	199
	2699	106	210
	2700	96	192
	2701	108	206
	2702	99	201
	2703	101	212
	2704	93	204
	2705	107	203
	2706	96	197
	2707	100	204
	2708	96	197
	2709	104	202
	2710	98	201
	2711	102	210
	2712	100	193
	2713	106	202
	2714	106	197
	2715	103	204
	2716	95	199
	2717	106	203
	2718	93	201
	2719	99	203
	2720	94	196
	2721	127	201
	2722	92	206
	2723	102	202
	2724	94	197
	2725	101	205
	2726	119	195
	2727	98	205
	2728	96	203
	2729	99	206
	2730	98	193
	2731	107	205
	2732	95	192
	2733	102	197
	2734	97	197
	2735	104	201
	2736	99	195
	2737	96	205
	2738	100	202
	2739	101	201
	2740	95	198
	2741	96	200
	2742	97	201
	2743	103	201
	2744	100	211
	2745	98	203
	2746	98	194
	2747	107	205
	2748	101	199
	2749	107	205
	2750	98	200
	2751	104	212
	2752	97	201
	2753	104	198
	2754	99	198
	2755	93	195
	2756	98	197
	2757	98	201
	2758	93	197
	2759	98	199
	2760	98	196
	2761	102	209
	2762	101	199
	2763	112	201
	2764	97	203
	2765	102	200
	2766	97	200
	2767	106	205
	2768	98	193
	2769	103	203
	2770	97	204
	2771	106	208
	2772	92	199
	2773	107	204
	2774	98	200
	2775	96	201
	2776	96	208
	2777	92	203
	2778	97	198
	2779	106	201
	2780	95	199
	2781	102	202
	2782	93	194
	2783	125	198
	2784	95	204
	2785	104	199
	2786	109	199
	2787	105	205
	2788	93	203
	2789	98	199
	2790	98	200
	2791	92	199
	2792	101	204
	2793	99	198
	2794	103	199
	2795	108	200
	2796	96	200
	2797	105	202
	2798	96	198
	2799	103	202
	2800	95	198
	2801	102	216
	2802	95	220
	2803	102	199
	2804	97	197
	2805	103	201
	2806	103	201
	2807	98	202
	2808	102	201
	2809	101	196
	2810	96	203
	2811	100	211
	2812	98	212
	2813	96	209
	2814	101	202
	2815	103	204
	2816	97	200
	2817	99	198
	2818	98	198
	2819	103	204
	2820	105	194
	2821	109	197
	2822	96	197
	2823	105	204
	2824	99	198
	2825	103	201
	2826	97	193
	2827	107	206
	2828	100	197
	2829	106	197
	2830	101	193
	2831	124	193
	2832	99	196
	2833	94	203
	2834	96	197
	2835	102	202
	2836	95	196
	2837	97	204
	2838	104	195
	2839	97	207
	2840	94	195
	2841	100	198
	2842	95	189
	2843	103	202
	2844	95	201
	2845	100	207
	2846	100	196
	2847	103	202
	2848	95	195
	2849	93	195
	2850	99	195
	2851	104	198
	2852	92	200
	2853	104	202
	2854	97	197
	2855	97	206
	2856	98	200
	2857	97	203
	2858	93	195
	2859	108	209
	2860	96	200
	2861	107	207
	2862	98	199
	2863	110	203
	2864	96	197
	2865	102	199
	2866	102	199
	2867	101	196
	2868	96	196
	2869	101	199
	2870	109	200
	2871	97	198
	2872	93	199
	2873	96	204
	2874	102	201
	2875	99	208
	2876	97	202
	2877	97	209
	2878	95	206
	2879	104	198
	2880	95	198
	2881	95	197
	2882	96	201
	2883	109	203
	2884	104	200
	2885	104	198
	2886	101	192
	2887	102	197
	2888	100	206
	2889	176	201
	2890	100	203
	2891	101	208
	2892	103	200
	2893	103	207
	2894	96	194
	2895	101	204
	2896	97	199
	2897	99	202
	2898	100	199
	2899	97	207
	2900	98	200
	2901	103	202
	2902	89	196
	2903	101	202
	2904	101	206
	2905	103	204
	2906	96	199
	2907	99	201
	2908	101	198
	2909	100	204
	2910	100	202
	2911	96	222
	2912	98	190
	2913	106	202
	2914	100	209
	2915	102	205
	2916	95	197
	2917	98	197
	2918	107	201
	2919	110	206
	2920	119	195
	2921	110	206
	2922	94	203
	2923	101	194
	2924	105	201
	2925	100	202
	2926	92	200
	2927	95	205
	2928	97	196
	2929	96	200
	2930	96	205
	2931	96	201
	2932	97	197
	2933	101	202
	2934	95	198
	2935	99	201
	2936	101	210
	2937	101	192
	2938	100	207
	2939	100	207
	2940	95	201
	2941	98	203
	2942	89	202
	2943	103	200
	2944	98	196
	2945	95	204
	2946	99	195
	2947	106	204
	2948	93	194
	2949	99	198
	2950	98	199
	2951	101	204
	2952	100	196
	2953	98	208
	2954	92	194
	2955	102	197
	2956	94	203
	2957	103	201
	2958	97	201
	2959	103	205
	2960	98	197
	2961	96	203
	2962	94	200
	2963	107	196
	2964	98	195
	2965	100	196
	2966	100	194
	2967	96	208
	2968	101	190
	2969	108	208
	2970	90	196
	2971	103	201
	2972	94	197
	2973	97	199
	2974	88	198
	2975	101	204
	2976	97	197
	2977	105	199
	2978	96	197
	2979	98	204
	2980	98	191
	2981	105	202
	2982	100	194
	2983	106	197
	2984	95	203
	2985	101	210
	2986	97	201
	2987	95	204
	2988	90	201
	2989	106	202
	2990	95	201
	2991	101	203
	2992	102	188
	2993	101	200
	2994	100	196
	2995	102	195
	2996	93	197
	2997	105	194
	2998	118	197
	2999	102	205
	3000	96	196
	3001	105	201
	3002	100	199
	3003	105	200
	3004	101	196
	3005	100	203
	3006	95	191
	3007	102	198
	3008	100	198
	3009	95	200
	3010	105	198
	3011	102	200
	3012	99	201
	3013	97	202
	3014	99	199
	3015	107	196
	3016	102	199
	3017	100	203
	3018	100	200
	3019	106	201
	3020	96	189
	3021	96	202
	3022	94	205
	3023	100	203
	3024	93	202
	3025	101	200
	3026	92	192
	3027	102	199
	3028	94	201
	3029	105	197
	3030	97	199
	3031	106	208
	3032	90	197
	3033	105	204
	3034	95	193
	3035	100	196
	3036	98	193
	3037	101	200
	3038	96	199
	3039	98	205
	3040	95	197
	3041	100	205
	3042	102	203
	3043	106	197
	3044	102	201
	3045	103	195
	3046	95	193
	3047	105	196
	3048	96	198
	3049	103	209
	3050	99	203
	3051	105	202
	3052	97	198
	3053	97	209
	3054	98	204
	3055	102	205
	3056	108	196
	3057	97	196
	3058	97	199
	3059	102	204
	3060	98	206
	3061	101	202
	3062	97	198
	3063	99	202
	3064	94	200
	3065	100	205
	3066	91	204
	3067	104	201
	3068	102	198
	3069	103	202
	3070	94	197
	3071	103	202
	3072	98	199
	3073	97	197
	3074	101	198
	3075	101	204
	3076	98	197
	3077	89	203
	3078	97	205
	3079	102	201
	3080	92	199
	3081	108	207
	3082	97	198
	3083	105	203
	3084	95	202
	3085	103	202
	3086	99	197
	3087	99	204
	3088	102	196
	3089	103	197
	3090	99	201
	3091	99	206
	3092	105	204
	3093	102	203
	3094	102	202
	3095	110	201
	3096	95	200
	3097	103	199
	3098	94	198
	3099	95	209
	3100	93	200
	3101	104	201
	3102	99	197
	3103	99	198
	3104	94	196
	3105	102	204
	3106	96	196
	3107	106	204
	3108	102	200
	3109	100	201
	3110	98	198
	3111	100	210
	3112	97	196
	3113	96	207
	3114	94	200
	3115	104	203
	3116	95	197
	3117	102	201
	3118	91	199
	3119	96	203
	3120	96	199
	3121	99	203
	3122	100	198
	3123	97	206
	3124	92	199
	3125	99	203
	3126	94	200
	3127	106	203
	3128	95	203
	3129	102	199
	3130	100	203
	3131	105	200
	3132	99	191
	3133	103	204
	3134	98	197
	3135	98	204
	3136	101	199
	3137	94	202
	3138	100	197
	3139	97	207
	3140	101	194
	3141	96	205
	3142	104	199
	3143	97	199
	3144	96	202
	3145	105	202
	3146	108	196
	3147	99	200
	3148	96	200
	3149	100	193
	3150	98	202
	3151	105	204
	3152	98	199
	3153	99	203
	3154	96	202
	3155	103	202
	3156	94	206
	3157	101	206
	3158	91	200
	3159	101	198
	3160	94	203
	3161	104	206
	3162	93	197
	3163	100	202
	3164	98	200
	3165	102	201
	3166	103	199
	3167	110	204
	3168	97	197
	3169	99	201
	3170	97	192
	3171	105	205
	3172	102	196
	3173	106	202
	3174	96	194
	3175	100	196
	3176	94	200
	3177	106	202
	3178	92	195
	3179	105	203
	3180	102	200
	3181	109	198
	3182	96	197
	3183	95	203
	3184	91	202
	3185	125	205
	3186	96	193
	3187	110	196
	3188	93	202
	3189	102	201
	3190	98	202
	3191	105	207
	3192	101	199
	3193	99	206
	3194	94	200
	3195	107	200
	3196	95	204
	3197	100	196
	3198	96	192
	3199	100	210
	3200	108	196
	3201	100	198
	3202	94	197
	3203	98	196
	3204	93	202
	3205	99	208
	3206	98	198
	3207	103	202
	3208	96	196
	3209	101	197
	3210	93	205
	3211	108	203
	3212	95	194
	3213	101	207
	3214	95	203
	3215	105	202
	3216	96	201
	3217	99	203
	3218	101	197
	3219	99	206
	3220	99	196
	3221	106	206
	3222	96	197
	3223	112	229
	3224	93	200
	3225	101	208
	3226	99	203
	3227	98	206
	3228	95	194
	3229	102	200
	3230	97	198
	3231	107	205
	3232	97	198
	3233	99	202
	3234	102	191
	3235	104	200
	3236	100	195
	3237	98	199
	3238	97	195
	3239	101	194
	3240	104	194
	3241	101	217
	3242	93	200
	3243	105	209
	3244	103	200
	3245	106	203
	3246	97	207
	3247	105	200
	3248	105	200
	3249	102	202
	3250	101	196
	3251	105	210
	3252	98	196
	3253	106	202
	3254	93	209
	3255	106	200
	3256	90	196
	3257	100	206
	3258	95	199
	3259	101	207
	3260	100	195
	3261	101	200
	3262	96	197
	3263	99	208
	3264	96	198
	3265	104	203
	3266	99	195
	3267	102	203
	3268	95	197
	3269	97	205
	3270	93	198
	3271	104	203
	3272	92	199
	3273	102	196
	3274	99	203
	3275	100	205
	3276	98	201
	3277	105	203
	3278	99	191
	3279	101	205
	3280	95	202
	3281	100	206
	3282	105	198
	3283	105	200
	3284	101	203
	3285	130	202
	3286	104	193
	3287	104	211
	3288	93	200
	3289	108	209
	3290	98	201
	3291	107	206
	3292	98	197
	3293	113	201
	3294	96	198
	3295	102	197
	3296	106	196
	3297	102	194
	3298	99	198
	3299	100	203
	3300	102	194
	3301	105	199
	3302	101	198
	3303	104	204
	3304	99	200
	3305	109	201
	3306	95	195
	3307	99	203
	3308	91	204
	3309	100	199
	3310	100	200
	3311	100	196
	3312	98	193
	3313	102	205
	3314	95	203
	3315	98	195
	3316	99	199
	3317	101	208
	3318	99	199
	3319	98	203
	3320	93	196
	3321	105	198
	3322	108	192
	3323	108	203
	3324	97	195
	3325	103	200
	3326	100	197
	3327	100	200
	3328	96	200
	3329	106	196
	3330	100	194
	3331	103	198
	3332	101	194
	3333	101	199
	3334	103	201
	3335	104	205
	3336	92	203
	3337	98	209
	3338	92	191
	3339	100	204
	3340	98	198
	3341	100	198
	3342	102	200
	3343	104	200
	3344	98	200
	3345	97	207
	3346	101	206
	3347	107	194
	3348	106	203
	3349	107	201
	3350	94	204
	3351	102	202
	3352	98	206
	3353	106	198
	3354	91	192
	3355	112	208
	3356	94	196
	3357	104	205
	3358	102	199
	3359	102	195
	3360	98	194
	3361	105	201
	3362	107	200
	3363	105	202
	3364	104	196
	3365	103	197
	3366	102	200
	3367	97	203
	3368	99	200
	3369	104	202
	3370	93	193
	3371	108	195
	3372	99	198
	3373	102	200
	3374	100	197
	3375	102	197
	3376	100	195
	3377	101	199
	3378	102	197
	3379	103	201
	3380	92	192
	3381	104	196
	3382	91	200
	3383	106	202
	3384	95	199
	3385	105	200
	3386	96	199
	3387	100	205
	3388	96	198
	3389	101	198
	3390	100	198
	3391	101	200
	3392	98	195
	3393	97	198
	3394	103	197
	3395	102	192
	3396	102	199
	3397	103	199
	3398	89	200
	3399	106	204
	3400	96	206
	3401	100	202
	3402	96	198
	3403	101	203
	3404	97	203
	3405	104	205
	3406	96	197
	3407	103	190
	3408	97	199
	3409	104	200
	3410	105	194
	3411	109	205
	3412	101	197
	3413	102	203
	3414	94	202
	3415	104	201
	3416	99	199
	3417	100	200
	3418	92	196
	3419	98	198
	3420	94	203
	3421	98	197
	3422	98	201
	3423	107	201
	3424	97	190
	3425	99	202
	3426	95	195
	3427	99	206
	3428	95	202
	3429	102	201
	3430	100	194
	3431	102	204
	3432	95	199
	3433	102	200
	3434	97	204
	3435	99	199
	3436	90	200
	3437	99	202
	3438	101	203
	3439	92	206
	3440	97	198
	3441	104	205
	3442	107	195
	3443	98	200
	3444	101	196
	3445	103	197
	3446	97	200
	3447	107	199
	3448	96	198
	3449	106	207
	3450	100	192
	3451	108	201
	3452	97	197
	3453	103	198
	3454	99	200
	3455	110	205
	3456	95	199
	3457	97	202
	3458	97	197
	3459	101	202
	3460	100	194
	3461	104	211
	3462	94	200
	3463	106	205
	3464	99	198
	3465	100	201
	3466	98	199
	3467	102	207
	3468	97	197
	3469	102	195
	3470	100	201
	3471	100	204
	3472	100	228
	3473	92	194
	3474	103	202
	3475	98	197
	3476	96	194
	3477	103	202
	3478	94	224
	3479	110	201
	3480	100	196
	3481	106	196
	3482	96	196
	3483	100	208
	3484	96	197
	3485	100	207
	3486	98	194
	3487	99	198
	3488	102	193
	3489	96	200
	3490	103	197
	3491	100	207
	3492	101	191
	3493	98	199
	3494	98	190
	3495	103	199
	3496	90	198
	3497	103	200
	3498	95	195
	3499	102	201
	3500	93	211
	3501	100	201
	3502	102	199
	3503	104	199
	3504	91	200
	3505	98	194
	3506	97	200
	3507	97	200
	3508	94	198
	3509	100	194
	3510	100	197
	3511	105	203
	3512	90	196
	3513	101	201
	3514	103	197
	3515	104	197
	3516	99	197
	3517	109	202
	3518	95	196
	3519	102	203
	3520	98	198
	3521	102	192
	3522	101	199
	3523	101	200
	3524	94	195
	3525	105	205
	3526	101	197
	3527	101	195
	3528	97	195
	3529	101	199
	3530	97	196
	3531	100	207
	3532	95	194
	3533	96	203
	3534	97	194
	3535	102	195
	3536	98	191
	3537	98	205
	3538	96	197
	3539	100	197
	3540	93	221
	3541	100	199
	3542	98	195
	3543	101	197
	3544	91	191
	3545	99	201
	3546	95	195
	3547	107	197
	3548	99	194
	3549	101	198
	3550	127	225
	3551	102	201
	3552	97	199
	3553	96	203
	3554	92	196
	3555	106	211
	3556	95	201
	3557	100	207
	3558	96	201
	3559	102	206
	3560	92	201
	3561	104	197
	3562	99	199
	3563	99	198
	3564	98	197
	3565	104	209
	3566	100	198
	3567	104	199
	3568	94	201
	3569	99	205
	3570	104	193
	3571	108	208
	3572	92	194
	3573	106	198
	3574	97	194
	3575	97	200
	3576	94	196
	3577	100	202
	3578	94	187
	3579	101	214
	3580	96	193
	3581	105	203
	3582	100	203
	3583	126	198
	3584	94	200
	3585	96	199
	3586	104	200
	3587	101	193
	3588	89	201
	3589	105	204
	3590	98	198
	3591	106	203
	3592	97	198
	3593	107	200
	3594	96	203
	3595	105	197
	3596	103	197
	3597	104	198
	3598	102	195
	3599	104	201
	3600	103	202
	3601	108	199
	3602	103	199
	3603	103	200
	3604	92	197
	3605	102	201
	3606	100	190
	3607	106	200
	3608	94	196
	3609	100	207
	3610	97	202
	3611	107	208
	3612	101	197
	3613	105	198
	3614	97	204
	3615	102	197
	3616	96	201
	3617	99	195
	3618	96	195
	3619	102	202
	3620	92	190
	3621	103	200
	3622	96	195
	3623	102	199
	3624	95	196
	3625	104	204
	3626	99	197
	3627	101	198
	3628	99	202
	3629	109	195
	3630	97	196
	3631	97	203
	3632	102	197
	3633	97	200
	3634	98	203
	3635	103	199
	3636	100	193
	3637	108	203
	3638	96	192
	3639	103	200
	3640	99	198
	3641	97	199
	3642	97	198
	3643	99	203
	3644	99	190
	3645	103	199
	3646	97	196
	3647	99	197
	3648	98	201
	3649	97	200
	3650	94	195
	3651	101	202
	3652	96	194
	3653	106	199
	3654	95	202
	3655	93	203
	3656	90	202
	3657	102	200
	3658	101	193
	3659	101	201
	3660	98	197
	3661	99	196
	3662	94	204
	3663	100	200
	3664	102	199
	3665	104	197
	3666	95	198
	3667	108	201
	3668	99	201
	3669	99	203
	3670	96	196
	3671	104	201
	3672	97	195
	3673	102	206
	3674	93	193
	3675	102	199
	3676	99	199
	3677	93	200
	3678	101	193
	3679	101	204
	3680	94	198
	3681	104	196
	3682	103	191
	3683	100	204
	3684	94	191
	3685	105	203
	3686	91	197
	3687	99	195
	3688	96	193
	3689	98	202
	3690	96	192
	3691	96	203
	3692	104	201
	3693	101	201
	3694	95	203
	3695	102	212
	3696	99	193
	3697	101	203
	3698	100	195
	3699	106	208
	3700	118	199
	3701	106	198
	3702	99	200
	3703	100	198
	3704	98	202
	3705	102	203
	3706	94	202
	3707	97	205
	3708	102	194
	3709	95	198
	3710	99	193
	3711	109	203
	3712	92	195
	3713	102	201
	3714	97	193
	3715	98	194
	3716	91	193
	3717	96	200
	3718	92	193
	3719	95	194
	3720	97	194
	3721	99	193
	3722	89	201
	3723	98	198
