	0	90	194
	1	97	191
	2	92	189
	3	93	189
	4	89	185
	5	86	192
	6	85	193
	7	94	193
	8	93	193
	9	96	185
	10	88	180
	11	92	194
	12	90	190
	13	92	198
	14	85	192
	15	96	183
	16	91	189
	17	90	193
	18	87	190
	19	87	188
	20	93	190
	21	92	192
	22	90	184
	23	98	196
	24	90	187
	25	99	190
	26	98	204
	27	108	207
	28	100	204
	29	104	214
	30	99	208
	31	104	210
	32	100	200
	33	101	208
	34	109	206
	35	109	205
	36	99	200
	37	102	204
	38	96	200
	39	104	203
	40	102	207
	41	106	210
	42	103	203
	43	101	207
	44	98	207
	45	113	201
	46	105	204
	47	100	207
	48	106	200
	49	114	208
	50	102	202
	51	116	213
	52	106	206
	53	110	204
	54	106	204
	55	110	211
	56	108	201
	57	107	210
	58	108	203
	59	109	209
	60	108	207
	61	112	207
	62	120	208
	63	111	217
	64	101	216
	65	111	209
	66	119	208
	67	114	206
	68	108	216
	69	116	216
	70	111	207
	71	110	217
	72	102	213
	73	115	204
	74	106	204
	75	115	228
	76	108	215
	77	119	214
	78	105	211
	79	110	204
	80	108	213
	81	115	216
	82	111	208
	83	109	227
	84	113	210
	85	119	210
	86	115	214
	87	115	211
	88	106	206
	89	113	211
	90	112	215
	91	115	218
	92	109	211
	93	111	218
	94	113	220
	95	111	216
	96	108	248
	97	108	226
	98	118	223
	99	115	217
	100	111	211
	101	119	215
	102	115	205
	103	114	218
	104	112	209
	105	117	212
	106	113	220
	107	116	209
	108	106	205
	109	125	222
	110	108	214
	111	113	210
	112	114	209
	113	114	210
	114	107	210
	115	123	217
	116	106	202
	117	124	213
	118	115	215
	119	115	212
	120	104	213
	121	118	217
	122	108	207
	123	121	222
	124	119	215
	125	112	217
	126	116	215
	127	124	208
	128	117	199
	129	113	222
	130	109	210
	131	114	225
	132	114	208
	133	110	207
	134	113	211
	135	129	221
	136	144	213
	137	118	214
	138	111	226
	139	120	211
	140	115	204
	141	149	212
	142	121	207
	143	122	214
	144	108	206
	145	111	207
	146	124	211
	147	116	219
	148	116	222
	149	114	214
	150	110	211
	151	125	211
	152	113	211
	153	119	214
	154	120	213
	155	122	218
	156	108	215
	157	126	211
	158	118	218
	159	125	218
	160	125	223
	161	118	216
	162	109	223
	163	123	216
	164	117	211
	165	119	225
	166	129	210
	167	123	225
	168	117	209
	169	131	214
	170	125	215
	171	120	224
	172	118	222
	173	123	210
	174	127	224
	175	122	215
	176	113	215
	177	120	213
	178	125	220
	179	115	217
	180	121	212
	181	120	216
	182	114	205
	183	123	217
	184	112	209
	185	120	219
	186	111	215
	187	121	224
	188	115	218
	189	124	212
	190	118	220
	191	119	219
	192	117	210
	193	114	217
	194	120	218
	195	116	211
	196	116	215
	197	130	213
	198	115	211
	199	132	218
	200	117	214
	201	129	222
	202	126	214
	203	131	220
	204	114	208
	205	136	211
	206	117	209
	207	123	217
	208	125	208
	209	125	211
	210	130	224
	211	124	220
	212	118	218
	213	130	217
	214	118	215
	215	118	223
	216	120	210
	217	122	226
	218	119	223
	219	124	256
	220	119	215
	221	117	220
	222	116	219
	223	126	222
	224	116	218
	225	119	220
	226	115	210
	227	112	213
	228	110	215
	229	122	210
	230	121	222
	231	127	221
	232	116	219
	233	119	211
	234	125	212
	235	118	220
	236	119	218
	237	122	219
	238	120	212
	239	124	216
	240	117	211
	241	114	223
	242	118	216
	243	115	213
	244	118	217
	245	123	223
	246	107	223
	247	122	219
	248	116	220
	249	119	229
	250	119	209
	251	125	223
	252	122	214
	253	117	217
	254	112	212
	255	121	233
	256	109	213
	257	123	223
	258	122	223
	259	120	225
	260	119	213
	261	118	217
	262	114	216
	263	116	230
	264	108	214
	265	111	229
	266	106	226
	267	117	214
	268	113	209
	269	113	227
	270	103	209
	271	114	218
	272	110	215
	273	116	220
	274	114	214
	275	125	227
	276	114	218
	277	121	212
	278	112	219
	279	114	216
	280	109	212
	281	115	222
	282	109	215
	283	122	212
	284	114	213
	285	118	216
	286	117	221
	287	120	221
	288	119	217
	289	113	218
	290	127	209
	291	116	205
	292	111	223
	293	101	215
	294	108	227
	295	119	222
	296	112	215
	297	112	221
	298	141	221
	299	113	219
	300	112	220
	301	119	215
	302	109	220
	303	121	214
	304	110	217
	305	113	219
	306	107	216
	307	120	218
	308	115	219
	309	118	224
	310	111	214
	311	115	216
	312	108	221
	313	102	223
	314	107	214
	315	116	222
	316	109	218
	317	116	217
	318	118	216
	319	114	222
	320	112	213
	321	112	228
	322	116	221
	323	113	218
	324	112	208
	325	118	215
	326	110	217
	327	118	218
	328	112	216
	329	111	220
	330	112	216
	331	122	220
	332	119	214
	333	118	231
	334	114	216
	335	110	218
	336	110	214
	337	113	223
	338	117	213
	339	124	228
	340	103	218
	341	112	218
	342	105	208
	343	121	224
	344	110	211
	345	123	223
	346	119	222
	347	108	213
	348	102	213
	349	117	216
	350	112	217
	351	116	224
	352	110	217
	353	118	221
	354	113	212
	355	118	216
	356	114	218
	357	109	219
	358	115	220
	359	121	213
	360	103	209
	361	110	226
	362	119	223
	363	128	219
	364	113	209
	365	115	214
	366	111	224
	367	110	220
	368	115	222
	369	119	213
	370	121	218
	371	122	211
	372	110	215
	373	117	212
	374	104	219
	375	117	220
	376	115	204
	377	118	216
	378	112	218
	379	121	218
	380	109	217
	381	112	213
	382	115	214
	383	124	227
	384	108	227
	385	120	217
	386	116	216
	387	118	216
	388	111	220
	389	126	217
	390	117	217
	391	119	219
	392	120	217
	393	117	223
	394	111	227
	395	128	226
	396	113	219
	397	114	221
	398	111	221
	399	111	247
	400	109	220
	401	121	223
	402	117	214
	403	119	228
	404	116	225
	405	126	216
	406	113	226
	407	122	226
	408	112	221
	409	120	224
	410	112	226
	411	116	227
	412	118	220
	413	108	227
	414	120	226
	415	117	228
	416	116	215
	417	115	228
	418	122	226
	419	115	226
	420	118	218
	421	121	226
	422	117	220
	423	123	218
	424	113	230
	425	124	232
	426	122	234
	427	115	235
	428	114	220
	429	122	228
	430	114	218
	431	117	243
	432	118	229
	433	120	232
	434	121	226
	435	118	237
	436	116	219
	437	126	223
	438	118	226
	439	121	232
	440	118	230
	441	112	238
	442	119	231
	443	113	231
	444	114	221
	445	118	231
	446	118	222
	447	123	237
	448	119	223
	449	121	225
	450	116	229
	451	126	228
	452	159	220
	453	125	230
	454	121	225
	455	119	231
	456	123	225
	457	121	227
	458	117	233
	459	121	234
	460	121	235
	461	127	235
	462	115	224
	463	128	229
	464	122	229
	465	122	235
	466	125	240
	467	127	235
	468	122	225
	469	131	232
	470	121	225
	471	128	238
	472	114	230
	473	128	236
	474	130	239
	475	129	229
	476	126	242
	477	128	236
	478	125	229
	479	128	231
	480	124	233
	481	125	232
	482	123	232
	483	128	231
	484	120	238
	485	120	234
	486	119	231
	487	131	237
	488	123	237
	489	124	235
	490	127	234
	491	131	242
	492	126	232
	493	123	233
	494	115	229
	495	118	238
	496	127	232
	497	130	232
	498	117	233
	499	125	234
	500	122	226
	501	133	246
	502	127	225
	503	129	237
	504	125	237
	505	122	232
	506	135	240
	507	128	247
	508	117	230
	509	127	233
	510	125	240
	511	122	242
	512	133	245
	513	130	244
	514	127	228
	515	128	240
	516	121	243
	517	137	250
	518	125	239
	519	131	243
	520	121	236
	521	132	253
	522	121	242
	523	124	250
	524	128	240
	525	128	238
	526	128	241
	527	130	249
	528	127	241
	529	130	246
	530	122	240
	531	130	256
	532	124	249
	533	136	246
	534	122	247
	535	135	252
	536	125	251
	537	133	246
	538	130	250
	539	139	250
	540	135	244
	541	128	245
	542	127	240
	543	127	254
	544	131	246
	545	132	256
	546	131	252
	547	144	245
	548	138	247
	549	131	252
	550	124	249
	551	128	257
	552	135	249
	553	140	252
	554	132	248
	555	138	253
	556	127	248
	557	133	281
	558	137	249
	559	133	254
	560	134	249
	561	138	255
	562	140	256
	563	139	261
	564	133	245
	565	142	260
	566	136	256
	567	136	271
	568	140	262
	569	138	256
	570	129	267
	571	146	266
	572	138	248
	573	137	257
	574	130	256
	575	135	261
	576	138	256
	577	137	275
	578	132	255
	579	136	264
	580	145	255
	581	138	258
	582	133	261
	583	137	272
	584	134	274
	585	136	255
	586	145	266
	587	144	263
	588	140	258
	589	140	267
	590	131	268
	591	142	269
	592	144	265
	593	146	268
	594	151	263
	595	144	272
	596	140	266
	597	142	264
	598	144	266
	599	149	277
	600	144	265
	601	147	273
	602	141	266
	603	140	281
	604	145	271
	605	143	274
	606	149	266
	607	149	271
	608	144	280
	609	149	273
	610	149	264
	611	150	276
	612	145	287
	613	144	276
	614	151	274
	615	155	282
	616	147	276
	617	153	278
	618	147	276
	619	149	287
	620	144	277
	621	151	278
	622	151	281
	623	150	284
	624	150	273
	625	148	287
	626	152	287
	627	158	295
	628	146	290
	629	159	293
	630	150	291
	631	158	290
	632	149	294
	633	163	295
	634	152	296
	635	156	298
	636	154	293
	637	158	287
	638	156	304
	639	154	304
	640	151	290
	641	155	301
	642	151	306
	643	162	298
	644	161	299
	645	158	293
	646	156	291
	647	163	298
	648	160	291
	649	157	303
	650	159	287
	651	172	298
	652	158	293
	653	156	293
	654	153	303
	655	152	305
	656	158	294
	657	165	300
	658	159	301
	659	156	309
	660	162	309
	661	164	307
	662	156	309
	663	164	309
	664	161	315
	665	173	312
	666	172	313
	667	165	315
	668	156	321
	669	159	314
	670	167	310
	671	168	322
	672	171	319
	673	169	319
	674	160	322
	675	162	321
	676	164	322
	677	173	322
	678	158	313
	679	172	324
	680	158	313
	681	166	336
	682	168	316
	683	166	327
	684	168	314
	685	172	327
	686	166	327
	687	169	323
	688	174	312
	689	169	327
	690	169	323
	691	169	327
	692	169	323
	693	172	329
	694	163	333
	695	171	327
	696	167	325
	697	170	326
	698	175	333
	699	173	328
	700	170	330
	701	176	331
	702	170	321
	703	173	329
	704	173	331
	705	177	329
	706	172	332
	707	176	325
	708	206	321
	709	179	334
	710	177	336
	711	184	336
	712	171	326
	713	170	335
	714	173	331
	715	171	341
	716	179	342
	717	178	337
	718	172	336
	719	178	332
	720	173	327
	721	178	341
	722	181	338
	723	175	340
	724	171	342
	725	183	342
	726	187	342
	727	176	341
	728	179	337
	729	183	345
	730	181	341
	731	174	343
	732	174	336
	733	177	343
	734	170	339
	735	173	346
	736	178	341
	737	178	346
	738	177	351
	739	178	356
	740	168	350
	741	177	352
	742	173	345
	743	175	354
	744	177	357
	745	183	349
	746	176	355
	747	178	346
	748	178	343
	749	183	352
	750	175	352
	751	179	352
	752	181	342
	753	172	347
	754	172	341
	755	178	352
	756	174	339
	757	176	347
	758	177	355
	759	181	351
	760	165	350
	761	175	343
	762	171	355
	763	182	357
	764	169	342
	765	174	340
	766	180	350
	767	175	352
	768	177	346
	769	180	347
	770	171	344
	771	180	346
	772	178	343
	773	181	339
	774	167	340
	775	184	351
	776	212	330
	777	166	348
	778	171	341
	779	170	343
	780	171	349
	781	181	346
	782	176	345
	783	178	351
	784	173	348
	785	179	345
	786	170	353
	787	178	352
	788	170	344
	789	181	343
	790	177	342
	791	186	347
	792	168	336
	793	164	349
	794	167	343
	795	165	340
	796	171	336
	797	169	344
	798	165	338
	799	181	332
	800	171	335
	801	173	338
	802	162	337
	803	171	371
	804	158	335
	805	179	338
	806	167	332
	807	175	336
	808	162	354
	809	176	334
	810	176	325
	811	174	338
	812	163	330
	813	159	337
	814	168	332
	815	166	331
	816	169	338
	817	166	325
	818	150	323
	819	171	329
	820	162	317
	821	160	331
	822	168	328
	823	161	337
	824	149	339
	825	157	329
	826	155	327
	827	159	324
	828	162	334
	829	157	331
	830	158	319
	831	165	329
	832	153	315
	833	162	309
	834	167	319
	835	155	320
	836	157	317
	837	167	313
	838	149	312
	839	158	318
	840	154	303
	841	151	324
	842	164	308
	843	152	316
	844	155	305
	845	160	307
	846	158	307
	847	160	311
	848	155	304
	849	161	323
	850	154	311
	851	151	314
	852	138	309
	853	151	319
	854	156	315
	855	156	313
	856	146	303
	857	147	305
	858	151	309
	859	152	304
	860	149	301
	861	150	313
	862	155	301
	863	144	305
	864	140	313
	865	145	305
	866	154	301
	867	150	309
	868	146	299
	869	145	312
	870	141	304
	871	155	306
	872	142	301
	873	142	309
	874	148	298
	875	149	306
	876	148	303
	877	148	305
	878	142	297
	879	151	304
	880	140	293
	881	149	303
	882	142	297
	883	142	300
	884	149	302
	885	149	298
	886	142	291
	887	151	298
	888	142	289
	889	144	295
	890	149	305
	891	140	306
	892	146	289
	893	145	301
	894	141	295
	895	147	287
	896	136	315
	897	143	285
	898	139	290
	899	147	292
	900	144	299
	901	155	281
	902	139	283
	903	136	276
	904	136	280
	905	138	291
	906	137	281
	907	138	281
	908	140	277
	909	147	276
	910	132	274
	911	138	282
	912	137	279
	913	135	289
	914	138	278
	915	141	285
	916	130	285
	917	142	281
	918	141	279
	919	147	278
	920	137	271
	921	142	281
	922	141	282
	923	143	290
	924	139	269
	925	131	283
	926	138	269
	927	144	271
	928	128	279
	929	142	280
	930	132	270
	931	141	279
	932	129	274
	933	138	280
	934	132	271
	935	141	270
	936	141	263
	937	140	273
	938	129	272
	939	135	278
	940	139	268
	941	137	273
	942	127	268
	943	123	269
	944	131	270
	945	141	280
	946	126	260
	947	134	264
	948	133	267
	949	130	269
	950	132	310
	951	136	258
	952	134	273
	953	127	271
	954	138	253
	955	134	272
	956	129	261
	957	140	260
	958	121	263
	959	134	266
	960	128	260
	961	137	271
	962	132	258
	963	127	262
	964	121	261
	965	124	254
	966	120	261
	967	127	257
	968	131	259
	969	130	262
	970	131	261
	971	130	258
	972	119	266
	973	128	261
	974	131	254
	975	125	250
	976	125	266
	977	125	251
	978	127	257
	979	136	254
	980	118	256
	981	124	265
	982	125	252
	983	128	262
	984	127	253
	985	131	262
	986	118	250
	987	132	253
	988	123	245
	989	123	255
	990	126	252
	991	127	247
	992	118	249
	993	122	257
	994	117	239
	995	133	245
	996	115	254
	997	126	250
	998	124	239
	999	127	245
	1000	133	240
	1001	120	246
	1002	119	245
	1003	119	239
	1004	128	247
	1005	124	237
	1006	120	231
	1007	128	248
	1008	116	242
	1009	116	239
	1010	121	240
	1011	122	239
	1012	120	243
	1013	126	242
	1014	124	244
	1015	128	235
	1016	120	240
	1017	112	231
	1018	121	233
	1019	128	236
	1020	114	237
	1021	119	241
	1022	117	234
	1023	130	236
	1024	115	237
	1025	124	238
	1026	114	241
	1027	129	235
	1028	116	223
	1029	121	234
	1030	112	228
	1031	112	238
	1032	114	242
	1033	120	229
	1034	111	227
	1035	119	232
	1036	112	227
	1037	117	241
	1038	120	237
	1039	118	232
	1040	111	237
	1041	117	237
	1042	110	229
	1043	120	231
	1044	111	260
	1045	120	237
	1046	117	232
	1047	115	245
	1048	119	237
	1049	116	234
	1050	112	235
	1051	120	231
	1052	125	236
	1053	114	224
	1054	112	234
	1055	116	260
	1056	107	228
	1057	122	227
	1058	115	227
	1059	123	239
	1060	109	227
	1061	115	239
	1062	105	227
	1063	119	220
	1064	114	237
	1065	116	228
	1066	124	229
	1067	116	229
	1068	112	233
	1069	120	232
	1070	112	226
	1071	122	229
	1072	110	231
	1073	117	229
	1074	114	236
	1075	120	228
	1076	111	230
	1077	152	240
	1078	120	228
	1079	132	233
	1080	113	232
	1081	115	231
	1082	110	235
	1083	116	228
	1084	115	229
	1085	118	229
	1086	105	239
	1087	121	227
	1088	117	227
	1089	115	228
	1090	112	223
	1091	122	230
	1092	109	216
	1093	118	232
	1094	115	225
	1095	115	226
	1096	119	233
	1097	110	232
	1098	116	233
	1099	123	226
	1100	114	232
	1101	118	234
	1102	113	222
	1103	120	230
	1104	121	229
	1105	122	231
	1106	115	221
	1107	117	232
	1108	113	225
	1109	123	236
	1110	116	256
	1111	116	229
	1112	122	226
	1113	130	227
	1114	118	223
	1115	115	232
	1116	120	225
	1117	113	225
	1118	109	226
	1119	125	219
	1120	108	223
	1121	122	233
	1122	109	235
	1123	120	230
	1124	115	229
	1125	119	217
	1126	116	229
	1127	114	226
	1128	109	223
	1129	114	228
	1130	124	234
	1131	108	234
	1132	113	228
	1133	117	230
	1134	107	224
	1135	112	230
	1136	110	250
	1137	113	226
	1138	119	223
	1139	121	236
	1140	121	223
	1141	119	222
	1142	116	224
	1143	117	222
	1144	113	233
	1145	109	227
	1146	112	227
	1147	127	232
	1148	114	219
	1149	115	231
	1150	114	226
	1151	118	233
	1152	107	225
	1153	109	239
	1154	113	222
	1155	124	223
	1156	109	231
	1157	115	228
	1158	113	232
	1159	111	223
	1160	110	223
	1161	117	228
	1162	114	215
	1163	119	245
	1164	116	225
	1165	116	232
	1166	112	215
	1167	113	224
	1168	115	228
	1169	115	226
	1170	108	230
	1171	122	230
	1172	112	227
	1173	108	232
	1174	106	229
	1175	111	232
	1176	113	224
	1177	117	224
	1178	111	220
	1179	119	221
	1180	116	226
	1181	113	233
	1182	123	219
	1183	127	222
	1184	113	230
	1185	113	227
	1186	113	226
	1187	114	231
	1188	115	228
	1189	115	226
	1190	114	230
	1191	112	225
	1192	120	225
	1193	109	232
	1194	117	221
	1195	113	229
	1196	121	235
	1197	117	237
	1198	116	225
	1199	118	237
	1200	118	219
	1201	119	223
	1202	123	230
	1203	117	229
	1204	115	228
	1205	118	228
	1206	115	226
	1207	117	224
	1208	115	221
	1209	121	222
	1210	111	222
	1211	119	223
	1212	100	227
	1213	122	228
	1214	113	230
	1215	124	222
	1216	105	221
	1217	115	222
	1218	104	218
	1219	114	225
	1220	117	220
	1221	121	228
	1222	119	226
	1223	117	234
	1224	111	219
	1225	127	231
	1226	113	225
	1227	111	222
	1228	113	229
	1229	119	233
	1230	111	225
	1231	120	229
	1232	104	222
	1233	125	221
	1234	107	221
	1235	116	231
	1236	117	216
	1237	118	223
	1238	108	223
	1239	119	227
	1240	109	217
	1241	115	231
	1242	121	224
	1243	115	223
	1244	113	226
	1245	109	226
	1246	110	225
	1247	123	229
	1248	114	226
	1249	119	227
	1250	111	221
	1251	115	222
	1252	112	223
	1253	114	224
	1254	109	222
	1255	111	228
	1256	118	227
	1257	110	225
	1258	121	220
	1259	112	224
	1260	119	230
	1261	122	228
	1262	118	231
	1263	122	230
	1264	116	218
	1265	111	225
	1266	145	228
	1267	152	220
	1268	116	220
	1269	120	221
	1270	112	221
	1271	120	230
	1272	111	223
	1273	119	231
	1274	115	224
	1275	126	257
	1276	110	234
	1277	127	225
	1278	116	227
	1279	122	229
	1280	113	212
	1281	124	230
	1282	111	229
	1283	123	224
	1284	113	232
	1285	118	234
	1286	115	220
	1287	119	222
	1288	109	215
	1289	111	220
	1290	109	230
	1291	115	229
	1292	110	222
	1293	113	225
	1294	110	222
	1295	127	220
	1296	112	224
	1297	112	226
	1298	113	235
	1299	121	226
	1300	122	224
	1301	119	229
	1302	115	219
	1303	114	230
	1304	109	220
	1305	111	236
	1306	114	224
	1307	111	224
	1308	101	214
	1309	117	228
	1310	110	215
	1311	115	223
	1312	107	221
	1313	120	225
	1314	124	224
	1315	115	230
	1316	114	218
	1317	111	219
	1318	106	227
	1319	112	226
	1320	116	225
	1321	118	232
	1322	119	229
	1323	122	222
	1324	112	228
	1325	116	226
	1326	112	229
	1327	117	230
	1328	116	229
	1329	115	219
	1330	114	229
	1331	131	228
	1332	118	222
	1333	118	227
	1334	121	224
	1335	122	230
	1336	110	222
	1337	113	225
	1338	108	222
	1339	113	235
	1340	113	229
	1341	117	235
	1342	113	222
	1343	120	220
	1344	99	206
	1345	117	228
	1346	114	224
	1347	108	229
	1348	110	218
	1349	111	216
	1350	111	218
	1351	115	231
	1352	110	227
	1353	114	225
	1354	107	228
	1355	116	227
	1356	110	223
	1357	114	231
	1358	113	225
	1359	123	229
	1360	115	224
	1361	118	226
	1362	112	222
	1363	104	233
	1364	111	218
	1365	115	230
	1366	112	215
	1367	110	229
	1368	111	235
	1369	114	222
	1370	115	227
	1371	115	216
	1372	146	226
	1373	117	224
	1374	110	226
	1375	125	225
	1376	111	223
	1377	110	226
	1378	103	217
	1379	113	227
	1380	112	216
	1381	155	230
	1382	110	221
	1383	113	223
	1384	112	221
	1385	114	221
	1386	118	225
	1387	123	228
	1388	111	215
	1389	110	222
	1390	105	222
	1391	119	227
	1392	115	219
	1393	121	235
	1394	103	216
	1395	118	228
	1396	115	236
	1397	110	220
	1398	113	214
	1399	110	226
	1400	111	225
	1401	121	228
	1402	109	223
	1403	117	232
	1404	116	216
	1405	119	219
	1406	109	219
	1407	116	225
	1408	106	211
	1409	117	219
	1410	114	236
	1411	120	222
	1412	119	226
	1413	120	232
	1414	111	221
	1415	123	224
	1416	113	225
	1417	114	218
	1418	116	220
	1419	123	222
	1420	104	213
	1421	107	229
	1422	102	232
	1423	112	227
	1424	107	231
	1425	114	225
	1426	107	220
	1427	113	228
	1428	106	223
	1429	110	221
	1430	115	227
	1431	117	228
	1432	113	215
	1433	120	223
	1434	112	231
	1435	120	221
	1436	107	221
	1437	108	220
	1438	106	222
	1439	115	227
	1440	113	216
	1441	116	221
	1442	111	224
	1443	108	224
	1444	109	228
	1445	114	219
	1446	108	215
	1447	116	225
	1448	115	217
	1449	119	223
	1450	107	224
	1451	114	235
	1452	108	217
	1453	109	225
	1454	106	220
	1455	113	233
	1456	105	220
	1457	120	220
	1458	117	221
	1459	110	228
	1460	118	220
	1461	110	220
	1462	117	222
	1463	115	224
	1464	108	217
	1465	118	223
	1466	112	221
	1467	105	220
	1468	102	223
	1469	114	219
	1470	107	221
	1471	109	229
	1472	109	219
	1473	114	227
	1474	108	225
	1475	123	221
	1476	111	218
	1477	109	219
	1478	110	219
	1479	112	216
	1480	111	217
	1481	108	213
	1482	108	214
	1483	110	225
	1484	102	215
	1485	114	223
	1486	114	212
	1487	114	225
	1488	103	214
	1489	108	216
	1490	107	222
	1491	115	220
	1492	116	219
	1493	114	226
	1494	107	220
	1495	114	227
	1496	112	216
	1497	110	223
	1498	106	218
	1499	117	228
	1500	107	216
	1501	109	227
	1502	103	219
	1503	115	219
	1504	108	213
	1505	109	217
	1506	111	214
	1507	112	226
	1508	109	215
	1509	111	219
	1510	110	223
	1511	119	221
	1512	110	216
	1513	114	216
	1514	102	214
	1515	109	220
	1516	107	212
	1517	106	219
	1518	107	219
	1519	104	223
	1520	109	214
	1521	110	217
	1522	112	218
	1523	107	213
	1524	108	215
	1525	109	218
	1526	111	210
	1527	107	225
	1528	117	218
	1529	112	221
	1530	112	216
	1531	152	224
	1532	109	224
	1533	119	215
	1534	111	222
	1535	115	225
	1536	109	213
	1537	109	217
	1538	109	212
	1539	115	222
	1540	106	215
	1541	110	225
	1542	109	211
	1543	125	221
	1544	107	214
	1545	107	223
	1546	107	216
	1547	110	228
	1548	110	219
	1549	120	223
	1550	103	220
	1551	107	225
	1552	112	217
	1553	111	221
	1554	109	214
	1555	115	220
	1556	108	226
	1557	113	217
	1558	113	237
	1559	116	220
	1560	108	209
	1561	115	217
	1562	110	218
	1563	116	232
	1564	112	223
	1565	124	228
	1566	114	219
	1567	115	225
	1568	116	221
	1569	122	228
	1570	121	213
	1571	116	262
	1572	111	218
	1573	108	225
	1574	119	232
	1575	123	234
	1576	107	236
	1577	122	231
	1578	116	243
	1579	115	234
	1580	115	236
	1581	119	242
	1582	114	242
	1583	125	245
	1584	123	235
	1585	125	243
	1586	121	248
	1587	119	244
	1588	113	242
	1589	121	240
	1590	120	233
	1591	122	250
	1592	113	237
	1593	123	230
	1594	120	237
	1595	125	243
	1596	118	232
	1597	151	241
	1598	115	238
	1599	131	253
	1600	119	239
	1601	122	233
	1602	116	239
	1603	124	233
	1604	115	240
	1605	122	242
	1606	115	236
	1607	115	245
	1608	123	243
	1609	121	244
	1610	115	239
	1611	120	251
	1612	111	233
	1613	118	243
	1614	121	238
	1615	120	244
	1616	121	238
	1617	124	246
	1618	113	229
	1619	124	241
	1620	118	245
	1621	118	239
	1622	122	241
	1623	113	234
	1624	129	239
	1625	123	241
	1626	121	250
	1627	121	232
	1628	110	245
	1629	117	241
	1630	117	232
	1631	120	245
	1632	110	236
	1633	124	245
	1634	117	243
	1635	128	248
	1636	115	240
	1637	112	249
	1638	119	239
	1639	118	245
	1640	119	238
	1641	119	238
	1642	113	238
	1643	122	238
	1644	113	243
	1645	122	239
	1646	145	241
	1647	123	240
	1648	113	244
	1649	119	245
	1650	117	233
	1651	112	237
	1652	116	235
	1653	125	253
	1654	120	239
	1655	131	240
	1656	116	234
	1657	126	241
	1658	121	240
	1659	122	238
	1660	121	235
	1661	120	237
	1662	113	235
	1663	129	237
	1664	120	235
	1665	121	243
	1666	126	241
	1667	126	239
	1668	114	239
	1669	119	238
	1670	111	243
	1671	121	238
	1672	105	238
	1673	125	233
	1674	117	235
	1675	119	238
	1676	116	236
	1677	123	233
	1678	113	231
	1679	123	243
	1680	123	238
	1681	119	236
	1682	112	241
	1683	123	240
	1684	116	235
	1685	115	238
	1686	117	233
	1687	131	248
	1688	122	241
	1689	123	238
	1690	106	230
	1691	118	232
	1692	108	236
	1693	118	243
	1694	112	232
	1695	109	232
	1696	108	240
	1697	110	234
	1698	107	227
	1699	114	228
	1700	107	225
	1701	110	226
	1702	108	223
	1703	115	221
	1704	102	217
	1705	120	209
	1706	106	202
	1707	103	212
	1708	108	217
	1709	107	211
	1710	105	213
	1711	107	207
	1712	107	211
	1713	106	212
	1714	117	218
	1715	118	212
	1716	106	211
	1717	109	211
	1718	111	223
	1719	104	218
	1720	107	204
	1721	110	209
	1722	112	208
	1723	110	216
	1724	98	199
	1725	107	219
	1726	138	205
	1727	105	208
	1728	108	208
	1729	105	211
	1730	106	204
	1731	104	211
	1732	102	211
	1733	107	207
	1734	98	212
	1735	105	208
	1736	103	211
	1737	105	210
	1738	103	213
	1739	110	208
	1740	113	201
	1741	100	211
	1742	103	206
	1743	117	212
	1744	101	208
	1745	102	211
	1746	103	205
	1747	105	211
	1748	114	211
	1749	108	206
	1750	104	207
	1751	109	213
	1752	101	204
	1753	111	206
	1754	103	212
	1755	113	210
	1756	105	207
	1757	105	211
	1758	109	208
	1759	106	217
	1760	105	217
	1761	107	207
	1762	106	210
	1763	107	205
	1764	105	205
	1765	109	216
	1766	107	207
	1767	104	210
	1768	100	202
	1769	107	214
	1770	98	205
	1771	107	214
	1772	96	205
	1773	108	219
	1774	100	212
	1775	104	214
	1776	97	209
	1777	103	207
	1778	111	206
	1779	109	213
	1780	106	204
	1781	105	215
	1782	114	206
	1783	105	207
	1784	101	214
	1785	111	208
	1786	105	209
	1787	109	208
	1788	105	210
	1789	109	213
	1790	102	202
	1791	111	211
	1792	102	206
	1793	114	206
	1794	98	204
	1795	99	221
	1796	106	203
	1797	100	207
	1798	100	203
	1799	111	203
	1800	102	203
	1801	105	209
	1802	96	211
	1803	112	211
	1804	97	205
	1805	106	208
	1806	102	215
	1807	108	207
	1808	98	213
	1809	107	211
	1810	102	202
	1811	108	205
	1812	103	204
	1813	103	207
	1814	105	202
	1815	106	211
	1816	96	210
	1817	102	212
	1818	98	205
	1819	108	208
	1820	99	202
	1821	106	207
	1822	88	214
	1823	112	210
	1824	99	200
	1825	106	216
	1826	104	203
	1827	101	216
	1828	106	211
	1829	102	211
	1830	97	208
	1831	106	212
	1832	102	204
	1833	104	204
	1834	98	205
	1835	111	206
	1836	95	207
	1837	105	204
	1838	106	200
	1839	108	202
	1840	97	203
	1841	98	208
	1842	104	213
	1843	102	207
	1844	103	204
	1845	109	207
	1846	99	201
	1847	106	211
	1848	101	209
	1849	109	211
	1850	100	194
	1851	107	202
	1852	104	209
	1853	109	204
	1854	94	198
	1855	100	212
	1856	104	209
	1857	108	207
	1858	101	203
	1859	104	203
	1860	103	201
	1861	100	210
	1862	112	201
	1863	110	206
	1864	103	209
	1865	105	214
	1866	96	205
	1867	104	201
	1868	99	206
	1869	99	205
	1870	100	216
	1871	105	208
	1872	105	205
	1873	107	208
	1874	104	206
	1875	103	208
	1876	106	202
	1877	104	209
	1878	105	198
	1879	108	210
	1880	104	202
	1881	109	199
	1882	99	197
	1883	108	202
	1884	100	202
	1885	107	211
	1886	95	197
	1887	98	220
	1888	108	201
	1889	104	203
	1890	105	206
	1891	100	210
	1892	102	205
	1893	109	201
	1894	101	203
	1895	103	216
	1896	100	203
	1897	106	214
	1898	114	208
	1899	109	215
	1900	102	201
	1901	110	205
	1902	101	208
	1903	112	211
	1904	111	208
	1905	105	211
	1906	102	210
	1907	143	208
	1908	98	200
	1909	108	207
	1910	106	205
	1911	107	208
	1912	98	209
	1913	102	206
	1914	96	203
	1915	107	207
	1916	109	205
	1917	105	204
	1918	104	204
	1919	103	209
	1920	99	207
	1921	97	238
	1922	103	208
	1923	105	206
	1924	100	209
	1925	102	209
	1926	96	204
	1927	104	206
	1928	96	207
	1929	107	215
	1930	100	209
	1931	104	203
	1932	99	193
	1933	103	209
	1934	99	205
	1935	106	215
	1936	105	198
	1937	109	212
	1938	102	207
	1939	101	212
	1940	105	200
	1941	104	207
	1942	103	196
	1943	103	201
	1944	101	203
	1945	112	205
	1946	104	198
	1947	108	209
	1948	100	209
	1949	104	212
	1950	102	212
	1951	106	213
	1952	100	204
	1953	104	204
	1954	108	199
	1955	106	204
	1956	104	200
	1957	101	207
	1958	97	198
	1959	100	202
	1960	99	206
	1961	102	203
	1962	94	202
	1963	110	204
	1964	98	199
	1965	102	208
	1966	99	201
	1967	103	206
	1968	105	205
	1969	113	217
	1970	99	207
	1971	104	206
	1972	104	206
	1973	103	207
	1974	104	205
	1975	104	199
	1976	96	199
	1977	110	205
	1978	100	207
	1979	105	208
	1980	101	207
	1981	102	202
	1982	108	205
	1983	104	208
	1984	105	198
	1985	104	210
	1986	96	200
	1987	104	210
	1988	100	208
	1989	108	211
	1990	101	207
	1991	107	201
	1992	101	203
	1993	98	212
	1994	96	204
	1995	102	204
	1996	105	202
	1997	101	202
	1998	101	200
	1999	101	209
	2000	93	206
	2001	97	201
	2002	100	199
	2003	102	208
	2004	100	210
	2005	100	217
	2006	97	210
	2007	103	204
	2008	100	203
	2009	109	202
	2010	101	206
	2011	101	211
	2012	95	205
	2013	99	203
	2014	96	209
	2015	105	202
	2016	96	213
	2017	98	206
	2018	99	195
	2019	103	202
	2020	100	206
	2021	107	205
	2022	100	208
	2023	103	199
	2024	101	203
	2025	101	202
	2026	91	210
	2027	111	207
	2028	95	203
	2029	109	207
	2030	106	206
	2031	103	215
	2032	100	201
	2033	106	208
	2034	99	191
	2035	102	203
	2036	91	198
	2037	100	202
	2038	95	204
	2039	101	203
	2040	102	200
	2041	107	204
	2042	95	199
	2043	102	206
	2044	98	203
	2045	97	202
	2046	100	207
	2047	103	198
	2048	97	204
	2049	101	200
	2050	96	205
	2051	97	203
	2052	99	204
	2053	105	199
	2054	101	206
	2055	103	206
	2056	96	195
	2057	105	202
	2058	99	196
	2059	99	201
	2060	103	198
	2061	103	199
	2062	102	203
	2063	100	207
	2064	92	194
	2065	98	201
	2066	101	202
	2067	100	196
	2068	98	200
	2069	101	198
	2070	97	204
	2071	103	210
	2072	94	204
	2073	98	208
	2074	99	201
	2075	107	198
	2076	97	198
	2077	99	199
	2078	93	205
	2079	105	205
	2080	99	205
	2081	103	198
	2082	94	202
	2083	100	196
	2084	93	199
	2085	102	210
	2086	96	202
	2087	104	200
	2088	100	196
	2089	104	203
	2090	96	199
	2091	108	203
	2092	98	196
	2093	102	202
	2094	107	206
	2095	107	208
	2096	98	210
	2097	107	203
	2098	90	192
	2099	96	201
	2100	99	203
	2101	102	210
	2102	96	201
	2103	110	205
	2104	102	195
	2105	109	202
	2106	103	200
	2107	103	203
	2108	96	198
	2109	97	192
	2110	99	195
	2111	109	204
	2112	96	200
	2113	105	199
	2114	105	200
	2115	102	203
	2116	96	202
	2117	100	205
	2118	97	202
	2119	103	202
	2120	94	199
	2121	104	197
	2122	103	208
	2123	100	207
	2124	94	205
	2125	103	195
	2126	94	198
	2127	103	206
	2128	102	198
	2129	97	204
	2130	102	200
	2131	105	201
	2132	96	198
	2133	102	203
	2134	101	207
	2135	104	203
	2136	94	197
	2137	100	208
	2138	89	196
	2139	108	196
	2140	99	201
	2141	104	206
	2142	104	198
	2143	100	196
	2144	100	200
	2145	107	204
	2146	103	202
	2147	105	203
	2148	102	198
	2149	100	201
	2150	98	194
	2151	109	201
	2152	101	194
	2153	107	197
	2154	95	205
	2155	101	202
	2156	90	206
	2157	100	203
	2158	103	200
	2159	102	202
	2160	98	201
	2161	103	201
	2162	99	203
	2163	104	202
	2164	96	197
	2165	105	204
	2166	101	198
	2167	105	199
	2168	94	198
	2169	99	205
	2170	103	313
	2171	111	205
	2172	106	198
	2173	102	199
	2174	100	202
	2175	103	205
	2176	94	199
	2177	103	197
	2178	95	202
	2179	102	194
	2180	96	201
	2181	107	194
	2182	94	199
	2183	103	200
	2184	97	198
	2185	99	205
	2186	98	205
	2187	108	200
	2188	95	203
	2189	100	198
	2190	95	199
	2191	101	215
	2192	100	204
	2193	101	204
	2194	96	229
	2195	101	201
	2196	91	196
	2197	101	205
	2198	100	203
	2199	103	203
	2200	91	197
	2201	104	201
	2202	93	200
	2203	109	202
	2204	96	199
	2205	148	204
	2206	102	193
	2207	97	195
	2208	101	198
	2209	106	200
	2210	95	198
	2211	109	202
	2212	99	197
	2213	103	205
	2214	95	200
	2215	100	200
	2216	95	193
	2217	106	196
	2218	98	202
	2219	103	203
	2220	97	203
	2221	102	204
	2222	95	194
	2223	107	206
	2224	102	190
	2225	107	207
	2226	100	197
	2227	98	201
	2228	92	194
	2229	94	197
	2230	95	194
	2231	107	203
	2232	94	198
	2233	96	198
	2234	102	201
	2235	98	202
	2236	94	196
	2237	107	201
	2238	92	197
	2239	103	215
	2240	92	195
	2241	99	201
	2242	95	198
	2243	108	203
	2244	99	196
	2245	98	203
	2246	97	205
	2247	111	199
	2248	102	196
	2249	100	200
	2250	103	200
	2251	106	203
	2252	98	193
	2253	101	205
	2254	93	193
	2255	99	201
	2256	99	198
	2257	98	203
	2258	101	196
	2259	109	200
	2260	101	201
	2261	99	197
	2262	96	197
	2263	95	203
	2264	105	202
	2265	107	207
	2266	98	202
	2267	105	205
	2268	96	201
	2269	94	201
	2270	101	198
	2271	103	209
	2272	94	206
	2273	99	201
	2274	108	194
	2275	103	202
	2276	102	194
	2277	98	206
	2278	100	200
	2279	105	202
	2280	102	200
	2281	100	193
	2282	107	196
	2283	103	213
	2284	96	202
	2285	104	204
	2286	102	199
	2287	100	203
	2288	93	198
	2289	99	207
	2290	101	206
	2291	103	205
	2292	104	194
	2293	100	198
	2294	99	197
	2295	96	211
	2296	90	199
	2297	103	200
	2298	100	202
	2299	102	196
	2300	102	203
	2301	103	202
	2302	101	201
	2303	101	196
	2304	98	204
	2305	99	203
	2306	95	197
	2307	100	198
	2308	93	192
	2309	102	199
	2310	98	192
	2311	102	199
	2312	95	198
	2313	103	198
	2314	95	194
	2315	99	203
	2316	96	197
	2317	99	204
	2318	104	204
	2319	99	195
	2320	96	198
	2321	109	198
	2322	96	201
	2323	110	205
	2324	95	196
	2325	109	200
	2326	94	196
	2327	102	200
	2328	92	203
	2329	111	202
	2330	109	190
	2331	104	205
	2332	102	196
	2333	102	199
	2334	96	201
	2335	104	199
	2336	96	200
	2337	101	201
	2338	97	198
	2339	97	204
	2340	96	203
	2341	98	200
	2342	100	198
	2343	103	207
	2344	92	197
	2345	103	202
	2346	92	197
	2347	102	198
	2348	97	201
	2349	102	198
	2350	100	197
	2351	106	213
	2352	99	193
	2353	97	197
	2354	94	199
	2355	105	199
	2356	94	190
	2357	108	200
	2358	91	196
	2359	97	205
	2360	101	193
	2361	98	201
	2362	96	200
	2363	99	210
	2364	95	196
	2365	102	199
	2366	94	197
	2367	96	194
	2368	99	197
	2369	108	208
	2370	101	194
	2371	106	202
	2372	93	196
	2373	107	206
	2374	98	203
	2375	102	208
	2376	97	196
	2377	106	203
	2378	97	196
	2379	106	205
	2380	99	206
	2381	99	200
	2382	105	197
	2383	104	205
	2384	100	196
	2385	92	200
	2386	91	204
	2387	104	197
	2388	102	200
	2389	104	199
	2390	96	196
	2391	103	205
	2392	99	199
	2393	104	199
	2394	100	191
	2395	102	194
	2396	103	196
	2397	101	207
	2398	97	198
	2399	101	206
	2400	90	217
	2401	98	201
	2402	99	197
	2403	137	201
	2404	94	191
	2405	99	195
	2406	93	194
	2407	101	198
	2408	95	206
	2409	100	202
	2410	100	202
	2411	106	201
	2412	96	199
	2413	100	204
	2414	97	203
	2415	108	206
	2416	96	197
	2417	100	226
	2418	100	201
	2419	107	202
	2420	93	200
	2421	109	198
	2422	96	201
	2423	104	204
	2424	94	194
	2425	105	202
	2426	96	198
	2427	105	202
	2428	95	197
	2429	104	204
	2430	103	197
	2431	100	198
	2432	93	198
	2433	103	209
	2434	101	200
	2435	103	204
	2436	100	195
	2437	102	209
	2438	97	197
	2439	109	202
	2440	88	194
	2441	98	198
	2442	95	201
	2443	104	198
	2444	94	199
	2445	97	199
	2446	104	192
	2447	99	203
	2448	94	197
	2449	100	200
	2450	99	200
	2451	103	210
	2452	101	190
	2453	100	199
	2454	99	200
	2455	105	202
	2456	91	196
	2457	99	206
	2458	100	199
	2459	105	201
	2460	102	197
	2461	101	201
	2462	100	199
	2463	103	201
	2464	100	220
	2465	97	196
	2466	104	195
	2467	103	204
	2468	103	200
	2469	108	210
	2470	100	198
	2471	106	211
	2472	94	201
	2473	101	209
	2474	108	201
	2475	102	207
	2476	101	197
	2477	99	210
	2478	99	201
	2479	96	197
	2480	100	201
	2481	102	208
	2482	94	203
	2483	97	199
	2484	94	198
	2485	108	200
	2486	97	198
	2487	101	202
	2488	98	198
	2489	105	201
	2490	97	196
	2491	101	205
	2492	92	189
	2493	98	200
	2494	99	198
	2495	103	205
	2496	92	198
	2497	97	201
	2498	87	200
	2499	101	201
	2500	94	200
	2501	100	204
	2502	104	196
	2503	101	200
	2504	104	200
	2505	103	198
	2506	97	202
	2507	101	211
	2508	99	197
	2509	100	205
	2510	99	198
	2511	105	206
	2512	99	204
	2513	103	208
	2514	98	201
	2515	101	196
	2516	94	190
	2517	104	200
	2518	95	205
	2519	106	194
	2520	92	203
	2521	98	202
	2522	100	198
	2523	99	201
	2524	97	201
	2525	100	202
	2526	105	198
	2527	106	200
	2528	96	194
	2529	104	197
	2530	96	202
	2531	107	201
	2532	95	197
	2533	103	196
	2534	94	201
	2535	107	207
	2536	101	198
	2537	106	205
	2538	101	200
	2539	101	204
	2540	98	197
	2541	97	208
	2542	94	199
	2543	99	204
	2544	96	190
	2545	102	198
	2546	99	200
	2547	102	204
	2548	94	205
	2549	102	195
	2550	100	192
	2551	93	195
	2552	97	199
	2553	104	205
	2554	94	201
	2555	94	199
	2556	96	196
	2557	97	203
	2558	100	198
	2559	108	205
	2560	89	201
	2561	105	202
	2562	98	195
	2563	103	199
	2564	90	195
	2565	98	204
	2566	94	203
	2567	102	227
	2568	96	197
	2569	94	207
	2570	93	206
	2571	103	201
	2572	100	194
	2573	103	199
	2574	100	203
	2575	108	206
	2576	87	200
	2577	105	202
	2578	97	191
	2579	102	202
	2580	97	192
	2581	100	205
	2582	89	200
	2583	104	202
	2584	100	194
	2585	101	196
	2586	95	202
	2587	95	198
	2588	95	197
	2589	101	196
	2590	98	197
	2591	102	202
	2592	90	202
	2593	99	197
	2594	98	201
	2595	106	204
	2596	93	194
	2597	103	205
	2598	98	197
	2599	103	196
	2600	95	199
	2601	100	200
	2602	93	196
	2603	98	206
	2604	96	199
	2605	108	203
	2606	101	200
	2607	99	196
	2608	92	199
	2609	102	202
	2610	94	201
	2611	100	200
	2612	100	195
	2613	103	204
	2614	95	197
	2615	106	209
	2616	92	196
	2617	103	208
	2618	90	200
	2619	100	201
	2620	96	199
	2621	96	200
	2622	102	203
	2623	101	201
	2624	91	193
	2625	101	202
	2626	124	199
	2627	98	197
	2628	93	198
	2629	101	201
	2630	104	194
	2631	100	205
	2632	98	198
	2633	105	208
	2634	99	197
	2635	100	201
	2636	101	195
	2637	104	203
	2638	95	200
	2639	103	196
	2640	98	193
	2641	107	203
	2642	95	197
	2643	100	203
	2644	98	201
	2645	105	206
	2646	93	199
	2647	99	204
	2648	99	193
	2649	92	202
	2650	98	205
	2651	101	199
	2652	96	194
	2653	104	198
	2654	95	195
	2655	102	201
	2656	102	197
	2657	101	203
	2658	97	200
	2659	111	198
	2660	101	205
	2661	101	201
	2662	101	196
	2663	99	204
	2664	100	197
	2665	103	197
	2666	97	197
	2667	102	201
	2668	99	198
	2669	97	193
	2670	101	198
	2671	106	206
	2672	93	200
	2673	102	202
	2674	95	198
	2675	104	208
	2676	93	197
	2677	98	204
	2678	90	199
	2679	101	199
	2680	94	200
	2681	96	198
	2682	96	197
	2683	97	199
	2684	104	196
	2685	99	198
	2686	100	199
	2687	98	204
	2688	96	188
	2689	108	201
	2690	93	189
	2691	102	201
	2692	103	198
	2693	101	195
	2694	94	198
	2695	103	197
	2696	100	198
	2697	99	203
	2698	105	202
	2699	103	209
	2700	102	196
	2701	103	198
	2702	100	197
	2703	108	204
	2704	101	196
	2705	104	202
	2706	98	201
	2707	99	194
	2708	99	196
	2709	106	199
	2710	95	204
	2711	103	207
	2712	96	193
	2713	95	199
	2714	101	197
	2715	107	199
	2716	97	191
	2717	105	199
	2718	96	195
	2719	97	205
	2720	100	196
	2721	136	204
	2722	99	196
	2723	109	202
	2724	91	194
	2725	102	207
	2726	125	203
	2727	98	206
	2728	97	200
	2729	104	203
	2730	95	198
	2731	105	204
	2732	98	200
	2733	95	196
	2734	97	197
	2735	108	200
	2736	98	193
	2737	101	196
	2738	97	194
	2739	97	196
	2740	94	202
	2741	98	206
	2742	104	201
	2743	105	203
	2744	100	196
	2745	98	196
	2746	102	198
	2747	102	199
	2748	98	202
	2749	101	201
	2750	95	197
	2751	101	205
	2752	98	193
	2753	99	202
	2754	97	198
	2755	99	196
	2756	97	189
	2757	107	205
	2758	95	195
	2759	110	200
	2760	94	198
	2761	97	199
	2762	99	203
	2763	108	200
	2764	92	197
	2765	100	199
	2766	89	200
	2767	106	208
	2768	96	198
	2769	103	204
	2770	99	201
	2771	109	200
	2772	93	194
	2773	109	199
	2774	95	196
	2775	108	202
	2776	92	200
	2777	96	203
	2778	93	204
	2779	104	198
	2780	99	200
	2781	99	202
	2782	98	198
	2783	127	202
	2784	97	201
	2785	101	195
	2786	97	197
	2787	100	207
	2788	95	204
	2789	101	201
	2790	101	199
	2791	98	202
	2792	99	199
	2793	99	196
	2794	94	194
	2795	105	200
	2796	103	202
	2797	102	199
	2798	94	194
	2799	102	203
	2800	91	203
	2801	102	210
	2802	94	222
	2803	100	206
	2804	93	197
	2805	100	200
	2806	96	201
	2807	101	195
	2808	102	198
	2809	107	192
	2810	102	203
	2811	103	213
	2812	99	201
	2813	99	205
	2814	93	206
	2815	104	200
	2816	96	194
	2817	101	204
	2818	107	197
	2819	104	199
	2820	94	199
	2821	115	200
	2822	98	192
	2823	102	203
	2824	104	197
	2825	100	197
	2826	97	196
	2827	103	209
	2828	102	194
	2829	104	203
	2830	100	192
	2831	121	200
	2832	96	199
	2833	103	201
	2834	96	200
	2835	105	199
	2836	97	192
	2837	101	199
	2838	108	197
	2839	95	196
	2840	99	203
	2841	102	197
	2842	94	197
	2843	105	206
	2844	94	195
	2845	98	205
	2846	101	194
	2847	98	201
	2848	95	195
	2849	101	200
	2850	94	198
	2851	106	198
	2852	90	199
	2853	107	195
	2854	102	202
	2855	104	204
	2856	97	205
	2857	102	198
	2858	93	199
	2859	100	201
	2860	100	200
	2861	112	207
	2862	99	197
	2863	106	202
	2864	97	195
	2865	100	197
	2866	101	202
	2867	103	198
	2868	97	195
	2869	110	205
	2870	105	198
	2871	99	194
	2872	94	198
	2873	99	196
	2874	96	199
	2875	101	204
	2876	96	191
	2877	98	208
	2878	98	208
	2879	103	196
	2880	93	199
	2881	98	200
	2882	93	194
	2883	111	200
	2884	90	191
	2885	103	203
	2886	98	200
	2887	103	199
	2888	104	197
	2889	186	196
	2890	106	200
	2891	100	209
	2892	99	203
	2893	105	197
	2894	99	196
	2895	110	203
	2896	97	202
	2897	98	203
	2898	96	202
	2899	104	210
	2900	102	198
	2901	102	197
	2902	97	198
	2903	94	200
	2904	101	200
	2905	99	203
	2906	92	197
	2907	105	201
	2908	102	200
	2909	101	198
	2910	93	197
	2911	96	212
	2912	92	190
	2913	103	200
	2914	94	216
	2915	101	204
	2916	94	203
	2917	95	202
	2918	97	208
	2919	105	196
	2920	121	194
	2921	99	205
	2922	99	200
	2923	98	203
	2924	104	201
	2925	97	201
	2926	97	193
	2927	110	202
	2928	95	191
	2929	99	197
	2930	99	199
	2931	97	203
	2932	100	205
	2933	102	200
	2934	87	199
	2935	98	201
	2936	92	206
	2937	96	196
	2938	103	196
	2939	100	202
	2940	98	204
	2941	107	199
	2942	91	206
	2943	95	203
	2944	93	201
	2945	98	204
	2946	95	203
	2947	107	198
	2948	98	198
	2949	98	195
	2950	97	192
	2951	93	198
	2952	100	202
	2953	101	203
	2954	95	192
	2955	103	205
	2956	92	197
	2957	98	200
	2958	97	204
	2959	96	201
	2960	98	199
	2961	97	203
	2962	95	193
	2963	98	196
	2964	97	203
	2965	105	193
	2966	103	196
	2967	103	204
	2968	99	194
	2969	100	206
	2970	94	202
	2971	98	203
	2972	95	195
	2973	96	200
	2974	93	198
	2975	103	206
	2976	95	197
	2977	107	200
	2978	97	199
	2979	104	202
	2980	100	205
	2981	106	196
	2982	100	194
	2983	106	206
	2984	95	200
	2985	102	202
	2986	98	200
	2987	101	204
	2988	98	198
	2989	105	195
	2990	92	200
	2991	101	202
	2992	103	194
	2993	93	197
	2994	98	205
	2995	100	200
	2996	95	194
	2997	100	190
	2998	113	202
	2999	106	201
	3000	96	196
	3001	95	200
	3002	107	199
	3003	105	196
	3004	98	208
	3005	108	202
	3006	98	199
	3007	103	203
	3008	101	194
	3009	100	207
	3010	97	205
	3011	106	193
	3012	96	196
	3013	102	199
	3014	98	200
	3015	100	207
	3016	104	203
	3017	101	201
	3018	94	199
	3019	104	200
	3020	95	199
	3021	100	205
	3022	96	199
	3023	99	205
	3024	97	195
	3025	105	199
	3026	92	190
	3027	105	203
	3028	97	197
	3029	94	205
	3030	102	194
	3031	100	199
	3032	92	196
	3033	104	198
	3034	94	193
	3035	102	197
	3036	98	197
	3037	96	198
	3038	101	196
	3039	102	201
	3040	93	199
	3041	102	203
	3042	94	204
	3043	98	200
	3044	107	201
	3045	98	197
	3046	99	199
	3047	101	198
	3048	98	198
	3049	100	206
	3050	102	198
	3051	108	202
	3052	96	197
	3053	102	199
	3054	96	196
	3055	101	207
	3056	96	203
	3057	101	203
	3058	99	194
	3059	102	200
	3060	93	198
	3061	106	201
	3062	93	198
	3063	97	205
	3064	99	199
	3065	95	203
	3066	99	198
	3067	106	197
	3068	94	189
	3069	100	204
	3070	94	197
	3071	99	196
	3072	98	197
	3073	98	194
	3074	94	196
	3075	104	209
	3076	100	195
	3077	101	209
	3078	102	192
	3079	101	202
	3080	103	205
	3081	104	206
	3082	100	199
	3083	106	203
	3084	96	200
	3085	100	199
	3086	96	199
	3087	97	197
	3088	101	194
	3089	103	203
	3090	94	202
	3091	100	207
	3092	105	205
	3093	99	199
	3094	96	196
	3095	106	198
	3096	96	197
	3097	95	205
	3098	96	195
	3099	103	203
	3100	94	196
	3101	98	197
	3102	95	200
	3103	106	201
	3104	97	204
	3105	103	202
	3106	94	192
	3107	98	202
	3108	95	202
	3109	97	198
	3110	92	190
	3111	105	209
	3112	98	202
	3113	94	209
	3114	98	205
	3115	99	204
	3116	100	193
	3117	108	203
	3118	94	196
	3119	101	197
	3120	98	199
	3121	99	201
	3122	99	196
	3123	102	204
	3124	94	197
	3125	100	202
	3126	95	201
	3127	97	197
	3128	98	199
	3129	100	203
	3130	93	196
	3131	110	200
	3132	91	193
	3133	100	199
	3134	92	199
	3135	100	202
	3136	104	206
	3137	103	204
	3138	101	204
	3139	102	195
	3140	97	197
	3141	101	211
	3142	102	193
	3143	100	198
	3144	101	196
	3145	98	198
	3146	114	198
	3147	98	200
	3148	94	202
	3149	103	201
	3150	96	198
	3151	109	202
	3152	91	197
	3153	105	204
	3154	101	198
	3155	99	203
	3156	98	200
	3157	104	201
	3158	92	202
	3159	94	192
	3160	90	201
	3161	95	200
	3162	97	197
	3163	102	194
	3164	94	195
	3165	104	205
	3166	97	202
	3167	106	209
	3168	98	195
	3169	96	201
	3170	100	193
	3171	96	206
	3172	99	198
	3173	104	204
	3174	97	197
	3175	102	204
	3176	95	205
	3177	102	198
	3178	94	196
	3179	97	199
	3180	90	202
	3181	99	196
	3182	95	203
	3183	98	207
	3184	100	200
	3185	127	199
	3186	99	194
	3187	105	210
	3188	92	200
	3189	106	200
	3190	96	203
	3191	105	193
	3192	99	201
	3193	102	203
	3194	97	200
	3195	104	202
	3196	94	199
	3197	101	195
	3198	94	202
	3199	98	201
	3200	99	197
	3201	103	204
	3202	97	198
	3203	98	204
	3204	95	203
	3205	94	208
	3206	96	196
	3207	98	203
	3208	93	195
	3209	102	206
	3210	94	202
	3211	105	203
	3212	98	195
	3213	101	198
	3214	95	199
	3215	106	198
	3216	96	199
	3217	100	201
	3218	100	200
	3219	100	191
	3220	98	197
	3221	96	203
	3222	102	193
	3223	104	230
	3224	93	193
	3225	103	204
	3226	97	196
	3227	93	202
	3228	98	197
	3229	106	201
	3230	96	198
	3231	103	196
	3232	95	196
	3233	99	203
	3234	105	195
	3235	98	201
	3236	97	196
	3237	96	199
	3238	94	199
	3239	100	204
	3240	101	196
	3241	104	220
	3242	101	197
	3243	104	204
	3244	101	198
	3245	97	206
	3246	98	216
	3247	110	201
	3248	100	195
	3249	99	202
	3250	96	198
	3251	97	205
	3252	99	195
	3253	101	199
	3254	98	203
	3255	103	203
	3256	92	193
	3257	101	205
	3258	90	197
	3259	99	199
	3260	91	194
	3261	98	198
	3262	96	198
	3263	104	205
	3264	89	207
	3265	101	200
	3266	94	196
	3267	102	204
	3268	102	199
	3269	102	207
	3270	98	197
	3271	103	198
	3272	99	201
	3273	101	199
	3274	102	195
	3275	101	205
	3276	100	192
	3277	102	206
	3278	94	201
	3279	97	205
	3280	94	203
	3281	102	202
	3282	103	197
	3283	97	198
	3284	94	202
	3285	125	201
	3286	100	202
	3287	107	207
	3288	98	190
	3289	100	203
	3290	96	197
	3291	96	199
	3292	96	200
	3293	114	203
	3294	97	195
	3295	98	201
	3296	101	200
	3297	103	201
	3298	97	196
	3299	96	198
	3300	100	193
	3301	100	201
	3302	103	194
	3303	97	202
	3304	100	199
	3305	103	198
	3306	98	199
	3307	104	197
	3308	102	197
	3309	96	199
	3310	94	193
	3311	94	198
	3312	99	198
	3313	99	207
	3314	95	197
	3315	96	209
	3316	99	193
	3317	102	209
	3318	101	194
	3319	98	195
	3320	102	199
	3321	111	199
	3322	107	199
	3323	107	193
	3324	99	197
	3325	99	205
	3326	97	198
	3327	98	201
	3328	100	189
	3329	96	202
	3330	96	197
	3331	99	203
	3332	101	196
	3333	100	206
	3334	101	198
	3335	102	204
	3336	98	202
	3337	103	205
	3338	96	198
	3339	102	200
	3340	95	198
	3341	101	205
	3342	94	206
	3343	99	200
	3344	91	204
	3345	104	199
	3346	101	195
	3347	117	202
	3348	107	187
	3349	102	201
	3350	95	201
	3351	97	205
	3352	105	197
	3353	101	197
	3354	97	195
	3355	110	204
	3356	96	198
	3357	105	196
	3358	102	198
	3359	100	200
	3360	101	198
	3361	103	204
	3362	103	197
	3363	100	199
	3364	96	194
	3365	96	204
	3366	98	197
	3367	99	207
	3368	96	198
	3369	103	204
	3370	91	195
	3371	106	199
	3372	98	200
	3373	99	204
	3374	96	193
	3375	101	198
	3376	95	202
	3377	105	195
	3378	100	198
	3379	102	203
	3380	102	193
	3381	101	200
	3382	96	201
	3383	104	199
	3384	95	196
	3385	110	198
	3386	97	205
	3387	107	208
	3388	97	200
	3389	99	201
	3390	98	200
	3391	104	198
	3392	96	199
	3393	99	197
	3394	99	197
	3395	102	196
	3396	99	196
	3397	102	198
	3398	98	201
	3399	101	200
	3400	101	199
	3401	101	201
	3402	96	200
	3403	100	201
	3404	102	194
	3405	110	200
	3406	95	190
	3407	102	193
	3408	92	197
	3409	93	203
	3410	96	200
	3411	100	196
	3412	95	195
	3413	105	194
	3414	94	190
	3415	106	197
	3416	96	202
	3417	105	201
	3418	98	193
	3419	101	201
	3420	93	196
	3421	106	207
	3422	98	198
	3423	101	207
	3424	98	189
	3425	106	204
	3426	96	199
	3427	100	205
	3428	98	199
	3429	102	198
	3430	101	196
	3431	105	194
	3432	104	198
	3433	102	204
	3434	100	200
	3435	104	209
	3436	97	194
	3437	96	212
	3438	98	192
	3439	104	203
	3440	100	200
	3441	101	202
	3442	100	200
	3443	96	200
	3444	100	199
	3445	97	194
	3446	100	203
	3447	103	196
	3448	95	191
	3449	104	192
	3450	99	196
	3451	105	205
	3452	97	195
	3453	108	195
	3454	94	200
	3455	103	206
	3456	99	196
	3457	101	198
	3458	92	197
	3459	108	197
	3460	98	195
	3461	101	210
	3462	88	205
	3463	107	203
	3464	102	193
	3465	97	199
	3466	92	198
	3467	99	210
	3468	88	195
	3469	104	200
	3470	99	202
	3471	107	202
	3472	101	236
	3473	102	194
	3474	98	196
	3475	108	201
	3476	100	195
	3477	101	198
	3478	96	218
	3479	101	196
	3480	99	194
	3481	110	199
	3482	96	192
	3483	101	199
	3484	97	197
	3485	97	206
	3486	99	201
	3487	102	199
	3488	92	191
	3489	98	200
	3490	94	196
	3491	107	197
	3492	105	197
	3493	100	196
	3494	100	190
	3495	105	203
	3496	97	192
	3497	111	199
	3498	93	197
	3499	103	197
	3500	99	205
	3501	103	200
	3502	95	197
	3503	103	196
	3504	96	201
	3505	97	194
	3506	97	193
	3507	94	202
	3508	95	194
	3509	98	202
	3510	101	193
	3511	103	194
	3512	93	190
	3513	99	201
	3514	101	201
	3515	99	198
	3516	103	197
	3517	110	202
	3518	91	195
	3519	103	203
	3520	94	193
	3521	96	200
	3522	103	201
	3523	97	199
	3524	94	196
	3525	102	200
	3526	92	199
	3527	96	204
	3528	95	191
	3529	100	205
	3530	104	198
	3531	99	200
	3532	95	194
	3533	99	207
	3534	95	191
	3535	101	202
	3536	97	200
	3537	99	200
	3538	98	198
	3539	103	201
	3540	95	215
	3541	99	198
	3542	98	198
	3543	100	198
	3544	94	192
	3545	102	201
	3546	98	187
	3547	100	202
	3548	101	198
	3549	107	201
	3550	125	220
	3551	107	198
	3552	96	198
	3553	104	205
	3554	98	196
	3555	105	207
	3556	98	197
	3557	106	198
	3558	92	197
	3559	100	213
	3560	90	197
	3561	103	199
	3562	104	190
	3563	103	199
	3564	100	200
	3565	101	202
	3566	93	195
	3567	102	205
	3568	94	188
	3569	97	209
	3570	104	204
	3571	99	203
	3572	98	191
	3573	100	198
	3574	98	192
	3575	99	199
	3576	94	199
	3577	100	204
	3578	93	191
	3579	106	209
	3580	88	200
	3581	108	204
	3582	102	197
	3583	123	204
	3584	97	198
	3585	103	197
	3586	98	199
	3587	101	200
	3588	95	200
	3589	103	200
	3590	103	197
	3591	99	201
	3592	96	199
	3593	109	199
	3594	95	198
	3595	109	195
	3596	93	197
	3597	104	195
	3598	91	187
	3599	101	203
	3600	102	194
	3601	107	197
	3602	97	191
	3603	108	195
	3604	97	196
	3605	98	194
	3606	95	189
	3607	102	200
	3608	94	195
	3609	106	196
	3610	98	199
	3611	104	205
	3612	92	198
	3613	99	204
	3614	98	201
	3615	104	202
	3616	96	196
	3617	102	198
	3618	92	198
	3619	97	198
	3620	96	196
	3621	97	207
	3622	104	189
	3623	99	199
	3624	92	200
	3625	98	198
	3626	97	203
	3627	107	200
	3628	101	195
	3629	104	195
	3630	92	202
	3631	102	199
	3632	100	193
	3633	102	205
	3634	101	198
	3635	101	204
	3636	97	189
	3637	107	199
	3638	94	197
	3639	107	202
	3640	101	199
	3641	105	205
	3642	95	204
	3643	101	203
	3644	95	197
	3645	106	203
	3646	92	200
	3647	103	198
	3648	93	200
	3649	100	203
	3650	96	194
	3651	112	212
	3652	96	197
	3653	106	196
	3654	105	193
	3655	99	202
	3656	95	207
	3657	103	201
	3658	94	204
	3659	102	199
	3660	98	194
	3661	107	199
	3662	103	202
	3663	102	198
	3664	97	199
	3665	102	193
	3666	96	199
	3667	109	205
	3668	98	199
	3669	99	203
	3670	103	192
	3671	104	200
	3672	95	196
	3673	104	207
	3674	101	196
	3675	99	205
	3676	95	202
	3677	92	200
	3678	95	198
	3679	101	202
	3680	96	197
	3681	96	194
	3682	105	201
	3683	95	194
	3684	96	202
	3685	99	203
	3686	97	193
	3687	106	197
	3688	92	197
	3689	100	204
	3690	92	196
	3691	96	206
	3692	96	202
	3693	101	209
	3694	93	196
	3695	103	198
	3696	91	199
	3697	99	196
	3698	94	200
	3699	104	201
	3700	120	196
	3701	104	196
	3702	95	198
	3703	101	197
	3704	95	199
	3705	104	197
	3706	100	192
	3707	105	206
	3708	97	195
	3709	94	200
	3710	90	198
	3711	97	205
	3712	99	196
	3713	104	202
	3714	97	194
	3715	93	202
	3716	88	197
	3717	93	192
	3718	97	188
	3719	101	194
	3720	102	196
	3721	102	203
	3722	90	193
	3723	95	195
