	0	91	188
	1	87	188
	2	90	185
	3	88	189
	4	94	191
	5	94	183
	6	88	181
	7	93	191
	8	89	189
	9	86	192
	10	84	188
	11	97	188
	12	92	190
	13	95	196
	14	87	191
	15	94	193
	16	84	186
	17	86	193
	18	86	192
	19	89	191
	20	96	194
	21	94	195
	22	90	189
	23	91	198
	24	90	189
	25	89	188
	26	106	206
	27	108	203
	28	93	198
	29	102	209
	30	105	203
	31	111	215
	32	101	202
	33	101	210
	34	102	200
	35	114	199
	36	101	204
	37	103	212
	38	98	207
	39	107	206
	40	103	206
	41	103	208
	42	98	204
	43	102	214
	44	104	208
	45	110	205
	46	103	205
	47	100	209
	48	110	200
	49	105	205
	50	100	204
	51	114	217
	52	105	212
	53	111	206
	54	111	199
	55	106	207
	56	100	203
	57	102	201
	58	103	205
	59	109	206
	60	108	206
	61	113	209
	62	115	208
	63	111	210
	64	105	215
	65	114	214
	66	110	203
	67	111	211
	68	103	219
	69	116	216
	70	107	203
	71	112	214
	72	106	209
	73	111	211
	74	101	214
	75	115	220
	76	102	207
	77	111	216
	78	107	207
	79	113	213
	80	103	211
	81	114	212
	82	109	210
	83	111	227
	84	115	204
	85	111	215
	86	116	210
	87	111	210
	88	103	214
	89	101	207
	90	107	203
	91	118	210
	92	104	205
	93	109	224
	94	104	224
	95	115	208
	96	101	251
	97	105	219
	98	117	211
	99	114	218
	100	106	207
	101	112	205
	102	106	209
	103	114	223
	104	115	217
	105	115	208
	106	114	211
	107	112	213
	108	109	209
	109	122	222
	110	107	211
	111	114	217
	112	119	213
	113	115	212
	114	111	211
	115	118	217
	116	108	208
	117	122	214
	118	115	215
	119	114	217
	120	109	209
	121	115	218
	122	104	209
	123	118	221
	124	120	215
	125	114	213
	126	113	212
	127	111	209
	128	109	208
	129	113	224
	130	100	212
	131	111	224
	132	109	212
	133	111	209
	134	118	212
	135	122	214
	136	142	208
	137	119	209
	138	111	221
	139	114	210
	140	107	209
	141	139	217
	142	117	209
	143	126	214
	144	120	217
	145	111	215
	146	125	205
	147	119	220
	148	119	224
	149	113	219
	150	115	212
	151	122	207
	152	112	203
	153	116	217
	154	112	217
	155	114	222
	156	112	212
	157	122	212
	158	114	222
	159	123	221
	160	114	219
	161	109	211
	162	117	220
	163	129	217
	164	118	212
	165	113	225
	166	121	211
	167	118	222
	168	113	218
	169	128	219
	170	118	223
	171	111	228
	172	121	214
	173	123	210
	174	120	222
	175	115	226
	176	112	216
	177	122	219
	178	124	224
	179	112	217
	180	116	212
	181	117	211
	182	116	213
	183	120	214
	184	122	209
	185	116	216
	186	110	219
	187	117	224
	188	110	214
	189	123	211
	190	120	215
	191	116	227
	192	120	218
	193	124	222
	194	117	216
	195	112	211
	196	116	212
	197	125	213
	198	116	204
	199	127	220
	200	117	211
	201	125	222
	202	125	216
	203	130	215
	204	111	216
	205	129	214
	206	113	210
	207	121	210
	208	113	220
	209	129	209
	210	119	227
	211	119	222
	212	111	213
	213	123	217
	214	110	213
	215	119	219
	216	122	202
	217	123	224
	218	115	215
	219	122	256
	220	119	216
	221	118	218
	222	116	224
	223	133	215
	224	113	221
	225	121	224
	226	110	217
	227	119	219
	228	112	217
	229	125	215
	230	121	219
	231	123	224
	232	112	217
	233	118	206
	234	125	215
	235	120	221
	236	127	220
	237	124	213
	238	114	219
	239	114	215
	240	115	209
	241	123	227
	242	123	219
	243	121	212
	244	116	212
	245	109	222
	246	110	217
	247	121	214
	248	116	216
	249	112	220
	250	114	212
	251	125	225
	252	108	214
	253	115	219
	254	116	216
	255	124	234
	256	113	216
	257	129	222
	258	114	223
	259	120	224
	260	114	213
	261	118	222
	262	118	221
	263	116	221
	264	108	210
	265	114	230
	266	108	218
	267	124	217
	268	110	219
	269	117	232
	270	107	216
	271	111	215
	272	108	215
	273	115	217
	274	113	216
	275	120	224
	276	107	212
	277	115	221
	278	108	213
	279	109	217
	280	111	211
	281	113	208
	282	110	218
	283	115	212
	284	109	215
	285	113	216
	286	106	215
	287	114	219
	288	106	219
	289	112	219
	290	127	211
	291	113	207
	292	109	226
	293	107	215
	294	106	225
	295	119	224
	296	114	217
	297	117	226
	298	148	211
	299	114	214
	300	114	219
	301	119	221
	302	111	223
	303	116	218
	304	103	218
	305	110	228
	306	106	216
	307	122	217
	308	111	220
	309	116	223
	310	111	220
	311	116	219
	312	110	220
	313	103	215
	314	106	211
	315	119	218
	316	113	222
	317	115	226
	318	110	220
	319	110	225
	320	114	213
	321	116	230
	322	113	223
	323	109	220
	324	110	204
	325	113	216
	326	105	216
	327	119	220
	328	111	215
	329	109	213
	330	107	222
	331	122	224
	332	118	214
	333	115	234
	334	108	210
	335	114	221
	336	104	213
	337	113	232
	338	117	215
	339	117	226
	340	110	210
	341	114	221
	342	113	211
	343	117	228
	344	103	208
	345	122	219
	346	118	228
	347	110	208
	348	104	217
	349	119	215
	350	107	217
	351	107	228
	352	103	210
	353	112	224
	354	111	217
	355	114	213
	356	107	216
	357	108	220
	358	114	216
	359	118	219
	360	112	216
	361	110	218
	362	116	222
	363	120	219
	364	102	217
	365	111	224
	366	115	224
	367	113	223
	368	113	222
	369	111	217
	370	116	226
	371	121	218
	372	108	217
	373	115	214
	374	109	219
	375	114	218
	376	108	209
	377	116	218
	378	106	215
	379	124	218
	380	113	218
	381	110	219
	382	112	217
	383	116	227
	384	110	227
	385	118	220
	386	113	216
	387	117	218
	388	108	220
	389	119	223
	390	110	219
	391	119	228
	392	115	221
	393	114	225
	394	115	219
	395	122	223
	396	109	224
	397	119	222
	398	117	221
	399	112	243
	400	113	222
	401	116	221
	402	113	220
	403	108	223
	404	108	218
	405	126	214
	406	116	223
	407	118	221
	408	108	219
	409	110	225
	410	115	229
	411	118	230
	412	115	221
	413	121	226
	414	118	230
	415	118	232
	416	113	217
	417	115	227
	418	124	227
	419	121	233
	420	112	214
	421	112	222
	422	116	226
	423	120	229
	424	118	225
	425	120	232
	426	122	227
	427	118	240
	428	111	221
	429	111	231
	430	118	225
	431	122	247
	432	120	227
	433	119	233
	434	109	233
	435	110	232
	436	114	216
	437	121	227
	438	117	219
	439	114	232
	440	121	226
	441	118	234
	442	114	233
	443	109	232
	444	116	217
	445	120	237
	446	114	231
	447	120	223
	448	115	217
	449	116	228
	450	111	228
	451	122	232
	452	159	219
	453	125	227
	454	125	225
	455	113	232
	456	122	234
	457	121	220
	458	117	229
	459	116	227
	460	111	231
	461	126	230
	462	115	220
	463	117	237
	464	113	222
	465	123	237
	466	122	233
	467	125	225
	468	117	227
	469	122	225
	470	117	230
	471	128	240
	472	123	229
	473	132	232
	474	132	224
	475	125	227
	476	123	241
	477	123	238
	478	123	240
	479	128	231
	480	126	232
	481	121	236
	482	117	238
	483	131	236
	484	122	234
	485	121	232
	486	123	240
	487	124	237
	488	121	230
	489	126	235
	490	123	235
	491	130	242
	492	122	232
	493	124	235
	494	114	237
	495	119	241
	496	128	222
	497	126	233
	498	114	228
	499	118	241
	500	124	232
	501	135	237
	502	124	226
	503	123	240
	504	129	231
	505	130	235
	506	133	238
	507	125	246
	508	117	230
	509	132	229
	510	120	241
	511	129	244
	512	132	243
	513	131	250
	514	125	231
	515	126	239
	516	119	248
	517	137	248
	518	119	238
	519	131	239
	520	129	249
	521	125	255
	522	128	244
	523	129	251
	524	122	238
	525	126	248
	526	131	242
	527	129	255
	528	124	235
	529	124	236
	530	134	247
	531	128	262
	532	128	248
	533	137	236
	534	129	242
	535	131	247
	536	127	245
	537	137	251
	538	128	259
	539	130	254
	540	130	248
	541	124	250
	542	129	241
	543	135	256
	544	133	249
	545	129	253
	546	125	251
	547	142	246
	548	143	252
	549	138	260
	550	136	247
	551	133	255
	552	133	251
	553	135	257
	554	132	248
	555	132	250
	556	133	252
	557	134	279
	558	132	247
	559	128	264
	560	125	251
	561	139	250
	562	131	254
	563	139	255
	564	138	247
	565	141	257
	566	132	261
	567	134	268
	568	134	258
	569	132	261
	570	136	260
	571	150	263
	572	144	254
	573	131	256
	574	122	262
	575	133	265
	576	138	258
	577	141	270
	578	136	249
	579	137	263
	580	140	260
	581	142	259
	582	133	261
	583	138	268
	584	135	269
	585	135	264
	586	140	268
	587	147	271
	588	137	256
	589	145	268
	590	133	274
	591	145	272
	592	144	261
	593	145	265
	594	147	268
	595	144	268
	596	144	267
	597	146	261
	598	142	265
	599	143	278
	600	148	262
	601	143	272
	602	147	276
	603	143	281
	604	138	276
	605	146	273
	606	149	259
	607	138	275
	608	140	275
	609	144	269
	610	145	264
	611	148	279
	612	144	285
	613	149	273
	614	151	268
	615	152	276
	616	144	276
	617	148	280
	618	148	278
	619	148	284
	620	142	277
	621	155	282
	622	150	283
	623	160	286
	624	146	275
	625	152	285
	626	147	279
	627	156	290
	628	152	281
	629	158	285
	630	148	292
	631	158	287
	632	149	292
	633	151	291
	634	155	291
	635	156	301
	636	153	288
	637	154	290
	638	152	305
	639	155	306
	640	155	297
	641	150	285
	642	155	296
	643	161	299
	644	156	302
	645	154	297
	646	153	291
	647	161	296
	648	160	283
	649	165	307
	650	157	298
	651	167	305
	652	150	290
	653	160	298
	654	145	295
	655	159	302
	656	159	301
	657	163	299
	658	160	302
	659	157	309
	660	163	307
	661	163	305
	662	157	308
	663	164	303
	664	155	304
	665	171	305
	666	167	310
	667	161	317
	668	157	311
	669	157	318
	670	163	308
	671	156	321
	672	164	316
	673	173	319
	674	166	325
	675	160	322
	676	161	312
	677	165	321
	678	163	315
	679	170	322
	680	161	317
	681	171	330
	682	166	317
	683	166	326
	684	165	313
	685	163	326
	686	159	326
	687	170	326
	688	171	316
	689	169	322
	690	170	321
	691	165	324
	692	167	316
	693	169	326
	694	168	333
	695	166	324
	696	165	320
	697	170	330
	698	166	328
	699	168	333
	700	169	327
	701	173	322
	702	165	323
	703	173	333
	704	168	324
	705	167	326
	706	166	335
	707	177	332
	708	207	325
	709	178	331
	710	170	335
	711	179	333
	712	166	328
	713	171	331
	714	170	330
	715	178	348
	716	176	342
	717	172	333
	718	169	338
	719	169	330
	720	179	335
	721	179	337
	722	176	338
	723	172	340
	724	165	338
	725	180	335
	726	189	332
	727	174	337
	728	171	332
	729	184	347
	730	176	349
	731	165	352
	732	170	337
	733	185	350
	734	179	340
	735	177	354
	736	175	339
	737	177	340
	738	178	351
	739	179	356
	740	176	346
	741	173	347
	742	177	346
	743	172	360
	744	170	359
	745	174	345
	746	175	354
	747	179	347
	748	179	341
	749	175	360
	750	164	352
	751	174	350
	752	178	339
	753	169	354
	754	175	339
	755	180	343
	756	168	338
	757	175	357
	758	174	355
	759	186	356
	760	165	343
	761	173	340
	762	166	349
	763	173	360
	764	165	350
	765	177	338
	766	176	343
	767	171	347
	768	172	346
	769	178	350
	770	163	341
	771	176	347
	772	185	342
	773	177	341
	774	164	336
	775	180	342
	776	205	335
	777	171	356
	778	169	344
	779	170	343
	780	169	350
	781	175	342
	782	170	341
	783	170	352
	784	168	339
	785	176	344
	786	167	342
	787	176	344
	788	169	341
	789	175	346
	790	168	337
	791	181	344
	792	165	333
	793	175	344
	794	164	340
	795	170	342
	796	166	334
	797	171	339
	798	165	336
	799	178	340
	800	160	333
	801	162	338
	802	161	337
	803	171	373
	804	163	331
	805	178	337
	806	165	337
	807	173	345
	808	160	354
	809	172	334
	810	162	332
	811	174	332
	812	167	331
	813	170	323
	814	164	333
	815	167	322
	816	161	331
	817	160	324
	818	155	323
	819	172	322
	820	166	315
	821	155	328
	822	163	323
	823	158	337
	824	152	326
	825	156	323
	826	161	322
	827	161	331
	828	158	341
	829	153	324
	830	154	312
	831	167	321
	832	158	325
	833	160	315
	834	169	318
	835	147	316
	836	155	314
	837	162	311
	838	154	317
	839	152	328
	840	155	312
	841	154	324
	842	158	314
	843	151	317
	844	159	299
	845	156	314
	846	156	306
	847	155	321
	848	151	306
	849	156	314
	850	145	310
	851	158	314
	852	147	308
	853	149	311
	854	156	307
	855	152	315
	856	145	305
	857	157	310
	858	152	307
	859	152	308
	860	148	300
	861	148	308
	862	147	298
	863	150	308
	864	139	305
	865	144	300
	866	152	296
	867	146	306
	868	141	302
	869	147	309
	870	135	297
	871	157	304
	872	143	308
	873	140	309
	874	140	300
	875	145	307
	876	141	298
	877	153	308
	878	140	296
	879	153	303
	880	145	297
	881	148	305
	882	143	297
	883	145	299
	884	153	286
	885	151	285
	886	137	295
	887	156	298
	888	139	292
	889	139	296
	890	143	305
	891	144	306
	892	144	286
	893	147	305
	894	138	287
	895	143	292
	896	141	308
	897	144	284
	898	135	291
	899	145	290
	900	140	289
	901	147	286
	902	143	287
	903	136	283
	904	132	282
	905	136	286
	906	142	276
	907	142	283
	908	140	280
	909	142	281
	910	138	275
	911	140	277
	912	138	276
	913	140	282
	914	136	281
	915	136	280
	916	126	274
	917	132	282
	918	138	282
	919	152	279
	920	129	270
	921	141	276
	922	132	277
	923	144	292
	924	132	268
	925	143	281
	926	132	270
	927	141	277
	928	132	272
	929	135	274
	930	138	274
	931	137	283
	932	129	272
	933	136	274
	934	127	269
	935	134	271
	936	141	268
	937	133	271
	938	134	265
	939	132	278
	940	135	267
	941	132	270
	942	134	267
	943	126	269
	944	138	260
	945	142	274
	946	127	261
	947	134	275
	948	125	262
	949	132	265
	950	124	303
	951	128	264
	952	132	272
	953	123	268
	954	129	255
	955	134	259
	956	125	263
	957	135	272
	958	129	263
	959	126	256
	960	121	254
	961	132	261
	962	138	260
	963	130	262
	964	125	256
	965	134	259
	966	117	261
	967	131	261
	968	125	260
	969	127	255
	970	130	268
	971	126	255
	972	121	269
	973	131	261
	974	119	256
	975	124	252
	976	131	257
	977	121	252
	978	128	252
	979	128	253
	980	124	254
	981	128	261
	982	129	251
	983	129	258
	984	125	251
	985	122	259
	986	121	248
	987	123	254
	988	124	254
	989	124	254
	990	118	253
	991	127	243
	992	115	250
	993	121	255
	994	109	251
	995	122	248
	996	116	247
	997	129	253
	998	119	241
	999	111	242
	1000	127	243
	1001	130	245
	1002	129	243
	1003	126	244
	1004	122	236
	1005	123	240
	1006	117	241
	1007	123	242
	1008	113	237
	1009	113	237
	1010	118	241
	1011	122	238
	1012	112	243
	1013	123	237
	1014	119	237
	1015	124	240
	1016	126	246
	1017	115	234
	1018	119	233
	1019	122	233
	1020	115	242
	1021	122	238
	1022	120	237
	1023	127	231
	1024	118	226
	1025	118	232
	1026	104	241
	1027	130	235
	1028	121	226
	1029	119	234
	1030	114	231
	1031	124	243
	1032	106	239
	1033	119	234
	1034	108	222
	1035	118	234
	1036	121	228
	1037	119	244
	1038	108	223
	1039	111	234
	1040	114	229
	1041	121	238
	1042	116	226
	1043	119	225
	1044	114	261
	1045	123	230
	1046	116	235
	1047	112	237
	1048	119	241
	1049	122	232
	1050	112	228
	1051	118	238
	1052	119	234
	1053	113	224
	1054	114	233
	1055	119	263
	1056	109	228
	1057	122	225
	1058	115	232
	1059	120	242
	1060	107	228
	1061	122	238
	1062	111	228
	1063	120	233
	1064	116	237
	1065	110	230
	1066	120	233
	1067	113	230
	1068	110	226
	1069	115	232
	1070	109	233
	1071	122	224
	1072	103	223
	1073	111	223
	1074	110	228
	1075	117	227
	1076	113	221
	1077	153	236
	1078	116	224
	1079	130	234
	1080	113	228
	1081	120	223
	1082	114	235
	1083	118	227
	1084	111	223
	1085	119	224
	1086	107	239
	1087	120	230
	1088	122	218
	1089	117	223
	1090	113	222
	1091	116	237
	1092	107	226
	1093	114	236
	1094	112	224
	1095	121	234
	1096	118	234
	1097	113	235
	1098	111	235
	1099	116	228
	1100	114	235
	1101	118	229
	1102	103	229
	1103	120	230
	1104	109	222
	1105	118	234
	1106	115	229
	1107	117	231
	1108	114	223
	1109	119	227
	1110	120	253
	1111	110	230
	1112	115	222
	1113	126	227
	1114	113	226
	1115	113	227
	1116	115	226
	1117	110	225
	1118	110	229
	1119	123	218
	1120	110	231
	1121	122	233
	1122	113	227
	1123	118	227
	1124	109	219
	1125	113	222
	1126	112	235
	1127	111	229
	1128	106	220
	1129	112	225
	1130	115	238
	1131	115	230
	1132	112	228
	1133	114	227
	1134	111	224
	1135	122	228
	1136	116	251
	1137	119	226
	1138	116	221
	1139	117	233
	1140	123	220
	1141	115	222
	1142	109	224
	1143	111	233
	1144	109	226
	1145	109	221
	1146	107	225
	1147	128	229
	1148	116	218
	1149	114	223
	1150	113	226
	1151	107	228
	1152	109	222
	1153	110	225
	1154	116	222
	1155	122	222
	1156	106	225
	1157	118	221
	1158	112	223
	1159	116	225
	1160	106	228
	1161	117	230
	1162	116	225
	1163	110	241
	1164	107	228
	1165	123	220
	1166	119	212
	1167	111	224
	1168	115	228
	1169	115	223
	1170	109	230
	1171	118	232
	1172	104	231
	1173	111	224
	1174	108	225
	1175	108	227
	1176	111	231
	1177	113	225
	1178	109	219
	1179	120	223
	1180	110	223
	1181	112	227
	1182	121	222
	1183	114	227
	1184	109	235
	1185	112	222
	1186	109	227
	1187	112	226
	1188	108	233
	1189	114	227
	1190	118	233
	1191	117	223
	1192	119	221
	1193	108	225
	1194	110	220
	1195	123	231
	1196	123	224
	1197	118	237
	1198	109	223
	1199	117	231
	1200	121	217
	1201	121	228
	1202	117	235
	1203	111	231
	1204	114	231
	1205	123	227
	1206	116	222
	1207	119	223
	1208	115	215
	1209	123	220
	1210	109	224
	1211	116	224
	1212	105	221
	1213	116	223
	1214	111	218
	1215	124	221
	1216	104	221
	1217	115	224
	1218	101	221
	1219	117	223
	1220	109	228
	1221	125	228
	1222	118	220
	1223	119	236
	1224	111	225
	1225	123	227
	1226	108	225
	1227	111	219
	1228	110	219
	1229	111	226
	1230	114	223
	1231	114	223
	1232	105	219
	1233	121	221
	1234	112	217
	1235	118	232
	1236	112	215
	1237	120	216
	1238	111	223
	1239	113	230
	1240	111	216
	1241	116	234
	1242	109	223
	1243	115	228
	1244	115	223
	1245	107	220
	1246	111	219
	1247	123	232
	1248	117	224
	1249	118	220
	1250	112	220
	1251	121	222
	1252	108	227
	1253	107	228
	1254	108	228
	1255	110	227
	1256	108	223
	1257	108	222
	1258	114	224
	1259	118	226
	1260	120	224
	1261	111	232
	1262	105	230
	1263	112	229
	1264	110	220
	1265	115	226
	1266	152	225
	1267	147	228
	1268	111	219
	1269	121	227
	1270	113	224
	1271	119	227
	1272	104	230
	1273	115	233
	1274	119	223
	1275	120	250
	1276	115	226
	1277	116	215
	1278	112	224
	1279	118	227
	1280	114	223
	1281	121	226
	1282	117	220
	1283	117	227
	1284	112	227
	1285	120	233
	1286	113	224
	1287	122	222
	1288	107	220
	1289	113	219
	1290	107	227
	1291	117	230
	1292	113	222
	1293	114	224
	1294	109	225
	1295	117	216
	1296	109	234
	1297	115	224
	1298	107	224
	1299	122	226
	1300	116	224
	1301	114	227
	1302	111	217
	1303	113	232
	1304	112	218
	1305	119	228
	1306	111	225
	1307	107	226
	1308	108	214
	1309	114	232
	1310	111	218
	1311	116	226
	1312	111	222
	1313	121	228
	1314	122	219
	1315	125	220
	1316	117	224
	1317	111	221
	1318	103	224
	1319	116	223
	1320	112	222
	1321	121	226
	1322	113	228
	1323	118	226
	1324	119	224
	1325	122	224
	1326	105	223
	1327	113	230
	1328	114	231
	1329	108	225
	1330	110	219
	1331	127	227
	1332	109	224
	1333	120	225
	1334	112	231
	1335	115	229
	1336	106	219
	1337	113	225
	1338	115	226
	1339	110	231
	1340	110	223
	1341	111	233
	1342	109	222
	1343	124	219
	1344	104	214
	1345	113	229
	1346	118	218
	1347	107	223
	1348	106	221
	1349	119	221
	1350	120	221
	1351	116	233
	1352	115	225
	1353	111	222
	1354	108	221
	1355	124	228
	1356	109	221
	1357	111	217
	1358	109	228
	1359	125	224
	1360	109	215
	1361	116	227
	1362	109	223
	1363	115	227
	1364	108	224
	1365	113	224
	1366	111	221
	1367	105	226
	1368	115	215
	1369	109	220
	1370	113	223
	1371	123	219
	1372	147	228
	1373	113	218
	1374	105	225
	1375	120	220
	1376	107	216
	1377	116	233
	1378	108	223
	1379	119	226
	1380	107	217
	1381	145	226
	1382	115	221
	1383	117	228
	1384	114	212
	1385	113	222
	1386	112	220
	1387	117	215
	1388	110	220
	1389	108	221
	1390	114	222
	1391	119	224
	1392	104	221
	1393	115	236
	1394	113	221
	1395	114	225
	1396	109	222
	1397	118	218
	1398	113	222
	1399	111	231
	1400	108	219
	1401	115	225
	1402	114	217
	1403	110	229
	1404	108	223
	1405	116	221
	1406	106	219
	1407	114	223
	1408	109	215
	1409	116	215
	1410	113	226
	1411	123	219
	1412	108	226
	1413	116	229
	1414	106	218
	1415	120	224
	1416	109	220
	1417	110	214
	1418	117	220
	1419	120	218
	1420	107	218
	1421	108	222
	1422	108	221
	1423	114	219
	1424	108	227
	1425	113	224
	1426	103	221
	1427	110	224
	1428	102	229
	1429	114	220
	1430	112	226
	1431	117	216
	1432	103	213
	1433	120	223
	1434	113	222
	1435	112	212
	1436	111	224
	1437	119	218
	1438	110	225
	1439	119	222
	1440	113	218
	1441	112	225
	1442	119	222
	1443	115	222
	1444	111	218
	1445	114	215
	1446	102	225
	1447	118	224
	1448	106	226
	1449	119	225
	1450	107	216
	1451	111	222
	1452	102	214
	1453	110	222
	1454	107	222
	1455	113	229
	1456	104	215
	1457	112	218
	1458	118	216
	1459	110	216
	1460	110	221
	1461	107	219
	1462	111	225
	1463	124	236
	1464	109	223
	1465	112	217
	1466	112	220
	1467	104	225
	1468	110	225
	1469	115	216
	1470	113	213
	1471	107	224
	1472	112	217
	1473	110	219
	1474	112	222
	1475	123	212
	1476	104	213
	1477	114	212
	1478	106	219
	1479	113	222
	1480	106	214
	1481	111	217
	1482	109	220
	1483	106	225
	1484	106	217
	1485	109	221
	1486	110	213
	1487	111	223
	1488	106	216
	1489	114	214
	1490	97	225
	1491	113	226
	1492	113	215
	1493	113	218
	1494	112	223
	1495	113	227
	1496	112	218
	1497	110	221
	1498	104	218
	1499	116	223
	1500	108	214
	1501	111	229
	1502	112	215
	1503	115	221
	1504	108	212
	1505	110	220
	1506	107	217
	1507	118	223
	1508	105	212
	1509	117	220
	1510	108	223
	1511	108	219
	1512	108	217
	1513	113	210
	1514	107	216
	1515	114	220
	1516	105	210
	1517	108	216
	1518	106	218
	1519	109	215
	1520	118	219
	1521	111	214
	1522	102	210
	1523	113	223
	1524	101	215
	1525	110	215
	1526	104	216
	1527	113	222
	1528	124	224
	1529	111	219
	1530	108	214
	1531	147	221
	1532	101	219
	1533	119	219
	1534	105	215
	1535	107	218
	1536	111	213
	1537	104	221
	1538	111	216
	1539	112	224
	1540	112	215
	1541	113	229
	1542	118	213
	1543	120	217
	1544	108	216
	1545	105	221
	1546	103	206
	1547	116	220
	1548	108	220
	1549	113	213
	1550	110	220
	1551	108	215
	1552	111	222
	1553	121	220
	1554	107	216
	1555	111	224
	1556	104	224
	1557	108	218
	1558	116	238
	1559	113	223
	1560	104	210
	1561	115	212
	1562	115	211
	1563	111	231
	1564	107	218
	1565	120	216
	1566	116	216
	1567	120	218
	1568	108	225
	1569	121	225
	1570	116	213
	1571	119	269
	1572	115	223
	1573	110	223
	1574	113	229
	1575	121	231
	1576	113	231
	1577	118	238
	1578	114	239
	1579	118	237
	1580	116	234
	1581	121	243
	1582	117	239
	1583	121	250
	1584	124	237
	1585	132	236
	1586	122	239
	1587	121	251
	1588	121	238
	1589	123	240
	1590	119	235
	1591	116	241
	1592	120	239
	1593	125	240
	1594	115	231
	1595	119	248
	1596	113	240
	1597	151	239
	1598	120	239
	1599	124	249
	1600	113	242
	1601	126	240
	1602	113	244
	1603	126	233
	1604	117	241
	1605	122	241
	1606	121	237
	1607	120	250
	1608	117	241
	1609	123	245
	1610	116	233
	1611	122	247
	1612	117	227
	1613	119	235
	1614	123	230
	1615	122	235
	1616	110	234
	1617	125	241
	1618	112	231
	1619	120	241
	1620	122	233
	1621	117	238
	1622	121	246
	1623	116	239
	1624	119	240
	1625	121	249
	1626	127	240
	1627	121	236
	1628	114	241
	1629	117	242
	1630	113	239
	1631	123	252
	1632	117	231
	1633	119	247
	1634	109	247
	1635	122	247
	1636	116	239
	1637	109	253
	1638	116	246
	1639	122	249
	1640	116	235
	1641	112	245
	1642	111	234
	1643	122	233
	1644	113	235
	1645	122	237
	1646	150	238
	1647	125	235
	1648	112	235
	1649	121	246
	1650	117	238
	1651	116	244
	1652	112	237
	1653	125	244
	1654	119	237
	1655	132	233
	1656	113	232
	1657	126	241
	1658	119	240
	1659	126	236
	1660	117	238
	1661	119	245
	1662	119	239
	1663	124	238
	1664	113	238
	1665	123	246
	1666	126	241
	1667	129	237
	1668	115	236
	1669	109	236
	1670	111	236
	1671	125	236
	1672	104	239
	1673	125	230
	1674	111	231
	1675	111	230
	1676	121	228
	1677	117	238
	1678	116	232
	1679	120	241
	1680	114	226
	1681	118	238
	1682	110	239
	1683	118	237
	1684	113	238
	1685	119	236
	1686	116	234
	1687	127	247
	1688	114	231
	1689	116	235
	1690	115	232
	1691	127	236
	1692	108	236
	1693	115	242
	1694	111	230
	1695	111	243
	1696	112	233
	1697	117	236
	1698	107	227
	1699	121	232
	1700	106	223
	1701	110	231
	1702	108	218
	1703	107	219
	1704	108	216
	1705	120	216
	1706	111	210
	1707	113	206
	1708	101	211
	1709	105	211
	1710	105	214
	1711	107	210
	1712	106	205
	1713	103	216
	1714	108	211
	1715	122	215
	1716	101	207
	1717	109	208
	1718	113	209
	1719	106	220
	1720	102	202
	1721	104	220
	1722	106	212
	1723	104	213
	1724	102	208
	1725	107	214
	1726	141	209
	1727	104	213
	1728	105	206
	1729	106	206
	1730	109	207
	1731	111	219
	1732	111	212
	1733	104	214
	1734	105	207
	1735	99	204
	1736	102	211
	1737	108	210
	1738	103	208
	1739	115	207
	1740	113	202
	1741	108	215
	1742	97	207
	1743	118	212
	1744	105	210
	1745	101	209
	1746	101	207
	1747	107	212
	1748	113	208
	1749	108	214
	1750	103	201
	1751	111	217
	1752	106	208
	1753	108	203
	1754	104	214
	1755	107	213
	1756	107	207
	1757	113	210
	1758	107	208
	1759	113	210
	1760	103	217
	1761	110	211
	1762	103	212
	1763	103	210
	1764	103	213
	1765	105	214
	1766	109	203
	1767	101	214
	1768	104	205
	1769	104	213
	1770	102	209
	1771	109	211
	1772	100	202
	1773	100	213
	1774	105	206
	1775	105	209
	1776	102	207
	1777	111	207
	1778	106	204
	1779	108	209
	1780	104	209
	1781	102	217
	1782	110	206
	1783	97	205
	1784	103	205
	1785	107	208
	1786	104	215
	1787	104	213
	1788	104	211
	1789	108	213
	1790	105	205
	1791	106	205
	1792	98	210
	1793	104	208
	1794	97	207
	1795	97	215
	1796	98	210
	1797	107	211
	1798	100	200
	1799	108	209
	1800	97	205
	1801	107	209
	1802	99	205
	1803	113	202
	1804	106	200
	1805	110	206
	1806	98	210
	1807	115	205
	1808	104	209
	1809	112	203
	1810	104	198
	1811	107	208
	1812	100	209
	1813	108	213
	1814	99	203
	1815	101	213
	1816	102	208
	1817	104	213
	1818	103	208
	1819	109	207
	1820	102	204
	1821	109	210
	1822	95	208
	1823	108	207
	1824	101	201
	1825	108	208
	1826	104	206
	1827	95	213
	1828	99	203
	1829	99	211
	1830	101	206
	1831	105	214
	1832	103	203
	1833	107	197
	1834	95	207
	1835	117	203
	1836	102	201
	1837	105	204
	1838	102	201
	1839	103	204
	1840	100	202
	1841	107	209
	1842	104	201
	1843	98	202
	1844	100	203
	1845	105	207
	1846	97	204
	1847	102	206
	1848	103	200
	1849	110	205
	1850	108	206
	1851	100	204
	1852	100	204
	1853	102	201
	1854	101	200
	1855	104	209
	1856	101	208
	1857	110	206
	1858	105	201
	1859	102	208
	1860	99	204
	1861	110	200
	1862	113	197
	1863	105	202
	1864	99	203
	1865	101	207
	1866	102	197
	1867	101	209
	1868	103	204
	1869	107	205
	1870	95	202
	1871	100	204
	1872	106	205
	1873	102	206
	1874	101	199
	1875	101	203
	1876	102	202
	1877	103	202
	1878	98	194
	1879	108	207
	1880	106	207
	1881	108	198
	1882	101	197
	1883	109	205
	1884	100	194
	1885	105	205
	1886	98	202
	1887	99	213
	1888	107	198
	1889	108	204
	1890	102	209
	1891	102	203
	1892	95	202
	1893	106	205
	1894	106	205
	1895	106	208
	1896	98	195
	1897	104	210
	1898	103	200
	1899	104	213
	1900	98	200
	1901	106	205
	1902	95	207
	1903	114	207
	1904	99	201
	1905	101	204
	1906	98	207
	1907	143	207
	1908	97	203
	1909	107	208
	1910	101	206
	1911	104	210
	1912	100	201
	1913	101	203
	1914	102	206
	1915	105	208
	1916	106	203
	1917	107	204
	1918	104	201
	1919	104	205
	1920	104	204
	1921	99	234
	1922	104	205
	1923	110	206
	1924	101	204
	1925	111	213
	1926	97	208
	1927	102	197
	1928	101	194
	1929	106	207
	1930	104	204
	1931	107	204
	1932	104	199
	1933	106	203
	1934	102	202
	1935	108	208
	1936	97	202
	1937	102	212
	1938	92	205
	1939	104	206
	1940	104	203
	1941	98	208
	1942	105	202
	1943	101	199
	1944	98	201
	1945	102	209
	1946	99	205
	1947	105	213
	1948	101	202
	1949	101	206
	1950	95	213
	1951	102	209
	1952	96	204
	1953	105	206
	1954	106	197
	1955	107	211
	1956	99	211
	1957	96	205
	1958	98	195
	1959	103	201
	1960	99	200
	1961	109	208
	1962	99	202
	1963	107	206
	1964	98	205
	1965	100	210
	1966	103	208
	1967	113	207
	1968	102	205
	1969	108	216
	1970	106	208
	1971	97	208
	1972	99	201
	1973	105	206
	1974	101	205
	1975	99	205
	1976	100	199
	1977	102	201
	1978	95	212
	1979	100	212
	1980	101	210
	1981	101	202
	1982	103	200
	1983	107	201
	1984	101	207
	1985	102	216
	1986	96	202
	1987	102	209
	1988	95	205
	1989	101	205
	1990	103	206
	1991	103	207
	1992	103	201
	1993	97	207
	1994	103	206
	1995	102	206
	1996	98	199
	1997	105	203
	1998	103	206
	1999	104	209
	2000	98	205
	2001	102	206
	2002	105	206
	2003	100	200
	2004	100	211
	2005	103	211
	2006	99	199
	2007	108	209
	2008	102	203
	2009	106	201
	2010	92	203
	2011	100	210
	2012	97	211
	2013	101	206
	2014	101	207
	2015	99	214
	2016	97	209
	2017	97	209
	2018	95	203
	2019	104	207
	2020	108	200
	2021	100	203
	2022	96	203
	2023	98	202
	2024	101	201
	2025	101	195
	2026	95	207
	2027	102	198
	2028	97	202
	2029	107	204
	2030	100	199
	2031	101	210
	2032	92	199
	2033	108	213
	2034	99	199
	2035	99	202
	2036	98	202
	2037	105	198
	2038	101	202
	2039	107	209
	2040	105	201
	2041	104	203
	2042	98	200
	2043	101	205
	2044	95	203
	2045	104	203
	2046	99	208
	2047	99	204
	2048	102	207
	2049	103	202
	2050	96	203
	2051	100	203
	2052	96	197
	2053	105	196
	2054	102	203
	2055	97	201
	2056	98	203
	2057	96	199
	2058	97	191
	2059	103	203
	2060	101	196
	2061	105	202
	2062	93	197
	2063	103	206
	2064	94	198
	2065	102	207
	2066	94	197
	2067	104	203
	2068	98	198
	2069	102	199
	2070	99	198
	2071	94	209
	2072	100	200
	2073	101	207
	2074	96	202
	2075	100	205
	2076	96	205
	2077	104	206
	2078	99	200
	2079	106	207
	2080	99	202
	2081	100	203
	2082	92	196
	2083	101	204
	2084	100	194
	2085	99	200
	2086	95	194
	2087	100	199
	2088	96	200
	2089	100	201
	2090	94	197
	2091	105	208
	2092	102	202
	2093	101	204
	2094	100	199
	2095	104	210
	2096	96	199
	2097	101	206
	2098	95	199
	2099	103	203
	2100	98	200
	2101	95	209
	2102	93	203
	2103	106	207
	2104	100	200
	2105	104	196
	2106	97	201
	2107	101	198
	2108	96	197
	2109	96	205
	2110	98	200
	2111	109	197
	2112	96	200
	2113	100	203
	2114	102	206
	2115	99	209
	2116	95	198
	2117	102	196
	2118	102	210
	2119	102	202
	2120	94	198
	2121	108	203
	2122	92	205
	2123	108	210
	2124	95	202
	2125	104	204
	2126	96	199
	2127	94	199
	2128	95	197
	2129	97	201
	2130	96	198
	2131	104	212
	2132	99	195
	2133	100	194
	2134	91	203
	2135	98	198
	2136	105	197
	2137	100	201
	2138	100	205
	2139	100	199
	2140	100	207
	2141	107	203
	2142	101	199
	2143	100	198
	2144	98	204
	2145	111	203
	2146	102	193
	2147	100	204
	2148	100	198
	2149	103	201
	2150	96	198
	2151	109	201
	2152	104	205
	2153	101	200
	2154	97	200
	2155	100	202
	2156	97	199
	2157	108	199
	2158	100	197
	2159	101	203
	2160	95	197
	2161	101	198
	2162	91	201
	2163	106	200
	2164	101	196
	2165	105	208
	2166	96	200
	2167	101	201
	2168	99	201
	2169	102	204
	2170	99	307
	2171	110	204
	2172	98	199
	2173	103	207
	2174	97	211
	2175	100	205
	2176	101	200
	2177	100	203
	2178	93	203
	2179	107	202
	2180	96	197
	2181	99	197
	2182	101	198
	2183	102	197
	2184	103	198
	2185	100	200
	2186	96	194
	2187	102	205
	2188	95	202
	2189	99	200
	2190	98	201
	2191	100	207
	2192	101	200
	2193	106	207
	2194	95	227
	2195	103	204
	2196	98	195
	2197	101	204
	2198	97	209
	2199	101	201
	2200	97	195
	2201	103	202
	2202	96	207
	2203	102	207
	2204	96	196
	2205	125	203
	2206	99	202
	2207	100	201
	2208	103	196
	2209	108	203
	2210	104	200
	2211	99	198
	2212	94	196
	2213	96	201
	2214	92	193
	2215	103	200
	2216	92	201
	2217	110	201
	2218	103	199
	2219	97	200
	2220	97	189
	2221	99	200
	2222	96	204
	2223	106	205
	2224	93	191
	2225	102	204
	2226	93	199
	2227	99	198
	2228	92	202
	2229	97	204
	2230	94	198
	2231	103	206
	2232	102	195
	2233	103	197
	2234	97	202
	2235	99	199
	2236	98	199
	2237	110	201
	2238	96	195
	2239	106	215
	2240	97	194
	2241	103	204
	2242	102	197
	2243	104	205
	2244	104	199
	2245	96	202
	2246	97	201
	2247	104	199
	2248	103	198
	2249	106	199
	2250	96	193
	2251	101	205
	2252	95	205
	2253	101	209
	2254	94	196
	2255	101	199
	2256	103	194
	2257	109	205
	2258	101	195
	2259	99	201
	2260	99	196
	2261	102	199
	2262	96	199
	2263	99	198
	2264	95	200
	2265	100	209
	2266	98	199
	2267	100	195
	2268	99	200
	2269	103	199
	2270	101	202
	2271	106	213
	2272	97	203
	2273	95	201
	2274	107	193
	2275	103	203
	2276	102	200
	2277	100	205
	2278	96	197
	2279	100	203
	2280	94	202
	2281	100	197
	2282	101	196
	2283	106	205
	2284	93	202
	2285	99	207
	2286	99	204
	2287	106	200
	2288	99	199
	2289	101	200
	2290	99	203
	2291	101	210
	2292	99	203
	2293	105	202
	2294	103	199
	2295	107	204
	2296	96	194
	2297	100	204
	2298	101	200
	2299	102	202
	2300	97	206
	2301	98	198
	2302	107	199
	2303	110	203
	2304	100	199
	2305	101	199
	2306	98	203
	2307	102	198
	2308	94	198
	2309	103	203
	2310	100	197
	2311	109	201
	2312	96	197
	2313	106	204
	2314	94	198
	2315	103	205
	2316	94	193
	2317	102	197
	2318	96	200
	2319	97	201
	2320	96	199
	2321	109	196
	2322	98	196
	2323	103	198
	2324	89	199
	2325	110	206
	2326	96	191
	2327	101	201
	2328	95	198
	2329	113	201
	2330	110	193
	2331	101	198
	2332	96	200
	2333	101	199
	2334	94	195
	2335	101	196
	2336	100	199
	2337	95	199
	2338	93	196
	2339	101	205
	2340	94	200
	2341	99	204
	2342	100	197
	2343	106	208
	2344	97	194
	2345	99	200
	2346	97	195
	2347	109	200
	2348	99	196
	2349	100	204
	2350	96	194
	2351	103	210
	2352	98	201
	2353	99	187
	2354	94	200
	2355	102	196
	2356	95	199
	2357	99	200
	2358	102	188
	2359	95	200
	2360	103	198
	2361	103	202
	2362	93	199
	2363	103	202
	2364	95	198
	2365	102	198
	2366	107	195
	2367	102	206
	2368	98	201
	2369	103	196
	2370	101	197
	2371	99	195
	2372	94	201
	2373	103	197
	2374	93	191
	2375	103	205
	2376	94	199
	2377	100	199
	2378	94	195
	2379	109	204
	2380	100	194
	2381	108	207
	2382	100	199
	2383	105	202
	2384	92	201
	2385	95	199
	2386	95	196
	2387	109	204
	2388	93	196
	2389	98	203
	2390	98	198
	2391	103	200
	2392	93	197
	2393	104	202
	2394	98	199
	2395	103	194
	2396	95	198
	2397	97	213
	2398	91	194
	2399	105	200
	2400	97	212
	2401	104	202
	2402	95	195
	2403	135	206
	2404	102	194
	2405	94	196
	2406	103	197
	2407	98	202
	2408	99	197
	2409	96	206
	2410	97	199
	2411	105	203
	2412	103	200
	2413	102	197
	2414	96	197
	2415	106	197
	2416	100	196
	2417	109	228
	2418	100	201
	2419	100	199
	2420	99	196
	2421	106	199
	2422	96	202
	2423	101	200
	2424	92	193
	2425	109	200
	2426	97	200
	2427	107	209
	2428	95	198
	2429	100	199
	2430	99	201
	2431	102	202
	2432	95	202
	2433	101	208
	2434	96	200
	2435	103	201
	2436	106	195
	2437	98	207
	2438	97	198
	2439	108	195
	2440	99	196
	2441	96	200
	2442	99	194
	2443	101	199
	2444	102	193
	2445	95	199
	2446	101	194
	2447	99	199
	2448	97	200
	2449	93	196
	2450	95	193
	2451	98	205
	2452	99	203
	2453	98	207
	2454	98	201
	2455	100	205
	2456	103	197
	2457	100	208
	2458	99	203
	2459	107	204
	2460	105	202
	2461	101	203
	2462	95	197
	2463	101	202
	2464	105	220
	2465	101	200
	2466	105	197
	2467	100	202
	2468	95	197
	2469	102	203
	2470	93	203
	2471	97	203
	2472	96	199
	2473	100	203
	2474	101	202
	2475	101	200
	2476	101	201
	2477	105	201
	2478	97	198
	2479	98	200
	2480	98	209
	2481	105	207
	2482	97	201
	2483	92	196
	2484	93	194
	2485	101	202
	2486	99	202
	2487	100	201
	2488	95	198
	2489	98	203
	2490	96	198
	2491	100	203
	2492	97	200
	2493	100	201
	2494	104	200
	2495	98	212
	2496	97	206
	2497	101	200
	2498	100	195
	2499	100	202
	2500	100	196
	2501	99	202
	2502	99	201
	2503	103	209
	2504	102	191
	2505	104	199
	2506	101	196
	2507	97	207
	2508	93	197
	2509	98	208
	2510	97	202
	2511	102	197
	2512	98	198
	2513	99	214
	2514	94	193
	2515	99	194
	2516	96	199
	2517	100	203
	2518	97	201
	2519	101	200
	2520	101	206
	2521	99	201
	2522	89	196
	2523	98	206
	2524	102	204
	2525	102	202
	2526	106	202
	2527	102	201
	2528	92	197
	2529	100	195
	2530	103	204
	2531	108	193
	2532	96	197
	2533	100	199
	2534	97	198
	2535	106	201
	2536	102	197
	2537	106	199
	2538	99	195
	2539	104	211
	2540	100	197
	2541	103	209
	2542	93	197
	2543	98	202
	2544	100	195
	2545	104	203
	2546	102	193
	2547	96	196
	2548	92	204
	2549	97	200
	2550	100	193
	2551	97	194
	2552	91	194
	2553	98	198
	2554	93	202
	2555	105	211
	2556	97	199
	2557	101	212
	2558	98	198
	2559	109	205
	2560	93	198
	2561	97	202
	2562	105	199
	2563	106	197
	2564	99	196
	2565	103	198
	2566	93	198
	2567	108	229
	2568	98	194
	2569	106	202
	2570	98	198
	2571	111	203
	2572	98	200
	2573	98	203
	2574	93	195
	2575	108	204
	2576	101	192
	2577	105	202
	2578	97	193
	2579	98	199
	2580	94	199
	2581	103	203
	2582	93	200
	2583	102	204
	2584	98	197
	2585	105	200
	2586	99	201
	2587	97	205
	2588	88	197
	2589	105	205
	2590	99	197
	2591	97	205
	2592	90	196
	2593	93	197
	2594	96	198
	2595	103	193
	2596	98	193
	2597	94	198
	2598	96	194
	2599	101	201
	2600	92	197
	2601	99	194
	2602	93	197
	2603	102	197
	2604	100	195
	2605	100	202
	2606	95	197
	2607	104	191
	2608	96	199
	2609	105	205
	2610	104	204
	2611	102	193
	2612	92	199
	2613	104	198
	2614	95	196
	2615	110	205
	2616	96	196
	2617	108	200
	2618	93	197
	2619	101	195
	2620	99	200
	2621	98	210
	2622	95	198
	2623	100	197
	2624	98	194
	2625	104	196
	2626	127	197
	2627	100	200
	2628	99	198
	2629	97	197
	2630	105	194
	2631	99	203
	2632	102	192
	2633	98	203
	2634	98	207
	2635	104	206
	2636	102	201
	2637	99	199
	2638	96	191
	2639	104	200
	2640	96	199
	2641	110	200
	2642	95	195
	2643	94	201
	2644	92	190
	2645	103	198
	2646	99	196
	2647	101	200
	2648	92	201
	2649	107	203
	2650	95	205
	2651	99	201
	2652	97	199
	2653	99	199
	2654	101	195
	2655	99	204
	2656	97	200
	2657	104	195
	2658	94	192
	2659	97	201
	2660	102	206
	2661	98	195
	2662	100	197
	2663	102	207
	2664	93	194
	2665	101	193
	2666	95	196
	2667	98	199
	2668	99	199
	2669	104	205
	2670	92	198
	2671	105	203
	2672	96	196
	2673	106	203
	2674	95	203
	2675	97	209
	2676	96	198
	2677	96	203
	2678	94	196
	2679	102	200
	2680	98	196
	2681	94	196
	2682	93	200
	2683	101	197
	2684	95	197
	2685	97	195
	2686	100	195
	2687	97	199
	2688	97	192
	2689	106	196
	2690	97	199
	2691	101	200
	2692	96	196
	2693	97	195
	2694	94	192
	2695	93	189
	2696	94	196
	2697	93	202
	2698	96	197
	2699	104	208
	2700	99	193
	2701	100	202
	2702	96	198
	2703	98	201
	2704	94	198
	2705	107	199
	2706	98	199
	2707	102	195
	2708	96	193
	2709	105	200
	2710	102	201
	2711	99	199
	2712	90	194
	2713	99	196
	2714	107	195
	2715	101	200
	2716	94	196
	2717	96	210
	2718	95	200
	2719	99	202
	2720	95	191
	2721	129	198
	2722	92	193
	2723	106	204
	2724	101	194
	2725	104	206
	2726	115	199
	2727	100	200
	2728	98	204
	2729	100	206
	2730	93	198
	2731	100	203
	2732	94	196
	2733	98	200
	2734	100	202
	2735	107	197
	2736	97	195
	2737	96	202
	2738	96	196
	2739	102	208
	2740	98	204
	2741	96	193
	2742	101	197
	2743	101	198
	2744	99	202
	2745	99	212
	2746	97	196
	2747	104	199
	2748	101	203
	2749	101	200
	2750	93	201
	2751	102	198
	2752	94	191
	2753	99	203
	2754	97	199
	2755	93	203
	2756	100	193
	2757	107	199
	2758	97	197
	2759	102	198
	2760	97	197
	2761	104	205
	2762	101	198
	2763	113	197
	2764	95	194
	2765	98	201
	2766	99	201
	2767	106	200
	2768	101	196
	2769	100	202
	2770	100	197
	2771	109	200
	2772	93	198
	2773	100	198
	2774	99	200
	2775	102	197
	2776	89	197
	2777	93	205
	2778	97	193
	2779	107	200
	2780	98	204
	2781	103	201
	2782	99	195
	2783	131	199
	2784	97	202
	2785	103	198
	2786	103	192
	2787	98	205
	2788	97	206
	2789	98	204
	2790	96	192
	2791	100	199
	2792	103	198
	2793	98	201
	2794	100	195
	2795	107	199
	2796	94	200
	2797	102	196
	2798	98	204
	2799	96	204
	2800	95	200
	2801	103	205
	2802	95	221
	2803	105	206
	2804	95	199
	2805	101	199
	2806	95	199
	2807	101	201
	2808	100	202
	2809	100	200
	2810	97	206
	2811	94	206
	2812	97	204
	2813	107	203
	2814	96	199
	2815	102	198
	2816	95	195
	2817	102	198
	2818	99	200
	2819	105	199
	2820	99	197
	2821	107	195
	2822	97	199
	2823	107	206
	2824	102	199
	2825	102	202
	2826	97	194
	2827	105	201
	2828	101	200
	2829	101	203
	2830	97	193
	2831	127	204
	2832	94	201
	2833	101	195
	2834	97	196
	2835	99	203
	2836	96	195
	2837	99	207
	2838	107	201
	2839	107	203
	2840	100	196
	2841	99	198
	2842	100	196
	2843	107	203
	2844	97	203
	2845	98	208
	2846	98	203
	2847	99	202
	2848	100	190
	2849	98	198
	2850	94	199
	2851	98	202
	2852	94	198
	2853	108	202
	2854	96	197
	2855	95	199
	2856	93	196
	2857	101	200
	2858	96	194
	2859	105	204
	2860	96	194
	2861	106	197
	2862	96	196
	2863	103	206
	2864	95	196
	2865	102	194
	2866	96	194
	2867	96	195
	2868	88	196
	2869	106	206
	2870	101	193
	2871	94	196
	2872	93	197
	2873	102	199
	2874	100	203
	2875	99	202
	2876	91	195
	2877	99	206
	2878	102	206
	2879	101	197
	2880	96	193
	2881	95	200
	2882	95	189
	2883	112	199
	2884	92	191
	2885	101	199
	2886	98	195
	2887	105	199
	2888	101	203
	2889	179	200
	2890	96	198
	2891	98	206
	2892	103	198
	2893	102	201
	2894	101	192
	2895	102	194
	2896	93	193
	2897	98	198
	2898	100	203
	2899	110	202
	2900	95	196
	2901	104	206
	2902	97	191
	2903	97	198
	2904	96	201
	2905	94	205
	2906	95	200
	2907	93	200
	2908	102	203
	2909	99	197
	2910	100	201
	2911	90	216
	2912	102	193
	2913	110	203
	2914	98	217
	2915	99	205
	2916	92	196
	2917	103	204
	2918	101	202
	2919	108	195
	2920	122	195
	2921	102	209
	2922	99	199
	2923	103	199
	2924	99	193
	2925	101	194
	2926	100	198
	2927	102	204
	2928	102	193
	2929	95	202
	2930	96	201
	2931	100	200
	2932	99	200
	2933	104	199
	2934	93	197
	2935	99	194
	2936	94	201
	2937	92	198
	2938	97	201
	2939	102	208
	2940	96	189
	2941	98	200
	2942	93	202
	2943	102	205
	2944	98	201
	2945	95	193
	2946	95	193
	2947	106	204
	2948	103	197
	2949	100	205
	2950	89	199
	2951	100	206
	2952	95	199
	2953	100	208
	2954	98	201
	2955	102	204
	2956	108	197
	2957	103	205
	2958	100	203
	2959	108	195
	2960	92	198
	2961	98	199
	2962	92	204
	2963	101	205
	2964	98	203
	2965	104	198
	2966	102	200
	2967	100	195
	2968	98	204
	2969	101	207
	2970	87	198
	2971	104	202
	2972	99	201
	2973	106	200
	2974	94	190
	2975	101	204
	2976	99	192
	2977	105	197
	2978	101	199
	2979	98	200
	2980	97	190
	2981	101	199
	2982	98	198
	2983	103	205
	2984	100	198
	2985	98	202
	2986	95	204
	2987	105	204
	2988	98	194
	2989	102	201
	2990	97	197
	2991	101	201
	2992	100	201
	2993	103	201
	2994	95	193
	2995	98	198
	2996	96	198
	2997	105	203
	2998	117	202
	2999	102	196
	3000	92	197
	3001	99	205
	3002	102	201
	3003	102	204
	3004	104	210
	3005	98	197
	3006	95	198
	3007	96	202
	3008	101	189
	3009	103	199
	3010	95	201
	3011	100	200
	3012	100	200
	3013	102	199
	3014	95	202
	3015	103	193
	3016	98	196
	3017	100	198
	3018	94	196
	3019	102	200
	3020	94	196
	3021	100	205
	3022	90	201
	3023	99	200
	3024	99	196
	3025	102	199
	3026	98	193
	3027	100	202
	3028	97	195
	3029	103	199
	3030	91	200
	3031	97	198
	3032	100	197
	3033	104	203
	3034	97	197
	3035	95	200
	3036	96	189
	3037	97	198
	3038	93	197
	3039	98	198
	3040	93	196
	3041	102	201
	3042	97	201
	3043	101	203
	3044	94	201
	3045	100	201
	3046	96	197
	3047	105	197
	3048	98	195
	3049	100	199
	3050	91	196
	3051	106	199
	3052	100	201
	3053	97	196
	3054	88	199
	3055	103	201
	3056	106	197
	3057	104	199
	3058	95	191
	3059	99	200
	3060	103	199
	3061	100	204
	3062	94	202
	3063	96	203
	3064	95	194
	3065	103	203
	3066	92	201
	3067	102	199
	3068	100	200
	3069	101	197
	3070	101	200
	3071	102	197
	3072	92	198
	3073	99	198
	3074	101	197
	3075	103	203
	3076	106	193
	3077	100	207
	3078	99	195
	3079	101	198
	3080	91	199
	3081	101	206
	3082	98	195
	3083	105	204
	3084	94	195
	3085	99	194
	3086	96	195
	3087	98	199
	3088	94	195
	3089	100	207
	3090	98	199
	3091	100	204
	3092	103	199
	3093	96	199
	3094	101	194
	3095	106	206
	3096	96	194
	3097	105	204
	3098	95	190
	3099	97	209
	3100	94	200
	3101	100	196
	3102	97	192
	3103	100	202
	3104	93	203
	3105	104	201
	3106	97	201
	3107	102	200
	3108	99	202
	3109	96	207
	3110	99	203
	3111	99	205
	3112	94	201
	3113	99	203
	3114	95	199
	3115	105	202
	3116	97	196
	3117	97	203
	3118	91	200
	3119	97	197
	3120	98	194
	3121	100	201
	3122	94	203
	3123	95	202
	3124	91	196
	3125	97	207
	3126	93	201
	3127	104	200
	3128	92	198
	3129	104	203
	3130	93	201
	3131	99	203
	3132	100	198
	3133	103	201
	3134	93	196
	3135	102	202
	3136	100	190
	3137	97	202
	3138	94	196
	3139	105	202
	3140	95	196
	3141	101	199
	3142	99	196
	3143	102	202
	3144	97	200
	3145	95	196
	3146	117	200
	3147	95	203
	3148	92	197
	3149	100	206
	3150	99	200
	3151	103	209
	3152	96	193
	3153	95	203
	3154	94	193
	3155	100	204
	3156	90	197
	3157	97	198
	3158	94	199
	3159	99	201
	3160	98	202
	3161	101	201
	3162	99	195
	3163	101	205
	3164	97	200
	3165	102	199
	3166	102	200
	3167	103	200
	3168	94	191
	3169	98	198
	3170	96	198
	3171	103	207
	3172	94	198
	3173	100	199
	3174	100	193
	3175	102	201
	3176	95	198
	3177	103	203
	3178	96	201
	3179	99	201
	3180	100	206
	3181	100	199
	3182	99	195
	3183	96	195
	3184	90	194
	3185	125	204
	3186	102	198
	3187	99	202
	3188	90	197
	3189	102	200
	3190	101	200
	3191	102	200
	3192	91	200
	3193	106	204
	3194	97	197
	3195	106	200
	3196	92	198
	3197	100	200
	3198	95	201
	3199	97	198
	3200	96	195
	3201	100	208
	3202	93	198
	3203	98	196
	3204	92	199
	3205	95	201
	3206	97	189
	3207	102	203
	3208	99	191
	3209	96	201
	3210	95	200
	3211	107	205
	3212	93	197
	3213	97	203
	3214	91	199
	3215	103	195
	3216	95	196
	3217	101	195
	3218	99	198
	3219	101	203
	3220	100	199
	3221	103	205
	3222	96	190
	3223	101	232
	3224	96	199
	3225	105	207
	3226	99	196
	3227	95	207
	3228	95	199
	3229	99	208
	3230	97	191
	3231	103	192
	3232	94	196
	3233	101	196
	3234	97	198
	3235	100	208
	3236	95	191
	3237	101	197
	3238	93	196
	3239	97	203
	3240	98	198
	3241	103	221
	3242	95	197
	3243	101	207
	3244	94	194
	3245	96	204
	3246	96	206
	3247	104	201
	3248	92	194
	3249	98	198
	3250	100	202
	3251	101	199
	3252	100	197
	3253	103	200
	3254	94	204
	3255	108	205
	3256	89	197
	3257	98	204
	3258	93	192
	3259	98	200
	3260	94	200
	3261	96	198
	3262	96	200
	3263	104	200
	3264	87	196
	3265	94	199
	3266	93	202
	3267	103	194
	3268	94	193
	3269	100	203
	3270	93	194
	3271	101	200
	3272	99	199
	3273	101	198
	3274	99	194
	3275	100	205
	3276	96	195
	3277	100	201
	3278	94	195
	3279	100	199
	3280	95	199
	3281	96	198
	3282	99	202
	3283	100	208
	3284	92	199
	3285	120	199
	3286	93	200
	3287	99	207
	3288	95	197
	3289	101	208
	3290	95	200
	3291	103	204
	3292	95	195
	3293	107	205
	3294	97	201
	3295	101	199
	3296	98	195
	3297	100	192
	3298	96	195
	3299	100	201
	3300	97	200
	3301	91	196
	3302	94	191
	3303	98	198
	3304	96	199
	3305	105	196
	3306	96	192
	3307	96	199
	3308	93	201
	3309	90	202
	3310	98	200
	3311	105	191
	3312	93	194
	3313	102	202
	3314	97	199
	3315	106	207
	3316	99	194
	3317	97	200
	3318	98	200
	3319	99	195
	3320	100	202
	3321	102	197
	3322	104	192
	3323	106	194
	3324	98	197
	3325	94	199
	3326	96	205
	3327	98	204
	3328	93	194
	3329	98	202
	3330	95	194
	3331	97	199
	3332	101	199
	3333	100	200
	3334	94	201
	3335	99	210
	3336	95	195
	3337	102	202
	3338	94	198
	3339	108	202
	3340	97	202
	3341	102	209
	3342	97	200
	3343	100	201
	3344	100	199
	3345	101	197
	3346	94	200
	3347	111	201
	3348	99	196
	3349	101	201
	3350	96	202
	3351	95	198
	3352	94	200
	3353	99	206
	3354	94	192
	3355	108	200
	3356	97	193
	3357	99	199
	3358	98	196
	3359	106	197
	3360	93	196
	3361	101	204
	3362	96	199
	3363	98	199
	3364	101	201
	3365	99	197
	3366	98	192
	3367	95	206
	3368	97	201
	3369	100	203
	3370	105	191
	3371	99	195
	3372	99	201
	3373	100	197
	3374	91	196
	3375	100	200
	3376	95	199
	3377	101	196
	3378	98	199
	3379	103	204
	3380	96	203
	3381	101	196
	3382	97	200
	3383	103	199
	3384	96	192
	3385	105	203
	3386	99	202
	3387	100	196
	3388	93	199
	3389	101	196
	3390	95	203
	3391	101	202
	3392	96	193
	3393	92	196
	3394	93	196
	3395	100	204
	3396	93	198
	3397	96	198
	3398	94	193
	3399	101	203
	3400	95	203
	3401	99	204
	3402	93	199
	3403	97	202
	3404	96	199
	3405	104	200
	3406	92	194
	3407	103	199
	3408	96	197
	3409	105	208
	3410	103	194
	3411	96	202
	3412	97	199
	3413	104	206
	3414	95	197
	3415	105	199
	3416	95	195
	3417	98	202
	3418	96	194
	3419	100	197
	3420	100	199
	3421	96	194
	3422	96	202
	3423	106	204
	3424	101	193
	3425	101	204
	3426	95	192
	3427	95	204
	3428	92	201
	3429	105	200
	3430	91	199
	3431	105	200
	3432	97	197
	3433	103	201
	3434	96	200
	3435	102	205
	3436	95	190
	3437	99	207
	3438	97	194
	3439	95	209
	3440	99	199
	3441	102	192
	3442	97	197
	3443	99	204
	3444	98	201
	3445	102	203
	3446	100	196
	3447	99	195
	3448	94	196
	3449	100	201
	3450	100	198
	3451	97	201
	3452	90	190
	3453	104	206
	3454	96	198
	3455	103	209
	3456	93	192
	3457	104	195
	3458	96	205
	3459	102	200
	3460	102	190
	3461	102	209
	3462	98	198
	3463	100	204
	3464	98	203
	3465	106	202
	3466	97	202
	3467	100	205
	3468	98	188
	3469	103	199
	3470	97	203
	3471	106	202
	3472	102	233
	3473	99	205
	3474	94	196
	3475	100	200
	3476	95	197
	3477	99	200
	3478	96	216
	3479	102	201
	3480	97	196
	3481	105	198
	3482	95	199
	3483	104	200
	3484	96	195
	3485	97	204
	3486	96	196
	3487	102	201
	3488	108	200
	3489	102	201
	3490	103	198
	3491	104	192
	3492	95	199
	3493	97	199
	3494	97	191
	3495	100	199
	3496	93	196
	3497	99	194
	3498	93	203
	3499	102	200
	3500	100	209
	3501	98	200
	3502	94	196
	3503	95	201
	3504	94	199
	3505	96	196
	3506	97	196
	3507	96	199
	3508	93	198
	3509	104	208
	3510	98	194
	3511	101	199
	3512	89	194
	3513	101	201
	3514	95	197
	3515	100	203
	3516	98	192
	3517	106	196
	3518	104	194
	3519	99	203
	3520	89	199
	3521	101	203
	3522	103	200
	3523	98	202
	3524	96	198
	3525	97	198
	3526	99	194
	3527	105	200
	3528	97	199
	3529	97	201
	3530	94	201
	3531	99	204
	3532	94	193
	3533	98	198
	3534	96	201
	3535	98	203
	3536	95	195
	3537	94	203
	3538	98	200
	3539	100	197
	3540	102	225
	3541	100	206
	3542	105	202
	3543	106	206
	3544	98	195
	3545	96	199
	3546	96	199
	3547	103	195
	3548	98	198
	3549	101	201
	3550	121	220
	3551	98	200
	3552	97	198
	3553	99	201
	3554	96	193
	3555	100	212
	3556	99	195
	3557	106	202
	3558	94	203
	3559	97	204
	3560	99	199
	3561	99	201
	3562	103	194
	3563	98	198
	3564	99	189
	3565	103	201
	3566	91	197
	3567	99	202
	3568	95	201
	3569	97	207
	3570	95	192
	3571	100	202
	3572	95	192
	3573	100	201
	3574	102	197
	3575	101	195
	3576	88	199
	3577	99	203
	3578	94	196
	3579	103	208
	3580	92	188
	3581	101	202
	3582	98	206
	3583	124	206
	3584	97	197
	3585	101	200
	3586	100	196
	3587	101	196
	3588	98	196
	3589	101	196
	3590	100	197
	3591	104	200
	3592	96	196
	3593	103	195
	3594	98	200
	3595	103	193
	3596	94	200
	3597	105	205
	3598	92	195
	3599	104	205
	3600	97	196
	3601	104	200
	3602	97	197
	3603	112	196
	3604	100	198
	3605	92	201
	3606	95	192
	3607	103	202
	3608	94	190
	3609	100	202
	3610	93	198
	3611	101	202
	3612	93	198
	3613	105	200
	3614	96	203
	3615	99	191
	3616	95	195
	3617	103	200
	3618	99	194
	3619	98	198
	3620	91	195
	3621	99	200
	3622	97	197
	3623	100	200
	3624	97	194
	3625	99	195
	3626	94	194
	3627	101	197
	3628	96	198
	3629	103	200
	3630	91	194
	3631	97	196
	3632	98	199
	3633	105	204
	3634	96	189
	3635	106	201
	3636	107	193
	3637	103	204
	3638	102	198
	3639	101	206
	3640	101	193
	3641	103	198
	3642	96	195
	3643	100	196
	3644	92	192
	3645	97	199
	3646	95	197
	3647	105	205
	3648	89	200
	3649	100	197
	3650	93	196
	3651	105	202
	3652	95	194
	3653	100	200
	3654	102	192
	3655	101	203
	3656	94	197
	3657	99	200
	3658	95	194
	3659	103	201
	3660	99	204
	3661	104	204
	3662	95	198
	3663	101	203
	3664	98	203
	3665	95	203
	3666	95	208
	3667	107	207
	3668	97	199
	3669	99	201
	3670	95	196
	3671	99	206
	3672	92	192
	3673	104	202
	3674	96	197
	3675	100	203
	3676	97	197
	3677	93	200
	3678	99	198
	3679	93	199
	3680	95	195
	3681	97	200
	3682	98	192
	3683	95	194
	3684	93	193
	3685	97	197
	3686	100	203
	3687	96	204
	3688	94	197
	3689	97	198
	3690	94	195
	3691	97	203
	3692	100	201
	3693	103	206
	3694	104	197
	3695	106	209
	3696	97	202
	3697	108	202
	3698	97	199
	3699	103	197
	3700	115	197
	3701	99	196
	3702	96	202
	3703	100	198
	3704	97	196
	3705	100	197
	3706	97	201
	3707	106	204
	3708	97	198
	3709	93	207
	3710	103	201
	3711	107	202
	3712	95	194
	3713	96	198
	3714	91	196
	3715	96	199
	3716	96	195
	3717	95	195
	3718	95	192
	3719	89	196
	3720	97	192
	3721	102	197
	3722	93	194
	3723	91	194
