	0	175	380
	1	194	391
	2	177	380
	3	185	381
	4	186	376
	5	185	381
	6	188	380
	7	187	381
	8	175	379
	9	189	379
	10	175	369
	11	182	379
	12	175	370
	13	185	387
	14	186	380
	15	193	385
	16	180	373
	17	186	380
	18	176	376
	19	180	386
	20	174	377
	21	187	379
	22	175	379
	23	185	385
	24	184	376
	25	174	381
	26	214	405
	27	211	412
	28	201	401
	29	212	413
	30	199	409
	31	214	419
	32	209	403
	33	208	417
	34	220	399
	35	216	408
	36	202	405
	37	210	403
	38	193	404
	39	213	406
	40	206	409
	41	216	407
	42	212	400
	43	207	419
	44	198	406
	45	223	397
	46	206	407
	47	207	408
	48	221	397
	49	215	413
	50	197	405
	51	216	423
	52	210	406
	53	223	407
	54	211	399
	55	223	421
	56	212	408
	57	205	407
	58	216	411
	59	218	412
	60	225	406
	61	226	408
	62	233	413
	63	225	420
	64	219	423
	65	227	420
	66	233	413
	67	227	412
	68	221	428
	69	237	430
	70	221	417
	71	216	434
	72	215	423
	73	230	419
	74	215	408
	75	232	441
	76	217	428
	77	230	418
	78	230	421
	79	236	412
	80	214	415
	81	221	431
	82	222	419
	83	225	446
	84	227	420
	85	217	417
	86	233	415
	87	233	424
	88	223	413
	89	218	418
	90	224	411
	91	241	419
	92	216	418
	93	224	430
	94	217	447
	95	231	420
	96	220	492
	97	214	439
	98	231	432
	99	241	440
	100	228	419
	101	239	415
	102	231	418
	103	217	439
	104	234	430
	105	233	411
	106	229	422
	107	234	411
	108	212	408
	109	247	436
	110	220	421
	111	235	420
	112	234	413
	113	235	428
	114	213	413
	115	239	429
	116	220	406
	117	248	419
	118	229	416
	119	235	426
	120	217	413
	121	235	421
	122	218	411
	123	236	441
	124	230	404
	125	230	425
	126	225	418
	127	233	414
	128	230	409
	129	220	431
	130	210	419
	131	221	434
	132	224	415
	133	227	407
	134	235	404
	135	250	433
	136	289	411
	137	233	416
	138	240	435
	139	234	418
	140	230	412
	141	289	423
	142	231	410
	143	248	420
	144	228	416
	145	223	414
	146	251	419
	147	227	424
	148	238	442
	149	231	428
	150	222	424
	151	238	423
	152	227	405
	153	242	425
	154	230	415
	155	236	425
	156	229	412
	157	237	422
	158	224	414
	159	237	424
	160	240	443
	161	233	432
	162	226	422
	163	249	426
	164	230	415
	165	231	429
	166	251	411
	167	228	441
	168	220	408
	169	247	421
	170	232	425
	171	227	428
	172	234	419
	173	243	424
	174	233	428
	175	226	439
	176	219	417
	177	241	422
	178	234	432
	179	229	427
	180	241	415
	181	238	414
	182	224	407
	183	238	416
	184	226	414
	185	233	419
	186	231	429
	187	234	423
	188	228	414
	189	239	408
	190	230	424
	191	231	434
	192	232	417
	193	239	438
	194	228	407
	195	222	416
	196	229	416
	197	252	402
	198	227	407
	199	248	430
	200	227	409
	201	252	433
	202	244	420
	203	253	422
	204	225	407
	205	257	418
	206	228	408
	207	243	414
	208	237	414
	209	252	408
	210	239	438
	211	242	416
	212	225	415
	213	252	422
	214	229	416
	215	239	428
	216	243	403
	217	245	430
	218	237	429
	219	245	503
	220	225	419
	221	222	423
	222	227	422
	223	255	419
	224	226	420
	225	245	431
	226	223	410
	227	231	435
	228	223	428
	229	258	418
	230	251	423
	231	254	436
	232	231	417
	233	250	408
	234	246	407
	235	247	433
	236	242	417
	237	233	410
	238	245	407
	239	232	426
	240	235	411
	241	238	430
	242	236	415
	243	242	416
	244	247	415
	245	233	431
	246	219	428
	247	230	425
	248	233	418
	249	231	444
	250	248	407
	251	258	437
	252	239	412
	253	236	430
	254	237	409
	255	253	443
	256	228	415
	257	263	440
	258	240	437
	259	237	441
	260	234	408
	261	237	422
	262	233	415
	263	239	428
	264	226	417
	265	225	441
	266	234	423
	267	246	420
	268	230	409
	269	247	428
	270	223	408
	271	237	410
	272	237	407
	273	233	422
	274	242	423
	275	254	447
	276	224	418
	277	248	412
	278	233	418
	279	239	412
	280	220	415
	281	237	416
	282	219	413
	283	253	410
	284	237	418
	285	245	411
	286	231	420
	287	244	423
	288	224	429
	289	246	412
	290	268	418
	291	249	413
	292	237	430
	293	232	407
	294	223	432
	295	244	430
	296	234	424
	297	244	433
	298	312	405
	299	244	425
	300	235	422
	301	250	428
	302	234	434
	303	267	426
	304	225	418
	305	230	429
	306	248	415
	307	255	426
	308	242	424
	309	254	435
	310	236	419
	311	249	423
	312	238	430
	313	223	422
	314	223	408
	315	238	431
	316	237	421
	317	253	436
	318	242	429
	319	248	438
	320	253	418
	321	245	444
	322	255	440
	323	242	427
	324	248	411
	325	255	405
	326	241	418
	327	249	423
	328	230	430
	329	244	438
	330	235	426
	331	267	436
	332	254	414
	333	261	449
	334	255	420
	335	248	421
	336	238	419
	337	241	445
	338	245	414
	339	271	433
	340	235	419
	341	244	424
	342	250	414
	343	262	441
	344	245	403
	345	269	425
	346	269	438
	347	253	412
	348	242	416
	349	268	420
	350	247	424
	351	252	442
	352	246	422
	353	258	445
	354	242	419
	355	251	417
	356	255	431
	357	249	428
	358	258	423
	359	256	427
	360	243	405
	361	250	427
	362	265	420
	363	282	416
	364	251	419
	365	264	428
	366	246	436
	367	255	424
	368	252	429
	369	260	430
	370	270	432
	371	270	418
	372	250	423
	373	272	428
	374	259	418
	375	272	428
	376	269	396
	377	279	422
	378	264	429
	379	282	421
	380	264	426
	381	273	421
	382	260	425
	383	280	446
	384	272	441
	385	277	429
	386	287	416
	387	283	418
	388	264	424
	389	295	426
	390	259	420
	391	281	442
	392	263	418
	393	267	442
	394	278	422
	395	291	424
	396	267	434
	397	285	433
	398	284	430
	399	274	480
	400	275	426
	401	290	431
	402	293	418
	403	290	437
	404	288	424
	405	302	425
	406	286	420
	407	294	428
	408	287	420
	409	291	441
	410	283	428
	411	288	433
	412	289	427
	413	290	444
	414	284	441
	415	288	447
	416	287	413
	417	290	430
	418	303	432
	419	304	424
	420	305	417
	421	292	437
	422	295	422
	423	312	432
	424	310	427
	425	301	443
	426	301	433
	427	280	450
	428	295	420
	429	309	440
	430	296	432
	431	304	459
	432	293	433
	433	319	438
	434	306	444
	435	304	449
	436	307	418
	437	308	425
	438	315	429
	439	311	443
	440	322	438
	441	309	454
	442	324	437
	443	325	446
	444	319	424
	445	326	441
	446	317	429
	447	331	444
	448	325	433
	449	337	430
	450	314	437
	451	350	432
	452	411	422
	453	339	442
	454	348	433
	455	326	431
	456	348	441
	457	345	428
	458	338	437
	459	356	453
	460	343	440
	461	354	447
	462	342	428
	463	356	447
	464	341	440
	465	358	446
	466	363	445
	467	359	438
	468	360	438
	469	370	446
	470	363	435
	471	377	454
	472	352	439
	473	381	442
	474	389	444
	475	385	440
	476	381	456
	477	378	459
	478	372	446
	479	396	448
	480	391	438
	481	384	444
	482	382	449
	483	390	444
	484	378	442
	485	385	438
	486	387	441
	487	404	447
	488	398	450
	489	404	437
	490	409	442
	491	414	451
	492	406	441
	493	421	444
	494	397	449
	495	421	446
	496	424	438
	497	431	448
	498	413	440
	499	413	448
	500	421	423
	501	440	454
	502	426	436
	503	434	440
	504	440	456
	505	431	443
	506	444	448
	507	442	469
	508	427	429
	509	452	451
	510	452	469
	511	445	465
	512	460	459
	513	461	468
	514	453	442
	515	456	450
	516	450	468
	517	468	468
	518	462	455
	519	473	456
	520	460	456
	521	476	479
	522	467	458
	523	469	474
	524	466	455
	525	479	463
	526	488	459
	527	494	472
	528	486	440
	529	498	455
	530	489	456
	531	493	491
	532	496	451
	533	517	463
	534	499	462
	535	519	465
	536	508	474
	537	530	460
	538	515	471
	539	524	478
	540	533	461
	541	529	460
	542	511	459
	543	531	471
	544	531	460
	545	536	472
	546	534	468
	547	572	470
	548	569	460
	549	550	474
	550	544	466
	551	563	476
	552	561	469
	553	574	469
	554	575	465
	555	575	468
	556	566	470
	557	584	528
	558	594	465
	559	596	478
	560	592	468
	561	601	478
	562	601	466
	563	609	479
	564	594	448
	565	617	482
	566	621	484
	567	622	493
	568	618	481
	569	624	489
	570	627	492
	571	651	495
	572	644	464
	573	639	475
	574	630	474
	575	647	478
	576	656	470
	577	652	503
	578	649	470
	579	662	489
	580	681	483
	581	689	471
	582	680	477
	583	691	501
	584	675	489
	585	679	492
	586	705	493
	587	712	498
	588	704	478
	589	716	495
	590	693	492
	591	728	492
	592	726	484
	593	738	493
	594	743	487
	595	734	489
	596	738	490
	597	748	486
	598	745	496
	599	755	497
	600	766	476
	601	759	506
	602	763	499
	603	780	519
	604	771	504
	605	777	510
	606	791	481
	607	789	503
	608	779	506
	609	802	495
	610	810	489
	611	809	495
	612	808	522
	613	823	498
	614	829	499
	615	838	507
	616	811	508
	617	836	511
	618	822	507
	619	842	516
	620	821	492
	621	845	505
	622	835	512
	623	852	512
	624	839	498
	625	859	510
	626	860	499
	627	883	527
	628	874	512
	629	869	517
	630	875	521
	631	901	521
	632	881	518
	633	907	527
	634	896	526
	635	908	536
	636	896	521
	637	917	523
	638	919	537
	639	924	539
	640	916	511
	641	916	518
	642	922	526
	643	937	533
	644	947	523
	645	938	523
	646	947	519
	647	954	527
	648	959	518
	649	947	535
	650	962	520
	651	984	530
	652	969	530
	653	973	536
	654	952	520
	655	975	529
	656	975	534
	657	995	527
	658	995	522
	659	990	546
	660	1007	539
	661	1013	540
	662	986	528
	663	1021	546
	664	1011	543
	665	1051	552
	666	1032	542
	667	1037	551
	668	1016	550
	669	1035	538
	670	1045	550
	671	1036	563
	672	1054	552
	673	1067	557
	674	1061	559
	675	1061	564
	676	1062	559
	677	1067	570
	678	1062	546
	679	1075	567
	680	1065	550
	681	1090	580
	682	1088	557
	683	1084	572
	684	1099	546
	685	1097	561
	686	1093	560
	687	1117	566
	688	1120	542
	689	1112	564
	690	1128	568
	691	1132	563
	692	1120	552
	693	1127	577
	694	1120	583
	695	1127	557
	696	1118	560
	697	1134	577
	698	1138	569
	699	1155	576
	700	1157	575
	701	1161	558
	702	1152	566
	703	1168	568
	704	1173	570
	705	1166	560
	706	1167	580
	707	1191	564
	708	1241	556
	709	1191	562
	710	1188	575
	711	1193	578
	712	1184	564
	713	1186	571
	714	1194	581
	715	1192	591
	716	1204	591
	717	1214	576
	718	1208	582
	719	1207	567
	720	1225	564
	721	1231	579
	722	1225	577
	723	1219	585
	724	1220	573
	725	1240	569
	726	1248	580
	727	1236	580
	728	1234	572
	729	1238	581
	730	1233	577
	731	1232	595
	732	1231	577
	733	1251	585
	734	1233	578
	735	1230	589
	736	1245	584
	737	1258	580
	738	1254	585
	739	1254	605
	740	1228	578
	741	1248	589
	742	1255	591
	743	1261	603
	744	1252	593
	745	1272	588
	746	1257	607
	747	1273	594
	748	1270	582
	749	1260	598
	750	1251	586
	751	1260	587
	752	1255	572
	753	1264	599
	754	1247	572
	755	1266	581
	756	1263	578
	757	1266	597
	758	1258	597
	759	1283	603
	760	1245	585
	761	1264	578
	762	1249	608
	763	1270	602
	764	1244	573
	765	1257	577
	766	1253	579
	767	1248	590
	768	1253	584
	769	1258	584
	770	1242	583
	771	1261	587
	772	1266	586
	773	1270	579
	774	1234	570
	775	1268	572
	776	1325	563
	777	1259	583
	778	1259	573
	779	1250	579
	780	1238	581
	781	1260	573
	782	1254	577
	783	1249	576
	784	1241	570
	785	1270	573
	786	1241	581
	787	1236	590
	788	1240	575
	789	1252	584
	790	1241	586
	791	1257	595
	792	1228	560
	793	1237	595
	794	1206	572
	795	1236	573
	796	1229	562
	797	1224	582
	798	1212	565
	799	1238	578
	800	1225	567
	801	1227	571
	802	1204	577
	803	1210	636
	804	1191	563
	805	1215	564
	806	1188	573
	807	1205	571
	808	1174	596
	809	1200	560
	810	1195	554
	811	1212	577
	812	1166	564
	813	1166	550
	814	1156	559
	815	1178	549
	816	1173	558
	817	1168	546
	818	1143	550
	819	1170	561
	820	1154	547
	821	1146	561
	822	1147	547
	823	1154	574
	824	1122	560
	825	1120	549
	826	1135	562
	827	1140	558
	828	1134	567
	829	1122	557
	830	1119	545
	831	1122	552
	832	1105	540
	833	1110	538
	834	1125	534
	835	1084	545
	836	1083	542
	837	1107	539
	838	1085	537
	839	1080	542
	840	1075	529
	841	1079	544
	842	1071	536
	843	1085	542
	844	1077	521
	845	1059	524
	846	1069	531
	847	1063	545
	848	1065	529
	849	1073	540
	850	1050	534
	851	1055	540
	852	1043	528
	853	1047	543
	854	1065	531
	855	1063	538
	856	1046	522
	857	1058	544
	858	1048	524
	859	1045	518
	860	1039	522
	861	1035	527
	862	1042	527
	863	1035	529
	864	1021	536
	865	1029	526
	866	1034	517
	867	1020	529
	868	1021	532
	869	1011	535
	870	991	519
	871	1010	534
	872	982	515
	873	988	540
	874	976	518
	875	991	534
	876	990	519
	877	983	522
	878	972	516
	879	993	523
	880	976	513
	881	984	528
	882	974	518
	883	970	519
	884	980	514
	885	969	513
	886	935	504
	887	970	520
	888	949	513
	889	947	524
	890	936	534
	891	940	543
	892	927	502
	893	948	530
	894	932	512
	895	943	502
	896	931	556
	897	935	499
	898	908	505
	899	938	518
	900	920	527
	901	934	497
	902	920	506
	903	906	495
	904	900	489
	905	892	516
	906	906	496
	907	909	495
	908	897	492
	909	894	489
	910	869	497
	911	885	479
	912	877	485
	913	869	507
	914	872	494
	915	875	507
	916	839	515
	917	848	501
	918	842	493
	919	882	502
	920	840	477
	921	845	497
	922	851	496
	923	840	509
	924	835	480
	925	814	502
	926	825	479
	927	836	484
	928	806	501
	929	827	495
	930	817	491
	931	804	505
	932	782	484
	933	799	495
	934	779	486
	935	788	482
	936	783	466
	937	777	488
	938	766	477
	939	769	491
	940	763	476
	941	764	492
	942	751	473
	943	738	475
	944	756	475
	945	764	498
	946	734	478
	947	752	485
	948	742	470
	949	754	466
	950	729	567
	951	736	478
	952	727	483
	953	723	483
	954	732	473
	955	736	474
	956	712	482
	957	720	479
	958	696	469
	959	699	473
	960	697	458
	961	703	477
	962	712	468
	963	694	476
	964	674	466
	965	673	466
	966	665	466
	967	689	470
	968	677	474
	969	655	466
	970	653	486
	971	660	466
	972	645	481
	973	643	479
	974	641	462
	975	635	459
	976	625	475
	977	609	460
	978	609	472
	979	612	463
	980	591	471
	981	603	479
	982	592	460
	983	608	472
	984	582	473
	985	588	480
	986	581	460
	987	576	466
	988	576	457
	989	574	470
	990	552	460
	991	551	457
	992	531	466
	993	537	480
	994	539	462
	995	543	451
	996	516	470
	997	548	468
	998	527	442
	999	531	456
	1000	541	454
	1001	521	461
	1002	528	455
	1003	520	459
	1004	525	449
	1005	531	449
	1006	517	440
	1007	527	454
	1008	498	446
	1009	512	445
	1010	507	443
	1011	510	449
	1012	498	464
	1013	504	449
	1014	507	451
	1015	507	453
	1016	496	452
	1017	478	442
	1018	501	441
	1019	519	441
	1020	499	451
	1021	492	452
	1022	483	448
	1023	511	441
	1024	491	429
	1025	493	435
	1026	476	453
	1027	510	437
	1028	490	431
	1029	481	445
	1030	468	428
	1031	483	450
	1032	464	437
	1033	485	438
	1034	458	424
	1035	487	433
	1036	479	427
	1037	466	460
	1038	469	432
	1039	474	436
	1040	465	443
	1041	468	435
	1042	465	432
	1043	458	438
	1044	468	506
	1045	483	447
	1046	460	445
	1047	464	448
	1048	463	451
	1049	466	442
	1050	453	435
	1051	457	440
	1052	471	430
	1053	461	434
	1054	448	437
	1055	455	504
	1056	436	431
	1057	451	438
	1058	453	434
	1059	463	456
	1060	437	430
	1061	451	446
	1062	426	436
	1063	468	433
	1064	442	444
	1065	434	429
	1066	454	435
	1067	444	423
	1068	426	425
	1069	445	433
	1070	424	427
	1071	437	434
	1072	426	430
	1073	433	422
	1074	427	430
	1075	439	425
	1076	418	436
	1077	504	451
	1078	445	434
	1079	459	441
	1080	440	450
	1081	442	430
	1082	416	439
	1083	436	436
	1084	431	433
	1085	445	433
	1086	416	449
	1087	434	431
	1088	430	421
	1089	430	431
	1090	415	420
	1091	430	442
	1092	414	427
	1093	432	436
	1094	423	430
	1095	427	441
	1096	420	440
	1097	426	439
	1098	423	434
	1099	444	428
	1100	427	436
	1101	427	444
	1102	405	420
	1103	437	431
	1104	412	429
	1105	428	443
	1106	432	424
	1107	421	437
	1108	411	434
	1109	431	450
	1110	422	478
	1111	418	444
	1112	427	421
	1113	443	428
	1114	429	432
	1115	416	428
	1116	422	415
	1117	425	436
	1118	423	429
	1119	440	411
	1120	413	431
	1121	419	439
	1122	409	429
	1123	421	442
	1124	403	425
	1125	426	425
	1126	410	446
	1127	424	434
	1128	398	425
	1129	399	434
	1130	423	442
	1131	418	445
	1132	416	447
	1133	428	435
	1134	405	435
	1135	422	423
	1136	412	479
	1137	418	441
	1138	414	428
	1139	415	453
	1140	430	421
	1141	417	430
	1142	411	436
	1143	417	444
	1144	410	436
	1145	407	429
	1146	404	408
	1147	441	428
	1148	410	422
	1149	400	427
	1150	414	418
	1151	409	434
	1152	390	421
	1153	394	447
	1154	408	429
	1155	415	431
	1156	396	431
	1157	417	428
	1158	404	441
	1159	413	433
	1160	398	436
	1161	414	434
	1162	405	417
	1163	406	465
	1164	392	418
	1165	409	428
	1166	409	412
	1167	402	422
	1168	398	437
	1169	409	432
	1170	400	428
	1171	411	434
	1172	391	432
	1173	403	436
	1174	393	430
	1175	404	436
	1176	413	423
	1177	408	430
	1178	399	418
	1179	412	425
	1180	396	438
	1181	391	424
	1182	417	416
	1183	407	434
	1184	405	425
	1185	401	424
	1186	382	430
	1187	388	423
	1188	386	433
	1189	397	419
	1190	398	427
	1191	389	431
	1192	394	421
	1193	385	437
	1194	388	416
	1195	409	436
	1196	410	432
	1197	401	439
	1198	404	411
	1199	403	443
	1200	393	410
	1201	400	429
	1202	389	438
	1203	399	430
	1204	400	435
	1205	399	428
	1206	397	431
	1207	413	423
	1208	385	418
	1209	411	422
	1210	385	432
	1211	392	432
	1212	382	428
	1213	399	420
	1214	386	432
	1215	412	416
	1216	383	413
	1217	404	432
	1218	379	415
	1219	387	417
	1220	382	421
	1221	404	435
	1222	383	419
	1223	390	438
	1224	380	421
	1225	396	428
	1226	374	431
	1227	365	419
	1228	380	422
	1229	396	432
	1230	395	420
	1231	388	433
	1232	381	423
	1233	400	424
	1234	386	421
	1235	393	439
	1236	389	415
	1237	391	428
	1238	373	420
	1239	386	425
	1240	373	414
	1241	385	435
	1242	387	433
	1243	379	427
	1244	378	424
	1245	382	421
	1246	368	415
	1247	395	447
	1248	388	421
	1249	395	418
	1250	390	420
	1251	406	417
	1252	382	423
	1253	388	435
	1254	383	407
	1255	381	423
	1256	374	424
	1257	383	424
	1258	387	423
	1259	370	417
	1260	389	419
	1261	379	430
	1262	390	442
	1263	380	431
	1264	378	420
	1265	385	425
	1266	436	425
	1267	445	422
	1268	382	414
	1269	397	424
	1270	365	419
	1271	389	432
	1272	361	421
	1273	382	432
	1274	393	424
	1275	401	473
	1276	374	429
	1277	393	420
	1278	372	431
	1279	378	432
	1280	367	419
	1281	380	432
	1282	378	427
	1283	386	433
	1284	379	428
	1285	374	441
	1286	372	425
	1287	373	428
	1288	365	408
	1289	374	419
	1290	379	427
	1291	369	427
	1292	370	418
	1293	374	423
	1294	362	429
	1295	388	421
	1296	374	433
	1297	367	432
	1298	351	428
	1299	384	433
	1300	368	424
	1301	378	427
	1302	362	413
	1303	369	437
	1304	358	404
	1305	370	434
	1306	360	422
	1307	373	428
	1308	355	410
	1309	365	431
	1310	368	412
	1311	364	432
	1312	348	423
	1313	364	420
	1314	371	426
	1315	372	425
	1316	373	427
	1317	358	416
	1318	358	432
	1319	366	433
	1320	357	429
	1321	371	435
	1322	362	426
	1323	368	427
	1324	377	432
	1325	369	426
	1326	353	425
	1327	368	437
	1328	367	439
	1329	363	418
	1330	367	417
	1331	385	431
	1332	353	420
	1333	371	423
	1334	355	433
	1335	369	432
	1336	343	416
	1337	354	427
	1338	348	409
	1339	351	429
	1340	354	417
	1341	361	440
	1342	358	421
	1343	375	421
	1344	336	408
	1345	348	429
	1346	357	427
	1347	358	423
	1348	347	409
	1349	367	428
	1350	356	414
	1351	351	442
	1352	342	410
	1353	354	427
	1354	331	427
	1355	367	435
	1356	341	414
	1357	340	431
	1358	347	426
	1359	353	429
	1360	351	416
	1361	361	421
	1362	339	425
	1363	356	431
	1364	338	423
	1365	349	432
	1366	350	414
	1367	343	425
	1368	350	424
	1369	351	418
	1370	349	420
	1371	352	420
	1372	407	420
	1373	338	420
	1374	338	423
	1375	363	426
	1376	340	415
	1377	356	431
	1378	318	413
	1379	346	430
	1380	337	414
	1381	428	420
	1382	337	416
	1383	352	421
	1384	331	417
	1385	347	426
	1386	352	423
	1387	356	412
	1388	346	421
	1389	336	420
	1390	332	424
	1391	355	432
	1392	333	419
	1393	346	451
	1394	324	415
	1395	348	426
	1396	340	431
	1397	344	408
	1398	324	413
	1399	337	429
	1400	332	418
	1401	342	420
	1402	336	420
	1403	348	423
	1404	334	424
	1405	348	422
	1406	330	415
	1407	341	428
	1408	342	405
	1409	346	416
	1410	329	432
	1411	354	416
	1412	322	432
	1413	346	435
	1414	330	429
	1415	358	426
	1416	329	427
	1417	320	406
	1418	341	414
	1419	356	425
	1420	327	419
	1421	337	425
	1422	330	428
	1423	340	433
	1424	328	419
	1425	342	432
	1426	318	414
	1427	337	430
	1428	317	425
	1429	330	420
	1430	316	417
	1431	327	425
	1432	316	416
	1433	340	415
	1434	327	426
	1435	344	417
	1436	327	424
	1437	333	411
	1438	337	422
	1439	334	427
	1440	327	410
	1441	345	425
	1442	329	428
	1443	326	420
	1444	321	415
	1445	334	408
	1446	317	421
	1447	346	420
	1448	329	416
	1449	323	431
	1450	314	420
	1451	320	431
	1452	303	415
	1453	326	430
	1454	325	423
	1455	332	444
	1456	313	410
	1457	325	420
	1458	328	416
	1459	319	428
	1460	328	424
	1461	307	419
	1462	324	425
	1463	317	443
	1464	319	411
	1465	329	421
	1466	304	418
	1467	295	419
	1468	311	425
	1469	317	417
	1470	315	427
	1471	309	436
	1472	324	410
	1473	313	436
	1474	310	429
	1475	341	425
	1476	300	421
	1477	315	409
	1478	302	408
	1479	308	413
	1480	312	412
	1481	313	400
	1482	302	413
	1483	304	427
	1484	292	409
	1485	296	416
	1486	316	413
	1487	328	434
	1488	297	412
	1489	311	414
	1490	284	422
	1491	307	417
	1492	319	420
	1493	317	422
	1494	304	417
	1495	309	416
	1496	297	412
	1497	316	430
	1498	288	401
	1499	315	421
	1500	304	421
	1501	294	418
	1502	301	416
	1503	310	422
	1504	294	412
	1505	306	414
	1506	296	410
	1507	310	429
	1508	294	413
	1509	296	423
	1510	297	423
	1511	318	412
	1512	309	409
	1513	316	409
	1514	296	409
	1515	308	417
	1516	296	418
	1517	306	416
	1518	297	409
	1519	296	423
	1520	312	407
	1521	306	412
	1522	289	418
	1523	292	414
	1524	281	421
	1525	302	419
	1526	296	399
	1527	302	420
	1528	306	408
	1529	289	421
	1530	302	413
	1531	378	424
	1532	286	427
	1533	316	428
	1534	301	418
	1535	291	417
	1536	290	408
	1537	288	413
	1538	295	410
	1539	308	419
	1540	299	407
	1541	307	427
	1542	308	408
	1543	316	419
	1544	303	406
	1545	295	431
	1546	287	426
	1547	296	437
	1548	291	414
	1549	303	416
	1550	305	412
	1551	302	433
	1552	297	422
	1553	320	411
	1554	296	411
	1555	326	427
	1556	301	422
	1557	325	411
	1558	325	457
	1559	324	416
	1560	310	405
	1561	334	403
	1562	326	408
	1563	333	430
	1564	341	415
	1565	359	428
	1566	359	420
	1567	363	426
	1568	356	425
	1569	380	430
	1570	371	419
	1571	386	505
	1572	359	415
	1573	366	434
	1574	372	425
	1575	385	426
	1576	382	444
	1577	391	444
	1578	390	447
	1579	394	436
	1580	388	430
	1581	406	436
	1582	390	435
	1583	401	450
	1584	414	433
	1585	414	441
	1586	403	447
	1587	413	436
	1588	384	429
	1589	413	430
	1590	411	426
	1591	396	428
	1592	396	434
	1593	405	425
	1594	387	429
	1595	406	443
	1596	386	429
	1597	459	441
	1598	408	439
	1599	409	465
	1600	380	440
	1601	412	429
	1602	373	438
	1603	408	424
	1604	389	432
	1605	396	438
	1606	387	431
	1607	388	448
	1608	390	437
	1609	426	456
	1610	393	433
	1611	394	442
	1612	394	415
	1613	394	443
	1614	392	427
	1615	386	446
	1616	381	434
	1617	406	435
	1618	386	421
	1619	396	438
	1620	388	432
	1621	391	433
	1622	398	437
	1623	384	430
	1624	399	432
	1625	404	440
	1626	402	438
	1627	400	433
	1628	392	436
	1629	386	438
	1630	388	427
	1631	397	449
	1632	384	429
	1633	382	449
	1634	366	437
	1635	402	441
	1636	380	433
	1637	385	451
	1638	374	440
	1639	392	442
	1640	385	435
	1641	385	439
	1642	373	424
	1643	399	432
	1644	374	433
	1645	393	435
	1646	449	424
	1647	391	436
	1648	385	433
	1649	387	455
	1650	385	436
	1651	373	445
	1652	371	430
	1653	392	448
	1654	389	429
	1655	415	423
	1656	367	423
	1657	392	442
	1658	371	438
	1659	382	437
	1660	383	444
	1661	372	437
	1662	373	434
	1663	401	428
	1664	368	433
	1665	403	439
	1666	381	438
	1667	390	436
	1668	370	435
	1669	378	431
	1670	373	434
	1671	394	431
	1672	360	440
	1673	396	428
	1674	362	414
	1675	375	440
	1676	383	416
	1677	376	432
	1678	358	413
	1679	363	434
	1680	356	424
	1681	362	435
	1682	356	434
	1683	357	430
	1684	356	428
	1685	353	424
	1686	343	425
	1687	367	443
	1688	337	430
	1689	344	429
	1690	312	423
	1691	330	437
	1692	297	424
	1693	311	450
	1694	319	432
	1695	316	439
	1696	292	430
	1697	304	434
	1698	289	425
	1699	315	416
	1700	282	416
	1701	285	425
	1702	273	413
	1703	275	414
	1704	272	411
	1705	297	408
	1706	264	401
	1707	256	425
	1708	249	411
	1709	263	416
	1710	256	410
	1711	257	403
	1712	242	409
	1713	257	410
	1714	252	412
	1715	301	408
	1716	247	397
	1717	255	396
	1718	258	413
	1719	256	425
	1720	251	394
	1721	260	412
	1722	255	406
	1723	261	415
	1724	249	396
	1725	250	403
	1726	307	406
	1727	254	412
	1728	261	394
	1729	254	407
	1730	244	395
	1731	248	415
	1732	258	410
	1733	244	411
	1734	245	412
	1735	260	406
	1736	240	409
	1737	258	411
	1738	251	407
	1739	254	407
	1740	261	404
	1741	234	410
	1742	246	402
	1743	267	417
	1744	234	401
	1745	241	404
	1746	239	402
	1747	251	412
	1748	255	406
	1749	251	404
	1750	241	409
	1751	248	409
	1752	236	407
	1753	247	408
	1754	243	406
	1755	256	411
	1756	247	407
	1757	251	416
	1758	240	407
	1759	245	408
	1760	243	418
	1761	249	400
	1762	253	411
	1763	257	410
	1764	230	406
	1765	240	405
	1766	237	397
	1767	243	404
	1768	241	397
	1769	240	427
	1770	236	403
	1771	245	413
	1772	231	403
	1773	225	417
	1774	248	405
	1775	233	406
	1776	231	412
	1777	258	401
	1778	248	405
	1779	254	407
	1780	241	404
	1781	235	422
	1782	260	402
	1783	236	406
	1784	237	396
	1785	239	405
	1786	226	411
	1787	235	406
	1788	235	410
	1789	246	413
	1790	233	401
	1791	249	409
	1792	219	410
	1793	231	403
	1794	227	394
	1795	233	421
	1796	238	394
	1797	236	403
	1798	220	400
	1799	244	408
	1800	226	397
	1801	241	411
	1802	224	408
	1803	239	413
	1804	233	395
	1805	231	397
	1806	216	413
	1807	255	408
	1808	220	397
	1809	240	407
	1810	241	395
	1811	240	407
	1812	212	409
	1813	239	406
	1814	230	395
	1815	228	411
	1816	233	408
	1817	229	403
	1818	224	394
	1819	249	409
	1820	229	401
	1821	233	416
	1822	214	403
	1823	251	407
	1824	220	390
	1825	223	416
	1826	214	399
	1827	230	415
	1828	225	404
	1829	233	410
	1830	226	405
	1831	231	411
	1832	226	404
	1833	233	402
	1834	213	406
	1835	259	405
	1836	219	402
	1837	227	409
	1838	219	399
	1839	240	404
	1840	217	400
	1841	227	417
	1842	222	405
	1843	219	408
	1844	223	394
	1845	228	404
	1846	213	401
	1847	235	400
	1848	228	416
	1849	233	404
	1850	228	401
	1851	239	401
	1852	223	417
	1853	235	407
	1854	221	397
	1855	233	413
	1856	223	404
	1857	247	395
	1858	227	400
	1859	238	410
	1860	221	402
	1861	228	399
	1862	245	398
	1863	238	414
	1864	227	405
	1865	222	419
	1866	210	400
	1867	237	411
	1868	219	406
	1869	214	413
	1870	204	403
	1871	224	404
	1872	252	398
	1873	222	399
	1874	224	408
	1875	235	407
	1876	218	403
	1877	232	403
	1878	230	393
	1879	236	413
	1880	237	401
	1881	224	398
	1882	213	399
	1883	244	403
	1884	224	391
	1885	230	414
	1886	224	393
	1887	233	423
	1888	232	392
	1889	248	410
	1890	213	404
	1891	239	408
	1892	220	408
	1893	237	407
	1894	228	403
	1895	236	413
	1896	219	396
	1897	220	418
	1898	241	407
	1899	233	413
	1900	223	411
	1901	236	404
	1902	218	395
	1903	238	407
	1904	230	402
	1905	231	404
	1906	224	409
	1907	312	405
	1908	226	403
	1909	241	400
	1910	226	393
	1911	236	412
	1912	220	411
	1913	228	406
	1914	231	411
	1915	232	411
	1916	231	395
	1917	234	400
	1918	234	397
	1919	225	410
	1920	225	400
	1921	216	462
	1922	227	408
	1923	237	407
	1924	222	392
	1925	230	406
	1926	219	409
	1927	229	397
	1928	236	400
	1929	232	423
	1930	231	405
	1931	231	396
	1932	217	391
	1933	235	413
	1934	220	397
	1935	230	415
	1936	217	395
	1937	232	415
	1938	209	404
	1939	236	405
	1940	222	397
	1941	222	408
	1942	225	398
	1943	216	401
	1944	218	391
	1945	218	409
	1946	223	410
	1947	230	404
	1948	222	400
	1949	215	406
	1950	217	415
	1951	221	396
	1952	221	399
	1953	242	404
	1954	221	402
	1955	226	415
	1956	219	393
	1957	218	405
	1958	214	390
	1959	219	403
	1960	216	414
	1961	234	411
	1962	213	403
	1963	237	412
	1964	210	406
	1965	225	411
	1966	217	399
	1967	244	405
	1968	213	400
	1969	234	410
	1970	213	412
	1971	221	404
	1972	225	401
	1973	232	402
	1974	215	392
	1975	207	395
	1976	212	393
	1977	213	401
	1978	222	407
	1979	229	395
	1980	217	394
	1981	228	394
	1982	219	403
	1983	222	398
	1984	216	395
	1985	228	411
	1986	213	388
	1987	238	415
	1988	205	405
	1989	217	409
	1990	211	403
	1991	225	392
	1992	223	403
	1993	217	419
	1994	202	397
	1995	218	404
	1996	207	401
	1997	218	397
	1998	218	401
	1999	218	410
	2000	204	399
	2001	214	404
	2002	224	398
	2003	220	398
	2004	212	434
	2005	225	423
	2006	220	399
	2007	221	408
	2008	218	406
	2009	218	398
	2010	211	396
	2011	217	408
	2012	212	415
	2013	212	409
	2014	203	421
	2015	219	399
	2016	203	402
	2017	209	400
	2018	208	395
	2019	212	394
	2020	212	399
	2021	222	408
	2022	201	402
	2023	214	402
	2024	198	398
	2025	216	409
	2026	202	418
	2027	200	400
	2028	200	398
	2029	221	391
	2030	200	401
	2031	221	406
	2032	195	391
	2033	204	410
	2034	199	388
	2035	205	407
	2036	201	388
	2037	209	403
	2038	199	404
	2039	213	409
	2040	217	399
	2041	205	408
	2042	215	405
	2043	197	406
	2044	198	413
	2045	213	405
	2046	199	404
	2047	202	391
	2048	198	397
	2049	203	406
	2050	193	395
	2051	210	401
	2052	192	401
	2053	207	403
	2054	205	404
	2055	191	402
	2056	198	400
	2057	211	404
	2058	201	394
	2059	208	411
	2060	202	393
	2061	200	402
	2062	199	399
	2063	209	410
	2064	196	412
	2065	206	393
	2066	195	390
	2067	210	406
	2068	208	393
	2069	203	407
	2070	209	393
	2071	213	415
	2072	198	405
	2073	205	409
	2074	201	395
	2075	203	408
	2076	215	400
	2077	210	404
	2078	197	403
	2079	230	407
	2080	201	403
	2081	208	394
	2082	194	395
	2083	206	399
	2084	204	395
	2085	205	408
	2086	186	395
	2087	198	402
	2088	198	396
	2089	192	402
	2090	196	396
	2091	207	399
	2092	205	394
	2093	208	403
	2094	203	395
	2095	206	412
	2096	201	402
	2097	223	392
	2098	201	397
	2099	203	392
	2100	197	394
	2101	204	410
	2102	193	392
	2103	216	405
	2104	209	389
	2105	218	396
	2106	203	399
	2107	204	399
	2108	187	390
	2109	201	397
	2110	210	390
	2111	226	400
	2112	196	396
	2113	218	392
	2114	206	395
	2115	212	411
	2116	200	397
	2117	210	399
	2118	210	407
	2119	206	407
	2120	195	391
	2121	215	396
	2122	194	415
	2123	211	419
	2124	202	407
	2125	205	396
	2126	186	394
	2127	198	404
	2128	192	389
	2129	196	403
	2130	204	399
	2131	209	409
	2132	203	406
	2133	207	407
	2134	191	401
	2135	210	395
	2136	198	388
	2137	206	399
	2138	194	397
	2139	207	395
	2140	191	412
	2141	214	397
	2142	201	394
	2143	215	393
	2144	196	409
	2145	222	393
	2146	202	404
	2147	211	399
	2148	202	392
	2149	208	403
	2150	198	398
	2151	223	403
	2152	212	401
	2153	211	400
	2154	221	391
	2155	216	397
	2156	196	396
	2157	215	397
	2158	198	387
	2159	202	404
	2160	194	390
	2161	199	398
	2162	203	385
	2163	219	396
	2164	198	381
	2165	204	403
	2166	207	396
	2167	200	395
	2168	189	398
	2169	199	405
	2170	200	578
	2171	209	393
	2172	209	394
	2173	206	398
	2174	196	397
	2175	214	398
	2176	198	400
	2177	210	399
	2178	197	398
	2179	208	400
	2180	200	399
	2181	198	401
	2182	205	395
	2183	216	397
	2184	192	399
	2185	202	398
	2186	197	393
	2187	209	403
	2188	191	394
	2189	202	403
	2190	200	387
	2191	218	411
	2192	193	400
	2193	213	398
	2194	193	455
	2195	210	402
	2196	197	393
	2197	208	399
	2198	197	407
	2199	207	402
	2200	190	400
	2201	200	398
	2202	201	408
	2203	206	396
	2204	203	386
	2205	292	402
	2206	185	389
	2207	199	400
	2208	200	383
	2209	222	408
	2210	200	398
	2211	212	401
	2212	189	397
	2213	216	405
	2214	190	392
	2215	206	402
	2216	205	399
	2217	205	397
	2218	197	396
	2219	195	409
	2220	185	389
	2221	208	390
	2222	197	399
	2223	221	400
	2224	201	393
	2225	206	396
	2226	193	391
	2227	210	405
	2228	196	388
	2229	205	395
	2230	206	394
	2231	199	405
	2232	200	390
	2233	205	395
	2234	202	395
	2235	194	401
	2236	195	390
	2237	220	396
	2238	183	392
	2239	211	427
	2240	189	393
	2241	210	399
	2242	196	382
	2243	208	408
	2244	208	392
	2245	209	407
	2246	199	410
	2247	226	403
	2248	208	394
	2249	205	400
	2250	196	393
	2251	205	402
	2252	194	386
	2253	202	397
	2254	197	380
	2255	210	405
	2256	204	385
	2257	205	397
	2258	203	389
	2259	203	388
	2260	195	397
	2261	211	409
	2262	198	384
	2263	199	410
	2264	198	390
	2265	211	404
	2266	203	389
	2267	203	405
	2268	210	396
	2269	217	387
	2270	192	387
	2271	202	406
	2272	194	400
	2273	203	404
	2274	220	396
	2275	210	407
	2276	199	394
	2277	195	404
	2278	192	396
	2279	194	404
	2280	201	396
	2281	198	399
	2282	208	397
	2283	210	402
	2284	190	393
	2285	206	395
	2286	202	389
	2287	217	399
	2288	203	391
	2289	206	396
	2290	195	415
	2291	203	409
	2292	206	388
	2293	205	401
	2294	212	393
	2295	203	413
	2296	197	390
	2297	202	400
	2298	194	401
	2299	204	396
	2300	201	395
	2301	202	394
	2302	196	402
	2303	217	413
	2304	189	396
	2305	210	398
	2306	196	396
	2307	211	408
	2308	195	386
	2309	207	403
	2310	193	392
	2311	212	407
	2312	188	388
	2313	210	405
	2314	197	379
	2315	207	411
	2316	197	387
	2317	197	393
	2318	186	391
	2319	200	400
	2320	192	396
	2321	222	395
	2322	196	387
	2323	209	402
	2324	200	400
	2325	212	405
	2326	195	390
	2327	212	394
	2328	203	397
	2329	210	402
	2330	212	390
	2331	200	400
	2332	189	384
	2333	211	402
	2334	194	387
	2335	202	401
	2336	196	389
	2337	197	397
	2338	198	400
	2339	210	412
	2340	196	397
	2341	199	404
	2342	200	396
	2343	205	408
	2344	199	388
	2345	211	402
	2346	196	391
	2347	211	393
	2348	194	407
	2349	213	394
	2350	191	392
	2351	202	416
	2352	187	386
	2353	199	397
	2354	194	398
	2355	212	394
	2356	198	391
	2357	199	402
	2358	194	384
	2359	201	396
	2360	195	393
	2361	202	400
	2362	193	396
	2363	203	413
	2364	207	391
	2365	215	401
	2366	191	393
	2367	203	397
	2368	194	394
	2369	204	402
	2370	201	399
	2371	206	399
	2372	194	408
	2373	208	404
	2374	200	395
	2375	207	407
	2376	197	395
	2377	202	398
	2378	200	390
	2379	219	397
	2380	198	397
	2381	203	408
	2382	206	403
	2383	209	406
	2384	188	395
	2385	196	401
	2386	197	392
	2387	210	396
	2388	206	392
	2389	204	392
	2390	194	402
	2391	205	409
	2392	203	382
	2393	205	390
	2394	198	381
	2395	204	392
	2396	195	386
	2397	198	410
	2398	196	393
	2399	204	403
	2400	195	424
	2401	195	400
	2402	191	392
	2403	270	413
	2404	193	395
	2405	199	398
	2406	200	402
	2407	197	399
	2408	197	402
	2409	190	402
	2410	195	393
	2411	209	404
	2412	194	389
	2413	212	395
	2414	203	393
	2415	220	384
	2416	193	390
	2417	218	454
	2418	207	407
	2419	212	397
	2420	207	391
	2421	221	416
	2422	195	385
	2423	205	406
	2424	200	390
	2425	217	399
	2426	197	401
	2427	213	406
	2428	186	398
	2429	210	399
	2430	191	404
	2431	206	392
	2432	198	394
	2433	204	422
	2434	199	400
	2435	199	402
	2436	197	387
	2437	195	413
	2438	196	396
	2439	217	404
	2440	207	383
	2441	197	405
	2442	194	403
	2443	202	395
	2444	188	384
	2445	198	401
	2446	201	395
	2447	195	402
	2448	188	402
	2449	195	398
	2450	194	396
	2451	209	398
	2452	200	394
	2453	206	408
	2454	203	397
	2455	205	402
	2456	203	388
	2457	201	395
	2458	202	402
	2459	218	395
	2460	195	386
	2461	202	405
	2462	199	391
	2463	198	405
	2464	203	438
	2465	198	398
	2466	201	392
	2467	197	404
	2468	197	394
	2469	195	401
	2470	192	401
	2471	207	413
	2472	203	396
	2473	201	395
	2474	211	395
	2475	208	410
	2476	197	393
	2477	201	409
	2478	197	399
	2479	198	394
	2480	199	406
	2481	205	413
	2482	191	397
	2483	199	398
	2484	198	397
	2485	209	392
	2486	186	394
	2487	192	397
	2488	193	390
	2489	198	396
	2490	201	398
	2491	193	405
	2492	195	390
	2493	211	404
	2494	197	387
	2495	204	415
	2496	197	407
	2497	202	395
	2498	195	397
	2499	198	406
	2500	192	400
	2501	201	404
	2502	203	396
	2503	187	394
	2504	205	393
	2505	197	393
	2506	196	390
	2507	210	414
	2508	196	398
	2509	196	412
	2510	200	394
	2511	207	392
	2512	193	391
	2513	198	422
	2514	194	400
	2515	205	394
	2516	202	399
	2517	206	401
	2518	202	393
	2519	209	395
	2520	190	389
	2521	202	400
	2522	188	401
	2523	205	399
	2524	205	391
	2525	196	392
	2526	207	398
	2527	208	397
	2528	190	394
	2529	215	398
	2530	201	400
	2531	206	398
	2532	206	401
	2533	198	397
	2534	197	402
	2535	210	400
	2536	194	396
	2537	208	402
	2538	204	393
	2539	196	410
	2540	188	394
	2541	197	408
	2542	191	393
	2543	202	392
	2544	202	395
	2545	200	395
	2546	197	394
	2547	192	399
	2548	197	397
	2549	202	392
	2550	197	391
	2551	201	397
	2552	192	387
	2553	200	399
	2554	197	385
	2555	202	403
	2556	195	388
	2557	209	399
	2558	186	387
	2559	205	404
	2560	178	390
	2561	201	404
	2562	207	384
	2563	207	403
	2564	193	392
	2565	198	390
	2566	208	398
	2567	211	454
	2568	198	396
	2569	203	407
	2570	198	390
	2571	220	405
	2572	193	399
	2573	196	400
	2574	194	386
	2575	220	399
	2576	189	389
	2577	211	402
	2578	199	385
	2579	203	394
	2580	194	389
	2581	199	397
	2582	196	409
	2583	207	400
	2584	208	389
	2585	205	400
	2586	195	394
	2587	195	406
	2588	194	389
	2589	215	400
	2590	206	395
	2591	211	407
	2592	197	392
	2593	206	399
	2594	195	391
	2595	205	400
	2596	202	389
	2597	205	397
	2598	187	391
	2599	211	395
	2600	193	396
	2601	205	396
	2602	194	397
	2603	215	391
	2604	197	389
	2605	215	399
	2606	188	397
	2607	204	394
	2608	195	389
	2609	204	399
	2610	199	406
	2611	207	392
	2612	195	396
	2613	196	394
	2614	196	389
	2615	212	412
	2616	195	398
	2617	207	404
	2618	195	386
	2619	209	400
	2620	181	388
	2621	202	400
	2622	204	406
	2623	207	404
	2624	200	395
	2625	207	403
	2626	259	392
	2627	204	393
	2628	201	394
	2629	206	399
	2630	207	393
	2631	196	408
	2632	198	389
	2633	205	405
	2634	195	391
	2635	206	407
	2636	197	390
	2637	200	399
	2638	198	389
	2639	202	393
	2640	189	387
	2641	208	411
	2642	194	392
	2643	203	408
	2644	197	388
	2645	205	403
	2646	207	385
	2647	201	396
	2648	198	389
	2649	204	407
	2650	191	400
	2651	202	400
	2652	199	398
	2653	207	406
	2654	197	390
	2655	202	394
	2656	195	391
	2657	204	407
	2658	196	387
	2659	201	396
	2660	201	398
	2661	209	400
	2662	211	387
	2663	210	407
	2664	201	384
	2665	203	400
	2666	199	381
	2667	202	393
	2668	200	392
	2669	210	401
	2670	193	393
	2671	204	408
	2672	195	390
	2673	203	400
	2674	186	394
	2675	200	417
	2676	193	395
	2677	200	406
	2678	202	390
	2679	197	394
	2680	198	396
	2681	204	393
	2682	197	394
	2683	210	406
	2684	200	387
	2685	197	400
	2686	193	388
	2687	201	397
	2688	194	393
	2689	210	399
	2690	195	389
	2691	203	395
	2692	191	400
	2693	190	391
	2694	191	385
	2695	196	396
	2696	192	395
	2697	211	407
	2698	194	386
	2699	212	407
	2700	203	392
	2701	211	400
	2702	195	398
	2703	211	404
	2704	191	389
	2705	210	393
	2706	199	392
	2707	196	394
	2708	204	382
	2709	207	399
	2710	196	384
	2711	205	415
	2712	189	383
	2713	200	397
	2714	205	392
	2715	203	401
	2716	188	390
	2717	203	401
	2718	189	388
	2719	200	408
	2720	196	390
	2721	267	399
	2722	202	384
	2723	208	397
	2724	189	395
	2725	207	404
	2726	243	393
	2727	207	403
	2728	193	406
	2729	206	399
	2730	190	393
	2731	200	403
	2732	193	396
	2733	203	385
	2734	194	398
	2735	206	397
	2736	199	391
	2737	197	397
	2738	196	391
	2739	211	401
	2740	190	398
	2741	200	399
	2742	206	394
	2743	214	393
	2744	197	402
	2745	198	396
	2746	193	386
	2747	217	400
	2748	194	397
	2749	194	399
	2750	207	396
	2751	204	407
	2752	195	386
	2753	211	403
	2754	202	397
	2755	200	405
	2756	202	382
	2757	202	405
	2758	194	385
	2759	195	395
	2760	190	392
	2761	211	399
	2762	195	411
	2763	228	386
	2764	187	390
	2765	209	399
	2766	189	388
	2767	202	395
	2768	195	391
	2769	199	391
	2770	185	394
	2771	207	406
	2772	184	387
	2773	203	387
	2774	195	383
	2775	206	388
	2776	189	397
	2777	188	399
	2778	195	395
	2779	205	391
	2780	206	395
	2781	205	397
	2782	186	395
	2783	261	403
	2784	198	394
	2785	199	396
	2786	215	388
	2787	207	397
	2788	189	397
	2789	200	399
	2790	194	391
	2791	203	395
	2792	204	389
	2793	193	384
	2794	186	393
	2795	214	386
	2796	192	392
	2797	208	399
	2798	198	392
	2799	199	404
	2800	198	400
	2801	211	416
	2802	200	447
	2803	196	397
	2804	194	387
	2805	199	400
	2806	198	391
	2807	195	402
	2808	208	396
	2809	204	397
	2810	189	398
	2811	196	404
	2812	194	411
	2813	206	406
	2814	205	401
	2815	211	400
	2816	187	400
	2817	203	403
	2818	197	390
	2819	211	403
	2820	196	389
	2821	201	394
	2822	185	385
	2823	210	395
	2824	190	389
	2825	204	392
	2826	205	384
	2827	209	400
	2828	198	384
	2829	206	399
	2830	197	381
	2831	247	398
	2832	193	389
	2833	201	400
	2834	197	394
	2835	204	401
	2836	198	393
	2837	203	410
	2838	205	388
	2839	207	398
	2840	202	388
	2841	194	397
	2842	195	390
	2843	206	398
	2844	184	391
	2845	198	401
	2846	211	391
	2847	206	390
	2848	190	391
	2849	196	395
	2850	188	392
	2851	205	399
	2852	192	390
	2853	219	405
	2854	205	388
	2855	201	404
	2856	187	394
	2857	202	394
	2858	185	391
	2859	228	415
	2860	192	389
	2861	218	399
	2862	190	390
	2863	202	400
	2864	198	395
	2865	205	395
	2866	189	392
	2867	201	392
	2868	197	391
	2869	208	399
	2870	212	393
	2871	199	394
	2872	190	385
	2873	202	397
	2874	198	391
	2875	211	408
	2876	187	390
	2877	197	414
	2878	194	404
	2879	203	395
	2880	200	396
	2881	197	396
	2882	197	384
	2883	206	405
	2884	193	389
	2885	204	393
	2886	188	394
	2887	216	396
	2888	198	396
	2889	356	395
	2890	199	393
	2891	205	417
	2892	201	395
	2893	213	401
	2894	199	389
	2895	198	399
	2896	192	393
	2897	190	395
	2898	198	391
	2899	212	405
	2900	196	393
	2901	215	393
	2902	196	395
	2903	195	398
	2904	209	394
	2905	196	402
	2906	193	396
	2907	209	393
	2908	198	401
	2909	201	403
	2910	201	397
	2911	198	440
	2912	199	394
	2913	218	407
	2914	196	425
	2915	197	395
	2916	190	399
	2917	192	394
	2918	201	406
	2919	212	386
	2920	238	392
	2921	210	406
	2922	190	397
	2923	204	397
	2924	204	391
	2925	198	392
	2926	201	391
	2927	202	407
	2928	187	386
	2929	194	406
	2930	193	394
	2931	193	395
	2932	194	399
	2933	206	392
	2934	188	395
	2935	196	391
	2936	191	402
	2937	199	400
	2938	210	402
	2939	202	406
	2940	194	393
	2941	202	400
	2942	189	405
	2943	205	409
	2944	199	398
	2945	197	396
	2946	200	387
	2947	211	398
	2948	196	391
	2949	204	396
	2950	192	399
	2951	210	404
	2952	189	392
	2953	210	399
	2954	191	386
	2955	199	401
	2956	204	395
	2957	205	390
	2958	197	402
	2959	206	395
	2960	209	391
	2961	192	400
	2962	190	395
	2963	206	386
	2964	197	388
	2965	207	398
	2966	204	399
	2967	200	396
	2968	201	390
	2969	204	413
	2970	199	394
	2971	210	404
	2972	188	396
	2973	196	397
	2974	192	391
	2975	206	406
	2976	195	390
	2977	213	402
	2978	194	395
	2979	210	400
	2980	201	386
	2981	209	390
	2982	191	382
	2983	207	400
	2984	190	392
	2985	204	395
	2986	195	395
	2987	195	400
	2988	200	396
	2989	205	396
	2990	188	393
	2991	210	392
	2992	202	396
	2993	195	388
	2994	185	392
	2995	197	389
	2996	195	383
	2997	208	391
	2998	229	390
	2999	218	403
	3000	189	394
	3001	202	396
	3002	196	400
	3003	204	396
	3004	207	406
	3005	202	390
	3006	195	399
	3007	203	401
	3008	194	387
	3009	199	395
	3010	199	401
	3011	204	382
	3012	187	391
	3013	205	403
	3014	200	401
	3015	210	397
	3016	201	393
	3017	204	398
	3018	195	398
	3019	210	400
	3020	186	398
	3021	203	408
	3022	195	401
	3023	198	395
	3024	197	395
	3025	211	387
	3026	192	385
	3027	201	390
	3028	189	396
	3029	200	392
	3030	189	382
	3031	199	413
	3032	189	388
	3033	208	405
	3034	185	387
	3035	200	400
	3036	195	395
	3037	206	395
	3038	203	404
	3039	197	398
	3040	189	386
	3041	197	406
	3042	203	403
	3043	209	394
	3044	207	398
	3045	205	399
	3046	186	393
	3047	201	393
	3048	188	390
	3049	209	402
	3050	199	389
	3051	199	409
	3052	192	388
	3053	195	397
	3054	186	390
	3055	209	402
	3056	209	387
	3057	204	394
	3058	203	391
	3059	208	407
	3060	197	407
	3061	201	402
	3062	192	392
	3063	203	407
	3064	194	403
	3065	202	399
	3066	183	400
	3067	203	399
	3068	197	393
	3069	200	400
	3070	200	389
	3071	199	395
	3072	185	396
	3073	205	385
	3074	199	378
	3075	208	404
	3076	208	391
	3077	201	414
	3078	195	390
	3079	210	401
	3080	194	399
	3081	210	410
	3082	193	395
	3083	214	409
	3084	191	396
	3085	201	399
	3086	203	388
	3087	202	403
	3088	196	384
	3089	211	399
	3090	195	396
	3091	203	405
	3092	210	401
	3093	196	402
	3094	214	396
	3095	213	393
	3096	194	396
	3097	213	402
	3098	198	392
	3099	197	412
	3100	193	389
	3101	202	400
	3102	202	398
	3103	212	396
	3104	189	395
	3105	199	395
	3106	185	389
	3107	198	400
	3108	192	404
	3109	207	397
	3110	202	402
	3111	205	403
	3112	186	392
	3113	198	405
	3114	192	395
	3115	206	397
	3116	212	389
	3117	216	397
	3118	186	390
	3119	200	385
	3120	194	392
	3121	201	403
	3122	200	391
	3123	198	411
	3124	192	389
	3125	198	403
	3126	187	399
	3127	198	395
	3128	192	400
	3129	195	384
	3130	189	400
	3131	216	413
	3132	199	390
	3133	209	402
	3134	190	397
	3135	207	393
	3136	208	382
	3137	202	404
	3138	195	400
	3139	205	401
	3140	194	394
	3141	191	394
	3142	201	389
	3143	202	391
	3144	193	394
	3145	192	398
	3146	218	388
	3147	185	403
	3148	189	392
	3149	200	392
	3150	203	390
	3151	215	401
	3152	190	392
	3153	200	402
	3154	193	396
	3155	202	402
	3156	193	398
	3157	198	389
	3158	193	394
	3159	198	397
	3160	197	399
	3161	209	399
	3162	191	397
	3163	203	413
	3164	200	400
	3165	207	401
	3166	205	389
	3167	213	404
	3168	201	390
	3169	200	400
	3170	202	380
	3171	215	404
	3172	197	383
	3173	212	393
	3174	199	396
	3175	206	399
	3176	198	399
	3177	200	400
	3178	193	394
	3179	203	398
	3180	193	394
	3181	200	401
	3182	199	393
	3183	199	398
	3184	188	386
	3185	238	387
	3186	190	390
	3187	204	406
	3188	195	387
	3189	211	397
	3190	191	395
	3191	213	396
	3192	196	398
	3193	212	406
	3194	202	401
	3195	222	395
	3196	192	391
	3197	197	389
	3198	197	401
	3199	199	395
	3200	207	387
	3201	204	410
	3202	188	387
	3203	204	393
	3204	201	387
	3205	205	401
	3206	201	383
	3207	203	394
	3208	186	387
	3209	206	404
	3210	189	403
	3211	218	405
	3212	191	388
	3213	209	408
	3214	193	395
	3215	211	390
	3216	192	387
	3217	190	401
	3218	194	398
	3219	192	401
	3220	197	403
	3221	206	392
	3222	199	384
	3223	222	477
	3224	183	392
	3225	212	406
	3226	198	399
	3227	194	407
	3228	194	400
	3229	215	408
	3230	183	384
	3231	204	400
	3232	188	387
	3233	197	398
	3234	196	382
	3235	196	401
	3236	195	398
	3237	205	388
	3238	187	388
	3239	204	410
	3240	206	390
	3241	211	449
	3242	185	389
	3243	202	410
	3244	202	382
	3245	207	403
	3246	197	416
	3247	202	394
	3248	203	387
	3249	199	396
	3250	206	383
	3251	205	402
	3252	196	390
	3253	202	401
	3254	198	409
	3255	207	401
	3256	180	393
	3257	199	409
	3258	190	385
	3259	201	399
	3260	196	386
	3261	205	398
	3262	195	391
	3263	203	392
	3264	188	392
	3265	203	402
	3266	187	397
	3267	213	388
	3268	200	384
	3269	199	404
	3270	189	388
	3271	208	405
	3272	184	395
	3273	206	396
	3274	185	402
	3275	203	396
	3276	200	392
	3277	204	401
	3278	184	387
	3279	194	399
	3280	193	392
	3281	203	395
	3282	206	393
	3283	203	398
	3284	194	400
	3285	248	401
	3286	195	393
	3287	207	404
	3288	196	398
	3289	196	405
	3290	192	396
	3291	199	393
	3292	188	390
	3293	215	394
	3294	194	402
	3295	205	397
	3296	204	392
	3297	198	392
	3298	186	382
	3299	207	390
	3300	189	388
	3301	200	396
	3302	194	385
	3303	198	395
	3304	200	390
	3305	203	395
	3306	201	389
	3307	211	395
	3308	187	386
	3309	190	398
	3310	191	387
	3311	196	393
	3312	197	388
	3313	203	399
	3314	186	403
	3315	197	404
	3316	196	392
	3317	208	408
	3318	202	395
	3319	203	395
	3320	194	390
	3321	216	393
	3322	220	393
	3323	214	390
	3324	203	392
	3325	207	387
	3326	197	389
	3327	199	411
	3328	198	387
	3329	199	392
	3330	185	383
	3331	198	400
	3332	202	398
	3333	199	403
	3334	193	395
	3335	196	407
	3336	190	394
	3337	198	407
	3338	193	392
	3339	201	395
	3340	198	387
	3341	192	406
	3342	194	396
	3343	196	401
	3344	197	400
	3345	199	393
	3346	205	402
	3347	224	396
	3348	199	378
	3349	200	399
	3350	184	404
	3351	200	396
	3352	199	403
	3353	206	399
	3354	193	383
	3355	221	405
	3356	185	395
	3357	216	396
	3358	198	399
	3359	202	397
	3360	196	388
	3361	219	397
	3362	214	397
	3363	200	401
	3364	193	391
	3365	205	403
	3366	198	384
	3367	209	402
	3368	187	398
	3369	209	411
	3370	183	383
	3371	217	393
	3372	199	391
	3373	207	402
	3374	195	385
	3375	197	391
	3376	191	392
	3377	204	388
	3378	196	390
	3379	205	401
	3380	206	386
	3381	200	396
	3382	192	391
	3383	202	404
	3384	191	393
	3385	218	405
	3386	192	400
	3387	203	402
	3388	192	392
	3389	193	387
	3390	197	387
	3391	203	391
	3392	189	386
	3393	198	391
	3394	202	387
	3395	200	390
	3396	203	388
	3397	198	392
	3398	193	387
	3399	209	402
	3400	186	402
	3401	202	402
	3402	194	394
	3403	196	395
	3404	191	384
	3405	206	397
	3406	196	386
	3407	197	387
	3408	192	390
	3409	191	387
	3410	191	381
	3411	206	399
	3412	202	380
	3413	209	404
	3414	194	391
	3415	210	400
	3416	191	389
	3417	204	398
	3418	197	395
	3419	203	395
	3420	186	383
	3421	198	393
	3422	198	388
	3423	204	410
	3424	192	393
	3425	202	396
	3426	189	388
	3427	194	405
	3428	192	393
	3429	209	394
	3430	190	404
	3431	204	394
	3432	198	386
	3433	206	401
	3434	193	403
	3435	209	402
	3436	198	387
	3437	195	417
	3438	200	385
	3439	202	396
	3440	192	393
	3441	203	396
	3442	194	392
	3443	182	401
	3444	202	378
	3445	198	406
	3446	200	398
	3447	202	392
	3448	187	387
	3449	201	406
	3450	196	389
	3451	201	405
	3452	193	392
	3453	209	390
	3454	191	394
	3455	216	407
	3456	188	387
	3457	205	392
	3458	194	402
	3459	205	385
	3460	199	396
	3461	205	416
	3462	186	407
	3463	204	406
	3464	200	395
	3465	197	393
	3466	190	388
	3467	200	402
	3468	199	385
	3469	212	388
	3470	193	402
	3471	211	391
	3472	205	460
	3473	201	392
	3474	194	390
	3475	206	395
	3476	198	391
	3477	205	402
	3478	203	433
	3479	201	395
	3480	185	387
	3481	212	400
	3482	188	393
	3483	197	400
	3484	191	391
	3485	196	398
	3486	191	392
	3487	204	394
	3488	193	389
	3489	194	400
	3490	203	385
	3491	208	398
	3492	195	387
	3493	197	388
	3494	198	385
	3495	205	401
	3496	195	380
	3497	214	397
	3498	191	393
	3499	205	388
	3500	195	402
	3501	200	393
	3502	195	389
	3503	199	401
	3504	193	392
	3505	198	400
	3506	192	387
	3507	199	393
	3508	199	398
	3509	211	395
	3510	199	397
	3511	218	407
	3512	192	383
	3513	201	402
	3514	193	388
	3515	203	388
	3516	200	387
	3517	215	392
	3518	193	381
	3519	205	410
	3520	184	380
	3521	193	395
	3522	195	402
	3523	205	393
	3524	196	392
	3525	210	399
	3526	185	393
	3527	192	404
	3528	193	387
	3529	202	399
	3530	200	389
	3531	197	397
	3532	193	390
	3533	186	389
	3534	193	385
	3535	204	403
	3536	196	384
	3537	199	402
	3538	192	397
	3539	192	397
	3540	190	443
	3541	202	398
	3542	198	386
	3543	208	397
	3544	195	386
	3545	200	390
	3546	188	392
	3547	204	398
	3548	202	390
	3549	209	395
	3550	246	432
	3551	208	394
	3552	192	394
	3553	203	394
	3554	194	385
	3555	211	409
	3556	196	391
	3557	207	396
	3558	187	396
	3559	202	412
	3560	186	390
	3561	203	391
	3562	209	389
	3563	206	388
	3564	200	396
	3565	208	397
	3566	187	385
	3567	203	402
	3568	190	397
	3569	202	390
	3570	205	378
	3571	203	411
	3572	192	383
	3573	197	401
	3574	193	394
	3575	209	401
	3576	201	385
	3577	201	397
	3578	179	380
	3579	200	408
	3580	180	388
	3581	208	392
	3582	197	393
	3583	250	400
	3584	200	388
	3585	202	396
	3586	211	393
	3587	215	390
	3588	187	391
	3589	200	407
	3590	205	394
	3591	208	408
	3592	194	381
	3593	210	394
	3594	194	404
	3595	213	393
	3596	192	396
	3597	204	400
	3598	194	389
	3599	204	397
	3600	207	388
	3601	215	399
	3602	204	403
	3603	214	396
	3604	191	383
	3605	193	399
	3606	200	381
	3607	210	403
	3608	200	384
	3609	205	397
	3610	190	400
	3611	206	401
	3612	200	387
	3613	204	404
	3614	201	395
	3615	203	391
	3616	192	389
	3617	207	397
	3618	198	392
	3619	197	403
	3620	188	392
	3621	204	400
	3622	199	384
	3623	199	399
	3624	198	380
	3625	194	392
	3626	197	388
	3627	202	400
	3628	197	390
	3629	218	391
	3630	195	390
	3631	200	390
	3632	203	394
	3633	202	401
	3634	202	395
	3635	209	409
	3636	201	387
	3637	217	395
	3638	193	396
	3639	205	403
	3640	196	396
	3641	204	403
	3642	191	393
	3643	201	402
	3644	196	376
	3645	198	404
	3646	198	393
	3647	201	398
	3648	189	394
	3649	210	401
	3650	184	391
	3651	211	406
	3652	186	384
	3653	201	396
	3654	205	388
	3655	201	396
	3656	195	395
	3657	209	389
	3658	200	385
	3659	211	401
	3660	197	384
	3661	199	401
	3662	195	393
	3663	208	397
	3664	197	393
	3665	197	397
	3666	189	395
	3667	218	399
	3668	194	400
	3669	203	400
	3670	196	391
	3671	197	398
	3672	185	385
	3673	199	394
	3674	191	377
	3675	205	400
	3676	192	386
	3677	194	399
	3678	191	391
	3679	192	394
	3680	196	398
	3681	202	402
	3682	201	385
	3683	194	390
	3684	194	389
	3685	196	401
	3686	188	388
	3687	204	392
	3688	201	393
	3689	192	396
	3690	196	390
	3691	196	396
	3692	204	387
	3693	200	416
	3694	192	386
	3695	206	414
	3696	194	386
	3697	211	396
	3698	198	394
	3699	209	400
	3700	237	393
	3701	212	387
	3702	194	402
	3703	203	403
	3704	187	399
	3705	200	394
	3706	187	385
	3707	205	405
	3708	195	389
	3709	193	405
	3710	185	388
	3711	201	395
	3712	188	376
	3713	216	396
	3714	197	381
	3715	196	393
	3716	179	387
	3717	188	386
	3718	187	375
	3719	189	387
	3720	200	384
	3721	199	389
	3722	180	378
	3723	190	392
