	0	19	40
	1	15	39
	2	16	37
	3	19	35
	4	19	41
	5	19	39
	6	17	38
	7	18	37
	8	21	35
	9	20	40
	10	17	38
	11	16	39
	12	19	39
	13	17	38
	14	17	40
	15	19	36
	16	17	37
	17	17	38
	18	15	39
	19	18	38
	20	19	39
	21	17	37
	22	18	36
	23	18	41
	24	19	39
	25	19	37
	26	23	41
	27	21	43
	28	21	43
	29	19	42
	30	22	40
	31	21	43
	32	19	42
	33	20	44
	34	20	42
	35	23	42
	36	20	43
	37	20	44
	38	21	42
	39	25	40
	40	20	40
	41	22	42
	42	23	41
	43	21	44
	44	21	43
	45	21	39
	46	22	41
	47	21	40
	48	19	38
	49	20	43
	50	19	43
	51	20	40
	52	19	40
	53	19	41
	54	21	40
	55	21	41
	56	20	41
	57	18	41
	58	20	46
	59	22	43
	60	21	40
	61	24	42
	62	24	43
	63	22	45
	64	23	45
	65	22	43
	66	24	42
	67	22	41
	68	24	43
	69	21	43
	70	21	43
	71	21	45
	72	22	44
	73	22	42
	74	21	45
	75	23	46
	76	21	44
	77	23	41
	78	22	41
	79	23	44
	80	23	41
	81	25	44
	82	21	43
	83	23	45
	84	20	45
	85	22	42
	86	21	43
	87	25	43
	88	25	42
	89	21	41
	90	23	43
	91	22	42
	92	21	42
	93	21	45
	94	22	44
	95	23	42
	96	22	50
	97	20	42
	98	23	44
	99	23	45
	100	21	41
	101	23	42
	102	22	43
	103	20	45
	104	22	44
	105	20	43
	106	22	44
	107	22	42
	108	20	42
	109	25	45
	110	20	41
	111	24	40
	112	26	42
	113	24	42
	114	21	43
	115	23	43
	116	20	43
	117	23	44
	118	22	45
	119	20	46
	120	23	41
	121	21	43
	122	22	43
	123	22	47
	124	22	44
	125	20	43
	126	21	43
	127	20	41
	128	23	43
	129	25	43
	130	18	43
	131	19	41
	132	22	44
	133	22	43
	134	22	43
	135	25	43
	136	28	40
	137	22	43
	138	24	46
	139	23	45
	140	21	42
	141	28	42
	142	22	43
	143	26	46
	144	21	43
	145	21	44
	146	23	43
	147	22	44
	148	25	46
	149	23	44
	150	21	44
	151	22	43
	152	21	40
	153	25	42
	154	24	43
	155	22	46
	156	21	44
	157	24	44
	158	21	43
	159	23	44
	160	22	41
	161	22	45
	162	24	45
	163	25	46
	164	21	44
	165	21	45
	166	23	43
	167	24	46
	168	22	46
	169	24	45
	170	23	42
	171	23	46
	172	22	43
	173	24	45
	174	24	42
	175	22	44
	176	20	44
	177	25	45
	178	22	45
	179	23	45
	180	24	44
	181	23	44
	182	22	44
	183	25	45
	184	21	46
	185	24	44
	186	22	43
	187	22	45
	188	22	42
	189	23	42
	190	23	43
	191	23	45
	192	23	46
	193	24	45
	194	22	42
	195	21	42
	196	22	45
	197	23	42
	198	21	44
	199	24	45
	200	23	41
	201	25	44
	202	24	42
	203	24	44
	204	21	47
	205	25	44
	206	21	45
	207	25	43
	208	23	44
	209	22	45
	210	22	48
	211	22	46
	212	24	46
	213	25	47
	214	21	45
	215	22	47
	216	23	45
	217	24	45
	218	25	43
	219	23	52
	220	25	43
	221	21	45
	222	23	47
	223	27	44
	224	22	44
	225	22	48
	226	21	48
	227	20	47
	228	21	43
	229	25	47
	230	20	44
	231	22	46
	232	19	44
	233	22	46
	234	24	43
	235	23	45
	236	23	46
	237	21	44
	238	21	44
	239	22	43
	240	24	42
	241	23	48
	242	23	48
	243	21	47
	244	22	44
	245	23	45
	246	22	48
	247	23	49
	248	21	44
	249	22	45
	250	22	41
	251	22	47
	252	22	44
	253	23	45
	254	24	46
	255	24	48
	256	21	44
	257	28	45
	258	22	44
	259	23	45
	260	20	45
	261	25	43
	262	20	46
	263	23	46
	264	20	42
	265	19	49
	266	23	42
	267	23	46
	268	22	44
	269	22	44
	270	20	45
	271	22	44
	272	21	44
	273	20	46
	274	21	44
	275	24	47
	276	18	44
	277	23	46
	278	22	45
	279	20	44
	280	23	41
	281	23	43
	282	18	44
	283	23	43
	284	22	44
	285	23	44
	286	23	43
	287	19	44
	288	21	43
	289	21	42
	290	23	43
	291	23	44
	292	22	48
	293	20	43
	294	20	47
	295	24	45
	296	19	45
	297	20	44
	298	27	42
	299	22	44
	300	22	44
	301	22	44
	302	19	45
	303	21	46
	304	20	43
	305	19	48
	306	21	43
	307	23	47
	308	22	45
	309	23	45
	310	20	41
	311	23	44
	312	22	45
	313	21	44
	314	20	43
	315	21	43
	316	23	43
	317	21	45
	318	21	45
	319	22	45
	320	20	41
	321	23	45
	322	21	47
	323	22	45
	324	22	44
	325	23	45
	326	19	42
	327	22	43
	328	21	45
	329	24	44
	330	21	45
	331	26	46
	332	24	43
	333	22	49
	334	23	45
	335	22	45
	336	23	44
	337	23	47
	338	23	41
	339	23	46
	340	21	43
	341	22	42
	342	20	39
	343	23	44
	344	18	41
	345	25	41
	346	23	45
	347	24	42
	348	20	43
	349	23	39
	350	23	43
	351	23	48
	352	22	42
	353	23	44
	354	22	41
	355	24	44
	356	19	41
	357	20	43
	358	23	42
	359	22	42
	360	23	43
	361	21	45
	362	24	43
	363	25	45
	364	21	45
	365	22	47
	366	19	44
	367	23	44
	368	25	44
	369	21	41
	370	24	43
	371	24	42
	372	22	42
	373	23	41
	374	22	43
	375	21	42
	376	19	40
	377	24	43
	378	23	43
	379	21	43
	380	23	44
	381	22	44
	382	22	44
	383	22	45
	384	22	44
	385	23	44
	386	23	42
	387	24	43
	388	20	43
	389	24	43
	390	23	40
	391	22	45
	392	20	44
	393	19	47
	394	23	46
	395	20	44
	396	21	44
	397	21	45
	398	21	44
	399	23	47
	400	23	43
	401	22	42
	402	22	43
	403	21	43
	404	21	42
	405	25	44
	406	22	43
	407	26	42
	408	21	44
	409	22	45
	410	21	43
	411	23	44
	412	24	42
	413	23	45
	414	21	45
	415	22	45
	416	23	42
	417	21	45
	418	24	44
	419	24	43
	420	24	41
	421	24	45
	422	21	44
	423	23	45
	424	22	43
	425	24	48
	426	23	47
	427	24	47
	428	20	40
	429	21	44
	430	21	46
	431	21	50
	432	23	44
	433	22	44
	434	21	42
	435	24	44
	436	24	41
	437	21	44
	438	23	41
	439	22	44
	440	22	45
	441	22	47
	442	24	45
	443	26	44
	444	20	40
	445	23	45
	446	24	43
	447	24	44
	448	25	43
	449	22	43
	450	24	41
	451	26	47
	452	31	42
	453	22	43
	454	24	46
	455	24	46
	456	23	44
	457	23	44
	458	21	45
	459	23	44
	460	23	45
	461	21	44
	462	22	43
	463	21	43
	464	22	44
	465	25	48
	466	25	44
	467	24	46
	468	24	46
	469	27	47
	470	22	43
	471	25	48
	472	24	46
	473	25	46
	474	25	45
	475	24	44
	476	22	45
	477	24	44
	478	24	45
	479	27	43
	480	25	47
	481	27	46
	482	23	44
	483	20	46
	484	22	46
	485	24	47
	486	21	49
	487	23	45
	488	22	47
	489	22	47
	490	23	47
	491	25	48
	492	23	44
	493	23	42
	494	23	44
	495	22	47
	496	26	44
	497	24	43
	498	20	43
	499	21	42
	500	23	44
	501	25	44
	502	22	48
	503	25	45
	504	24	44
	505	25	44
	506	25	47
	507	26	47
	508	22	44
	509	25	46
	510	24	48
	511	26	46
	512	24	46
	513	22	47
	514	24	46
	515	23	46
	516	22	48
	517	25	49
	518	23	48
	519	27	47
	520	23	50
	521	22	45
	522	21	44
	523	24	49
	524	21	46
	525	23	46
	526	22	44
	527	23	47
	528	24	43
	529	23	45
	530	24	45
	531	24	48
	532	23	45
	533	27	47
	534	25	47
	535	25	47
	536	25	46
	537	25	47
	538	23	47
	539	26	48
	540	25	46
	541	24	46
	542	23	45
	543	24	51
	544	25	47
	545	25	47
	546	23	47
	547	28	48
	548	26	47
	549	24	49
	550	25	48
	551	26	46
	552	24	51
	553	27	45
	554	26	47
	555	23	49
	556	24	47
	557	25	49
	558	24	47
	559	26	48
	560	24	47
	561	26	47
	562	25	43
	563	23	46
	564	27	46
	565	27	49
	566	28	49
	567	27	49
	568	24	45
	569	25	50
	570	25	47
	571	25	47
	572	25	47
	573	25	48
	574	23	49
	575	25	51
	576	25	45
	577	24	49
	578	26	49
	579	23	50
	580	25	49
	581	26	50
	582	25	49
	583	27	47
	584	25	49
	585	25	49
	586	25	51
	587	29	48
	588	23	50
	589	27	47
	590	25	49
	591	26	48
	592	27	45
	593	28	49
	594	27	50
	595	24	50
	596	26	49
	597	24	47
	598	28	49
	599	27	50
	600	28	44
	601	27	49
	602	24	48
	603	28	50
	604	27	51
	605	24	48
	606	26	44
	607	25	50
	608	25	48
	609	27	50
	610	26	51
	611	26	51
	612	25	52
	613	26	50
	614	23	50
	615	29	49
	616	25	49
	617	29	50
	618	26	49
	619	28	51
	620	27	50
	621	27	46
	622	27	49
	623	28	51
	624	26	49
	625	28	50
	626	27	52
	627	26	51
	628	28	50
	629	28	52
	630	28	50
	631	26	49
	632	29	50
	633	29	50
	634	25	49
	635	31	54
	636	27	50
	637	28	49
	638	27	55
	639	29	54
	640	26	51
	641	27	53
	642	25	53
	643	32	52
	644	27	53
	645	28	50
	646	27	51
	647	27	51
	648	28	52
	649	27	50
	650	29	52
	651	29	54
	652	28	51
	653	28	53
	654	27	48
	655	27	51
	656	27	50
	657	30	52
	658	30	51
	659	28	54
	660	30	51
	661	29	52
	662	27	52
	663	29	53
	664	28	52
	665	35	52
	666	29	55
	667	29	55
	668	26	52
	669	29	55
	670	29	50
	671	27	52
	672	27	53
	673	32	56
	674	29	57
	675	28	54
	676	30	52
	677	30	53
	678	29	55
	679	32	57
	680	29	54
	681	29	55
	682	30	56
	683	31	55
	684	30	55
	685	29	53
	686	28	52
	687	31	56
	688	28	53
	689	29	54
	690	31	54
	691	29	54
	692	31	52
	693	30	60
	694	30	55
	695	30	54
	696	31	55
	697	30	56
	698	32	55
	699	32	57
	700	30	56
	701	30	56
	702	28	57
	703	29	55
	704	32	56
	705	31	56
	706	32	55
	707	31	58
	708	41	54
	709	29	57
	710	28	54
	711	33	57
	712	29	54
	713	31	54
	714	28	57
	715	30	60
	716	32	58
	717	30	54
	718	31	55
	719	32	56
	720	30	57
	721	32	58
	722	32	54
	723	30	55
	724	29	53
	725	32	55
	726	34	56
	727	31	56
	728	32	55
	729	31	55
	730	32	58
	731	30	58
	732	28	56
	733	31	57
	734	31	53
	735	31	58
	736	30	60
	737	31	56
	738	33	55
	739	32	55
	740	28	56
	741	29	53
	742	29	57
	743	30	58
	744	29	59
	745	31	59
	746	30	57
	747	30	55
	748	30	57
	749	30	57
	750	29	54
	751	29	54
	752	31	58
	753	31	59
	754	29	57
	755	33	57
	756	30	55
	757	31	58
	758	31	57
	759	32	60
	760	25	56
	761	28	57
	762	29	59
	763	30	62
	764	26	60
	765	31	58
	766	32	55
	767	30	57
	768	29	57
	769	33	56
	770	30	58
	771	31	58
	772	33	57
	773	31	58
	774	30	58
	775	32	54
	776	35	54
	777	29	60
	778	30	58
	779	30	57
	780	26	58
	781	30	58
	782	29	56
	783	32	57
	784	30	53
	785	30	58
	786	32	57
	787	31	57
	788	33	56
	789	27	56
	790	29	56
	791	33	58
	792	31	55
	793	31	60
	794	29	57
	795	29	56
	796	28	55
	797	30	59
	798	28	56
	799	31	57
	800	30	54
	801	27	57
	802	29	58
	803	31	65
	804	29	52
	805	31	55
	806	31	55
	807	29	58
	808	29	60
	809	28	54
	810	28	52
	811	31	57
	812	29	55
	813	29	55
	814	25	56
	815	29	53
	816	26	57
	817	27	55
	818	27	54
	819	30	56
	820	29	51
	821	25	55
	822	28	55
	823	30	58
	824	29	52
	825	28	55
	826	28	52
	827	31	57
	828	27	58
	829	29	52
	830	25	53
	831	29	53
	832	26	52
	833	26	51
	834	30	54
	835	25	54
	836	29	54
	837	28	51
	838	29	52
	839	27	52
	840	27	52
	841	29	56
	842	29	54
	843	27	54
	844	30	52
	845	27	52
	846	25	51
	847	30	52
	848	28	53
	849	26	54
	850	25	51
	851	25	54
	852	27	50
	853	25	52
	854	27	53
	855	26	55
	856	27	51
	857	30	51
	858	26	50
	859	27	51
	860	23	53
	861	25	52
	862	25	54
	863	26	53
	864	27	52
	865	23	50
	866	25	52
	867	25	50
	868	26	55
	869	25	54
	870	25	52
	871	25	53
	872	28	52
	873	26	52
	874	24	52
	875	24	55
	876	26	51
	877	27	52
	878	25	48
	879	29	52
	880	23	48
	881	26	53
	882	25	54
	883	26	49
	884	28	53
	885	24	50
	886	23	50
	887	26	51
	888	26	50
	889	25	51
	890	23	53
	891	26	55
	892	26	50
	893	27	53
	894	23	50
	895	26	50
	896	26	54
	897	25	51
	898	24	49
	899	26	52
	900	25	54
	901	28	48
	902	25	51
	903	25	48
	904	24	49
	905	21	51
	906	23	47
	907	28	48
	908	25	49
	909	26	48
	910	24	47
	911	25	48
	912	25	47
	913	25	49
	914	24	49
	915	25	48
	916	22	48
	917	24	50
	918	25	47
	919	27	49
	920	22	50
	921	24	49
	922	26	50
	923	24	49
	924	25	46
	925	22	49
	926	24	47
	927	26	46
	928	22	49
	929	26	46
	930	24	47
	931	25	50
	932	23	48
	933	25	51
	934	22	46
	935	25	47
	936	27	48
	937	28	47
	938	27	47
	939	25	49
	940	24	49
	941	22	49
	942	24	47
	943	22	50
	944	24	46
	945	26	49
	946	23	46
	947	24	48
	948	24	48
	949	24	50
	950	25	54
	951	22	46
	952	27	46
	953	27	50
	954	22	48
	955	25	48
	956	23	46
	957	25	49
	958	23	45
	959	24	45
	960	23	48
	961	24	47
	962	23	47
	963	24	48
	964	22	47
	965	22	45
	966	24	45
	967	22	45
	968	22	45
	969	23	47
	970	25	47
	971	25	45
	972	21	49
	973	23	48
	974	23	47
	975	25	44
	976	24	45
	977	25	44
	978	23	47
	979	22	44
	980	21	48
	981	21	48
	982	21	43
	983	24	50
	984	24	44
	985	23	47
	986	22	44
	987	24	48
	988	22	44
	989	24	46
	990	23	45
	991	25	45
	992	21	44
	993	23	45
	994	20	45
	995	26	45
	996	23	45
	997	27	49
	998	22	44
	999	24	44
	1000	24	45
	1001	19	48
	1002	21	46
	1003	23	45
	1004	22	44
	1005	26	44
	1006	23	44
	1007	22	47
	1008	20	46
	1009	19	46
	1010	24	46
	1011	22	46
	1012	20	46
	1013	21	46
	1014	23	44
	1015	24	44
	1016	22	47
	1017	20	44
	1018	23	44
	1019	24	43
	1020	23	46
	1021	22	46
	1022	22	43
	1023	25	44
	1024	21	46
	1025	26	43
	1026	20	46
	1027	21	44
	1028	24	40
	1029	24	45
	1030	21	42
	1031	22	46
	1032	21	45
	1033	25	44
	1034	19	42
	1035	24	46
	1036	22	41
	1037	21	46
	1038	21	44
	1039	24	46
	1040	19	45
	1041	21	47
	1042	20	42
	1043	22	46
	1044	21	49
	1045	22	45
	1046	20	46
	1047	21	44
	1048	22	47
	1049	22	44
	1050	20	48
	1051	20	44
	1052	22	43
	1053	22	44
	1054	19	42
	1055	22	52
	1056	21	43
	1057	24	43
	1058	20	44
	1059	23	46
	1060	23	45
	1061	26	45
	1062	22	46
	1063	25	43
	1064	23	44
	1065	23	42
	1066	21	45
	1067	24	46
	1068	19	43
	1069	21	43
	1070	22	46
	1071	20	44
	1072	19	45
	1073	24	44
	1074	18	44
	1075	23	46
	1076	20	46
	1077	27	44
	1078	25	43
	1079	23	45
	1080	20	42
	1081	23	44
	1082	23	45
	1083	21	45
	1084	19	43
	1085	23	41
	1086	22	48
	1087	22	44
	1088	19	41
	1089	24	45
	1090	21	44
	1091	22	44
	1092	21	42
	1093	20	45
	1094	21	43
	1095	24	44
	1096	21	45
	1097	22	44
	1098	24	46
	1099	22	45
	1100	21	43
	1101	22	44
	1102	18	43
	1103	26	44
	1104	21	45
	1105	24	45
	1106	22	42
	1107	22	44
	1108	21	44
	1109	23	44
	1110	22	48
	1111	21	44
	1112	21	42
	1113	22	42
	1114	22	41
	1115	22	41
	1116	23	41
	1117	23	43
	1118	21	44
	1119	21	42
	1120	21	46
	1121	23	47
	1122	18	42
	1123	20	42
	1124	21	44
	1125	20	42
	1126	23	47
	1127	19	45
	1128	20	43
	1129	20	45
	1130	23	45
	1131	22	44
	1132	21	44
	1133	22	45
	1134	20	45
	1135	21	44
	1136	19	50
	1137	24	44
	1138	21	44
	1139	21	47
	1140	24	43
	1141	23	43
	1142	21	42
	1143	24	41
	1144	23	43
	1145	21	44
	1146	25	44
	1147	21	47
	1148	21	43
	1149	21	44
	1150	23	44
	1151	23	44
	1152	19	43
	1153	20	43
	1154	22	44
	1155	23	45
	1156	21	44
	1157	22	43
	1158	23	44
	1159	23	43
	1160	22	41
	1161	21	45
	1162	22	43
	1163	20	48
	1164	21	45
	1165	24	43
	1166	20	42
	1167	21	46
	1168	21	44
	1169	21	44
	1170	22	43
	1171	25	43
	1172	23	44
	1173	19	44
	1174	19	46
	1175	20	47
	1176	22	44
	1177	22	42
	1178	22	43
	1179	22	44
	1180	19	45
	1181	20	43
	1182	22	43
	1183	21	44
	1184	24	41
	1185	24	43
	1186	19	43
	1187	21	45
	1188	24	45
	1189	23	44
	1190	25	44
	1191	24	43
	1192	20	42
	1193	21	45
	1194	24	43
	1195	26	42
	1196	25	45
	1197	20	46
	1198	22	41
	1199	23	46
	1200	24	43
	1201	24	43
	1202	24	43
	1203	21	41
	1204	21	45
	1205	23	44
	1206	20	42
	1207	24	43
	1208	23	42
	1209	24	43
	1210	20	44
	1211	22	44
	1212	19	41
	1213	22	43
	1214	21	44
	1215	22	42
	1216	21	44
	1217	23	40
	1218	21	40
	1219	23	40
	1220	19	41
	1221	22	44
	1222	21	45
	1223	22	46
	1224	19	41
	1225	21	44
	1226	21	42
	1227	24	41
	1228	21	43
	1229	22	45
	1230	22	45
	1231	20	40
	1232	21	43
	1233	24	43
	1234	20	43
	1235	21	43
	1236	19	43
	1237	21	43
	1238	20	45
	1239	21	44
	1240	22	39
	1241	23	43
	1242	22	43
	1243	22	45
	1244	22	44
	1245	22	42
	1246	20	44
	1247	22	46
	1248	19	41
	1249	23	43
	1250	20	43
	1251	22	43
	1252	20	43
	1253	19	44
	1254	20	44
	1255	19	44
	1256	22	45
	1257	20	43
	1258	24	44
	1259	20	45
	1260	23	44
	1261	22	45
	1262	23	41
	1263	23	45
	1264	22	43
	1265	22	43
	1266	30	43
	1267	31	43
	1268	23	42
	1269	24	41
	1270	18	45
	1271	20	44
	1272	21	44
	1273	21	44
	1274	24	44
	1275	23	49
	1276	19	42
	1277	22	44
	1278	19	43
	1279	21	44
	1280	20	43
	1281	21	44
	1282	22	46
	1283	24	45
	1284	21	44
	1285	21	44
	1286	20	44
	1287	21	44
	1288	21	45
	1289	23	40
	1290	23	43
	1291	22	44
	1292	19	43
	1293	20	46
	1294	20	44
	1295	22	45
	1296	21	46
	1297	22	44
	1298	22	43
	1299	25	45
	1300	22	43
	1301	22	44
	1302	20	42
	1303	24	44
	1304	24	44
	1305	23	43
	1306	22	47
	1307	20	43
	1308	22	44
	1309	21	42
	1310	22	40
	1311	22	43
	1312	20	42
	1313	24	43
	1314	23	45
	1315	23	43
	1316	22	40
	1317	21	43
	1318	21	44
	1319	22	44
	1320	21	41
	1321	21	43
	1322	23	45
	1323	24	40
	1324	20	44
	1325	22	43
	1326	23	41
	1327	22	40
	1328	20	43
	1329	23	44
	1330	22	42
	1331	22	47
	1332	18	40
	1333	21	42
	1334	20	45
	1335	23	45
	1336	19	44
	1337	22	43
	1338	21	42
	1339	17	44
	1340	23	43
	1341	21	44
	1342	23	43
	1343	24	44
	1344	22	42
	1345	21	46
	1346	21	42
	1347	22	44
	1348	21	44
	1349	23	43
	1350	25	42
	1351	24	47
	1352	19	43
	1353	21	45
	1354	20	42
	1355	23	44
	1356	21	42
	1357	23	46
	1358	20	45
	1359	20	44
	1360	21	43
	1361	22	40
	1362	20	43
	1363	22	44
	1364	20	42
	1365	23	43
	1366	20	42
	1367	22	44
	1368	21	44
	1369	24	45
	1370	23	44
	1371	23	43
	1372	27	47
	1373	20	43
	1374	21	46
	1375	22	41
	1376	22	43
	1377	21	43
	1378	20	41
	1379	23	44
	1380	19	44
	1381	29	41
	1382	21	43
	1383	22	46
	1384	19	42
	1385	21	46
	1386	24	42
	1387	24	41
	1388	23	42
	1389	22	43
	1390	22	42
	1391	22	42
	1392	20	40
	1393	23	44
	1394	18	45
	1395	23	42
	1396	22	42
	1397	22	42
	1398	18	44
	1399	22	43
	1400	21	42
	1401	22	42
	1402	21	43
	1403	23	45
	1404	22	44
	1405	22	43
	1406	19	41
	1407	24	42
	1408	20	41
	1409	23	46
	1410	21	44
	1411	22	44
	1412	22	45
	1413	24	41
	1414	21	46
	1415	24	43
	1416	22	42
	1417	22	42
	1418	23	42
	1419	22	42
	1420	23	43
	1421	22	43
	1422	19	46
	1423	25	43
	1424	21	43
	1425	22	42
	1426	21	39
	1427	23	45
	1428	19	41
	1429	23	43
	1430	21	44
	1431	20	42
	1432	20	42
	1433	23	43
	1434	22	45
	1435	22	44
	1436	21	44
	1437	22	45
	1438	24	45
	1439	21	44
	1440	23	42
	1441	22	44
	1442	22	43
	1443	25	45
	1444	19	42
	1445	20	42
	1446	24	42
	1447	22	44
	1448	22	41
	1449	20	43
	1450	23	43
	1451	22	45
	1452	19	44
	1453	19	40
	1454	21	43
	1455	23	43
	1456	21	39
	1457	25	43
	1458	21	41
	1459	21	42
	1460	19	42
	1461	19	43
	1462	20	44
	1463	24	46
	1464	20	39
	1465	21	44
	1466	20	43
	1467	22	43
	1468	22	44
	1469	21	43
	1470	21	44
	1471	19	44
	1472	21	45
	1473	21	44
	1474	21	43
	1475	24	42
	1476	22	44
	1477	23	44
	1478	20	39
	1479	21	43
	1480	22	41
	1481	22	44
	1482	22	41
	1483	21	45
	1484	19	42
	1485	23	46
	1486	24	41
	1487	19	44
	1488	21	42
	1489	23	42
	1490	18	42
	1491	23	44
	1492	19	43
	1493	21	42
	1494	22	44
	1495	20	46
	1496	20	39
	1497	23	43
	1498	20	40
	1499	22	42
	1500	19	40
	1501	20	43
	1502	23	44
	1503	22	43
	1504	21	42
	1505	21	42
	1506	19	46
	1507	22	42
	1508	20	42
	1509	24	42
	1510	18	43
	1511	23	41
	1512	20	42
	1513	21	43
	1514	19	42
	1515	22	44
	1516	22	43
	1517	20	44
	1518	21	43
	1519	21	42
	1520	20	43
	1521	23	39
	1522	21	42
	1523	22	41
	1524	22	41
	1525	24	42
	1526	21	43
	1527	21	43
	1528	21	42
	1529	20	44
	1530	19	43
	1531	28	43
	1532	18	41
	1533	22	44
	1534	19	43
	1535	21	43
	1536	23	44
	1537	23	43
	1538	22	42
	1539	20	43
	1540	21	44
	1541	23	44
	1542	21	43
	1543	22	45
	1544	19	44
	1545	19	41
	1546	17	43
	1547	20	43
	1548	22	41
	1549	20	43
	1550	20	42
	1551	21	45
	1552	23	45
	1553	24	42
	1554	20	42
	1555	24	44
	1556	18	43
	1557	21	45
	1558	21	48
	1559	22	41
	1560	19	41
	1561	22	41
	1562	23	43
	1563	23	44
	1564	20	44
	1565	21	43
	1566	23	48
	1567	22	46
	1568	20	43
	1569	25	41
	1570	24	43
	1571	23	52
	1572	24	42
	1573	21	48
	1574	22	43
	1575	24	48
	1576	23	46
	1577	23	45
	1578	22	48
	1579	24	46
	1580	22	44
	1581	24	47
	1582	22	43
	1583	22	46
	1584	25	46
	1585	24	46
	1586	25	47
	1587	24	47
	1588	19	42
	1589	22	48
	1590	21	42
	1591	23	46
	1592	22	48
	1593	22	47
	1594	21	46
	1595	23	46
	1596	22	45
	1597	28	45
	1598	23	47
	1599	21	47
	1600	22	46
	1601	23	43
	1602	21	45
	1603	23	43
	1604	21	42
	1605	24	46
	1606	22	46
	1607	22	48
	1608	20	44
	1609	25	47
	1610	21	47
	1611	22	44
	1612	20	45
	1613	21	45
	1614	23	44
	1615	22	46
	1616	20	46
	1617	23	45
	1618	20	44
	1619	20	46
	1620	21	47
	1621	23	46
	1622	21	46
	1623	24	45
	1624	20	46
	1625	21	46
	1626	24	45
	1627	23	50
	1628	23	44
	1629	23	48
	1630	22	45
	1631	24	47
	1632	23	45
	1633	20	47
	1634	22	45
	1635	23	47
	1636	22	45
	1637	21	45
	1638	20	48
	1639	24	45
	1640	22	47
	1641	23	47
	1642	20	43
	1643	22	43
	1644	22	43
	1645	25	44
	1646	29	44
	1647	21	47
	1648	24	48
	1649	21	45
	1650	22	45
	1651	22	48
	1652	22	46
	1653	22	50
	1654	23	46
	1655	24	43
	1656	19	46
	1657	24	46
	1658	22	47
	1659	22	46
	1660	22	46
	1661	22	46
	1662	22	44
	1663	23	44
	1664	21	45
	1665	22	48
	1666	24	44
	1667	23	46
	1668	22	46
	1669	21	44
	1670	22	47
	1671	23	43
	1672	20	42
	1673	24	43
	1674	23	44
	1675	23	42
	1676	26	45
	1677	21	43
	1678	22	42
	1679	23	48
	1680	24	45
	1681	21	45
	1682	22	46
	1683	22	43
	1684	20	46
	1685	19	45
	1686	23	43
	1687	25	44
	1688	20	42
	1689	21	46
	1690	21	49
	1691	24	45
	1692	20	45
	1693	21	45
	1694	22	45
	1695	22	45
	1696	20	44
	1697	19	45
	1698	20	42
	1699	23	47
	1700	21	43
	1701	22	43
	1702	21	43
	1703	20	42
	1704	21	42
	1705	25	40
	1706	21	39
	1707	21	39
	1708	18	42
	1709	19	40
	1710	23	42
	1711	20	42
	1712	23	42
	1713	20	42
	1714	22	41
	1715	26	43
	1716	19	44
	1717	22	45
	1718	22	43
	1719	19	46
	1720	20	39
	1721	23	44
	1722	21	43
	1723	21	41
	1724	22	44
	1725	20	39
	1726	25	41
	1727	20	41
	1728	22	43
	1729	23	42
	1730	21	41
	1731	20	43
	1732	21	41
	1733	22	43
	1734	23	41
	1735	23	41
	1736	21	38
	1737	22	43
	1738	19	40
	1739	22	43
	1740	24	39
	1741	21	40
	1742	18	41
	1743	22	42
	1744	20	42
	1745	21	43
	1746	22	41
	1747	22	40
	1748	21	43
	1749	23	43
	1750	20	43
	1751	21	43
	1752	21	39
	1753	20	40
	1754	22	42
	1755	23	42
	1756	19	38
	1757	21	41
	1758	18	40
	1759	20	41
	1760	20	43
	1761	21	40
	1762	20	43
	1763	19	42
	1764	21	41
	1765	18	42
	1766	18	45
	1767	20	40
	1768	21	42
	1769	21	42
	1770	20	41
	1771	20	43
	1772	19	40
	1773	21	40
	1774	21	41
	1775	21	42
	1776	17	43
	1777	20	42
	1778	21	41
	1779	23	40
	1780	23	40
	1781	22	42
	1782	20	42
	1783	20	41
	1784	19	42
	1785	21	41
	1786	21	41
	1787	17	40
	1788	21	43
	1789	20	44
	1790	21	39
	1791	20	43
	1792	18	40
	1793	19	42
	1794	22	42
	1795	19	41
	1796	20	41
	1797	19	38
	1798	20	41
	1799	22	41
	1800	19	41
	1801	21	39
	1802	17	40
	1803	20	42
	1804	21	40
	1805	20	43
	1806	21	40
	1807	21	41
	1808	22	43
	1809	21	43
	1810	21	40
	1811	21	40
	1812	19	41
	1813	23	40
	1814	20	40
	1815	20	41
	1816	19	40
	1817	19	37
	1818	20	39
	1819	24	41
	1820	19	41
	1821	20	41
	1822	20	40
	1823	19	40
	1824	18	41
	1825	22	44
	1826	20	41
	1827	20	41
	1828	21	40
	1829	22	42
	1830	22	40
	1831	23	43
	1832	19	41
	1833	22	41
	1834	20	41
	1835	25	40
	1836	19	39
	1837	21	40
	1838	17	40
	1839	22	39
	1840	20	41
	1841	19	40
	1842	21	41
	1843	20	41
	1844	23	38
	1845	21	42
	1846	19	41
	1847	20	39
	1848	21	43
	1849	23	41
	1850	20	40
	1851	19	40
	1852	21	43
	1853	23	43
	1854	19	41
	1855	18	41
	1856	21	39
	1857	19	41
	1858	21	40
	1859	21	42
	1860	20	40
	1861	20	41
	1862	22	40
	1863	20	40
	1864	23	40
	1865	22	43
	1866	21	40
	1867	23	42
	1868	18	42
	1869	22	41
	1870	18	40
	1871	19	43
	1872	19	40
	1873	20	40
	1874	19	40
	1875	19	42
	1876	20	38
	1877	20	40
	1878	21	41
	1879	22	42
	1880	21	39
	1881	21	39
	1882	18	41
	1883	20	42
	1884	21	38
	1885	22	42
	1886	21	40
	1887	22	44
	1888	20	41
	1889	20	43
	1890	19	43
	1891	20	42
	1892	21	40
	1893	20	41
	1894	20	43
	1895	22	44
	1896	18	41
	1897	20	41
	1898	23	41
	1899	22	43
	1900	18	41
	1901	23	43
	1902	19	41
	1903	22	42
	1904	19	40
	1905	19	41
	1906	19	39
	1907	27	43
	1908	20	40
	1909	19	41
	1910	20	41
	1911	20	41
	1912	20	42
	1913	20	38
	1914	21	42
	1915	21	40
	1916	18	44
	1917	19	41
	1918	18	39
	1919	21	41
	1920	18	41
	1921	17	47
	1922	17	41
	1923	19	44
	1924	19	39
	1925	19	38
	1926	20	43
	1927	20	39
	1928	21	38
	1929	21	43
	1930	20	42
	1931	20	43
	1932	21	42
	1933	20	41
	1934	19	40
	1935	20	39
	1936	20	44
	1937	23	45
	1938	20	42
	1939	21	44
	1940	21	41
	1941	19	41
	1942	21	38
	1943	19	43
	1944	19	43
	1945	20	41
	1946	20	39
	1947	18	41
	1948	19	40
	1949	18	44
	1950	16	44
	1951	21	42
	1952	21	44
	1953	20	42
	1954	22	39
	1955	19	40
	1956	22	40
	1957	20	42
	1958	21	40
	1959	19	41
	1960	19	41
	1961	21	42
	1962	20	39
	1963	20	42
	1964	20	45
	1965	22	42
	1966	19	42
	1967	21	39
	1968	18	42
	1969	21	41
	1970	19	41
	1971	20	40
	1972	21	42
	1973	21	40
	1974	21	42
	1975	21	40
	1976	19	38
	1977	21	38
	1978	17	43
	1979	22	42
	1980	20	41
	1981	20	39
	1982	19	38
	1983	24	38
	1984	19	38
	1985	19	41
	1986	18	42
	1987	22	42
	1988	22	41
	1989	19	41
	1990	18	41
	1991	20	40
	1992	19	40
	1993	23	41
	1994	19	41
	1995	19	43
	1996	20	38
	1997	21	41
	1998	21	41
	1999	18	41
	2000	17	39
	2001	20	42
	2002	21	42
	2003	21	43
	2004	22	43
	2005	23	42
	2006	17	42
	2007	19	40
	2008	21	39
	2009	23	41
	2010	18	42
	2011	20	42
	2012	23	42
	2013	19	40
	2014	19	43
	2015	22	40
	2016	18	40
	2017	20	40
	2018	17	42
	2019	21	39
	2020	21	40
	2021	21	41
	2022	19	42
	2023	21	41
	2024	20	43
	2025	19	38
	2026	21	41
	2027	22	41
	2028	20	39
	2029	20	42
	2030	20	41
	2031	22	43
	2032	23	38
	2033	19	42
	2034	18	39
	2035	19	42
	2036	19	43
	2037	22	41
	2038	22	43
	2039	22	41
	2040	20	41
	2041	22	42
	2042	17	41
	2043	19	42
	2044	20	43
	2045	22	40
	2046	18	42
	2047	23	41
	2048	19	38
	2049	19	42
	2050	21	41
	2051	19	40
	2052	18	40
	2053	21	37
	2054	18	41
	2055	19	43
	2056	20	40
	2057	18	41
	2058	19	41
	2059	22	41
	2060	18	40
	2061	22	38
	2062	17	38
	2063	21	43
	2064	20	40
	2065	20	42
	2066	19	40
	2067	19	43
	2068	18	38
	2069	22	39
	2070	20	40
	2071	20	43
	2072	20	39
	2073	20	43
	2074	16	39
	2075	20	39
	2076	18	41
	2077	20	40
	2078	18	43
	2079	21	40
	2080	19	39
	2081	21	41
	2082	20	40
	2083	21	40
	2084	21	44
	2085	20	41
	2086	22	39
	2087	20	41
	2088	21	40
	2089	19	40
	2090	19	39
	2091	20	41
	2092	20	40
	2093	20	40
	2094	20	39
	2095	20	42
	2096	20	42
	2097	22	39
	2098	21	41
	2099	20	42
	2100	20	41
	2101	21	42
	2102	17	37
	2103	21	42
	2104	20	41
	2105	20	41
	2106	22	39
	2107	20	41
	2108	18	39
	2109	18	39
	2110	20	39
	2111	22	41
	2112	19	40
	2113	21	41
	2114	21	42
	2115	20	41
	2116	20	43
	2117	22	41
	2118	20	42
	2119	18	41
	2120	23	42
	2121	22	41
	2122	19	43
	2123	17	44
	2124	19	38
	2125	21	40
	2126	20	38
	2127	21	42
	2128	19	41
	2129	18	40
	2130	18	43
	2131	20	39
	2132	20	41
	2133	19	44
	2134	19	42
	2135	19	41
	2136	19	42
	2137	19	44
	2138	18	39
	2139	18	40
	2140	19	41
	2141	19	40
	2142	21	41
	2143	22	42
	2144	18	44
	2145	21	40
	2146	21	42
	2147	20	43
	2148	21	40
	2149	21	39
	2150	20	44
	2151	23	41
	2152	20	41
	2153	23	39
	2154	21	39
	2155	20	39
	2156	18	41
	2157	21	40
	2158	20	41
	2159	21	41
	2160	20	38
	2161	19	41
	2162	16	42
	2163	20	40
	2164	19	39
	2165	21	40
	2166	20	41
	2167	22	39
	2168	20	40
	2169	17	40
	2170	21	63
	2171	22	41
	2172	20	40
	2173	23	39
	2174	20	40
	2175	18	41
	2176	19	41
	2177	21	41
	2178	19	40
	2179	21	44
	2180	19	40
	2181	19	40
	2182	21	40
	2183	20	38
	2184	17	43
	2185	21	41
	2186	19	40
	2187	20	41
	2188	18	38
	2189	21	41
	2190	17	38
	2191	21	46
	2192	19	41
	2193	22	40
	2194	18	45
	2195	18	42
	2196	20	41
	2197	19	44
	2198	20	41
	2199	18	41
	2200	19	39
	2201	20	41
	2202	19	41
	2203	20	39
	2204	17	41
	2205	27	40
	2206	20	42
	2207	21	38
	2208	19	41
	2209	21	41
	2210	21	40
	2211	20	40
	2212	19	42
	2213	20	42
	2214	18	39
	2215	19	38
	2216	20	41
	2217	22	40
	2218	20	39
	2219	20	41
	2220	18	42
	2221	21	39
	2222	17	40
	2223	22	39
	2224	19	41
	2225	22	41
	2226	20	41
	2227	21	41
	2228	20	39
	2229	20	41
	2230	21	40
	2231	20	39
	2232	19	39
	2233	21	40
	2234	20	40
	2235	17	41
	2236	19	43
	2237	20	41
	2238	19	43
	2239	18	41
	2240	20	40
	2241	21	41
	2242	18	40
	2243	19	39
	2244	23	40
	2245	18	42
	2246	20	42
	2247	21	38
	2248	21	39
	2249	21	42
	2250	21	40
	2251	20	40
	2252	18	37
	2253	21	39
	2254	19	41
	2255	22	43
	2256	20	43
	2257	21	41
	2258	18	39
	2259	20	38
	2260	18	41
	2261	21	38
	2262	18	43
	2263	19	39
	2264	21	42
	2265	20	39
	2266	21	39
	2267	18	42
	2268	20	40
	2269	19	39
	2270	21	41
	2271	21	44
	2272	19	40
	2273	19	40
	2274	19	39
	2275	18	41
	2276	18	43
	2277	20	43
	2278	19	39
	2279	18	40
	2280	19	39
	2281	18	40
	2282	20	38
	2283	19	40
	2284	19	40
	2285	20	43
	2286	21	39
	2287	19	41
	2288	20	39
	2289	20	41
	2290	20	40
	2291	22	40
	2292	20	40
	2293	18	40
	2294	18	40
	2295	19	42
	2296	21	39
	2297	23	43
	2298	20	43
	2299	22	41
	2300	21	42
	2301	23	40
	2302	18	41
	2303	20	44
	2304	19	40
	2305	23	44
	2306	18	42
	2307	20	42
	2308	18	39
	2309	22	41
	2310	20	40
	2311	23	41
	2312	22	40
	2313	19	42
	2314	19	42
	2315	17	40
	2316	18	40
	2317	21	40
	2318	19	40
	2319	20	42
	2320	20	41
	2321	20	37
	2322	21	38
	2323	21	39
	2324	21	39
	2325	22	42
	2326	18	38
	2327	20	39
	2328	19	41
	2329	21	41
	2330	24	41
	2331	20	42
	2332	19	38
	2333	21	42
	2334	19	41
	2335	21	40
	2336	20	38
	2337	20	39
	2338	21	38
	2339	23	42
	2340	18	40
	2341	20	39
	2342	21	38
	2343	19	42
	2344	20	38
	2345	19	40
	2346	17	39
	2347	20	42
	2348	18	39
	2349	19	39
	2350	20	41
	2351	20	40
	2352	19	40
	2353	20	37
	2354	19	43
	2355	19	39
	2356	19	42
	2357	19	41
	2358	20	40
	2359	20	41
	2360	18	42
	2361	20	38
	2362	19	43
	2363	20	44
	2364	20	39
	2365	22	41
	2366	19	39
	2367	21	41
	2368	20	40
	2369	23	40
	2370	21	39
	2371	23	37
	2372	19	39
	2373	21	39
	2374	21	39
	2375	21	41
	2376	18	41
	2377	20	43
	2378	21	40
	2379	20	42
	2380	19	39
	2381	20	42
	2382	20	38
	2383	20	41
	2384	20	40
	2385	21	41
	2386	17	40
	2387	20	39
	2388	19	42
	2389	18	41
	2390	18	41
	2391	20	41
	2392	20	36
	2393	20	42
	2394	18	41
	2395	20	43
	2396	18	40
	2397	22	44
	2398	21	39
	2399	20	41
	2400	21	44
	2401	20	39
	2402	15	40
	2403	29	42
	2404	20	40
	2405	20	41
	2406	19	42
	2407	19	39
	2408	18	38
	2409	20	41
	2410	20	41
	2411	18	42
	2412	21	42
	2413	19	43
	2414	21	40
	2415	24	38
	2416	19	37
	2417	22	47
	2418	20	41
	2419	21	41
	2420	19	40
	2421	21	43
	2422	18	39
	2423	20	42
	2424	21	40
	2425	23	40
	2426	21	40
	2427	19	43
	2428	18	40
	2429	20	39
	2430	18	39
	2431	20	40
	2432	19	40
	2433	20	44
	2434	21	41
	2435	21	41
	2436	20	36
	2437	18	43
	2438	18	42
	2439	20	42
	2440	23	43
	2441	18	41
	2442	21	38
	2443	20	40
	2444	18	39
	2445	19	40
	2446	22	41
	2447	20	37
	2448	20	40
	2449	19	44
	2450	21	42
	2451	18	39
	2452	19	43
	2453	20	39
	2454	21	40
	2455	21	44
	2456	21	40
	2457	20	39
	2458	22	41
	2459	22	41
	2460	20	39
	2461	20	40
	2462	20	41
	2463	20	37
	2464	21	46
	2465	21	41
	2466	19	41
	2467	18	42
	2468	19	41
	2469	20	42
	2470	19	39
	2471	19	39
	2472	19	40
	2473	19	43
	2474	21	40
	2475	17	41
	2476	19	41
	2477	19	42
	2478	20	41
	2479	21	39
	2480	19	39
	2481	20	42
	2482	20	40
	2483	18	42
	2484	16	40
	2485	20	42
	2486	16	39
	2487	17	40
	2488	19	40
	2489	17	42
	2490	18	43
	2491	19	43
	2492	20	38
	2493	19	40
	2494	17	39
	2495	17	41
	2496	19	38
	2497	19	43
	2498	18	43
	2499	21	41
	2500	19	39
	2501	20	44
	2502	22	40
	2503	20	41
	2504	20	39
	2505	20	42
	2506	19	41
	2507	21	43
	2508	20	38
	2509	18	42
	2510	21	42
	2511	20	38
	2512	21	41
	2513	21	44
	2514	20	37
	2515	21	42
	2516	19	42
	2517	22	40
	2518	21	43
	2519	22	41
	2520	19	41
	2521	21	42
	2522	20	39
	2523	23	39
	2524	20	41
	2525	20	40
	2526	20	41
	2527	19	42
	2528	19	41
	2529	20	41
	2530	18	41
	2531	18	39
	2532	19	41
	2533	20	40
	2534	17	39
	2535	20	44
	2536	22	40
	2537	20	39
	2538	20	39
	2539	18	41
	2540	21	41
	2541	22	43
	2542	19	40
	2543	22	41
	2544	18	40
	2545	22	41
	2546	20	40
	2547	20	43
	2548	18	40
	2549	22	39
	2550	20	42
	2551	21	41
	2552	19	41
	2553	18	42
	2554	19	40
	2555	22	39
	2556	20	38
	2557	20	42
	2558	21	39
	2559	20	41
	2560	19	40
	2561	20	41
	2562	18	38
	2563	23	41
	2564	19	38
	2565	21	38
	2566	18	39
	2567	20	44
	2568	20	38
	2569	20	40
	2570	21	39
	2571	20	41
	2572	22	39
	2573	20	40
	2574	21	40
	2575	22	39
	2576	19	37
	2577	19	40
	2578	22	41
	2579	20	40
	2580	20	40
	2581	22	39
	2582	20	40
	2583	20	40
	2584	21	40
	2585	21	40
	2586	18	42
	2587	20	38
	2588	20	39
	2589	22	39
	2590	22	43
	2591	19	39
	2592	22	37
	2593	21	42
	2594	21	41
	2595	22	41
	2596	19	40
	2597	22	38
	2598	19	39
	2599	22	41
	2600	18	37
	2601	19	39
	2602	21	40
	2603	22	40
	2604	19	41
	2605	22	41
	2606	19	41
	2607	19	40
	2608	18	39
	2609	20	40
	2610	21	41
	2611	20	42
	2612	20	40
	2613	21	40
	2614	19	41
	2615	21	40
	2616	18	39
	2617	21	41
	2618	18	39
	2619	18	39
	2620	18	41
	2621	19	41
	2622	17	40
	2623	20	41
	2624	18	37
	2625	19	42
	2626	26	40
	2627	18	38
	2628	22	42
	2629	20	41
	2630	20	39
	2631	19	40
	2632	21	38
	2633	21	43
	2634	22	37
	2635	19	39
	2636	22	42
	2637	22	40
	2638	18	41
	2639	19	40
	2640	21	38
	2641	20	43
	2642	19	40
	2643	20	39
	2644	19	38
	2645	20	42
	2646	15	39
	2647	18	41
	2648	19	38
	2649	21	39
	2650	19	40
	2651	19	38
	2652	19	40
	2653	21	43
	2654	21	39
	2655	21	41
	2656	21	40
	2657	20	39
	2658	20	39
	2659	20	41
	2660	19	39
	2661	21	40
	2662	18	40
	2663	20	40
	2664	21	40
	2665	20	42
	2666	18	41
	2667	21	41
	2668	20	41
	2669	22	38
	2670	21	41
	2671	19	40
	2672	19	40
	2673	20	42
	2674	22	43
	2675	19	43
	2676	20	39
	2677	18	42
	2678	20	38
	2679	19	39
	2680	17	40
	2681	20	41
	2682	19	41
	2683	22	36
	2684	18	38
	2685	20	41
	2686	21	40
	2687	20	42
	2688	19	39
	2689	22	41
	2690	20	39
	2691	21	42
	2692	19	39
	2693	22	40
	2694	17	37
	2695	19	40
	2696	18	40
	2697	20	42
	2698	24	40
	2699	22	43
	2700	21	38
	2701	21	39
	2702	22	41
	2703	22	41
	2704	20	40
	2705	19	40
	2706	21	42
	2707	20	39
	2708	20	41
	2709	21	41
	2710	21	39
	2711	22	42
	2712	18	38
	2713	23	42
	2714	19	40
	2715	19	39
	2716	20	42
	2717	19	40
	2718	19	40
	2719	20	40
	2720	17	39
	2721	27	41
	2722	20	42
	2723	22	41
	2724	18	40
	2725	20	43
	2726	27	40
	2727	20	41
	2728	19	40
	2729	20	42
	2730	20	40
	2731	21	42
	2732	19	38
	2733	19	40
	2734	20	40
	2735	19	40
	2736	19	40
	2737	21	40
	2738	21	40
	2739	21	40
	2740	21	39
	2741	22	39
	2742	21	40
	2743	23	40
	2744	16	41
	2745	19	40
	2746	20	38
	2747	21	41
	2748	18	39
	2749	19	40
	2750	21	41
	2751	21	44
	2752	20	40
	2753	18	42
	2754	19	40
	2755	19	39
	2756	19	42
	2757	19	42
	2758	19	38
	2759	18	40
	2760	19	40
	2761	19	42
	2762	18	42
	2763	23	42
	2764	16	41
	2765	19	43
	2766	18	42
	2767	19	42
	2768	21	38
	2769	19	40
	2770	17	39
	2771	22	42
	2772	19	41
	2773	19	38
	2774	18	38
	2775	20	36
	2776	18	40
	2777	21	40
	2778	19	40
	2779	21	44
	2780	21	41
	2781	19	41
	2782	20	40
	2783	25	40
	2784	20	39
	2785	17	40
	2786	22	40
	2787	22	41
	2788	18	38
	2789	20	40
	2790	22	39
	2791	19	39
	2792	18	38
	2793	18	41
	2794	21	44
	2795	23	41
	2796	21	39
	2797	21	41
	2798	18	41
	2799	19	41
	2800	18	39
	2801	21	45
	2802	20	43
	2803	21	41
	2804	19	40
	2805	21	42
	2806	22	40
	2807	20	40
	2808	18	43
	2809	20	40
	2810	18	44
	2811	23	40
	2812	19	41
	2813	19	42
	2814	17	42
	2815	20	39
	2816	20	38
	2817	21	43
	2818	22	39
	2819	19	40
	2820	19	39
	2821	19	41
	2822	21	42
	2823	23	41
	2824	19	39
	2825	22	40
	2826	18	39
	2827	20	40
	2828	21	40
	2829	22	40
	2830	19	40
	2831	24	42
	2832	17	37
	2833	19	40
	2834	20	39
	2835	21	39
	2836	22	40
	2837	20	43
	2838	20	40
	2839	19	39
	2840	18	40
	2841	20	39
	2842	18	41
	2843	20	39
	2844	18	41
	2845	20	39
	2846	19	40
	2847	19	39
	2848	21	38
	2849	19	41
	2850	22	41
	2851	19	38
	2852	19	42
	2853	21	40
	2854	18	40
	2855	22	41
	2856	19	42
	2857	20	43
	2858	19	39
	2859	23	44
	2860	19	44
	2861	22	39
	2862	19	39
	2863	19	42
	2864	21	39
	2865	19	41
	2866	17	41
	2867	22	39
	2868	20	39
	2869	21	43
	2870	21	41
	2871	18	41
	2872	19	40
	2873	20	40
	2874	17	41
	2875	20	41
	2876	21	41
	2877	20	40
	2878	19	42
	2879	19	40
	2880	18	39
	2881	20	41
	2882	20	37
	2883	22	41
	2884	20	39
	2885	19	41
	2886	19	43
	2887	21	40
	2888	20	39
	2889	43	41
	2890	20	44
	2891	21	43
	2892	18	40
	2893	20	38
	2894	20	37
	2895	18	44
	2896	21	39
	2897	18	41
	2898	19	42
	2899	18	38
	2900	19	43
	2901	21	39
	2902	19	41
	2903	20	39
	2904	19	41
	2905	19	42
	2906	18	42
	2907	20	39
	2908	20	38
	2909	21	42
	2910	18	39
	2911	20	47
	2912	21	39
	2913	19	41
	2914	19	42
	2915	21	44
	2916	20	41
	2917	19	41
	2918	20	37
	2919	24	41
	2920	24	42
	2921	21	41
	2922	20	40
	2923	24	41
	2924	21	38
	2925	22	40
	2926	20	40
	2927	19	42
	2928	21	39
	2929	19	41
	2930	19	40
	2931	19	40
	2932	19	42
	2933	19	39
	2934	19	41
	2935	19	42
	2936	23	41
	2937	23	39
	2938	19	41
	2939	22	40
	2940	18	37
	2941	21	41
	2942	19	41
	2943	20	40
	2944	18	41
	2945	19	38
	2946	20	39
	2947	19	39
	2948	21	38
	2949	21	42
	2950	16	42
	2951	22	41
	2952	20	41
	2953	21	43
	2954	21	39
	2955	22	41
	2956	22	40
	2957	23	41
	2958	19	42
	2959	20	39
	2960	19	39
	2961	20	43
	2962	22	41
	2963	21	41
	2964	20	38
	2965	19	38
	2966	19	39
	2967	17	39
	2968	19	40
	2969	17	41
	2970	17	39
	2971	20	43
	2972	16	39
	2973	21	41
	2974	19	37
	2975	18	41
	2976	19	40
	2977	20	41
	2978	20	40
	2979	21	41
	2980	19	40
	2981	23	41
	2982	21	38
	2983	18	42
	2984	20	40
	2985	20	44
	2986	18	40
	2987	22	40
	2988	21	40
	2989	17	40
	2990	20	41
	2991	18	40
	2992	18	42
	2993	20	43
	2994	20	40
	2995	20	40
	2996	19	38
	2997	20	42
	2998	20	38
	2999	21	41
	3000	20	39
	3001	20	39
	3002	20	36
	3003	19	39
	3004	19	42
	3005	23	41
	3006	19	41
	3007	19	42
	3008	20	39
	3009	21	42
	3010	20	41
	3011	21	39
	3012	16	41
	3013	20	41
	3014	20	41
	3015	20	38
	3016	20	41
	3017	21	43
	3018	18	40
	3019	20	42
	3020	19	39
	3021	20	42
	3022	19	40
	3023	20	40
	3024	20	43
	3025	19	40
	3026	20	40
	3027	20	40
	3028	18	38
	3029	24	40
	3030	20	41
	3031	20	40
	3032	19	37
	3033	21	41
	3034	21	40
	3035	21	42
	3036	18	39
	3037	22	41
	3038	17	41
	3039	20	40
	3040	19	39
	3041	20	45
	3042	19	41
	3043	21	38
	3044	21	40
	3045	18	38
	3046	17	43
	3047	19	40
	3048	22	42
	3049	22	40
	3050	16	40
	3051	20	38
	3052	19	38
	3053	19	42
	3054	19	41
	3055	21	38
	3056	20	38
	3057	20	40
	3058	20	40
	3059	22	43
	3060	21	41
	3061	21	41
	3062	19	40
	3063	20	42
	3064	19	44
	3065	21	37
	3066	18	40
	3067	20	42
	3068	19	41
	3069	19	41
	3070	21	41
	3071	19	39
	3072	18	38
	3073	17	41
	3074	20	40
	3075	20	43
	3076	19	40
	3077	18	41
	3078	20	42
	3079	19	45
	3080	19	41
	3081	22	39
	3082	19	41
	3083	19	44
	3084	20	42
	3085	20	40
	3086	19	38
	3087	20	40
	3088	20	39
	3089	20	41
	3090	19	40
	3091	21	42
	3092	20	36
	3093	19	40
	3094	21	39
	3095	22	41
	3096	17	39
	3097	21	41
	3098	19	40
	3099	23	44
	3100	19	42
	3101	20	40
	3102	18	40
	3103	23	40
	3104	18	41
	3105	21	42
	3106	19	41
	3107	20	42
	3108	22	40
	3109	18	39
	3110	19	38
	3111	19	43
	3112	18	41
	3113	18	41
	3114	19	39
	3115	21	43
	3116	20	41
	3117	20	40
	3118	19	42
	3119	20	41
	3120	21	37
	3121	19	42
	3122	21	42
	3123	19	42
	3124	20	40
	3125	19	39
	3126	17	42
	3127	21	43
	3128	19	43
	3129	21	39
	3130	18	39
	3131	21	41
	3132	19	41
	3133	20	44
	3134	18	40
	3135	22	41
	3136	21	41
	3137	19	42
	3138	19	42
	3139	20	42
	3140	18	39
	3141	21	41
	3142	24	40
	3143	20	40
	3144	19	43
	3145	18	43
	3146	22	41
	3147	21	41
	3148	18	38
	3149	19	41
	3150	18	41
	3151	23	41
	3152	17	42
	3153	20	44
	3154	18	40
	3155	20	43
	3156	18	41
	3157	18	41
	3158	18	40
	3159	19	43
	3160	20	41
	3161	22	40
	3162	17	41
	3163	20	41
	3164	19	42
	3165	20	41
	3166	19	40
	3167	21	41
	3168	18	40
	3169	20	42
	3170	20	38
	3171	18	39
	3172	18	40
	3173	21	42
	3174	20	38
	3175	21	43
	3176	19	43
	3177	19	42
	3178	19	38
	3179	20	43
	3180	20	42
	3181	20	41
	3182	18	43
	3183	20	42
	3184	18	41
	3185	26	42
	3186	16	41
	3187	21	41
	3188	20	39
	3189	22	39
	3190	19	39
	3191	17	43
	3192	20	42
	3193	18	41
	3194	17	42
	3195	22	42
	3196	20	41
	3197	19	39
	3198	21	38
	3199	20	39
	3200	21	40
	3201	21	39
	3202	17	39
	3203	19	45
	3204	19	42
	3205	18	41
	3206	20	38
	3207	21	42
	3208	19	41
	3209	20	40
	3210	19	42
	3211	21	43
	3212	20	39
	3213	21	44
	3214	19	42
	3215	23	40
	3216	20	39
	3217	20	42
	3218	21	41
	3219	19	41
	3220	20	39
	3221	20	44
	3222	20	41
	3223	20	48
	3224	19	41
	3225	19	43
	3226	21	43
	3227	21	43
	3228	19	39
	3229	20	41
	3230	16	40
	3231	18	40
	3232	20	40
	3233	19	41
	3234	20	41
	3235	18	41
	3236	20	41
	3237	20	40
	3238	19	39
	3239	17	43
	3240	18	40
	3241	19	45
	3242	19	39
	3243	19	39
	3244	19	40
	3245	20	42
	3246	19	40
	3247	19	39
	3248	21	39
	3249	20	41
	3250	18	40
	3251	20	42
	3252	20	43
	3253	18	40
	3254	22	42
	3255	20	41
	3256	19	41
	3257	19	44
	3258	16	43
	3259	21	41
	3260	19	38
	3261	23	42
	3262	17	40
	3263	19	43
	3264	18	39
	3265	21	42
	3266	18	40
	3267	21	43
	3268	20	41
	3269	17	40
	3270	17	40
	3271	20	40
	3272	17	41
	3273	19	41
	3274	19	41
	3275	18	41
	3276	19	40
	3277	22	43
	3278	16	39
	3279	18	43
	3280	18	41
	3281	19	41
	3282	19	42
	3283	20	40
	3284	17	41
	3285	25	42
	3286	20	40
	3287	21	43
	3288	19	42
	3289	19	40
	3290	21	41
	3291	21	40
	3292	19	41
	3293	19	42
	3294	18	39
	3295	18	39
	3296	18	38
	3297	21	38
	3298	19	40
	3299	20	41
	3300	19	40
	3301	19	42
	3302	20	40
	3303	18	41
	3304	20	39
	3305	18	40
	3306	19	40
	3307	19	38
	3308	20	40
	3309	18	38
	3310	18	38
	3311	19	42
	3312	19	40
	3313	19	42
	3314	17	40
	3315	17	40
	3316	21	40
	3317	21	44
	3318	19	38
	3319	21	43
	3320	19	40
	3321	20	41
	3322	23	40
	3323	21	38
	3324	22	38
	3325	19	39
	3326	20	40
	3327	23	40
	3328	18	40
	3329	19	38
	3330	17	39
	3331	18	41
	3332	18	42
	3333	18	39
	3334	18	40
	3335	19	41
	3336	19	41
	3337	20	44
	3338	20	39
	3339	20	40
	3340	17	40
	3341	21	42
	3342	19	41
	3343	19	41
	3344	18	42
	3345	22	42
	3346	17	41
	3347	23	41
	3348	19	39
	3349	21	41
	3350	17	40
	3351	19	43
	3352	21	42
	3353	19	43
	3354	19	39
	3355	22	41
	3356	21	38
	3357	22	41
	3358	20	40
	3359	20	40
	3360	21	42
	3361	24	40
	3362	19	38
	3363	22	43
	3364	20	40
	3365	20	40
	3366	24	42
	3367	21	41
	3368	18	39
	3369	20	41
	3370	20	37
	3371	22	40
	3372	18	41
	3373	18	41
	3374	22	39
	3375	20	43
	3376	19	42
	3377	19	41
	3378	20	38
	3379	21	41
	3380	21	44
	3381	20	40
	3382	21	41
	3383	20	38
	3384	18	37
	3385	19	39
	3386	21	41
	3387	19	42
	3388	18	39
	3389	17	41
	3390	17	41
	3391	20	40
	3392	18	40
	3393	18	41
	3394	19	40
	3395	20	41
	3396	20	41
	3397	19	39
	3398	17	40
	3399	19	38
	3400	20	43
	3401	19	41
	3402	19	40
	3403	19	41
	3404	19	40
	3405	22	42
	3406	23	40
	3407	20	39
	3408	17	42
	3409	19	43
	3410	22	37
	3411	20	42
	3412	21	39
	3413	21	41
	3414	20	39
	3415	23	41
	3416	19	39
	3417	21	40
	3418	19	38
	3419	18	38
	3420	20	37
	3421	18	41
	3422	23	42
	3423	19	44
	3424	16	39
	3425	22	41
	3426	18	40
	3427	21	44
	3428	20	40
	3429	20	44
	3430	21	40
	3431	22	37
	3432	20	40
	3433	19	41
	3434	18	41
	3435	22	43
	3436	18	39
	3437	19	42
	3438	20	41
	3439	21	44
	3440	18	40
	3441	20	40
	3442	16	40
	3443	20	40
	3444	17	40
	3445	20	39
	3446	21	38
	3447	21	39
	3448	21	38
	3449	21	41
	3450	21	42
	3451	20	42
	3452	21	43
	3453	19	39
	3454	17	41
	3455	21	40
	3456	18	38
	3457	18	38
	3458	17	41
	3459	20	40
	3460	20	41
	3461	19	40
	3462	20	41
	3463	20	40
	3464	20	37
	3465	20	42
	3466	19	42
	3467	20	45
	3468	19	41
	3469	21	41
	3470	19	41
	3471	22	41
	3472	18	47
	3473	21	40
	3474	18	40
	3475	22	40
	3476	18	38
	3477	22	41
	3478	18	45
	3479	20	41
	3480	20	40
	3481	22	43
	3482	18	40
	3483	19	40
	3484	19	38
	3485	18	42
	3486	17	41
	3487	23	42
	3488	18	40
	3489	21	42
	3490	21	43
	3491	21	41
	3492	19	39
	3493	21	41
	3494	20	39
	3495	19	40
	3496	19	38
	3497	19	41
	3498	19	42
	3499	20	42
	3500	19	39
	3501	23	41
	3502	20	39
	3503	20	39
	3504	21	39
	3505	23	40
	3506	20	39
	3507	24	43
	3508	18	39
	3509	21	41
	3510	21	40
	3511	19	38
	3512	24	41
	3513	19	40
	3514	19	41
	3515	21	42
	3516	19	40
	3517	19	41
	3518	20	39
	3519	21	39
	3520	20	39
	3521	20	41
	3522	16	42
	3523	20	40
	3524	19	43
	3525	21	40
	3526	21	40
	3527	19	43
	3528	17	40
	3529	19	41
	3530	19	44
	3531	17	42
	3532	17	39
	3533	22	38
	3534	17	39
	3535	19	41
	3536	18	40
	3537	20	41
	3538	19	41
	3539	20	41
	3540	19	43
	3541	19	40
	3542	19	40
	3543	20	39
	3544	19	39
	3545	18	39
	3546	19	41
	3547	18	39
	3548	20	39
	3549	21	43
	3550	25	42
	3551	19	39
	3552	16	38
	3553	18	41
	3554	21	42
	3555	21	43
	3556	17	41
	3557	20	40
	3558	21	41
	3559	20	40
	3560	20	40
	3561	20	41
	3562	20	39
	3563	19	37
	3564	20	39
	3565	21	39
	3566	19	37
	3567	21	41
	3568	19	41
	3569	19	42
	3570	20	41
	3571	18	40
	3572	21	40
	3573	19	42
	3574	17	38
	3575	21	41
	3576	20	38
	3577	21	39
	3578	19	41
	3579	20	43
	3580	19	41
	3581	22	41
	3582	21	40
	3583	25	38
	3584	19	41
	3585	20	43
	3586	20	37
	3587	18	38
	3588	19	38
	3589	19	42
	3590	17	42
	3591	20	40
	3592	19	42
	3593	21	43
	3594	20	40
	3595	19	41
	3596	19	44
	3597	22	42
	3598	16	39
	3599	22	41
	3600	19	39
	3601	21	40
	3602	17	42
	3603	21	40
	3604	19	40
	3605	20	38
	3606	18	40
	3607	20	42
	3608	18	40
	3609	20	42
	3610	19	44
	3611	20	43
	3612	19	40
	3613	17	41
	3614	20	42
	3615	22	38
	3616	17	42
	3617	20	40
	3618	19	42
	3619	20	41
	3620	19	40
	3621	21	41
	3622	19	39
	3623	20	42
	3624	20	39
	3625	20	38
	3626	20	40
	3627	21	44
	3628	20	40
	3629	21	41
	3630	20	39
	3631	20	40
	3632	17	36
	3633	23	41
	3634	17	39
	3635	22	42
	3636	19	39
	3637	22	40
	3638	21	38
	3639	21	41
	3640	19	40
	3641	19	41
	3642	18	38
	3643	20	43
	3644	20	38
	3645	21	42
	3646	20	40
	3647	20	39
	3648	18	41
	3649	22	43
	3650	19	42
	3651	21	42
	3652	20	39
	3653	20	41
	3654	19	43
	3655	20	40
	3656	18	43
	3657	21	43
	3658	20	38
	3659	18	40
	3660	21	38
	3661	17	41
	3662	21	42
	3663	19	41
	3664	20	42
	3665	21	41
	3666	20	40
	3667	21	41
	3668	19	39
	3669	18	42
	3670	22	40
	3671	20	40
	3672	22	39
	3673	19	40
	3674	18	37
	3675	19	41
	3676	18	41
	3677	18	40
	3678	19	41
	3679	20	41
	3680	19	40
	3681	20	40
	3682	20	40
	3683	22	41
	3684	21	39
	3685	23	44
	3686	20	40
	3687	22	41
	3688	22	41
	3689	21	42
	3690	18	39
	3691	19	39
	3692	22	40
	3693	20	42
	3694	20	41
	3695	21	40
	3696	18	40
	3697	20	41
	3698	18	40
	3699	22	43
	3700	22	38
	3701	23	40
	3702	16	43
	3703	20	39
	3704	20	41
	3705	21	41
	3706	19	39
	3707	19	41
	3708	19	41
	3709	21	42
	3710	18	40
	3711	19	43
	3712	21	40
	3713	22	41
	3714	18	40
	3715	20	39
	3716	20	41
	3717	20	40
	3718	18	39
	3719	18	40
	3720	19	41
	3721	20	39
	3722	20	39
	3723	23	41
