	0	16	37
	1	16	38
	2	19	39
	3	16	39
	4	16	39
	5	18	40
	6	17	39
	7	19	39
	8	17	40
	9	16	39
	10	15	40
	11	17	38
	12	19	38
	13	21	37
	14	17	39
	15	16	39
	16	17	37
	17	17	40
	18	18	38
	19	16	38
	20	17	38
	21	18	39
	22	16	39
	23	15	41
	24	17	38
	25	19	38
	26	19	41
	27	22	42
	28	19	42
	29	20	38
	30	21	40
	31	20	43
	32	23	39
	33	17	44
	34	21	40
	35	21	43
	36	19	39
	37	19	45
	38	20	42
	39	20	40
	40	18	39
	41	18	43
	42	19	42
	43	19	43
	44	21	43
	45	22	37
	46	18	40
	47	21	40
	48	21	39
	49	19	40
	50	20	40
	51	21	44
	52	20	40
	53	22	43
	54	19	40
	55	20	43
	56	20	40
	57	24	41
	58	23	41
	59	23	40
	60	22	40
	61	23	43
	62	22	41
	63	22	41
	64	18	44
	65	20	41
	66	22	41
	67	25	40
	68	20	44
	69	21	43
	70	21	43
	71	22	46
	72	19	41
	73	24	42
	74	18	41
	75	21	43
	76	22	42
	77	21	42
	78	23	43
	79	22	43
	80	23	43
	81	22	42
	82	22	41
	83	22	43
	84	21	41
	85	20	43
	86	24	43
	87	23	45
	88	18	41
	89	21	42
	90	20	41
	91	23	43
	92	20	41
	93	20	43
	94	22	42
	95	21	44
	96	19	51
	97	20	45
	98	21	40
	99	22	47
	100	23	45
	101	22	43
	102	22	43
	103	24	41
	104	23	41
	105	20	40
	106	23	43
	107	23	43
	108	23	41
	109	25	46
	110	19	37
	111	23	41
	112	24	43
	113	24	43
	114	21	41
	115	21	44
	116	20	38
	117	23	43
	118	21	44
	119	24	46
	120	22	40
	121	23	43
	122	21	42
	123	22	45
	124	23	42
	125	24	44
	126	21	41
	127	22	42
	128	22	41
	129	17	44
	130	20	43
	131	22	44
	132	21	43
	133	21	42
	134	23	44
	135	23	43
	136	29	44
	137	24	42
	138	21	47
	139	22	42
	140	21	41
	141	26	46
	142	24	43
	143	26	43
	144	21	41
	145	22	42
	146	25	44
	147	24	45
	148	20	45
	149	21	44
	150	23	44
	151	24	44
	152	21	44
	153	25	41
	154	23	43
	155	23	42
	156	21	42
	157	24	44
	158	21	45
	159	23	43
	160	22	46
	161	21	44
	162	22	48
	163	23	45
	164	25	42
	165	22	45
	166	24	42
	167	22	46
	168	22	45
	169	25	43
	170	25	45
	171	24	46
	172	25	45
	173	26	42
	174	24	45
	175	23	46
	176	24	43
	177	24	42
	178	24	46
	179	24	44
	180	21	43
	181	23	44
	182	23	45
	183	22	45
	184	23	43
	185	24	43
	186	22	43
	187	23	46
	188	23	42
	189	25	43
	190	25	44
	191	21	45
	192	20	46
	193	23	46
	194	19	43
	195	22	42
	196	21	41
	197	24	43
	198	20	43
	199	23	46
	200	20	45
	201	26	48
	202	23	42
	203	26	45
	204	24	44
	205	25	44
	206	22	44
	207	26	43
	208	22	43
	209	29	42
	210	22	47
	211	23	46
	212	22	44
	213	26	43
	214	21	44
	215	23	45
	216	25	42
	217	23	47
	218	21	47
	219	21	56
	220	22	46
	221	22	47
	222	21	43
	223	25	45
	224	22	43
	225	21	48
	226	23	46
	227	21	45
	228	21	46
	229	23	44
	230	24	45
	231	26	45
	232	21	44
	233	22	43
	234	24	43
	235	24	47
	236	19	46
	237	23	43
	238	20	45
	239	21	45
	240	21	44
	241	22	49
	242	23	44
	243	25	43
	244	22	45
	245	22	45
	246	20	46
	247	20	45
	248	22	45
	249	22	47
	250	22	43
	251	21	46
	252	18	46
	253	22	46
	254	21	45
	255	25	46
	256	18	44
	257	25	45
	258	23	44
	259	21	48
	260	21	45
	261	20	44
	262	21	46
	263	24	47
	264	21	41
	265	23	47
	266	21	44
	267	21	44
	268	22	44
	269	21	45
	270	21	40
	271	22	41
	272	20	42
	273	21	44
	274	21	41
	275	22	43
	276	22	45
	277	22	43
	278	22	42
	279	22	43
	280	20	44
	281	24	44
	282	21	42
	283	22	42
	284	22	46
	285	24	45
	286	18	45
	287	25	44
	288	20	43
	289	21	46
	290	25	44
	291	22	43
	292	25	44
	293	20	42
	294	21	43
	295	20	46
	296	22	44
	297	22	47
	298	30	44
	299	24	43
	300	20	43
	301	24	44
	302	22	42
	303	24	43
	304	24	43
	305	22	44
	306	22	41
	307	24	46
	308	23	42
	309	21	44
	310	23	44
	311	21	45
	312	22	47
	313	22	46
	314	23	42
	315	23	47
	316	25	43
	317	23	44
	318	24	46
	319	25	43
	320	22	47
	321	20	47
	322	21	44
	323	20	42
	324	26	42
	325	23	41
	326	21	42
	327	19	45
	328	20	44
	329	21	45
	330	22	45
	331	23	44
	332	22	43
	333	23	45
	334	22	41
	335	21	43
	336	20	41
	337	20	44
	338	21	44
	339	25	45
	340	21	43
	341	20	45
	342	21	44
	343	21	46
	344	22	43
	345	22	45
	346	23	44
	347	21	44
	348	22	44
	349	26	43
	350	21	42
	351	23	43
	352	23	40
	353	23	46
	354	20	41
	355	24	44
	356	22	44
	357	23	43
	358	22	44
	359	23	46
	360	21	44
	361	22	45
	362	22	44
	363	22	44
	364	20	42
	365	22	42
	366	20	40
	367	22	45
	368	21	46
	369	23	42
	370	21	46
	371	22	42
	372	22	43
	373	23	43
	374	22	45
	375	21	42
	376	22	44
	377	23	43
	378	21	44
	379	21	44
	380	19	44
	381	20	41
	382	22	43
	383	22	45
	384	22	45
	385	22	43
	386	21	41
	387	22	41
	388	21	43
	389	26	46
	390	22	44
	391	21	44
	392	23	42
	393	22	44
	394	23	45
	395	23	43
	396	21	41
	397	23	43
	398	24	43
	399	21	48
	400	20	41
	401	22	43
	402	23	43
	403	21	45
	404	22	43
	405	21	46
	406	20	41
	407	22	44
	408	22	45
	409	20	43
	410	20	44
	411	21	44
	412	21	43
	413	24	43
	414	23	43
	415	21	45
	416	22	42
	417	24	42
	418	24	45
	419	22	45
	420	24	43
	421	20	44
	422	22	44
	423	23	44
	424	21	48
	425	23	46
	426	21	44
	427	22	45
	428	21	41
	429	23	46
	430	22	46
	431	25	48
	432	22	44
	433	23	45
	434	23	45
	435	21	45
	436	23	44
	437	22	43
	438	22	42
	439	21	47
	440	24	45
	441	21	46
	442	23	44
	443	23	44
	444	23	40
	445	24	45
	446	20	44
	447	22	43
	448	22	42
	449	24	44
	450	22	45
	451	23	43
	452	31	43
	453	25	46
	454	24	44
	455	21	44
	456	22	45
	457	24	44
	458	20	45
	459	23	46
	460	21	46
	461	22	44
	462	20	44
	463	24	47
	464	24	44
	465	20	48
	466	23	46
	467	25	45
	468	24	48
	469	22	43
	470	25	42
	471	24	46
	472	23	44
	473	25	48
	474	24	46
	475	22	42
	476	22	44
	477	25	46
	478	23	45
	479	27	44
	480	24	44
	481	23	45
	482	21	45
	483	24	45
	484	23	47
	485	21	47
	486	21	44
	487	23	45
	488	26	47
	489	25	44
	490	25	46
	491	24	44
	492	22	41
	493	24	45
	494	21	44
	495	24	46
	496	23	44
	497	25	46
	498	22	44
	499	25	45
	500	22	43
	501	24	46
	502	23	48
	503	20	46
	504	25	44
	505	23	45
	506	26	45
	507	23	48
	508	21	45
	509	25	45
	510	23	45
	511	23	49
	512	25	45
	513	19	47
	514	24	45
	515	21	45
	516	23	46
	517	25	51
	518	25	45
	519	23	44
	520	23	46
	521	23	47
	522	24	45
	523	25	47
	524	22	46
	525	24	46
	526	26	47
	527	25	48
	528	23	45
	529	24	47
	530	25	45
	531	22	48
	532	23	46
	533	24	48
	534	23	45
	535	26	47
	536	24	48
	537	24	49
	538	26	46
	539	26	48
	540	25	46
	541	24	44
	542	23	43
	543	26	47
	544	23	48
	545	23	48
	546	24	45
	547	25	44
	548	25	45
	549	25	47
	550	25	47
	551	25	46
	552	22	47
	553	23	47
	554	24	45
	555	24	47
	556	23	47
	557	25	49
	558	23	48
	559	24	50
	560	22	49
	561	25	46
	562	26	46
	563	25	48
	564	24	47
	565	26	47
	566	26	49
	567	26	51
	568	26	44
	569	24	50
	570	24	48
	571	26	47
	572	27	45
	573	24	47
	574	27	46
	575	27	47
	576	26	49
	577	26	49
	578	26	46
	579	27	49
	580	24	48
	581	24	45
	582	26	47
	583	27	51
	584	25	47
	585	25	49
	586	25	47
	587	26	51
	588	27	48
	589	26	52
	590	22	47
	591	28	49
	592	25	49
	593	26	48
	594	27	50
	595	27	47
	596	25	46
	597	24	49
	598	26	48
	599	27	48
	600	26	44
	601	24	48
	602	28	48
	603	25	52
	604	23	47
	605	25	49
	606	25	47
	607	28	51
	608	26	51
	609	25	49
	610	27	48
	611	29	48
	612	26	51
	613	26	51
	614	28	49
	615	27	50
	616	28	51
	617	26	51
	618	28	49
	619	26	53
	620	28	49
	621	28	49
	622	29	51
	623	28	53
	624	27	48
	625	28	50
	626	24	50
	627	27	52
	628	28	52
	629	28	51
	630	28	51
	631	28	50
	632	27	48
	633	28	49
	634	29	49
	635	28	50
	636	27	53
	637	29	51
	638	27	52
	639	30	54
	640	25	51
	641	27	48
	642	30	49
	643	26	50
	644	28	52
	645	29	48
	646	23	51
	647	29	52
	648	26	52
	649	28	53
	650	27	51
	651	31	53
	652	27	51
	653	27	50
	654	25	53
	655	30	49
	656	26	53
	657	31	50
	658	28	52
	659	28	51
	660	28	50
	661	31	53
	662	24	50
	663	29	54
	664	28	52
	665	30	52
	666	30	55
	667	30	53
	668	28	54
	669	28	50
	670	27	52
	671	28	56
	672	29	55
	673	31	55
	674	28	57
	675	30	52
	676	29	53
	677	28	56
	678	29	53
	679	29	54
	680	28	50
	681	31	56
	682	32	53
	683	29	57
	684	31	54
	685	30	54
	686	28	55
	687	31	53
	688	31	56
	689	32	54
	690	30	52
	691	29	54
	692	29	53
	693	28	55
	694	30	54
	695	29	55
	696	30	54
	697	30	52
	698	29	54
	699	29	55
	700	30	53
	701	34	51
	702	31	54
	703	34	52
	704	27	57
	705	28	55
	706	30	57
	707	31	55
	708	38	52
	709	32	55
	710	32	55
	711	32	56
	712	28	56
	713	28	56
	714	30	56
	715	32	59
	716	29	55
	717	30	58
	718	30	55
	719	30	55
	720	31	57
	721	30	53
	722	33	54
	723	30	55
	724	29	55
	725	30	57
	726	32	56
	727	31	57
	728	31	55
	729	29	58
	730	30	57
	731	29	56
	732	29	53
	733	31	56
	734	27	55
	735	28	57
	736	30	57
	737	33	55
	738	30	57
	739	28	59
	740	27	58
	741	29	59
	742	31	55
	743	28	59
	744	28	59
	745	32	56
	746	28	59
	747	29	57
	748	33	55
	749	33	58
	750	29	56
	751	28	58
	752	31	58
	753	28	60
	754	29	54
	755	28	59
	756	32	54
	757	31	57
	758	30	60
	759	32	58
	760	28	55
	761	29	56
	762	31	58
	763	28	60
	764	30	58
	765	30	55
	766	30	55
	767	29	60
	768	31	53
	769	29	57
	770	30	58
	771	32	58
	772	31	54
	773	29	56
	774	27	55
	775	31	59
	776	37	57
	777	29	55
	778	29	58
	779	29	56
	780	28	56
	781	31	56
	782	29	55
	783	28	56
	784	27	54
	785	30	59
	786	28	57
	787	31	57
	788	29	52
	789	29	57
	790	28	56
	791	32	59
	792	27	57
	793	32	57
	794	30	56
	795	31	55
	796	33	56
	797	28	56
	798	27	55
	799	29	55
	800	31	55
	801	31	58
	802	28	55
	803	30	62
	804	27	54
	805	29	58
	806	26	55
	807	27	58
	808	28	59
	809	30	54
	810	29	54
	811	31	58
	812	28	56
	813	28	52
	814	24	55
	815	29	54
	816	27	55
	817	27	54
	818	28	51
	819	29	54
	820	29	54
	821	28	55
	822	28	52
	823	28	57
	824	26	55
	825	27	53
	826	27	53
	827	29	54
	828	28	54
	829	29	53
	830	27	53
	831	27	53
	832	29	53
	833	28	52
	834	28	53
	835	27	55
	836	27	55
	837	29	51
	838	28	53
	839	27	52
	840	25	51
	841	27	57
	842	29	53
	843	26	54
	844	27	51
	845	23	51
	846	27	52
	847	28	54
	848	27	53
	849	28	53
	850	24	54
	851	24	54
	852	26	51
	853	24	50
	854	26	53
	855	27	53
	856	26	54
	857	28	51
	858	23	49
	859	24	51
	860	27	51
	861	26	53
	862	24	50
	863	25	54
	864	22	52
	865	27	51
	866	29	52
	867	27	54
	868	25	51
	869	27	52
	870	24	54
	871	27	54
	872	24	52
	873	24	50
	874	26	52
	875	26	53
	876	27	52
	877	24	51
	878	25	51
	879	27	53
	880	26	49
	881	25	52
	882	25	51
	883	24	50
	884	25	50
	885	25	51
	886	23	48
	887	25	49
	888	27	51
	889	24	51
	890	26	53
	891	26	52
	892	22	50
	893	25	54
	894	27	49
	895	27	52
	896	24	54
	897	25	49
	898	24	50
	899	26	52
	900	25	51
	901	28	49
	902	26	49
	903	26	52
	904	25	52
	905	25	49
	906	26	48
	907	22	49
	908	25	50
	909	26	47
	910	23	50
	911	26	49
	912	24	49
	913	22	49
	914	25	49
	915	25	51
	916	22	49
	917	25	49
	918	25	48
	919	26	52
	920	24	45
	921	23	47
	922	23	48
	923	23	48
	924	23	48
	925	24	51
	926	26	50
	927	26	51
	928	23	51
	929	25	49
	930	23	50
	931	25	51
	932	23	48
	933	25	50
	934	24	45
	935	24	46
	936	26	46
	937	25	48
	938	24	46
	939	25	48
	940	25	49
	941	24	51
	942	27	48
	943	24	46
	944	25	47
	945	26	51
	946	23	48
	947	26	49
	948	22	46
	949	26	48
	950	20	55
	951	25	49
	952	24	47
	953	24	47
	954	24	45
	955	24	45
	956	25	47
	957	23	49
	958	23	44
	959	26	50
	960	20	46
	961	26	47
	962	24	50
	963	22	47
	964	23	45
	965	22	47
	966	22	46
	967	24	45
	968	23	47
	969	21	48
	970	23	49
	971	21	47
	972	23	46
	973	24	47
	974	24	47
	975	23	47
	976	23	51
	977	22	45
	978	23	47
	979	22	47
	980	22	47
	981	22	45
	982	21	44
	983	27	47
	984	24	46
	985	22	48
	986	22	45
	987	25	49
	988	22	46
	989	22	47
	990	26	45
	991	24	47
	992	23	46
	993	21	47
	994	20	45
	995	24	46
	996	20	49
	997	25	45
	998	24	43
	999	24	44
	1000	25	43
	1001	22	43
	1002	25	46
	1003	23	44
	1004	23	42
	1005	22	46
	1006	22	41
	1007	22	47
	1008	22	44
	1009	23	45
	1010	21	45
	1011	24	45
	1012	21	45
	1013	23	44
	1014	23	47
	1015	23	44
	1016	22	44
	1017	21	44
	1018	23	44
	1019	23	45
	1020	22	43
	1021	21	48
	1022	20	45
	1023	23	45
	1024	23	45
	1025	22	46
	1026	19	45
	1027	24	45
	1028	23	43
	1029	24	44
	1030	21	43
	1031	24	46
	1032	18	45
	1033	25	46
	1034	23	42
	1035	23	44
	1036	21	41
	1037	23	46
	1038	20	45
	1039	24	45
	1040	23	45
	1041	22	43
	1042	23	39
	1043	22	43
	1044	19	49
	1045	22	46
	1046	21	44
	1047	20	43
	1048	24	47
	1049	25	46
	1050	24	46
	1051	24	44
	1052	25	41
	1053	22	44
	1054	22	49
	1055	23	49
	1056	21	43
	1057	23	42
	1058	24	44
	1059	23	49
	1060	21	43
	1061	23	43
	1062	22	40
	1063	25	44
	1064	21	42
	1065	21	45
	1066	24	44
	1067	21	44
	1068	23	48
	1069	22	45
	1070	21	44
	1071	21	45
	1072	19	44
	1073	20	43
	1074	20	40
	1075	23	42
	1076	20	45
	1077	30	44
	1078	20	43
	1079	22	42
	1080	22	43
	1081	21	41
	1082	20	43
	1083	23	46
	1084	21	42
	1085	22	46
	1086	21	46
	1087	21	45
	1088	23	43
	1089	22	43
	1090	21	42
	1091	23	44
	1092	21	42
	1093	24	45
	1094	22	45
	1095	21	42
	1096	21	47
	1097	21	46
	1098	20	44
	1099	23	43
	1100	20	45
	1101	22	43
	1102	19	43
	1103	23	43
	1104	19	44
	1105	21	43
	1106	24	42
	1107	25	46
	1108	22	47
	1109	23	45
	1110	22	45
	1111	20	45
	1112	21	43
	1113	22	45
	1114	21	42
	1115	22	41
	1116	23	39
	1117	21	45
	1118	21	42
	1119	22	43
	1120	21	46
	1121	24	44
	1122	20	41
	1123	23	42
	1124	21	43
	1125	23	43
	1126	23	46
	1127	24	42
	1128	21	43
	1129	19	45
	1130	24	44
	1131	20	47
	1132	21	42
	1133	24	43
	1134	23	44
	1135	22	44
	1136	22	47
	1137	23	46
	1138	21	41
	1139	24	44
	1140	27	43
	1141	23	44
	1142	19	44
	1143	25	43
	1144	22	46
	1145	24	42
	1146	22	45
	1147	23	43
	1148	21	41
	1149	21	43
	1150	22	42
	1151	18	44
	1152	20	43
	1153	19	44
	1154	22	41
	1155	23	40
	1156	21	43
	1157	22	43
	1158	20	45
	1159	23	41
	1160	20	45
	1161	23	43
	1162	21	44
	1163	22	47
	1164	22	43
	1165	22	41
	1166	23	39
	1167	22	43
	1168	21	43
	1169	18	43
	1170	23	42
	1171	22	42
	1172	23	44
	1173	24	45
	1174	21	44
	1175	23	47
	1176	20	42
	1177	21	42
	1178	22	44
	1179	24	43
	1180	20	48
	1181	22	43
	1182	23	43
	1183	22	44
	1184	20	42
	1185	21	42
	1186	21	43
	1187	22	43
	1188	19	44
	1189	23	43
	1190	19	42
	1191	22	44
	1192	22	43
	1193	21	46
	1194	22	44
	1195	22	43
	1196	23	44
	1197	23	47
	1198	24	41
	1199	21	43
	1200	24	42
	1201	23	44
	1202	23	44
	1203	23	45
	1204	22	41
	1205	22	46
	1206	22	43
	1207	26	46
	1208	19	41
	1209	23	45
	1210	19	45
	1211	23	44
	1212	22	44
	1213	24	40
	1214	22	44
	1215	22	40
	1216	19	42
	1217	22	43
	1218	21	42
	1219	22	40
	1220	21	43
	1221	22	45
	1222	21	45
	1223	23	48
	1224	20	39
	1225	25	44
	1226	19	44
	1227	22	44
	1228	23	43
	1229	21	43
	1230	23	42
	1231	23	43
	1232	21	43
	1233	23	41
	1234	23	42
	1235	23	43
	1236	23	41
	1237	22	45
	1238	20	46
	1239	22	45
	1240	21	42
	1241	21	44
	1242	19	43
	1243	19	44
	1244	23	41
	1245	20	41
	1246	21	41
	1247	24	45
	1248	21	41
	1249	20	43
	1250	21	39
	1251	21	43
	1252	24	44
	1253	25	42
	1254	18	43
	1255	22	42
	1256	22	44
	1257	23	44
	1258	21	42
	1259	20	41
	1260	22	42
	1261	21	44
	1262	22	43
	1263	21	46
	1264	22	43
	1265	21	43
	1266	29	45
	1267	29	42
	1268	20	43
	1269	23	45
	1270	21	43
	1271	21	43
	1272	22	45
	1273	25	46
	1274	22	44
	1275	22	49
	1276	19	44
	1277	24	42
	1278	22	41
	1279	21	45
	1280	21	43
	1281	22	45
	1282	22	45
	1283	21	44
	1284	20	44
	1285	22	45
	1286	23	44
	1287	25	44
	1288	17	40
	1289	20	39
	1290	20	43
	1291	24	46
	1292	20	43
	1293	24	45
	1294	19	42
	1295	23	45
	1296	23	45
	1297	21	44
	1298	23	43
	1299	21	43
	1300	21	43
	1301	21	44
	1302	22	41
	1303	21	46
	1304	20	41
	1305	23	43
	1306	20	44
	1307	24	44
	1308	22	41
	1309	23	44
	1310	21	43
	1311	21	44
	1312	25	41
	1313	21	45
	1314	22	42
	1315	20	43
	1316	23	44
	1317	20	44
	1318	19	45
	1319	25	43
	1320	21	45
	1321	21	43
	1322	20	45
	1323	22	43
	1324	22	42
	1325	22	44
	1326	22	44
	1327	24	44
	1328	22	44
	1329	21	43
	1330	24	45
	1331	25	43
	1332	21	43
	1333	22	41
	1334	19	44
	1335	22	45
	1336	20	44
	1337	22	41
	1338	18	38
	1339	20	44
	1340	20	43
	1341	23	45
	1342	22	47
	1343	25	43
	1344	20	41
	1345	22	40
	1346	23	44
	1347	21	45
	1348	21	42
	1349	20	46
	1350	21	43
	1351	22	45
	1352	19	43
	1353	23	42
	1354	20	43
	1355	24	46
	1356	19	46
	1357	22	45
	1358	19	43
	1359	23	41
	1360	23	41
	1361	21	43
	1362	21	42
	1363	23	43
	1364	21	43
	1365	23	43
	1366	21	43
	1367	20	44
	1368	21	41
	1369	20	40
	1370	23	45
	1371	24	41
	1372	27	43
	1373	20	43
	1374	21	44
	1375	21	42
	1376	19	43
	1377	22	44
	1378	21	41
	1379	24	46
	1380	20	43
	1381	29	45
	1382	21	43
	1383	22	43
	1384	19	44
	1385	22	41
	1386	21	40
	1387	19	43
	1388	18	41
	1389	19	44
	1390	20	41
	1391	20	43
	1392	21	44
	1393	22	46
	1394	17	44
	1395	22	44
	1396	21	44
	1397	21	43
	1398	21	43
	1399	21	44
	1400	21	42
	1401	21	42
	1402	21	40
	1403	23	42
	1404	22	44
	1405	22	43
	1406	19	42
	1407	19	43
	1408	21	38
	1409	19	44
	1410	24	41
	1411	24	41
	1412	22	41
	1413	20	44
	1414	20	42
	1415	23	43
	1416	22	42
	1417	23	40
	1418	22	42
	1419	25	42
	1420	18	41
	1421	21	45
	1422	21	43
	1423	23	42
	1424	22	44
	1425	21	46
	1426	19	45
	1427	21	45
	1428	20	41
	1429	22	42
	1430	20	41
	1431	23	45
	1432	20	38
	1433	21	45
	1434	20	45
	1435	22	42
	1436	21	44
	1437	24	39
	1438	21	42
	1439	21	42
	1440	20	41
	1441	20	45
	1442	23	42
	1443	20	41
	1444	24	42
	1445	22	43
	1446	19	41
	1447	24	44
	1448	20	41
	1449	23	45
	1450	20	42
	1451	21	41
	1452	18	44
	1453	22	44
	1454	19	45
	1455	24	44
	1456	19	43
	1457	20	43
	1458	23	40
	1459	20	44
	1460	23	43
	1461	17	41
	1462	21	43
	1463	25	44
	1464	23	44
	1465	23	42
	1466	23	41
	1467	20	40
	1468	17	45
	1469	22	45
	1470	22	43
	1471	23	45
	1472	22	40
	1473	20	42
	1474	20	41
	1475	21	43
	1476	19	44
	1477	18	41
	1478	22	38
	1479	20	45
	1480	21	40
	1481	22	42
	1482	21	41
	1483	22	43
	1484	20	43
	1485	22	47
	1486	21	41
	1487	21	44
	1488	20	42
	1489	22	40
	1490	20	42
	1491	23	44
	1492	23	42
	1493	22	41
	1494	21	42
	1495	22	46
	1496	21	41
	1497	23	45
	1498	18	43
	1499	22	44
	1500	18	41
	1501	20	46
	1502	18	44
	1503	22	44
	1504	23	43
	1505	22	42
	1506	21	40
	1507	22	44
	1508	20	41
	1509	22	42
	1510	19	42
	1511	22	42
	1512	19	44
	1513	19	43
	1514	18	41
	1515	20	41
	1516	21	42
	1517	21	40
	1518	21	43
	1519	18	44
	1520	24	43
	1521	23	44
	1522	22	39
	1523	23	43
	1524	19	43
	1525	21	43
	1526	22	42
	1527	20	44
	1528	22	44
	1529	18	42
	1530	22	43
	1531	32	44
	1532	20	42
	1533	19	45
	1534	20	43
	1535	22	44
	1536	21	39
	1537	21	41
	1538	18	41
	1539	19	43
	1540	20	45
	1541	20	46
	1542	19	42
	1543	20	45
	1544	21	43
	1545	20	43
	1546	20	43
	1547	21	45
	1548	20	46
	1549	21	41
	1550	20	43
	1551	21	43
	1552	19	43
	1553	21	42
	1554	20	41
	1555	21	44
	1556	19	43
	1557	22	41
	1558	21	44
	1559	25	43
	1560	20	44
	1561	23	43
	1562	21	43
	1563	25	46
	1564	23	42
	1565	25	43
	1566	21	42
	1567	21	43
	1568	22	46
	1569	25	44
	1570	21	42
	1571	23	52
	1572	24	43
	1573	22	42
	1574	22	44
	1575	22	47
	1576	21	45
	1577	22	45
	1578	24	44
	1579	23	43
	1580	20	44
	1581	23	43
	1582	21	45
	1583	21	46
	1584	25	43
	1585	24	44
	1586	22	45
	1587	22	45
	1588	21	46
	1589	21	47
	1590	24	43
	1591	23	46
	1592	21	42
	1593	23	44
	1594	19	44
	1595	25	49
	1596	22	46
	1597	27	46
	1598	25	44
	1599	25	46
	1600	21	46
	1601	21	40
	1602	20	46
	1603	25	44
	1604	25	44
	1605	25	45
	1606	20	44
	1607	22	45
	1608	21	45
	1609	24	50
	1610	21	46
	1611	20	47
	1612	22	44
	1613	21	47
	1614	22	43
	1615	24	46
	1616	23	44
	1617	22	43
	1618	20	44
	1619	21	46
	1620	22	44
	1621	22	45
	1622	23	44
	1623	20	43
	1624	24	45
	1625	21	47
	1626	20	46
	1627	22	45
	1628	21	45
	1629	22	46
	1630	21	43
	1631	24	46
	1632	21	43
	1633	21	44
	1634	20	46
	1635	24	45
	1636	21	43
	1637	22	47
	1638	24	45
	1639	21	46
	1640	22	46
	1641	22	44
	1642	20	46
	1643	23	45
	1644	20	46
	1645	23	44
	1646	26	44
	1647	22	43
	1648	20	43
	1649	22	47
	1650	20	42
	1651	22	43
	1652	21	45
	1653	20	50
	1654	23	47
	1655	24	45
	1656	21	44
	1657	21	48
	1658	23	48
	1659	23	45
	1660	23	46
	1661	22	47
	1662	20	44
	1663	24	46
	1664	21	42
	1665	22	44
	1666	21	44
	1667	23	45
	1668	21	46
	1669	23	45
	1670	23	45
	1671	23	42
	1672	23	44
	1673	23	44
	1674	22	44
	1675	22	44
	1676	22	46
	1677	24	43
	1678	21	44
	1679	23	45
	1680	22	43
	1681	22	46
	1682	20	46
	1683	22	45
	1684	23	41
	1685	22	43
	1686	20	44
	1687	22	43
	1688	19	48
	1689	23	44
	1690	20	42
	1691	22	45
	1692	20	44
	1693	21	48
	1694	21	46
	1695	20	45
	1696	21	44
	1697	23	47
	1698	19	40
	1699	22	44
	1700	19	42
	1701	20	45
	1702	19	44
	1703	20	43
	1704	19	42
	1705	24	42
	1706	19	40
	1707	20	43
	1708	21	43
	1709	22	44
	1710	19	43
	1711	22	43
	1712	19	42
	1713	22	38
	1714	22	40
	1715	24	44
	1716	23	44
	1717	23	41
	1718	23	44
	1719	18	42
	1720	21	42
	1721	24	41
	1722	22	42
	1723	21	40
	1724	18	41
	1725	23	41
	1726	23	42
	1727	23	43
	1728	21	42
	1729	22	44
	1730	23	39
	1731	19	40
	1732	19	43
	1733	22	42
	1734	22	41
	1735	18	40
	1736	19	40
	1737	20	45
	1738	19	42
	1739	20	43
	1740	19	37
	1741	18	39
	1742	19	40
	1743	23	43
	1744	19	38
	1745	21	41
	1746	19	40
	1747	20	41
	1748	22	42
	1749	22	40
	1750	22	41
	1751	21	40
	1752	19	41
	1753	20	42
	1754	23	41
	1755	21	45
	1756	20	40
	1757	21	42
	1758	19	38
	1759	20	42
	1760	20	42
	1761	20	42
	1762	22	44
	1763	20	44
	1764	20	43
	1765	20	43
	1766	19	42
	1767	20	44
	1768	21	39
	1769	21	44
	1770	20	39
	1771	19	41
	1772	19	41
	1773	22	43
	1774	21	41
	1775	20	41
	1776	18	39
	1777	22	44
	1778	22	43
	1779	22	41
	1780	20	42
	1781	20	42
	1782	22	41
	1783	20	42
	1784	23	41
	1785	20	40
	1786	22	43
	1787	20	43
	1788	21	41
	1789	23	41
	1790	20	40
	1791	22	42
	1792	16	44
	1793	20	42
	1794	19	41
	1795	20	43
	1796	20	41
	1797	19	41
	1798	20	44
	1799	21	40
	1800	20	41
	1801	22	40
	1802	21	43
	1803	21	42
	1804	19	42
	1805	19	37
	1806	18	39
	1807	20	44
	1808	19	42
	1809	21	44
	1810	22	41
	1811	21	40
	1812	19	43
	1813	20	41
	1814	21	42
	1815	18	46
	1816	17	41
	1817	19	42
	1818	20	41
	1819	21	38
	1820	19	42
	1821	21	44
	1822	20	41
	1823	21	40
	1824	19	44
	1825	19	41
	1826	19	43
	1827	19	42
	1828	18	41
	1829	20	45
	1830	18	40
	1831	21	41
	1832	20	38
	1833	18	40
	1834	19	39
	1835	21	40
	1836	18	42
	1837	21	41
	1838	17	43
	1839	19	37
	1840	19	39
	1841	21	43
	1842	22	43
	1843	17	40
	1844	19	41
	1845	18	42
	1846	21	42
	1847	19	41
	1848	23	41
	1849	19	42
	1850	17	42
	1851	17	41
	1852	18	43
	1853	20	43
	1854	19	40
	1855	21	43
	1856	21	41
	1857	25	44
	1858	20	44
	1859	24	41
	1860	18	41
	1861	21	39
	1862	23	40
	1863	20	42
	1864	22	40
	1865	16	41
	1866	19	39
	1867	20	40
	1868	20	40
	1869	19	39
	1870	20	40
	1871	20	41
	1872	19	42
	1873	19	41
	1874	18	40
	1875	20	40
	1876	22	41
	1877	21	42
	1878	19	39
	1879	20	41
	1880	22	41
	1881	21	39
	1882	20	42
	1883	20	41
	1884	19	40
	1885	21	43
	1886	21	39
	1887	20	43
	1888	19	39
	1889	20	42
	1890	19	43
	1891	19	41
	1892	20	43
	1893	21	42
	1894	18	42
	1895	22	42
	1896	20	40
	1897	19	39
	1898	21	40
	1899	22	41
	1900	20	39
	1901	22	44
	1902	19	40
	1903	21	40
	1904	18	40
	1905	20	42
	1906	17	40
	1907	29	43
	1908	20	39
	1909	21	42
	1910	21	38
	1911	21	42
	1912	19	43
	1913	20	42
	1914	17	43
	1915	20	42
	1916	19	42
	1917	19	40
	1918	21	41
	1919	20	39
	1920	19	42
	1921	21	49
	1922	21	43
	1923	20	42
	1924	19	38
	1925	19	39
	1926	20	40
	1927	18	40
	1928	20	39
	1929	20	40
	1930	19	40
	1931	19	40
	1932	18	41
	1933	19	41
	1934	19	40
	1935	22	42
	1936	19	43
	1937	21	41
	1938	18	42
	1939	18	41
	1940	18	38
	1941	21	44
	1942	20	40
	1943	18	41
	1944	18	39
	1945	19	41
	1946	20	38
	1947	19	41
	1948	19	40
	1949	17	41
	1950	20	45
	1951	21	40
	1952	20	39
	1953	20	40
	1954	23	42
	1955	21	41
	1956	20	41
	1957	21	42
	1958	17	36
	1959	19	39
	1960	22	38
	1961	21	38
	1962	18	39
	1963	22	39
	1964	17	41
	1965	20	40
	1966	21	42
	1967	20	44
	1968	20	39
	1969	20	42
	1970	22	43
	1971	19	40
	1972	19	40
	1973	19	41
	1974	21	41
	1975	20	41
	1976	19	40
	1977	20	41
	1978	19	41
	1979	17	41
	1980	19	41
	1981	23	43
	1982	18	41
	1983	20	42
	1984	20	44
	1985	19	42
	1986	21	40
	1987	22	41
	1988	17	39
	1989	18	40
	1990	20	41
	1991	19	40
	1992	19	39
	1993	18	43
	1994	19	36
	1995	19	40
	1996	18	40
	1997	21	42
	1998	19	40
	1999	21	40
	2000	18	38
	2001	19	42
	2002	19	41
	2003	21	39
	2004	19	43
	2005	20	43
	2006	16	42
	2007	17	43
	2008	20	44
	2009	19	39
	2010	19	38
	2011	20	41
	2012	19	43
	2013	19	42
	2014	18	42
	2015	19	42
	2016	20	41
	2017	20	40
	2018	17	40
	2019	18	39
	2020	19	40
	2021	23	39
	2022	21	40
	2023	21	36
	2024	20	42
	2025	18	40
	2026	18	42
	2027	19	41
	2028	19	39
	2029	20	41
	2030	18	40
	2031	19	40
	2032	18	40
	2033	19	40
	2034	20	41
	2035	19	43
	2036	18	43
	2037	20	40
	2038	18	42
	2039	20	43
	2040	23	42
	2041	19	43
	2042	20	40
	2043	19	41
	2044	20	40
	2045	20	40
	2046	17	43
	2047	20	42
	2048	18	41
	2049	21	44
	2050	17	41
	2051	20	41
	2052	17	42
	2053	19	42
	2054	20	41
	2055	20	43
	2056	21	41
	2057	17	40
	2058	19	39
	2059	18	40
	2060	20	39
	2061	20	40
	2062	18	42
	2063	19	41
	2064	16	41
	2065	19	40
	2066	19	41
	2067	20	40
	2068	20	39
	2069	18	43
	2070	19	41
	2071	19	44
	2072	22	41
	2073	19	41
	2074	18	41
	2075	20	42
	2076	21	40
	2077	19	40
	2078	22	41
	2079	20	41
	2080	17	39
	2081	22	40
	2082	18	39
	2083	20	41
	2084	17	40
	2085	19	41
	2086	18	38
	2087	19	39
	2088	18	41
	2089	20	42
	2090	19	41
	2091	20	39
	2092	19	37
	2093	20	40
	2094	22	40
	2095	21	39
	2096	17	41
	2097	18	39
	2098	20	40
	2099	19	38
	2100	16	40
	2101	19	39
	2102	21	39
	2103	20	41
	2104	19	39
	2105	21	43
	2106	22	39
	2107	17	41
	2108	16	39
	2109	20	41
	2110	19	38
	2111	20	40
	2112	18	37
	2113	19	39
	2114	18	40
	2115	21	38
	2116	18	43
	2117	23	41
	2118	19	39
	2119	19	42
	2120	21	40
	2121	21	38
	2122	18	41
	2123	18	41
	2124	20	40
	2125	19	41
	2126	18	39
	2127	19	38
	2128	21	39
	2129	22	41
	2130	19	41
	2131	20	40
	2132	19	43
	2133	20	43
	2134	20	42
	2135	19	41
	2136	16	39
	2137	18	41
	2138	16	41
	2139	18	40
	2140	19	43
	2141	21	42
	2142	14	41
	2143	19	43
	2144	18	40
	2145	21	39
	2146	19	44
	2147	18	41
	2148	21	41
	2149	19	41
	2150	18	39
	2151	18	40
	2152	18	41
	2153	20	40
	2154	23	41
	2155	18	39
	2156	20	39
	2157	18	41
	2158	20	37
	2159	20	41
	2160	18	40
	2161	18	39
	2162	19	39
	2163	21	44
	2164	18	40
	2165	21	43
	2166	21	39
	2167	19	41
	2168	18	41
	2169	19	41
	2170	18	60
	2171	21	39
	2172	20	40
	2173	19	40
	2174	20	39
	2175	19	42
	2176	16	41
	2177	20	41
	2178	17	38
	2179	19	40
	2180	17	41
	2181	19	41
	2182	21	41
	2183	20	42
	2184	18	37
	2185	20	38
	2186	17	41
	2187	19	40
	2188	18	42
	2189	19	42
	2190	17	38
	2191	19	43
	2192	19	43
	2193	20	39
	2194	19	43
	2195	19	41
	2196	17	40
	2197	17	39
	2198	17	38
	2199	18	40
	2200	20	39
	2201	19	40
	2202	21	43
	2203	17	39
	2204	19	37
	2205	21	41
	2206	18	38
	2207	21	38
	2208	17	40
	2209	20	41
	2210	17	42
	2211	20	40
	2212	17	38
	2213	22	40
	2214	17	38
	2215	19	41
	2216	17	41
	2217	17	40
	2218	19	39
	2219	19	38
	2220	19	37
	2221	19	38
	2222	19	40
	2223	20	42
	2224	19	41
	2225	20	41
	2226	18	39
	2227	22	41
	2228	19	41
	2229	21	41
	2230	18	41
	2231	19	42
	2232	18	35
	2233	21	41
	2234	22	39
	2235	20	40
	2236	17	39
	2237	19	39
	2238	19	39
	2239	19	41
	2240	19	41
	2241	22	40
	2242	18	38
	2243	21	42
	2244	20	39
	2245	19	42
	2246	21	40
	2247	20	39
	2248	19	41
	2249	21	42
	2250	17	39
	2251	18	41
	2252	18	38
	2253	21	41
	2254	17	39
	2255	18	41
	2256	19	40
	2257	18	39
	2258	19	39
	2259	19	40
	2260	17	41
	2261	21	37
	2262	19	41
	2263	20	39
	2264	19	39
	2265	18	41
	2266	19	39
	2267	19	42
	2268	20	40
	2269	15	40
	2270	17	39
	2271	19	40
	2272	16	40
	2273	19	39
	2274	20	38
	2275	21	40
	2276	15	39
	2277	19	38
	2278	20	39
	2279	18	39
	2280	20	39
	2281	19	39
	2282	18	39
	2283	20	41
	2284	20	41
	2285	21	37
	2286	20	40
	2287	20	39
	2288	20	38
	2289	20	43
	2290	18	38
	2291	20	40
	2292	19	40
	2293	19	41
	2294	21	42
	2295	20	42
	2296	16	38
	2297	21	39
	2298	16	43
	2299	20	37
	2300	23	39
	2301	18	40
	2302	19	40
	2303	17	41
	2304	17	39
	2305	17	42
	2306	19	39
	2307	21	41
	2308	19	40
	2309	22	42
	2310	19	40
	2311	20	38
	2312	20	39
	2313	21	39
	2314	22	37
	2315	18	43
	2316	16	38
	2317	19	40
	2318	20	39
	2319	19	41
	2320	19	41
	2321	18	42
	2322	19	38
	2323	18	43
	2324	17	39
	2325	21	41
	2326	19	37
	2327	19	41
	2328	19	41
	2329	24	40
	2330	18	41
	2331	20	39
	2332	18	39
	2333	22	40
	2334	18	40
	2335	23	41
	2336	19	40
	2337	19	41
	2338	19	39
	2339	21	42
	2340	20	37
	2341	18	40
	2342	18	39
	2343	19	43
	2344	19	39
	2345	18	40
	2346	21	39
	2347	18	41
	2348	18	41
	2349	18	41
	2350	17	40
	2351	17	41
	2352	18	42
	2353	20	39
	2354	19	39
	2355	20	39
	2356	17	39
	2357	20	40
	2358	19	42
	2359	19	41
	2360	19	38
	2361	18	37
	2362	19	41
	2363	20	41
	2364	20	36
	2365	19	39
	2366	20	40
	2367	19	41
	2368	20	36
	2369	18	38
	2370	20	38
	2371	18	41
	2372	17	43
	2373	20	40
	2374	18	41
	2375	21	40
	2376	18	38
	2377	18	41
	2378	20	41
	2379	22	39
	2380	17	40
	2381	20	41
	2382	19	39
	2383	20	42
	2384	17	38
	2385	20	41
	2386	17	39
	2387	23	39
	2388	18	40
	2389	21	40
	2390	18	39
	2391	20	39
	2392	21	41
	2393	22	38
	2394	19	40
	2395	19	39
	2396	20	37
	2397	19	45
	2398	20	39
	2399	21	41
	2400	18	44
	2401	19	40
	2402	15	37
	2403	27	39
	2404	19	39
	2405	20	39
	2406	19	41
	2407	20	40
	2408	20	40
	2409	19	39
	2410	19	41
	2411	18	43
	2412	19	41
	2413	21	45
	2414	19	41
	2415	21	40
	2416	18	41
	2417	20	44
	2418	19	40
	2419	22	40
	2420	19	37
	2421	18	43
	2422	17	38
	2423	18	41
	2424	19	40
	2425	20	41
	2426	17	40
	2427	20	43
	2428	19	38
	2429	18	41
	2430	17	38
	2431	21	41
	2432	19	42
	2433	20	42
	2434	19	39
	2435	20	41
	2436	19	39
	2437	22	43
	2438	19	40
	2439	19	41
	2440	18	40
	2441	21	41
	2442	17	40
	2443	21	41
	2444	18	43
	2445	21	39
	2446	21	39
	2447	17	40
	2448	20	39
	2449	16	41
	2450	18	40
	2451	19	41
	2452	20	37
	2453	20	42
	2454	19	36
	2455	19	40
	2456	18	39
	2457	19	42
	2458	21	40
	2459	20	38
	2460	19	39
	2461	18	41
	2462	21	40
	2463	19	40
	2464	18	46
	2465	18	40
	2466	19	35
	2467	21	41
	2468	21	39
	2469	19	41
	2470	16	41
	2471	19	39
	2472	19	41
	2473	19	43
	2474	20	38
	2475	20	42
	2476	18	40
	2477	21	40
	2478	19	41
	2479	19	39
	2480	20	40
	2481	21	41
	2482	20	41
	2483	19	38
	2484	17	38
	2485	22	39
	2486	18	41
	2487	21	40
	2488	16	40
	2489	19	39
	2490	18	39
	2491	20	39
	2492	19	42
	2493	20	39
	2494	18	38
	2495	17	39
	2496	19	40
	2497	19	39
	2498	18	39
	2499	17	41
	2500	18	39
	2501	19	42
	2502	20	39
	2503	20	40
	2504	19	39
	2505	22	39
	2506	18	40
	2507	18	44
	2508	21	40
	2509	20	41
	2510	18	37
	2511	20	38
	2512	20	38
	2513	20	40
	2514	18	41
	2515	19	39
	2516	22	40
	2517	19	37
	2518	22	40
	2519	22	41
	2520	18	40
	2521	21	39
	2522	17	39
	2523	16	41
	2524	18	39
	2525	19	38
	2526	21	38
	2527	19	44
	2528	17	40
	2529	17	40
	2530	19	41
	2531	21	39
	2532	19	38
	2533	19	41
	2534	19	41
	2535	20	41
	2536	18	43
	2537	19	39
	2538	18	38
	2539	18	39
	2540	19	39
	2541	18	42
	2542	17	40
	2543	19	39
	2544	20	40
	2545	19	39
	2546	18	43
	2547	24	41
	2548	19	38
	2549	21	39
	2550	17	40
	2551	18	42
	2552	20	39
	2553	19	42
	2554	19	38
	2555	19	39
	2556	20	40
	2557	19	38
	2558	21	38
	2559	20	40
	2560	18	38
	2561	17	43
	2562	19	41
	2563	20	38
	2564	19	39
	2565	18	38
	2566	19	39
	2567	21	47
	2568	17	41
	2569	21	41
	2570	19	39
	2571	19	38
	2572	21	40
	2573	21	39
	2574	18	40
	2575	19	39
	2576	20	38
	2577	20	42
	2578	17	38
	2579	18	42
	2580	18	40
	2581	20	39
	2582	17	41
	2583	21	41
	2584	19	39
	2585	20	38
	2586	18	40
	2587	21	39
	2588	17	40
	2589	20	39
	2590	20	40
	2591	21	40
	2592	19	39
	2593	20	38
	2594	18	39
	2595	20	38
	2596	19	38
	2597	21	40
	2598	18	37
	2599	20	43
	2600	17	39
	2601	18	37
	2602	15	39
	2603	21	37
	2604	20	38
	2605	21	42
	2606	21	41
	2607	19	39
	2608	17	38
	2609	18	38
	2610	17	38
	2611	21	41
	2612	19	39
	2613	18	43
	2614	20	40
	2615	22	40
	2616	18	41
	2617	21	41
	2618	19	36
	2619	18	39
	2620	18	40
	2621	21	40
	2622	21	40
	2623	19	40
	2624	18	38
	2625	20	40
	2626	27	37
	2627	21	42
	2628	17	40
	2629	21	39
	2630	21	38
	2631	20	38
	2632	18	39
	2633	19	43
	2634	19	39
	2635	21	39
	2636	19	39
	2637	20	41
	2638	16	36
	2639	20	38
	2640	20	37
	2641	21	39
	2642	20	41
	2643	19	40
	2644	18	39
	2645	23	39
	2646	19	41
	2647	18	39
	2648	17	39
	2649	18	38
	2650	19	40
	2651	21	39
	2652	20	39
	2653	17	40
	2654	18	38
	2655	17	40
	2656	19	42
	2657	20	41
	2658	18	41
	2659	17	40
	2660	20	39
	2661	19	41
	2662	22	38
	2663	19	41
	2664	19	39
	2665	23	39
	2666	22	39
	2667	18	38
	2668	19	40
	2669	20	38
	2670	18	41
	2671	22	43
	2672	20	39
	2673	18	42
	2674	18	42
	2675	17	38
	2676	18	38
	2677	20	40
	2678	17	36
	2679	17	39
	2680	17	41
	2681	20	40
	2682	20	41
	2683	20	40
	2684	19	38
	2685	18	40
	2686	17	39
	2687	19	41
	2688	19	37
	2689	19	36
	2690	19	38
	2691	20	43
	2692	18	39
	2693	20	41
	2694	21	39
	2695	20	39
	2696	19	40
	2697	19	40
	2698	19	36
	2699	21	42
	2700	20	41
	2701	22	39
	2702	19	40
	2703	19	43
	2704	20	39
	2705	21	38
	2706	21	40
	2707	19	41
	2708	20	39
	2709	19	39
	2710	20	38
	2711	20	41
	2712	19	39
	2713	23	39
	2714	19	39
	2715	20	40
	2716	19	40
	2717	22	41
	2718	19	39
	2719	17	41
	2720	18	39
	2721	27	40
	2722	18	40
	2723	19	42
	2724	18	38
	2725	21	43
	2726	24	39
	2727	21	37
	2728	19	38
	2729	23	44
	2730	19	38
	2731	22	40
	2732	17	40
	2733	20	41
	2734	20	41
	2735	23	39
	2736	19	38
	2737	19	40
	2738	21	40
	2739	19	42
	2740	19	41
	2741	18	41
	2742	20	39
	2743	22	39
	2744	18	41
	2745	20	42
	2746	17	41
	2747	21	40
	2748	16	40
	2749	21	42
	2750	20	41
	2751	19	43
	2752	21	39
	2753	16	37
	2754	20	44
	2755	19	41
	2756	20	41
	2757	21	42
	2758	19	38
	2759	20	41
	2760	19	40
	2761	18	40
	2762	19	42
	2763	23	39
	2764	16	38
	2765	21	40
	2766	17	38
	2767	20	39
	2768	20	40
	2769	19	38
	2770	20	39
	2771	21	43
	2772	18	40
	2773	18	39
	2774	22	38
	2775	19	39
	2776	20	40
	2777	22	40
	2778	19	41
	2779	20	40
	2780	15	40
	2781	20	41
	2782	18	39
	2783	26	43
	2784	18	39
	2785	20	39
	2786	23	40
	2787	18	40
	2788	17	40
	2789	18	43
	2790	21	40
	2791	19	39
	2792	18	40
	2793	17	39
	2794	21	42
	2795	21	38
	2796	17	37
	2797	23	40
	2798	19	39
	2799	18	41
	2800	20	42
	2801	19	42
	2802	22	45
	2803	20	41
	2804	18	40
	2805	21	39
	2806	19	38
	2807	19	39
	2808	22	41
	2809	20	40
	2810	20	42
	2811	22	42
	2812	20	41
	2813	18	41
	2814	21	41
	2815	20	42
	2816	19	41
	2817	19	40
	2818	18	38
	2819	20	46
	2820	19	40
	2821	20	38
	2822	19	39
	2823	21	41
	2824	20	41
	2825	19	41
	2826	18	41
	2827	20	38
	2828	20	40
	2829	21	41
	2830	20	39
	2831	24	40
	2832	18	39
	2833	17	41
	2834	18	37
	2835	19	41
	2836	19	38
	2837	19	41
	2838	20	42
	2839	20	41
	2840	16	40
	2841	16	42
	2842	21	39
	2843	17	42
	2844	18	37
	2845	19	39
	2846	17	40
	2847	19	40
	2848	19	39
	2849	18	43
	2850	19	40
	2851	19	38
	2852	18	43
	2853	19	42
	2854	19	41
	2855	18	43
	2856	17	37
	2857	20	42
	2858	18	40
	2859	19	43
	2860	15	40
	2861	23	40
	2862	20	42
	2863	22	40
	2864	20	39
	2865	18	37
	2866	20	39
	2867	21	39
	2868	18	40
	2869	19	43
	2870	20	40
	2871	21	43
	2872	18	39
	2873	19	39
	2874	20	41
	2875	21	43
	2876	21	38
	2877	21	41
	2878	22	43
	2879	21	40
	2880	17	40
	2881	19	40
	2882	18	40
	2883	23	41
	2884	19	41
	2885	22	38
	2886	18	39
	2887	22	40
	2888	20	40
	2889	43	40
	2890	20	40
	2891	21	40
	2892	21	42
	2893	19	38
	2894	21	40
	2895	20	41
	2896	20	40
	2897	19	39
	2898	21	41
	2899	20	40
	2900	19	40
	2901	22	41
	2902	16	39
	2903	22	42
	2904	20	43
	2905	19	41
	2906	19	41
	2907	19	42
	2908	18	39
	2909	20	41
	2910	18	39
	2911	17	44
	2912	19	39
	2913	20	41
	2914	20	42
	2915	21	40
	2916	19	39
	2917	19	41
	2918	21	42
	2919	21	40
	2920	24	38
	2921	20	40
	2922	18	41
	2923	22	44
	2924	18	41
	2925	20	42
	2926	17	39
	2927	20	39
	2928	19	37
	2929	19	39
	2930	20	39
	2931	18	43
	2932	21	39
	2933	18	42
	2934	20	39
	2935	20	39
	2936	18	42
	2937	21	39
	2938	18	41
	2939	17	42
	2940	18	39
	2941	22	39
	2942	20	41
	2943	21	40
	2944	17	42
	2945	18	41
	2946	20	38
	2947	20	41
	2948	21	37
	2949	20	39
	2950	16	41
	2951	20	41
	2952	21	38
	2953	21	42
	2954	19	40
	2955	20	43
	2956	19	38
	2957	23	38
	2958	21	43
	2959	21	43
	2960	19	40
	2961	19	41
	2962	22	39
	2963	20	39
	2964	18	40
	2965	18	39
	2966	19	39
	2967	20	42
	2968	20	39
	2969	21	41
	2970	18	41
	2971	20	37
	2972	16	40
	2973	21	39
	2974	18	40
	2975	22	41
	2976	20	38
	2977	19	37
	2978	17	43
	2979	17	39
	2980	20	39
	2981	20	41
	2982	20	38
	2983	20	40
	2984	19	39
	2985	20	39
	2986	19	39
	2987	20	40
	2988	21	40
	2989	24	40
	2990	20	39
	2991	21	39
	2992	20	40
	2993	21	40
	2994	18	40
	2995	21	39
	2996	22	39
	2997	22	42
	2998	25	41
	2999	23	42
	3000	16	39
	3001	24	40
	3002	17	38
	3003	20	40
	3004	19	39
	3005	22	41
	3006	16	39
	3007	19	40
	3008	18	41
	3009	18	42
	3010	20	40
	3011	21	38
	3012	21	39
	3013	19	39
	3014	21	41
	3015	20	42
	3016	23	40
	3017	21	38
	3018	18	39
	3019	20	41
	3020	16	39
	3021	19	39
	3022	17	39
	3023	22	39
	3024	19	41
	3025	20	39
	3026	19	39
	3027	22	40
	3028	21	41
	3029	22	40
	3030	19	40
	3031	21	42
	3032	21	40
	3033	19	39
	3034	19	39
	3035	21	41
	3036	18	38
	3037	19	41
	3038	18	40
	3039	18	40
	3040	17	39
	3041	21	41
	3042	19	39
	3043	23	38
	3044	20	41
	3045	18	38
	3046	18	41
	3047	20	38
	3048	19	39
	3049	19	38
	3050	19	41
	3051	20	40
	3052	17	38
	3053	18	43
	3054	19	38
	3055	20	41
	3056	19	39
	3057	18	40
	3058	18	39
	3059	19	40
	3060	17	39
	3061	21	43
	3062	21	42
	3063	17	42
	3064	19	42
	3065	22	40
	3066	18	39
	3067	21	42
	3068	17	40
	3069	21	37
	3070	18	38
	3071	19	40
	3072	18	41
	3073	20	43
	3074	19	40
	3075	19	40
	3076	21	40
	3077	20	42
	3078	19	40
	3079	20	40
	3080	17	40
	3081	20	40
	3082	20	40
	3083	21	40
	3084	18	42
	3085	17	39
	3086	20	38
	3087	18	40
	3088	20	40
	3089	19	41
	3090	17	41
	3091	19	41
	3092	20	40
	3093	17	41
	3094	20	40
	3095	23	40
	3096	16	40
	3097	21	41
	3098	20	38
	3099	19	39
	3100	16	41
	3101	20	40
	3102	18	41
	3103	20	37
	3104	19	40
	3105	17	41
	3106	16	39
	3107	21	42
	3108	20	41
	3109	19	39
	3110	17	39
	3111	17	41
	3112	19	40
	3113	20	38
	3114	19	40
	3115	21	43
	3116	21	40
	3117	21	41
	3118	19	40
	3119	20	43
	3120	19	41
	3121	21	41
	3122	22	42
	3123	19	41
	3124	17	40
	3125	19	38
	3126	17	39
	3127	19	41
	3128	17	39
	3129	17	41
	3130	17	39
	3131	20	41
	3132	18	38
	3133	19	41
	3134	22	40
	3135	21	38
	3136	21	40
	3137	18	39
	3138	19	39
	3139	21	40
	3140	18	40
	3141	20	36
	3142	20	41
	3143	20	42
	3144	17	41
	3145	16	42
	3146	22	39
	3147	18	42
	3148	17	38
	3149	19	40
	3150	19	40
	3151	23	43
	3152	17	37
	3153	18	42
	3154	18	38
	3155	20	41
	3156	19	45
	3157	20	41
	3158	17	42
	3159	20	39
	3160	16	40
	3161	20	39
	3162	19	38
	3163	18	41
	3164	18	39
	3165	20	43
	3166	17	40
	3167	24	41
	3168	18	39
	3169	20	38
	3170	19	40
	3171	19	43
	3172	18	41
	3173	19	39
	3174	19	38
	3175	19	39
	3176	20	42
	3177	18	39
	3178	21	41
	3179	19	40
	3180	19	41
	3181	20	41
	3182	19	39
	3183	19	42
	3184	17	40
	3185	24	44
	3186	17	40
	3187	19	41
	3188	17	40
	3189	20	39
	3190	18	39
	3191	20	40
	3192	17	39
	3193	20	43
	3194	19	41
	3195	20	37
	3196	20	40
	3197	18	42
	3198	19	39
	3199	20	41
	3200	20	39
	3201	18	41
	3202	19	40
	3203	16	41
	3204	18	42
	3205	20	40
	3206	18	39
	3207	21	40
	3208	18	37
	3209	18	42
	3210	17	41
	3211	20	38
	3212	19	39
	3213	19	43
	3214	19	42
	3215	22	39
	3216	17	39
	3217	18	41
	3218	17	38
	3219	19	39
	3220	19	38
	3221	20	40
	3222	18	38
	3223	19	45
	3224	18	38
	3225	18	41
	3226	17	40
	3227	19	41
	3228	17	39
	3229	18	41
	3230	16	39
	3231	21	41
	3232	15	38
	3233	20	39
	3234	19	39
	3235	20	41
	3236	18	41
	3237	18	38
	3238	17	39
	3239	19	40
	3240	21	41
	3241	22	45
	3242	20	40
	3243	19	42
	3244	19	38
	3245	19	41
	3246	19	46
	3247	21	42
	3248	20	41
	3249	22	40
	3250	20	41
	3251	21	41
	3252	22	39
	3253	21	38
	3254	20	41
	3255	23	41
	3256	22	42
	3257	17	42
	3258	18	37
	3259	19	39
	3260	18	40
	3261	18	40
	3262	19	40
	3263	20	40
	3264	16	40
	3265	19	41
	3266	16	39
	3267	20	39
	3268	21	39
	3269	17	39
	3270	18	38
	3271	19	39
	3272	20	39
	3273	19	41
	3274	19	39
	3275	21	39
	3276	17	41
	3277	21	43
	3278	16	39
	3279	20	41
	3280	17	41
	3281	19	38
	3282	19	41
	3283	17	40
	3284	16	42
	3285	24	41
	3286	16	40
	3287	20	41
	3288	20	39
	3289	19	42
	3290	19	41
	3291	19	42
	3292	18	41
	3293	20	40
	3294	19	40
	3295	20	39
	3296	20	39
	3297	19	39
	3298	17	38
	3299	19	41
	3300	16	40
	3301	18	40
	3302	20	38
	3303	18	41
	3304	18	40
	3305	18	39
	3306	20	41
	3307	23	41
	3308	19	40
	3309	18	40
	3310	19	41
	3311	17	39
	3312	15	38
	3313	18	41
	3314	16	40
	3315	18	40
	3316	17	40
	3317	18	39
	3318	16	40
	3319	19	39
	3320	19	39
	3321	22	40
	3322	24	39
	3323	20	38
	3324	18	41
	3325	20	40
	3326	18	41
	3327	19	43
	3328	19	41
	3329	21	41
	3330	18	38
	3331	19	41
	3332	18	39
	3333	20	39
	3334	18	39
	3335	21	44
	3336	19	39
	3337	18	43
	3338	18	39
	3339	19	42
	3340	20	42
	3341	22	42
	3342	16	41
	3343	19	40
	3344	19	40
	3345	19	38
	3346	19	41
	3347	22	41
	3348	16	42
	3349	19	45
	3350	19	40
	3351	16	41
	3352	19	41
	3353	21	42
	3354	18	40
	3355	22	41
	3356	18	38
	3357	19	37
	3358	18	38
	3359	19	40
	3360	18	40
	3361	22	40
	3362	19	40
	3363	18	41
	3364	18	42
	3365	20	40
	3366	19	40
	3367	18	39
	3368	16	37
	3369	18	45
	3370	19	41
	3371	21	40
	3372	19	38
	3373	19	39
	3374	17	41
	3375	21	40
	3376	17	41
	3377	20	39
	3378	17	41
	3379	19	38
	3380	18	42
	3381	21	39
	3382	16	40
	3383	18	40
	3384	20	40
	3385	21	39
	3386	21	40
	3387	18	40
	3388	19	40
	3389	20	42
	3390	19	41
	3391	20	42
	3392	20	41
	3393	20	38
	3394	19	40
	3395	19	43
	3396	18	39
	3397	19	40
	3398	18	42
	3399	21	40
	3400	19	41
	3401	21	42
	3402	21	41
	3403	17	42
	3404	18	40
	3405	19	40
	3406	17	39
	3407	20	39
	3408	16	36
	3409	20	40
	3410	18	38
	3411	18	41
	3412	19	40
	3413	19	40
	3414	20	40
	3415	19	39
	3416	18	38
	3417	17	40
	3418	15	40
	3419	19	41
	3420	18	39
	3421	18	39
	3422	20	41
	3423	17	43
	3424	17	41
	3425	19	41
	3426	20	39
	3427	18	40
	3428	18	38
	3429	22	41
	3430	19	40
	3431	19	40
	3432	17	42
	3433	19	40
	3434	19	40
	3435	19	40
	3436	17	38
	3437	20	39
	3438	19	39
	3439	18	41
	3440	19	42
	3441	20	42
	3442	20	39
	3443	17	44
	3444	19	40
	3445	21	41
	3446	21	40
	3447	18	37
	3448	19	35
	3449	18	40
	3450	19	40
	3451	20	40
	3452	20	40
	3453	23	41
	3454	19	39
	3455	20	42
	3456	18	38
	3457	17	41
	3458	18	41
	3459	22	40
	3460	18	41
	3461	18	43
	3462	19	42
	3463	21	42
	3464	19	41
	3465	21	42
	3466	17	38
	3467	21	44
	3468	19	39
	3469	18	39
	3470	20	42
	3471	20	39
	3472	18	49
	3473	21	39
	3474	20	41
	3475	18	39
	3476	13	41
	3477	20	42
	3478	16	41
	3479	20	39
	3480	19	38
	3481	19	40
	3482	19	39
	3483	17	42
	3484	19	43
	3485	21	39
	3486	18	40
	3487	19	40
	3488	20	39
	3489	18	40
	3490	19	41
	3491	17	43
	3492	20	41
	3493	18	41
	3494	16	40
	3495	19	41
	3496	17	39
	3497	18	43
	3498	20	39
	3499	21	38
	3500	19	40
	3501	18	38
	3502	19	40
	3503	18	39
	3504	19	42
	3505	18	39
	3506	20	39
	3507	20	40
	3508	19	39
	3509	19	38
	3510	18	40
	3511	20	40
	3512	17	38
	3513	19	42
	3514	16	37
	3515	18	40
	3516	18	39
	3517	21	40
	3518	20	41
	3519	20	42
	3520	18	39
	3521	19	39
	3522	15	41
	3523	20	42
	3524	16	42
	3525	21	41
	3526	20	41
	3527	19	38
	3528	19	38
	3529	20	40
	3530	18	40
	3531	18	41
	3532	19	41
	3533	19	38
	3534	17	37
	3535	21	42
	3536	16	39
	3537	20	40
	3538	18	39
	3539	19	38
	3540	17	42
	3541	21	39
	3542	20	41
	3543	22	40
	3544	18	40
	3545	18	39
	3546	22	38
	3547	21	39
	3548	16	37
	3549	20	40
	3550	22	46
	3551	19	41
	3552	20	40
	3553	19	44
	3554	17	37
	3555	21	41
	3556	15	41
	3557	21	37
	3558	19	40
	3559	21	42
	3560	20	39
	3561	22	39
	3562	18	41
	3563	22	38
	3564	18	38
	3565	19	40
	3566	20	37
	3567	18	43
	3568	17	41
	3569	18	41
	3570	19	40
	3571	22	38
	3572	18	41
	3573	18	41
	3574	19	38
	3575	17	40
	3576	19	39
	3577	19	36
	3578	20	37
	3579	21	42
	3580	21	40
	3581	20	44
	3582	20	41
	3583	23	39
	3584	19	41
	3585	20	39
	3586	19	40
	3587	21	37
	3588	18	38
	3589	18	41
	3590	19	36
	3591	17	40
	3592	17	37
	3593	19	39
	3594	20	40
	3595	17	41
	3596	17	41
	3597	21	39
	3598	19	38
	3599	21	41
	3600	20	39
	3601	20	41
	3602	19	41
	3603	22	39
	3604	17	36
	3605	19	40
	3606	17	38
	3607	20	40
	3608	19	39
	3609	19	40
	3610	18	39
	3611	19	40
	3612	18	41
	3613	21	42
	3614	19	41
	3615	18	39
	3616	18	40
	3617	19	39
	3618	20	40
	3619	19	40
	3620	18	36
	3621	18	42
	3622	19	39
	3623	18	41
	3624	19	41
	3625	20	41
	3626	17	38
	3627	19	40
	3628	16	40
	3629	17	40
	3630	19	39
	3631	20	41
	3632	19	39
	3633	21	39
	3634	18	42
	3635	22	41
	3636	21	39
	3637	20	41
	3638	21	44
	3639	19	40
	3640	17	38
	3641	21	38
	3642	18	41
	3643	19	41
	3644	17	40
	3645	20	44
	3646	20	40
	3647	18	41
	3648	14	39
	3649	20	39
	3650	20	41
	3651	19	43
	3652	20	38
	3653	19	39
	3654	17	38
	3655	19	40
	3656	17	42
	3657	20	39
	3658	22	39
	3659	17	42
	3660	19	37
	3661	19	40
	3662	21	42
	3663	20	39
	3664	20	39
	3665	19	39
	3666	18	40
	3667	22	41
	3668	18	39
	3669	16	40
	3670	17	38
	3671	19	41
	3672	20	40
	3673	21	40
	3674	19	40
	3675	19	41
	3676	18	42
	3677	19	38
	3678	20	39
	3679	18	39
	3680	15	38
	3681	19	41
	3682	17	39
	3683	20	42
	3684	17	36
	3685	19	39
	3686	19	38
	3687	18	41
	3688	19	39
	3689	20	38
	3690	15	39
	3691	20	42
	3692	23	41
	3693	19	42
	3694	19	38
	3695	19	39
	3696	19	39
	3697	23	41
	3698	19	37
	3699	21	40
	3700	22	40
	3701	21	41
	3702	17	40
	3703	19	43
	3704	19	39
	3705	20	40
	3706	19	38
	3707	21	42
	3708	21	41
	3709	20	40
	3710	20	41
	3711	21	41
	3712	21	40
	3713	21	40
	3714	16	40
	3715	16	41
	3716	15	37
	3717	19	39
	3718	18	37
	3719	16	37
	3720	21	37
	3721	19	41
	3722	20	38
	3723	17	39
