690.000	1.608
690.032	1.042
690.064	0.697
690.096	0.504
690.128	0.426
690.160	0.415
690.192	0.409
690.224	0.387
690.256	0.389
690.288	0.437
690.320	0.471
690.352	0.455
690.384	0.420
690.416	0.380
690.448	0.369
690.480	0.409
690.512	0.446
690.544	0.478
690.576	0.520
690.608	0.537
690.640	0.600
690.672	0.688
690.704	0.766
690.736	0.844
690.768	0.877
690.800	0.919
690.832	1.046
690.864	1.173
690.896	1.231
690.928	1.279
690.960	1.277
690.992	1.233
691.024	1.202
691.056	1.301
691.088	1.432
691.120	1.524
691.152	1.779
691.184	2.005
691.216	2.123
691.248	2.423
691.280	2.723
691.312	2.821
691.344	3.025
691.376	3.327
691.408	3.569
691.440	3.904
691.472	4.260
691.504	4.457
691.536	4.664
691.568	4.897
691.600	5.057
691.632	5.201
691.664	5.379
691.696	5.550
691.728	5.650
691.760	5.717
691.792	5.781
691.824	5.979
691.856	6.135
691.888	6.196
691.920	6.245
691.952	6.252
691.984	6.256
692.016	6.223
692.048	6.099
692.080	5.928
692.112	5.928
692.144	5.990
692.176	5.903
692.208	5.661
692.240	5.470
692.272	5.253
692.304	5.104
692.336	5.093
692.368	5.084
692.400	5.020
692.432	5.090
692.464	5.168
692.496	5.075
692.528	5.130
692.560	5.246
692.592	5.204
692.624	5.055
692.656	5.139
692.688	5.277
692.720	5.384
692.752	5.615
692.784	5.926
692.816	6.105
692.848	6.348
692.880	6.719
692.912	7.041
692.944	7.409
692.976	7.800
693.008	8.045
693.040	8.222
693.072	8.509
693.104	8.791
693.136	8.959
693.168	9.171
693.200	9.344
693.232	9.433
693.264	9.584
693.296	9.588
693.328	9.230
693.360	8.831
693.392	8.713
693.424	8.762
693.456	8.644
693.488	8.411
693.520	8.180
693.552	7.738
693.584	7.241
693.616	6.914
693.648	6.736
693.680	6.672
693.712	6.581
693.744	6.245
693.776	5.801
693.808	5.450
693.840	5.075
693.872	4.715
693.904	4.486
693.936	4.166
693.968	3.749
694.000	3.367
694.032	3.050
694.064	2.829
694.096	2.687
694.128	2.532
694.160	2.356
694.192	2.219
694.224	2.128
694.256	2.052
694.288	1.985
694.320	1.983
694.352	1.928
694.384	1.819
694.416	1.706
694.448	1.559
694.480	1.430
694.512	1.341
694.544	1.264
694.576	1.182
694.608	1.115
694.640	1.051
694.672	1.000
694.704	1.024
694.736	1.057
694.768	1.059
694.800	1.059
694.832	1.022
694.864	0.984
694.896	0.960
694.928	0.915
694.960	0.864
694.992	0.848
695.024	0.860
695.056	0.835
695.088	0.789
695.120	0.775
695.152	0.795
695.184	0.829
695.216	0.877
695.248	0.913
695.280	0.891
695.312	0.849
695.344	0.788
695.376	0.686
695.408	0.606
695.440	0.589
695.472	0.658
695.504	0.746
695.536	0.762
695.568	0.715
695.600	0.673
695.632	0.655
695.664	0.633
695.696	0.635
695.728	0.642
695.760	0.669
695.792	0.733
695.824	0.788
695.856	0.829
695.888	0.848
695.920	0.859
695.952	0.842
695.984	0.797
696.016	0.753
696.048	0.757
696.080	0.775
696.112	0.769
696.144	0.737
696.176	0.644
696.208	0.537
696.240	0.493
696.272	0.458
696.304	0.437
696.336	0.498
696.368	0.591
696.400	0.638
696.432	0.620
696.464	0.537
696.496	0.464
696.528	0.437
696.560	0.438
696.592	0.469
696.624	0.498
696.656	0.511
696.688	0.518
696.720	0.558
696.752	0.615
696.784	0.635
696.816	0.569
696.848	0.482
696.880	0.429
696.912	0.417
696.944	0.413
696.976	0.406
697.008	0.431
697.040	0.493
697.072	0.549
697.104	0.535
697.136	0.451
697.168	0.382
697.200	0.384
697.232	0.464
697.264	0.531
697.296	0.564
697.328	0.548
697.360	0.500
697.392	0.431
697.424	0.346
697.456	0.313
697.488	0.329
697.520	0.366
697.552	0.424
697.584	0.460
697.616	0.464
697.648	0.449
697.680	0.406
697.712	0.362
697.744	0.338
697.776	0.362
697.808	0.406
697.840	0.444
697.872	0.495
697.904	0.546
697.936	0.573
697.968	0.589
698.000	0.606
