	0	180	377
	1	184	381
	2	179	383
	3	193	380
	4	175	377
	5	177	385
	6	187	370
	7	184	387
	8	185	374
	9	186	384
	10	179	377
	11	187	374
	12	179	367
	13	178	382
	14	185	374
	15	187	369
	16	191	377
	17	192	380
	18	183	379
	19	191	377
	20	185	366
	21	179	378
	22	176	362
	23	184	381
	24	183	376
	25	187	381
	26	206	401
	27	207	413
	28	200	399
	29	196	413
	30	206	403
	31	217	409
	32	209	394
	33	207	411
	34	217	408
	35	225	404
	36	213	403
	37	212	409
	38	203	401
	39	211	409
	40	206	413
	41	205	414
	42	206	400
	43	209	425
	44	213	403
	45	209	399
	46	209	399
	47	200	412
	48	214	393
	49	213	405
	50	204	403
	51	219	424
	52	214	401
	53	230	412
	54	217	398
	55	222	423
	56	217	402
	57	216	406
	58	220	415
	59	225	417
	60	229	404
	61	217	411
	62	235	416
	63	228	413
	64	218	425
	65	229	410
	66	226	410
	67	223	424
	68	206	422
	69	244	422
	70	223	413
	71	219	423
	72	228	409
	73	233	418
	74	216	424
	75	243	434
	76	218	417
	77	235	419
	78	229	404
	79	232	412
	80	221	415
	81	226	419
	82	220	411
	83	223	452
	84	226	416
	85	220	416
	86	236	413
	87	228	427
	88	220	419
	89	230	414
	90	227	416
	91	248	418
	92	214	405
	93	223	431
	94	222	430
	95	227	423
	96	217	501
	97	222	429
	98	228	432
	99	229	431
	100	224	415
	101	234	421
	102	227	412
	103	230	426
	104	235	419
	105	234	417
	106	230	425
	107	229	407
	108	222	415
	109	250	440
	110	225	412
	111	245	416
	112	237	408
	113	237	417
	114	224	410
	115	249	430
	116	222	405
	117	249	426
	118	241	422
	119	236	427
	120	217	414
	121	232	421
	122	221	422
	123	235	436
	124	227	405
	125	225	423
	126	229	405
	127	235	412
	128	238	400
	129	223	432
	130	218	415
	131	230	434
	132	226	415
	133	237	411
	134	244	417
	135	251	429
	136	300	414
	137	248	424
	138	235	446
	139	234	419
	140	229	404
	141	290	423
	142	252	423
	143	248	412
	144	227	422
	145	229	410
	146	249	413
	147	226	425
	148	240	441
	149	231	428
	150	226	419
	151	245	418
	152	222	407
	153	241	413
	154	236	414
	155	242	431
	156	237	416
	157	242	422
	158	236	426
	159	237	421
	160	240	435
	161	230	431
	162	232	427
	163	260	433
	164	235	416
	165	237	436
	166	257	414
	167	234	444
	168	222	411
	169	256	427
	170	240	420
	171	234	431
	172	239	420
	173	241	419
	174	229	435
	175	227	433
	176	224	404
	177	245	422
	178	242	430
	179	233	428
	180	227	415
	181	245	420
	182	236	415
	183	239	429
	184	228	417
	185	230	433
	186	221	426
	187	234	442
	188	234	420
	189	238	410
	190	235	417
	191	238	435
	192	225	422
	193	243	432
	194	224	418
	195	224	416
	196	239	417
	197	244	402
	198	222	406
	199	247	432
	200	231	423
	201	250	433
	202	245	418
	203	247	418
	204	237	409
	205	255	421
	206	231	408
	207	243	406
	208	234	412
	209	264	416
	210	241	438
	211	242	433
	212	216	419
	213	253	425
	214	224	422
	215	234	420
	216	247	409
	217	248	429
	218	239	429
	219	239	501
	220	228	408
	221	233	434
	222	231	431
	223	267	425
	224	240	418
	225	242	437
	226	217	409
	227	231	429
	228	225	423
	229	250	415
	230	245	432
	231	240	430
	232	226	421
	233	240	418
	234	252	411
	235	251	423
	236	239	411
	237	247	411
	238	232	416
	239	237	427
	240	240	406
	241	238	445
	242	237	425
	243	241	411
	244	244	422
	245	236	429
	246	225	425
	247	236	422
	248	233	425
	249	235	444
	250	249	415
	251	251	435
	252	235	414
	253	228	423
	254	239	409
	255	257	443
	256	222	418
	257	256	437
	258	241	426
	259	252	435
	260	239	412
	261	242	423
	262	232	424
	263	238	432
	264	221	413
	265	226	442
	266	219	435
	267	243	424
	268	233	419
	269	239	429
	270	223	412
	271	244	420
	272	229	417
	273	242	427
	274	242	420
	275	258	446
	276	221	417
	277	246	420
	278	235	417
	279	237	417
	280	230	394
	281	239	417
	282	230	416
	283	244	421
	284	241	421
	285	248	417
	286	237	422
	287	247	423
	288	229	422
	289	231	414
	290	275	417
	291	243	405
	292	228	440
	293	236	415
	294	229	440
	295	248	429
	296	236	422
	297	250	444
	298	310	412
	299	246	423
	300	251	426
	301	261	429
	302	229	421
	303	259	421
	304	225	412
	305	237	431
	306	239	417
	307	267	426
	308	237	428
	309	246	435
	310	235	420
	311	250	435
	312	236	425
	313	224	428
	314	231	422
	315	238	429
	316	257	422
	317	251	432
	318	240	423
	319	253	440
	320	247	417
	321	248	447
	322	251	444
	323	246	424
	324	240	405
	325	250	402
	326	238	417
	327	252	427
	328	241	419
	329	242	434
	330	234	432
	331	265	453
	332	262	413
	333	270	457
	334	253	427
	335	259	422
	336	241	415
	337	241	445
	338	247	420
	339	284	434
	340	247	423
	341	246	423
	342	241	414
	343	273	438
	344	238	410
	345	266	428
	346	271	442
	347	249	417
	348	244	416
	349	259	417
	350	256	431
	351	256	451
	352	251	411
	353	262	434
	354	246	420
	355	263	418
	356	246	432
	357	253	435
	358	261	432
	359	265	421
	360	259	412
	361	250	433
	362	271	430
	363	280	426
	364	245	426
	365	266	436
	366	253	429
	367	262	430
	368	253	443
	369	262	432
	370	275	433
	371	281	420
	372	259	417
	373	270	418
	374	262	429
	375	265	433
	376	260	413
	377	281	428
	378	268	424
	379	279	435
	380	269	422
	381	265	420
	382	263	423
	383	282	444
	384	271	437
	385	279	427
	386	280	418
	387	289	425
	388	262	427
	389	294	440
	390	275	423
	391	288	443
	392	269	426
	393	272	436
	394	279	429
	395	296	431
	396	274	441
	397	279	441
	398	286	437
	399	283	481
	400	280	422
	401	281	435
	402	289	420
	403	285	432
	404	276	437
	405	312	428
	406	290	421
	407	295	428
	408	288	437
	409	291	440
	410	283	441
	411	299	437
	412	301	423
	413	289	444
	414	296	440
	415	293	449
	416	287	429
	417	290	436
	418	302	432
	419	303	446
	420	304	420
	421	295	433
	422	302	430
	423	294	443
	424	309	433
	425	308	453
	426	293	437
	427	287	456
	428	293	436
	429	308	444
	430	300	441
	431	313	463
	432	309	432
	433	331	450
	434	300	436
	435	312	447
	436	300	418
	437	320	435
	438	314	422
	439	324	443
	440	312	434
	441	318	452
	442	326	432
	443	320	439
	444	319	424
	445	330	449
	446	311	438
	447	330	442
	448	322	423
	449	347	438
	450	329	440
	451	353	442
	452	415	423
	453	334	445
	454	349	435
	455	333	436
	456	349	425
	457	336	435
	458	346	433
	459	352	459
	460	347	443
	461	359	445
	462	341	434
	463	355	446
	464	350	449
	465	354	453
	466	375	448
	467	378	445
	468	363	437
	469	372	437
	470	359	434
	471	379	458
	472	367	440
	473	379	449
	474	395	435
	475	381	439
	476	387	462
	477	383	458
	478	389	443
	479	400	452
	480	381	453
	481	383	453
	482	377	448
	483	398	454
	484	388	448
	485	399	438
	486	387	448
	487	401	460
	488	404	449
	489	413	442
	490	417	456
	491	428	465
	492	415	443
	493	415	439
	494	408	446
	495	420	448
	496	424	436
	497	444	449
	498	410	438
	499	421	445
	500	428	436
	501	447	453
	502	433	440
	503	432	447
	504	447	439
	505	427	447
	506	463	447
	507	447	467
	508	432	437
	509	446	452
	510	444	468
	511	450	465
	512	465	462
	513	463	466
	514	457	450
	515	459	450
	516	454	474
	517	474	475
	518	465	463
	519	482	453
	520	461	451
	521	475	486
	522	474	454
	523	478	481
	524	465	470
	525	488	464
	526	491	458
	527	497	480
	528	487	447
	529	497	463
	530	498	455
	531	505	484
	532	493	468
	533	519	469
	534	503	466
	535	517	473
	536	511	465
	537	532	457
	538	514	462
	539	531	464
	540	529	468
	541	521	466
	542	521	464
	543	539	488
	544	544	453
	545	543	477
	546	540	478
	547	564	475
	548	564	464
	549	554	470
	550	554	471
	551	565	470
	552	565	472
	553	576	481
	554	570	461
	555	579	472
	556	577	472
	557	591	520
	558	591	470
	559	596	491
	560	595	468
	561	605	481
	562	616	464
	563	611	477
	564	606	464
	565	632	477
	566	628	480
	567	618	496
	568	626	488
	569	628	493
	570	626	496
	571	656	491
	572	648	468
	573	643	474
	574	629	482
	575	642	494
	576	663	481
	577	656	516
	578	643	478
	579	677	491
	580	687	476
	581	684	483
	582	678	481
	583	686	507
	584	685	497
	585	695	501
	586	706	491
	587	718	499
	588	711	484
	589	723	485
	590	706	499
	591	727	498
	592	720	485
	593	733	495
	594	741	494
	595	728	492
	596	741	498
	597	754	497
	598	759	489
	599	768	500
	600	765	480
	601	762	496
	602	776	497
	603	772	503
	604	770	510
	605	783	505
	606	796	485
	607	790	507
	608	781	508
	609	795	505
	610	810	496
	611	807	497
	612	800	526
	613	804	514
	614	824	496
	615	835	508
	616	815	507
	617	849	524
	618	830	498
	619	831	520
	620	827	500
	621	850	512
	622	848	513
	623	872	512
	624	856	497
	625	862	515
	626	859	521
	627	883	517
	628	879	509
	629	890	527
	630	887	525
	631	896	508
	632	885	518
	633	897	528
	634	905	531
	635	906	540
	636	906	525
	637	917	532
	638	915	551
	639	921	541
	640	921	523
	641	919	520
	642	926	532
	643	932	530
	644	940	529
	645	932	534
	646	950	522
	647	954	532
	648	961	517
	649	953	541
	650	952	519
	651	990	528
	652	964	522
	653	972	536
	654	957	524
	655	975	531
	656	974	538
	657	1007	538
	658	980	542
	659	992	553
	660	1002	557
	661	1022	550
	662	994	541
	663	1018	562
	664	1005	540
	665	1041	545
	666	1035	541
	667	1037	553
	668	1030	559
	669	1028	556
	670	1044	552
	671	1043	558
	672	1055	553
	673	1076	565
	674	1057	568
	675	1065	573
	676	1064	565
	677	1066	585
	678	1070	552
	679	1081	563
	680	1075	559
	681	1083	570
	682	1090	562
	683	1080	580
	684	1090	557
	685	1100	581
	686	1081	564
	687	1117	571
	688	1118	550
	689	1117	567
	690	1115	565
	691	1137	563
	692	1123	550
	693	1138	568
	694	1138	588
	695	1132	564
	696	1143	567
	697	1141	588
	698	1147	578
	699	1168	572
	700	1140	572
	701	1165	575
	702	1153	561
	703	1168	573
	704	1162	574
	705	1160	569
	706	1177	575
	707	1177	572
	708	1250	562
	709	1190	575
	710	1192	579
	711	1193	582
	712	1192	576
	713	1196	577
	714	1200	589
	715	1212	590
	716	1215	595
	717	1206	588
	718	1205	581
	719	1211	577
	720	1217	574
	721	1227	583
	722	1232	573
	723	1219	595
	724	1218	578
	725	1238	586
	726	1246	577
	727	1240	584
	728	1243	580
	729	1251	588
	730	1249	586
	731	1232	603
	732	1231	583
	733	1247	587
	734	1235	591
	735	1258	604
	736	1250	590
	737	1256	592
	738	1253	599
	739	1256	611
	740	1243	594
	741	1247	598
	742	1248	588
	743	1248	611
	744	1240	605
	745	1257	600
	746	1254	613
	747	1272	599
	748	1260	588
	749	1274	603
	750	1244	597
	751	1266	600
	752	1265	586
	753	1256	600
	754	1247	584
	755	1258	589
	756	1258	577
	757	1259	608
	758	1260	607
	759	1277	604
	760	1246	591
	761	1258	588
	762	1241	608
	763	1289	619
	764	1243	586
	765	1257	584
	766	1269	597
	767	1262	603
	768	1258	577
	769	1264	596
	770	1250	590
	771	1269	600
	772	1271	602
	773	1265	595
	774	1250	583
	775	1271	587
	776	1314	570
	777	1250	601
	778	1251	580
	779	1261	595
	780	1238	591
	781	1266	594
	782	1244	589
	783	1248	591
	784	1233	574
	785	1264	586
	786	1244	603
	787	1247	585
	788	1243	583
	789	1245	587
	790	1248	580
	791	1267	588
	792	1223	575
	793	1239	599
	794	1215	580
	795	1224	591
	796	1228	561
	797	1229	596
	798	1218	575
	799	1248	580
	800	1224	574
	801	1214	585
	802	1208	584
	803	1219	657
	804	1194	556
	805	1230	565
	806	1196	583
	807	1216	582
	808	1181	605
	809	1201	569
	810	1189	560
	811	1189	576
	812	1177	578
	813	1186	565
	814	1162	574
	815	1174	566
	816	1165	567
	817	1158	558
	818	1155	556
	819	1174	558
	820	1164	549
	821	1146	572
	822	1155	554
	823	1155	579
	824	1122	565
	825	1144	554
	826	1144	557
	827	1138	569
	828	1133	575
	829	1111	561
	830	1114	550
	831	1129	560
	832	1113	545
	833	1110	550
	834	1109	535
	835	1080	555
	836	1096	550
	837	1106	538
	838	1077	537
	839	1090	545
	840	1085	532
	841	1084	558
	842	1080	545
	843	1075	550
	844	1081	522
	845	1083	534
	846	1074	527
	847	1078	551
	848	1062	531
	849	1075	557
	850	1037	537
	851	1054	542
	852	1043	532
	853	1039	541
	854	1062	549
	855	1062	541
	856	1038	526
	857	1046	538
	858	1042	541
	859	1057	523
	860	1045	530
	861	1035	534
	862	1039	525
	863	1037	534
	864	1031	543
	865	1050	538
	866	1048	529
	867	1029	548
	868	1028	539
	869	1010	543
	870	993	530
	871	996	547
	872	984	527
	873	986	548
	874	983	523
	875	979	534
	876	984	531
	877	998	522
	878	969	522
	879	995	524
	880	974	514
	881	994	535
	882	980	514
	883	973	528
	884	978	514
	885	979	522
	886	950	510
	887	972	522
	888	953	512
	889	939	522
	890	942	534
	891	937	539
	892	939	517
	893	947	540
	894	939	509
	895	953	510
	896	927	552
	897	935	511
	898	932	512
	899	934	513
	900	913	527
	901	943	507
	902	917	509
	903	915	508
	904	892	505
	905	901	520
	906	909	500
	907	896	498
	908	901	494
	909	899	501
	910	866	493
	911	890	487
	912	873	491
	913	866	507
	914	873	513
	915	870	505
	916	847	501
	917	855	507
	918	854	495
	919	874	508
	920	837	485
	921	851	497
	922	849	499
	923	848	519
	924	830	479
	925	832	506
	926	828	481
	927	819	487
	928	808	497
	929	821	495
	930	813	496
	931	819	512
	932	789	495
	933	800	502
	934	777	487
	935	781	499
	936	789	473
	937	785	488
	938	761	478
	939	768	495
	940	760	483
	941	759	494
	942	754	479
	943	740	493
	944	751	477
	945	765	499
	946	749	482
	947	753	490
	948	743	479
	949	740	475
	950	732	570
	951	735	479
	952	729	489
	953	715	495
	954	727	463
	955	741	491
	956	709	479
	957	724	494
	958	714	469
	959	711	488
	960	689	460
	961	707	483
	962	704	475
	963	687	481
	964	683	470
	965	685	458
	966	669	472
	967	676	473
	968	676	462
	969	671	472
	970	667	484
	971	666	472
	972	641	479
	973	647	485
	974	637	463
	975	631	477
	976	639	471
	977	614	462
	978	611	467
	979	615	456
	980	595	466
	981	606	478
	982	601	456
	983	602	482
	984	593	465
	985	598	467
	986	573	461
	987	572	472
	988	569	456
	989	568	475
	990	552	458
	991	551	458
	992	532	460
	993	540	491
	994	535	453
	995	553	452
	996	522	464
	997	561	472
	998	531	445
	999	518	455
	1000	541	458
	1001	528	460
	1002	531	464
	1003	526	460
	1004	525	453
	1005	521	454
	1006	522	435
	1007	522	458
	1008	494	450
	1009	509	454
	1010	522	449
	1011	513	447
	1012	502	448
	1013	505	456
	1014	512	443
	1015	510	447
	1016	511	459
	1017	494	440
	1018	501	443
	1019	509	443
	1020	495	449
	1021	505	455
	1022	492	455
	1023	511	434
	1024	493	443
	1025	495	444
	1026	487	453
	1027	507	444
	1028	500	424
	1029	487	442
	1030	475	417
	1031	484	468
	1032	484	438
	1033	497	427
	1034	457	430
	1035	487	435
	1036	482	424
	1037	476	451
	1038	476	444
	1039	473	427
	1040	462	439
	1041	469	433
	1042	468	431
	1043	474	437
	1044	466	485
	1045	478	447
	1046	462	440
	1047	461	449
	1048	467	456
	1049	473	443
	1050	448	436
	1051	456	443
	1052	465	422
	1053	452	429
	1054	462	444
	1055	460	506
	1056	438	435
	1057	453	428
	1058	446	442
	1059	467	455
	1060	443	445
	1061	446	450
	1062	441	426
	1063	455	437
	1064	445	445
	1065	436	432
	1066	458	434
	1067	447	436
	1068	436	435
	1069	448	428
	1070	430	438
	1071	442	439
	1072	416	427
	1073	436	427
	1074	431	427
	1075	456	430
	1076	437	434
	1077	509	440
	1078	454	432
	1079	446	444
	1080	435	437
	1081	434	435
	1082	433	432
	1083	439	438
	1084	423	436
	1085	441	428
	1086	415	457
	1087	450	437
	1088	441	417
	1089	432	428
	1090	427	426
	1091	436	446
	1092	416	417
	1093	428	444
	1094	426	425
	1095	439	447
	1096	425	444
	1097	426	440
	1098	421	438
	1099	447	434
	1100	427	440
	1101	431	450
	1102	421	424
	1103	442	426
	1104	420	426
	1105	432	438
	1106	442	424
	1107	425	428
	1108	432	437
	1109	428	441
	1110	426	481
	1111	416	445
	1112	426	424
	1113	445	426
	1114	430	422
	1115	419	429
	1116	442	426
	1117	419	430
	1118	414	429
	1119	434	422
	1120	423	432
	1121	427	449
	1122	409	430
	1123	429	436
	1124	422	421
	1125	424	427
	1126	406	454
	1127	429	426
	1128	403	428
	1129	409	439
	1130	431	449
	1131	418	438
	1132	412	439
	1133	428	440
	1134	402	424
	1135	419	433
	1136	406	472
	1137	413	436
	1138	414	426
	1139	413	452
	1140	437	423
	1141	420	421
	1142	410	430
	1143	414	437
	1144	411	438
	1145	401	423
	1146	400	424
	1147	438	434
	1148	407	419
	1149	415	430
	1150	405	422
	1151	412	439
	1152	385	423
	1153	397	448
	1154	414	420
	1155	425	445
	1156	390	436
	1157	414	427
	1158	405	440
	1159	414	432
	1160	407	430
	1161	419	446
	1162	412	421
	1163	399	460
	1164	397	425
	1165	408	433
	1166	420	415
	1167	413	423
	1168	397	434
	1169	408	434
	1170	396	438
	1171	427	430
	1172	400	434
	1173	395	429
	1174	391	437
	1175	403	442
	1176	405	430
	1177	413	427
	1178	407	421
	1179	419	423
	1180	390	430
	1181	393	429
	1182	418	422
	1183	411	429
	1184	396	442
	1185	394	428
	1186	385	433
	1187	392	418
	1188	399	435
	1189	400	432
	1190	404	433
	1191	392	434
	1192	399	411
	1193	386	435
	1194	389	425
	1195	407	446
	1196	415	431
	1197	401	448
	1198	388	421
	1199	407	438
	1200	414	417
	1201	403	427
	1202	401	434
	1203	394	434
	1204	405	434
	1205	407	428
	1206	402	429
	1207	415	432
	1208	389	416
	1209	399	423
	1210	378	433
	1211	405	432
	1212	374	425
	1213	404	430
	1214	389	430
	1215	405	416
	1216	382	418
	1217	401	421
	1218	389	424
	1219	391	423
	1220	392	430
	1221	409	437
	1222	392	416
	1223	381	440
	1224	373	421
	1225	405	434
	1226	374	425
	1227	387	428
	1228	381	425
	1229	380	436
	1230	386	419
	1231	378	427
	1232	374	421
	1233	405	420
	1234	385	427
	1235	383	439
	1236	382	407
	1237	383	426
	1238	380	427
	1239	390	428
	1240	382	407
	1241	377	445
	1242	392	434
	1243	381	432
	1244	384	419
	1245	378	427
	1246	372	418
	1247	399	443
	1248	384	426
	1249	400	418
	1250	390	415
	1251	400	421
	1252	381	426
	1253	383	421
	1254	380	429
	1255	387	419
	1256	378	431
	1257	373	426
	1258	390	424
	1259	370	422
	1260	393	423
	1261	391	432
	1262	376	433
	1263	379	435
	1264	375	417
	1265	386	430
	1266	441	432
	1267	448	420
	1268	373	419
	1269	385	425
	1270	377	423
	1271	393	428
	1272	369	434
	1273	382	430
	1274	380	431
	1275	401	476
	1276	372	429
	1277	392	424
	1278	379	430
	1279	383	434
	1280	378	412
	1281	381	438
	1282	379	428
	1283	392	431
	1284	369	429
	1285	373	432
	1286	374	418
	1287	370	420
	1288	363	421
	1289	380	413
	1290	366	434
	1291	380	437
	1292	365	415
	1293	378	425
	1294	358	421
	1295	392	425
	1296	370	425
	1297	369	422
	1298	367	428
	1299	382	439
	1300	372	424
	1301	376	434
	1302	361	410
	1303	372	431
	1304	360	414
	1305	375	437
	1306	369	427
	1307	366	425
	1308	354	411
	1309	363	426
	1310	370	419
	1311	370	434
	1312	362	423
	1313	382	430
	1314	371	426
	1315	366	434
	1316	371	422
	1317	365	421
	1318	358	429
	1319	372	426
	1320	354	434
	1321	365	430
	1322	362	430
	1323	370	429
	1324	358	423
	1325	369	429
	1326	350	429
	1327	365	423
	1328	371	438
	1329	369	413
	1330	371	425
	1331	392	437
	1332	346	412
	1333	367	425
	1334	362	432
	1335	373	430
	1336	352	425
	1337	358	425
	1338	349	419
	1339	353	441
	1340	368	426
	1341	362	443
	1342	350	431
	1343	373	421
	1344	340	424
	1345	350	433
	1346	357	424
	1347	350	428
	1348	347	408
	1349	362	438
	1350	360	421
	1351	361	448
	1352	353	412
	1353	355	424
	1354	341	424
	1355	368	432
	1356	344	411
	1357	347	421
	1358	349	435
	1359	351	426
	1360	350	417
	1361	356	427
	1362	342	422
	1363	338	431
	1364	338	423
	1365	356	429
	1366	347	417
	1367	337	432
	1368	340	422
	1369	356	425
	1370	347	422
	1371	356	423
	1372	410	420
	1373	351	418
	1374	338	435
	1375	355	435
	1376	337	411
	1377	356	436
	1378	333	419
	1379	349	426
	1380	341	425
	1381	417	428
	1382	332	426
	1383	346	426
	1384	341	428
	1385	351	433
	1386	348	416
	1387	359	433
	1388	332	412
	1389	344	421
	1390	337	418
	1391	356	431
	1392	334	413
	1393	343	451
	1394	322	427
	1395	356	430
	1396	342	431
	1397	343	408
	1398	334	419
	1399	348	440
	1400	339	419
	1401	346	434
	1402	341	426
	1403	349	424
	1404	339	419
	1405	353	414
	1406	332	412
	1407	340	429
	1408	341	401
	1409	349	416
	1410	343	440
	1411	356	419
	1412	337	430
	1413	351	432
	1414	335	426
	1415	354	430
	1416	330	422
	1417	331	405
	1418	336	422
	1419	348	422
	1420	319	421
	1421	337	431
	1422	316	428
	1423	342	435
	1424	332	429
	1425	346	434
	1426	325	417
	1427	335	420
	1428	319	428
	1429	339	429
	1430	327	431
	1431	334	421
	1432	332	417
	1433	345	421
	1434	318	426
	1435	348	416
	1436	316	430
	1437	342	420
	1438	327	421
	1439	327	423
	1440	327	417
	1441	334	424
	1442	337	429
	1443	328	420
	1444	323	424
	1445	333	413
	1446	314	425
	1447	345	421
	1448	328	416
	1449	328	435
	1450	313	419
	1451	326	427
	1452	302	422
	1453	315	420
	1454	315	429
	1455	323	444
	1456	315	417
	1457	330	416
	1458	328	409
	1459	317	434
	1460	322	420
	1461	319	419
	1462	327	430
	1463	348	442
	1464	323	409
	1465	325	421
	1466	309	420
	1467	301	423
	1468	315	430
	1469	323	420
	1470	303	426
	1471	308	438
	1472	312	410
	1473	316	432
	1474	308	432
	1475	328	426
	1476	306	423
	1477	320	426
	1478	310	404
	1479	316	424
	1480	326	405
	1481	318	410
	1482	312	405
	1483	307	421
	1484	298	420
	1485	314	421
	1486	310	407
	1487	311	432
	1488	291	406
	1489	316	414
	1490	298	425
	1491	316	425
	1492	310	422
	1493	311	421
	1494	313	413
	1495	307	434
	1496	304	403
	1497	309	428
	1498	292	411
	1499	312	423
	1500	303	423
	1501	306	427
	1502	310	414
	1503	313	429
	1504	306	413
	1505	307	424
	1506	307	416
	1507	321	426
	1508	304	410
	1509	304	423
	1510	302	420
	1511	317	424
	1512	314	401
	1513	312	419
	1514	287	412
	1515	291	424
	1516	294	408
	1517	308	422
	1518	298	415
	1519	303	416
	1520	313	413
	1521	301	413
	1522	301	411
	1523	301	416
	1524	291	416
	1525	305	411
	1526	293	399
	1527	310	428
	1528	308	417
	1529	304	427
	1530	304	412
	1531	377	428
	1532	284	434
	1533	320	432
	1534	304	418
	1535	302	427
	1536	298	409
	1537	294	413
	1538	295	407
	1539	308	421
	1540	295	409
	1541	308	427
	1542	306	403
	1543	323	427
	1544	297	419
	1545	295	424
	1546	292	402
	1547	296	428
	1548	291	425
	1549	307	412
	1550	301	414
	1551	298	431
	1552	304	421
	1553	316	410
	1554	295	420
	1555	322	426
	1556	308	433
	1557	325	417
	1558	322	466
	1559	321	419
	1560	315	404
	1561	340	409
	1562	339	423
	1563	340	434
	1564	346	420
	1565	352	432
	1566	356	419
	1567	358	426
	1568	354	423
	1569	381	434
	1570	373	411
	1571	379	502
	1572	359	421
	1573	366	436
	1574	375	441
	1575	391	422
	1576	388	442
	1577	395	432
	1578	397	445
	1579	402	431
	1580	401	429
	1581	405	448
	1582	400	451
	1583	402	457
	1584	411	433
	1585	408	444
	1586	410	441
	1587	407	451
	1588	389	443
	1589	414	447
	1590	401	428
	1591	402	446
	1592	390	436
	1593	405	432
	1594	398	433
	1595	409	451
	1596	398	435
	1597	464	441
	1598	417	437
	1599	415	470
	1600	389	451
	1601	405	439
	1602	384	442
	1603	402	429
	1604	392	430
	1605	402	446
	1606	384	426
	1607	395	449
	1608	393	452
	1609	422	453
	1610	382	439
	1611	406	454
	1612	381	430
	1613	392	450
	1614	399	429
	1615	394	440
	1616	385	434
	1617	404	434
	1618	386	422
	1619	402	448
	1620	392	436
	1621	391	451
	1622	402	444
	1623	387	439
	1624	405	439
	1625	410	445
	1626	394	439
	1627	410	446
	1628	381	448
	1629	381	450
	1630	386	443
	1631	401	452
	1632	385	441
	1633	394	443
	1634	378	443
	1635	410	452
	1636	393	432
	1637	386	452
	1638	375	441
	1639	386	448
	1640	384	440
	1641	387	440
	1642	367	426
	1643	385	446
	1644	374	439
	1645	394	439
	1646	451	430
	1647	395	433
	1648	375	442
	1649	383	459
	1650	381	431
	1651	373	450
	1652	382	428
	1653	396	453
	1654	393	439
	1655	415	433
	1656	369	428
	1657	392	451
	1658	380	430
	1659	387	438
	1660	380	445
	1661	380	445
	1662	381	438
	1663	392	435
	1664	373	443
	1665	391	445
	1666	385	437
	1667	396	443
	1668	367	436
	1669	374	444
	1670	379	442
	1671	392	430
	1672	361	438
	1673	391	427
	1674	372	419
	1675	382	435
	1676	378	435
	1677	376	436
	1678	364	430
	1679	371	447
	1680	355	427
	1681	360	447
	1682	345	442
	1683	363	433
	1684	349	437
	1685	349	431
	1686	345	428
	1687	366	446
	1688	339	437
	1689	348	443
	1690	313	428
	1691	329	434
	1692	312	438
	1693	316	445
	1694	312	435
	1695	313	440
	1696	294	434
	1697	303	435
	1698	296	430
	1699	304	427
	1700	289	418
	1701	284	423
	1702	265	422
	1703	279	421
	1704	268	412
	1705	298	417
	1706	264	396
	1707	273	410
	1708	261	413
	1709	272	424
	1710	264	409
	1711	263	411
	1712	252	405
	1713	255	413
	1714	261	417
	1715	295	405
	1716	246	406
	1717	251	407
	1718	262	411
	1719	247	425
	1720	256	401
	1721	263	414
	1722	253	403
	1723	260	414
	1724	237	406
	1725	258	417
	1726	320	402
	1727	249	424
	1728	264	406
	1729	251	418
	1730	250	394
	1731	259	423
	1732	260	411
	1733	248	413
	1734	246	401
	1735	243	398
	1736	239	418
	1737	258	411
	1738	244	408
	1739	252	405
	1740	264	400
	1741	243	406
	1742	250	408
	1743	275	405
	1744	247	394
	1745	240	415
	1746	245	399
	1747	249	414
	1748	268	411
	1749	253	407
	1750	237	406
	1751	249	410
	1752	245	400
	1753	258	397
	1754	248	412
	1755	250	413
	1756	235	412
	1757	244	403
	1758	236	409
	1759	248	422
	1760	240	413
	1761	252	406
	1762	248	413
	1763	251	406
	1764	238	400
	1765	251	414
	1766	246	402
	1767	245	410
	1768	241	398
	1769	244	421
	1770	236	405
	1771	251	418
	1772	242	397
	1773	236	421
	1774	240	409
	1775	235	408
	1776	234	409
	1777	241	413
	1778	249	406
	1779	254	408
	1780	247	410
	1781	244	420
	1782	254	408
	1783	246	403
	1784	242	404
	1785	244	411
	1786	234	411
	1787	241	412
	1788	245	406
	1789	242	414
	1790	235	405
	1791	253	409
	1792	225	406
	1793	235	414
	1794	227	405
	1795	225	411
	1796	236	402
	1797	240	408
	1798	230	390
	1799	245	409
	1800	231	402
	1801	236	407
	1802	221	408
	1803	249	409
	1804	242	398
	1805	237	400
	1806	230	413
	1807	257	402
	1808	227	395
	1809	236	405
	1810	233	397
	1811	244	402
	1812	222	414
	1813	232	406
	1814	222	410
	1815	235	408
	1816	233	414
	1817	229	409
	1818	232	409
	1819	244	409
	1820	235	393
	1821	236	416
	1822	222	409
	1823	251	410
	1824	226	394
	1825	237	410
	1826	234	402
	1827	229	416
	1828	230	405
	1829	232	409
	1830	235	416
	1831	232	416
	1832	224	400
	1833	236	396
	1834	219	395
	1835	252	409
	1836	215	393
	1837	232	403
	1838	229	403
	1839	235	407
	1840	224	400
	1841	236	413
	1842	234	416
	1843	237	404
	1844	230	389
	1845	241	405
	1846	216	404
	1847	239	396
	1848	234	400
	1849	245	407
	1850	228	405
	1851	236	396
	1852	224	411
	1853	231	398
	1854	223	392
	1855	222	405
	1856	221	399
	1857	241	411
	1858	230	400
	1859	231	412
	1860	225	398
	1861	228	402
	1862	248	394
	1863	236	399
	1864	235	402
	1865	240	409
	1866	218	400
	1867	229	405
	1868	221	402
	1869	220	405
	1870	213	414
	1871	227	398
	1872	241	402
	1873	229	403
	1874	220	395
	1875	226	406
	1876	227	400
	1877	245	415
	1878	228	397
	1879	246	414
	1880	244	402
	1881	234	402
	1882	226	395
	1883	247	400
	1884	229	397
	1885	225	408
	1886	224	390
	1887	227	418
	1888	236	391
	1889	243	405
	1890	219	417
	1891	225	409
	1892	219	398
	1893	242	402
	1894	222	409
	1895	219	421
	1896	219	393
	1897	228	409
	1898	238	400
	1899	240	417
	1900	223	395
	1901	237	398
	1902	221	405
	1903	247	409
	1904	232	400
	1905	241	398
	1906	216	405
	1907	305	405
	1908	222	395
	1909	232	408
	1910	234	394
	1911	231	408
	1912	218	398
	1913	232	404
	1914	232	414
	1915	229	405
	1916	243	402
	1917	238	407
	1918	242	389
	1919	227	402
	1920	219	411
	1921	227	454
	1922	233	398
	1923	246	401
	1924	223	391
	1925	229	411
	1926	223	407
	1927	230	397
	1928	219	395
	1929	236	418
	1930	227	394
	1931	231	387
	1932	220	401
	1933	236	400
	1934	225	398
	1935	237	407
	1936	219	395
	1937	230	403
	1938	220	398
	1939	232	401
	1940	233	389
	1941	235	411
	1942	221	395
	1943	228	402
	1944	221	393
	1945	219	416
	1946	218	390
	1947	228	419
	1948	224	393
	1949	213	407
	1950	221	415
	1951	230	394
	1952	212	408
	1953	232	403
	1954	227	404
	1955	233	398
	1956	230	399
	1957	221	407
	1958	221	399
	1959	225	400
	1960	219	401
	1961	231	414
	1962	216	398
	1963	231	411
	1964	211	401
	1965	223	406
	1966	233	404
	1967	246	398
	1968	225	406
	1969	234	415
	1970	210	411
	1971	226	405
	1972	229	398
	1973	224	399
	1974	220	398
	1975	222	399
	1976	215	400
	1977	230	405
	1978	226	411
	1979	220	413
	1980	212	392
	1981	228	404
	1982	222	392
	1983	234	402
	1984	214	400
	1985	227	413
	1986	218	400
	1987	222	409
	1988	215	405
	1989	222	395
	1990	215	399
	1991	224	395
	1992	222	396
	1993	228	403
	1994	213	395
	1995	229	407
	1996	213	392
	1997	230	398
	1998	222	401
	1999	227	405
	2000	209	402
	2001	213	409
	2002	219	390
	2003	223	396
	2004	215	419
	2005	222	415
	2006	209	403
	2007	219	408
	2008	212	405
	2009	223	394
	2010	204	408
	2011	212	411
	2012	206	412
	2013	217	416
	2014	208	408
	2015	222	402
	2016	206	402
	2017	209	396
	2018	200	393
	2019	210	388
	2020	207	390
	2021	217	406
	2022	214	406
	2023	213	394
	2024	204	405
	2025	209	405
	2026	192	411
	2027	209	404
	2028	201	398
	2029	220	398
	2030	209	393
	2031	218	410
	2032	198	386
	2033	223	405
	2034	210	382
	2035	208	404
	2036	195	398
	2037	219	395
	2038	199	407
	2039	215	408
	2040	213	401
	2041	215	409
	2042	208	393
	2043	205	402
	2044	192	415
	2045	212	391
	2046	200	408
	2047	216	405
	2048	207	395
	2049	212	402
	2050	205	387
	2051	209	393
	2052	192	396
	2053	218	393
	2054	206	402
	2055	207	399
	2056	197	387
	2057	196	402
	2058	206	388
	2059	207	401
	2060	200	394
	2061	213	396
	2062	195	391
	2063	206	405
	2064	200	388
	2065	211	404
	2066	200	392
	2067	217	401
	2068	206	398
	2069	210	398
	2070	203	394
	2071	204	421
	2072	204	396
	2073	199	416
	2074	197	397
	2075	204	400
	2076	200	403
	2077	209	401
	2078	196	404
	2079	224	398
	2080	211	407
	2081	206	390
	2082	198	396
	2083	203	391
	2084	205	391
	2085	214	407
	2086	198	388
	2087	205	395
	2088	200	390
	2089	204	402
	2090	195	394
	2091	211	393
	2092	197	386
	2093	207	412
	2094	209	387
	2095	223	415
	2096	193	398
	2097	207	396
	2098	201	397
	2099	203	395
	2100	198	400
	2101	204	412
	2102	204	394
	2103	212	401
	2104	205	391
	2105	221	394
	2106	210	399
	2107	211	402
	2108	198	388
	2109	204	399
	2110	201	383
	2111	222	402
	2112	194	387
	2113	218	391
	2114	212	405
	2115	205	398
	2116	198	396
	2117	210	403
	2118	194	410
	2119	206	401
	2120	198	396
	2121	228	388
	2122	200	408
	2123	221	410
	2124	198	409
	2125	208	399
	2126	205	395
	2127	200	400
	2128	204	387
	2129	198	402
	2130	201	405
	2131	210	400
	2132	201	400
	2133	198	403
	2134	197	400
	2135	212	388
	2136	196	394
	2137	202	405
	2138	197	396
	2139	210	392
	2140	204	401
	2141	215	396
	2142	198	386
	2143	215	402
	2144	203	402
	2145	220	399
	2146	205	391
	2147	203	405
	2148	211	399
	2149	197	395
	2150	197	395
	2151	219	403
	2152	209	411
	2153	213	388
	2154	203	398
	2155	196	398
	2156	195	404
	2157	218	393
	2158	201	390
	2159	205	405
	2160	193	389
	2161	201	403
	2162	196	385
	2163	213	394
	2164	198	391
	2165	214	405
	2166	207	399
	2167	208	391
	2168	197	400
	2169	203	404
	2170	199	582
	2171	219	399
	2172	199	386
	2173	202	397
	2174	201	391
	2175	203	397
	2176	207	390
	2177	205	404
	2178	196	401
	2179	218	396
	2180	196	386
	2181	202	394
	2182	201	399
	2183	219	395
	2184	211	389
	2185	205	403
	2186	193	394
	2187	216	407
	2188	195	397
	2189	202	405
	2190	195	385
	2191	202	411
	2192	194	403
	2193	205	410
	2194	191	456
	2195	204	402
	2196	194	387
	2197	206	402
	2198	193	399
	2199	203	406
	2200	196	395
	2201	213	402
	2202	191	396
	2203	212	401
	2204	200	383
	2205	296	400
	2206	201	393
	2207	204	384
	2208	192	394
	2209	206	402
	2210	204	388
	2211	210	399
	2212	198	387
	2213	202	401
	2214	194	392
	2215	203	399
	2216	199	392
	2217	212	404
	2218	201	399
	2219	203	403
	2220	196	388
	2221	204	391
	2222	196	403
	2223	221	396
	2224	196	392
	2225	211	381
	2226	194	396
	2227	213	395
	2228	206	392
	2229	201	404
	2230	197	389
	2231	213	400
	2232	201	390
	2233	202	408
	2234	209	391
	2235	213	400
	2236	198	397
	2237	223	394
	2238	197	400
	2239	208	419
	2240	204	389
	2241	211	394
	2242	203	396
	2243	203	407
	2244	208	390
	2245	197	400
	2246	204	397
	2247	223	394
	2248	203	393
	2249	209	396
	2250	207	390
	2251	196	404
	2252	190	391
	2253	210	390
	2254	197	384
	2255	205	388
	2256	197	386
	2257	216	394
	2258	203	389
	2259	210	401
	2260	192	403
	2261	210	400
	2262	196	398
	2263	199	407
	2264	208	395
	2265	205	403
	2266	197	394
	2267	197	399
	2268	206	392
	2269	205	386
	2270	203	393
	2271	211	400
	2272	194	398
	2273	196	402
	2274	212	391
	2275	205	401
	2276	199	401
	2277	204	400
	2278	194	395
	2279	210	407
	2280	199	390
	2281	207	398
	2282	215	394
	2283	202	401
	2284	194	396
	2285	210	400
	2286	205	391
	2287	204	400
	2288	207	385
	2289	204	407
	2290	201	397
	2291	221	403
	2292	203	401
	2293	201	392
	2294	205	396
	2295	199	409
	2296	195	394
	2297	210	402
	2298	204	403
	2299	202	391
	2300	197	394
	2301	200	397
	2302	203	399
	2303	209	412
	2304	190	407
	2305	210	403
	2306	200	398
	2307	210	406
	2308	196	390
	2309	207	398
	2310	201	381
	2311	212	399
	2312	189	382
	2313	214	399
	2314	194	388
	2315	204	403
	2316	201	385
	2317	199	395
	2318	198	392
	2319	201	399
	2320	194	399
	2321	215	400
	2322	197	392
	2323	212	397
	2324	192	396
	2325	222	397
	2326	192	392
	2327	210	398
	2328	196	401
	2329	215	398
	2330	224	385
	2331	211	397
	2332	198	389
	2333	215	395
	2334	191	387
	2335	213	392
	2336	196	389
	2337	195	400
	2338	194	384
	2339	204	406
	2340	188	394
	2341	209	405
	2342	196	389
	2343	195	402
	2344	192	394
	2345	208	397
	2346	196	397
	2347	207	388
	2348	196	401
	2349	202	393
	2350	195	398
	2351	194	404
	2352	196	392
	2353	211	390
	2354	194	391
	2355	211	398
	2356	193	396
	2357	203	397
	2358	195	392
	2359	197	400
	2360	189	388
	2361	198	399
	2362	190	400
	2363	204	412
	2364	202	398
	2365	213	393
	2366	190	388
	2367	197	394
	2368	204	381
	2369	205	396
	2370	202	391
	2371	211	392
	2372	199	397
	2373	209	401
	2374	201	391
	2375	214	403
	2376	188	394
	2377	201	405
	2378	189	390
	2379	205	398
	2380	194	390
	2381	204	410
	2382	210	401
	2383	217	404
	2384	195	385
	2385	199	386
	2386	202	395
	2387	212	385
	2388	197	388
	2389	207	398
	2390	198	386
	2391	214	409
	2392	199	384
	2393	207	391
	2394	202	378
	2395	205	390
	2396	201	390
	2397	206	407
	2398	195	384
	2399	210	404
	2400	195	426
	2401	202	391
	2402	186	392
	2403	269	398
	2404	198	393
	2405	203	396
	2406	197	392
	2407	197	397
	2408	196	402
	2409	196	408
	2410	192	390
	2411	215	397
	2412	200	396
	2413	203	405
	2414	194	377
	2415	218	400
	2416	196	392
	2417	213	445
	2418	196	406
	2419	215	390
	2420	195	389
	2421	221	400
	2422	204	389
	2423	200	396
	2424	191	388
	2425	222	401
	2426	193	398
	2427	216	408
	2428	195	375
	2429	211	399
	2430	194	390
	2431	217	399
	2432	200	395
	2433	200	426
	2434	201	410
	2435	211	396
	2436	207	384
	2437	205	404
	2438	193	386
	2439	211	399
	2440	196	394
	2441	199	399
	2442	208	395
	2443	210	401
	2444	191	385
	2445	204	398
	2446	210	393
	2447	202	392
	2448	195	391
	2449	194	395
	2450	193	397
	2451	207	400
	2452	204	392
	2453	207	399
	2454	201	398
	2455	214	391
	2456	199	394
	2457	193	396
	2458	208	395
	2459	219	393
	2460	205	387
	2461	199	399
	2462	198	393
	2463	191	399
	2464	207	428
	2465	187	396
	2466	206	386
	2467	205	409
	2468	204	395
	2469	206	408
	2470	199	403
	2471	200	396
	2472	195	381
	2473	199	397
	2474	208	397
	2475	218	403
	2476	198	391
	2477	198	412
	2478	198	400
	2479	196	393
	2480	197	408
	2481	213	419
	2482	193	389
	2483	200	399
	2484	202	390
	2485	209	392
	2486	197	388
	2487	198	393
	2488	195	401
	2489	197	396
	2490	197	395
	2491	203	396
	2492	196	388
	2493	202	390
	2494	203	395
	2495	213	419
	2496	197	392
	2497	191	398
	2498	193	391
	2499	200	404
	2500	201	384
	2501	198	405
	2502	208	393
	2503	195	398
	2504	211	387
	2505	197	399
	2506	200	386
	2507	198	414
	2508	202	385
	2509	202	401
	2510	197	401
	2511	206	396
	2512	199	403
	2513	200	420
	2514	185	386
	2515	204	404
	2516	195	393
	2517	206	405
	2518	196	398
	2519	216	397
	2520	201	395
	2521	193	386
	2522	184	397
	2523	210	400
	2524	212	391
	2525	205	395
	2526	195	393
	2527	205	391
	2528	193	391
	2529	206	391
	2530	189	396
	2531	204	405
	2532	198	390
	2533	194	392
	2534	198	402
	2535	208	404
	2536	196	395
	2537	220	407
	2538	198	380
	2539	204	400
	2540	191	386
	2541	204	417
	2542	195	400
	2543	212	401
	2544	193	390
	2545	199	401
	2546	200	393
	2547	197	395
	2548	196	404
	2549	211	398
	2550	194	391
	2551	197	403
	2552	200	396
	2553	207	403
	2554	198	388
	2555	200	408
	2556	196	388
	2557	206	403
	2558	194	394
	2559	207	403
	2560	197	394
	2561	206	402
	2562	210	389
	2563	200	396
	2564	201	401
	2565	200	391
	2566	194	402
	2567	207	454
	2568	200	391
	2569	203	404
	2570	193	389
	2571	217	403
	2572	190	387
	2573	206	411
	2574	201	391
	2575	211	402
	2576	191	392
	2577	210	397
	2578	192	387
	2579	209	392
	2580	193	396
	2581	214	403
	2582	186	405
	2583	195	401
	2584	193	389
	2585	207	390
	2586	197	387
	2587	195	395
	2588	191	381
	2589	204	404
	2590	207	382
	2591	203	403
	2592	193	381
	2593	202	400
	2594	195	393
	2595	198	389
	2596	197	386
	2597	197	396
	2598	199	390
	2599	198	400
	2600	196	391
	2601	199	391
	2602	194	391
	2603	199	395
	2604	206	383
	2605	203	395
	2606	191	391
	2607	200	390
	2608	189	395
	2609	205	392
	2610	198	402
	2611	201	386
	2612	200	394
	2613	198	385
	2614	192	392
	2615	219	406
	2616	193	381
	2617	209	389
	2618	195	390
	2619	207	393
	2620	192	394
	2621	200	396
	2622	191	398
	2623	201	403
	2624	200	390
	2625	199	391
	2626	253	387
	2627	199	399
	2628	200	395
	2629	201	396
	2630	200	387
	2631	196	401
	2632	208	387
	2633	195	406
	2634	200	390
	2635	216	395
	2636	195	386
	2637	201	387
	2638	191	397
	2639	198	388
	2640	189	397
	2641	217	405
	2642	195	397
	2643	204	404
	2644	181	392
	2645	200	404
	2646	200	392
	2647	199	404
	2648	185	389
	2649	205	402
	2650	199	397
	2651	207	393
	2652	200	388
	2653	199	399
	2654	200	391
	2655	202	390
	2656	199	392
	2657	197	392
	2658	199	388
	2659	207	399
	2660	199	394
	2661	207	391
	2662	205	387
	2663	206	401
	2664	188	386
	2665	198	393
	2666	196	392
	2667	195	398
	2668	198	394
	2669	203	396
	2670	196	393
	2671	212	400
	2672	196	396
	2673	204	408
	2674	193	407
	2675	198	407
	2676	190	390
	2677	194	404
	2678	191	393
	2679	201	397
	2680	194	388
	2681	201	399
	2682	193	392
	2683	209	403
	2684	194	392
	2685	205	392
	2686	203	384
	2687	201	394
	2688	204	390
	2689	213	393
	2690	202	391
	2691	214	392
	2692	192	397
	2693	206	389
	2694	189	387
	2695	190	402
	2696	193	387
	2697	195	395
	2698	198	393
	2699	217	419
	2700	196	394
	2701	199	396
	2702	192	397
	2703	211	406
	2704	200	399
	2705	211	404
	2706	197	399
	2707	210	386
	2708	198	395
	2709	206	400
	2710	198	393
	2711	210	404
	2712	196	390
	2713	198	399
	2714	201	395
	2715	213	403
	2716	195	374
	2717	199	401
	2718	188	393
	2719	209	404
	2720	188	384
	2721	259	403
	2722	206	395
	2723	206	399
	2724	195	392
	2725	214	408
	2726	240	393
	2727	207	402
	2728	195	394
	2729	204	404
	2730	199	393
	2731	204	402
	2732	190	392
	2733	204	401
	2734	192	399
	2735	203	405
	2736	192	381
	2737	197	405
	2738	214	394
	2739	206	399
	2740	198	399
	2741	207	387
	2742	201	392
	2743	209	402
	2744	210	406
	2745	202	397
	2746	209	390
	2747	226	393
	2748	193	400
	2749	202	403
	2750	202	397
	2751	196	409
	2752	192	388
	2753	209	392
	2754	201	387
	2755	200	405
	2756	192	388
	2757	206	403
	2758	196	393
	2759	203	405
	2760	191	393
	2761	203	408
	2762	194	402
	2763	225	391
	2764	184	397
	2765	207	394
	2766	194	390
	2767	212	407
	2768	192	390
	2769	207	388
	2770	194	390
	2771	219	408
	2772	194	387
	2773	210	401
	2774	190	389
	2775	207	393
	2776	185	389
	2777	203	401
	2778	203	392
	2779	205	389
	2780	203	406
	2781	206	398
	2782	190	392
	2783	268	396
	2784	196	397
	2785	199	400
	2786	207	386
	2787	203	402
	2788	196	393
	2789	204	401
	2790	193	393
	2791	200	397
	2792	195	399
	2793	200	401
	2794	195	393
	2795	208	390
	2796	201	386
	2797	214	402
	2798	196	393
	2799	201	393
	2800	195	396
	2801	204	416
	2802	199	443
	2803	203	407
	2804	192	398
	2805	208	394
	2806	207	390
	2807	202	405
	2808	203	393
	2809	205	391
	2810	197	393
	2811	197	400
	2812	195	404
	2813	199	408
	2814	191	397
	2815	205	392
	2816	195	396
	2817	207	402
	2818	201	409
	2819	209	406
	2820	198	384
	2821	212	397
	2822	193	393
	2823	210	404
	2824	203	389
	2825	208	399
	2826	198	378
	2827	210	405
	2828	197	384
	2829	208	395
	2830	202	388
	2831	253	392
	2832	199	397
	2833	204	385
	2834	202	388
	2835	207	389
	2836	204	395
	2837	199	417
	2838	211	387
	2839	207	400
	2840	198	383
	2841	206	402
	2842	198	382
	2843	201	395
	2844	199	391
	2845	201	405
	2846	202	388
	2847	200	396
	2848	198	385
	2849	200	396
	2850	193	394
	2851	207	396
	2852	190	394
	2853	215	394
	2854	197	392
	2855	208	394
	2856	195	397
	2857	210	397
	2858	193	398
	2859	226	424
	2860	201	387
	2861	225	393
	2862	199	392
	2863	207	397
	2864	198	390
	2865	198	398
	2866	195	395
	2867	216	396
	2868	192	387
	2869	218	395
	2870	213	392
	2871	203	382
	2872	197	389
	2873	198	396
	2874	194	387
	2875	213	405
	2876	202	372
	2877	203	412
	2878	204	405
	2879	201	401
	2880	193	389
	2881	200	395
	2882	189	389
	2883	219	398
	2884	194	387
	2885	199	400
	2886	191	392
	2887	211	394
	2888	199	397
	2889	374	383
	2890	201	396
	2891	204	417
	2892	203	393
	2893	203	408
	2894	198	383
	2895	213	399
	2896	194	397
	2897	204	408
	2898	202	392
	2899	208	405
	2900	200	385
	2901	214	397
	2902	191	390
	2903	206	396
	2904	197	395
	2905	202	407
	2906	196	400
	2907	202	393
	2908	201	394
	2909	202	399
	2910	190	392
	2911	204	438
	2912	192	392
	2913	209	407
	2914	202	429
	2915	211	398
	2916	190	395
	2917	216	393
	2918	203	401
	2919	210	396
	2920	244	389
	2921	204	405
	2922	201	395
	2923	206	398
	2924	199	395
	2925	198	397
	2926	203	391
	2927	199	402
	2928	202	388
	2929	202	405
	2930	194	403
	2931	200	402
	2932	195	391
	2933	207	395
	2934	194	397
	2935	204	386
	2936	195	397
	2937	198	398
	2938	189	396
	2939	203	397
	2940	199	403
	2941	199	395
	2942	193	397
	2943	207	400
	2944	191	397
	2945	207	392
	2946	192	391
	2947	212	396
	2948	204	384
	2949	198	398
	2950	192	396
	2951	207	408
	2952	201	391
	2953	211	404
	2954	191	394
	2955	202	398
	2956	207	403
	2957	207	394
	2958	204	406
	2959	219	397
	2960	196	390
	2961	198	398
	2962	193	390
	2963	204	389
	2964	194	391
	2965	201	394
	2966	205	387
	2967	207	400
	2968	201	390
	2969	204	412
	2970	197	398
	2971	214	397
	2972	203	392
	2973	208	400
	2974	191	397
	2975	211	404
	2976	194	389
	2977	216	394
	2978	200	390
	2979	214	395
	2980	201	387
	2981	210	394
	2982	197	386
	2983	208	402
	2984	189	386
	2985	207	400
	2986	188	396
	2987	204	402
	2988	190	396
	2989	208	388
	2990	200	389
	2991	198	391
	2992	205	399
	2993	203	397
	2994	196	386
	2995	215	394
	2996	204	390
	2997	207	390
	2998	221	388
	2999	216	394
	3000	194	388
	3001	205	397
	3002	203	390
	3003	212	398
	3004	206	397
	3005	202	397
	3006	203	391
	3007	207	405
	3008	197	392
	3009	203	393
	3010	193	392
	3011	211	396
	3012	199	390
	3013	201	401
	3014	199	399
	3015	206	387
	3016	216	398
	3017	207	398
	3018	200	393
	3019	212	394
	3020	193	392
	3021	205	407
	3022	193	399
	3023	198	389
	3024	195	389
	3025	216	401
	3026	197	390
	3027	207	387
	3028	190	382
	3029	212	394
	3030	190	383
	3031	212	400
	3032	199	394
	3033	212	397
	3034	205	386
	3035	196	401
	3036	191	389
	3037	193	398
	3038	197	393
	3039	195	399
	3040	189	392
	3041	209	415
	3042	195	399
	3043	211	395
	3044	201	391
	3045	201	396
	3046	198	394
	3047	203	393
	3048	198	388
	3049	207	402
	3050	203	393
	3051	213	396
	3052	197	391
	3053	200	401
	3054	192	388
	3055	196	404
	3056	200	382
	3057	204	408
	3058	194	396
	3059	198	401
	3060	198	400
	3061	202	398
	3062	197	397
	3063	209	396
	3064	188	395
	3065	205	396
	3066	188	402
	3067	199	400
	3068	202	390
	3069	203	397
	3070	200	388
	3071	199	395
	3072	199	394
	3073	194	395
	3074	195	377
	3075	203	396
	3076	198	380
	3077	201	415
	3078	193	391
	3079	207	405
	3080	190	389
	3081	206	406
	3082	191	386
	3083	208	402
	3084	198	406
	3085	204	386
	3086	198	388
	3087	198	402
	3088	194	383
	3089	207	402
	3090	202	393
	3091	201	401
	3092	207	388
	3093	195	398
	3094	201	385
	3095	207	382
	3096	204	394
	3097	209	399
	3098	197	388
	3099	202	411
	3100	192	397
	3101	209	391
	3102	202	397
	3103	199	396
	3104	195	394
	3105	205	400
	3106	191	389
	3107	207	392
	3108	196	393
	3109	202	398
	3110	202	395
	3111	202	408
	3112	189	400
	3113	199	404
	3114	187	400
	3115	207	407
	3116	199	385
	3117	208	397
	3118	196	397
	3119	205	393
	3120	190	398
	3121	198	392
	3122	200	392
	3123	203	401
	3124	197	389
	3125	199	400
	3126	189	401
	3127	209	401
	3128	187	399
	3129	213	397
	3130	193	397
	3131	207	408
	3132	198	379
	3133	206	395
	3134	196	394
	3135	207	401
	3136	206	390
	3137	201	394
	3138	199	384
	3139	199	407
	3140	193	386
	3141	206	394
	3142	202	389
	3143	190	394
	3144	191	399
	3145	201	392
	3146	233	386
	3147	194	406
	3148	189	392
	3149	202	400
	3150	201	391
	3151	213	387
	3152	190	398
	3153	203	404
	3154	192	386
	3155	204	400
	3156	193	398
	3157	204	394
	3158	195	402
	3159	195	385
	3160	193	401
	3161	198	413
	3162	199	394
	3163	208	400
	3164	193	399
	3165	210	397
	3166	205	396
	3167	214	406
	3168	196	388
	3169	204	398
	3170	188	380
	3171	207	403
	3172	193	384
	3173	210	393
	3174	198	388
	3175	203	399
	3176	197	402
	3177	217	388
	3178	193	393
	3179	204	399
	3180	200	394
	3181	201	393
	3182	195	384
	3183	202	396
	3184	200	386
	3185	249	397
	3186	201	386
	3187	201	401
	3188	200	400
	3189	217	387
	3190	188	400
	3191	219	395
	3192	199	391
	3193	200	398
	3194	199	391
	3195	210	395
	3196	191	396
	3197	209	395
	3198	192	386
	3199	209	396
	3200	200	386
	3201	199	402
	3202	199	389
	3203	202	391
	3204	193	393
	3205	206	405
	3206	188	391
	3207	203	407
	3208	193	387
	3209	197	404
	3210	196	403
	3211	215	400
	3212	188	392
	3213	209	407
	3214	185	397
	3215	207	399
	3216	199	391
	3217	202	395
	3218	204	391
	3219	209	401
	3220	192	394
	3221	191	405
	3222	198	391
	3223	210	452
	3224	194	385
	3225	203	414
	3226	194	400
	3227	194	397
	3228	194	391
	3229	199	391
	3230	196	387
	3231	210	396
	3232	186	386
	3233	208	400
	3234	193	381
	3235	204	398
	3236	205	399
	3237	205	399
	3238	195	386
	3239	201	405
	3240	199	391
	3241	207	440
	3242	195	389
	3243	202	398
	3244	194	387
	3245	198	396
	3246	195	414
	3247	216	398
	3248	192	394
	3249	194	391
	3250	192	396
	3251	205	398
	3252	199	384
	3253	212	397
	3254	190	396
	3255	204	398
	3256	191	392
	3257	188	396
	3258	190	388
	3259	200	398
	3260	188	391
	3261	208	386
	3262	191	395
	3263	199	401
	3264	192	387
	3265	194	386
	3266	190	387
	3267	209	395
	3268	194	388
	3269	204	397
	3270	193	386
	3271	213	390
	3272	202	390
	3273	197	397
	3274	194	394
	3275	212	395
	3276	200	381
	3277	212	403
	3278	196	394
	3279	211	400
	3280	197	386
	3281	202	386
	3282	202	391
	3283	212	398
	3284	194	403
	3285	253	397
	3286	202	394
	3287	210	420
	3288	194	391
	3289	208	412
	3290	197	396
	3291	204	406
	3292	190	391
	3293	220	409
	3294	192	391
	3295	204	386
	3296	202	386
	3297	203	390
	3298	197	389
	3299	203	388
	3300	191	394
	3301	205	400
	3302	194	392
	3303	209	393
	3304	200	392
	3305	198	393
	3306	203	380
	3307	200	401
	3308	190	390
	3309	196	402
	3310	188	385
	3311	200	397
	3312	190	395
	3313	205	407
	3314	194	406
	3315	199	394
	3316	191	384
	3317	205	403
	3318	195	386
	3319	206	395
	3320	195	395
	3321	208	393
	3322	221	390
	3323	215	392
	3324	190	389
	3325	201	395
	3326	198	384
	3327	188	409
	3328	201	393
	3329	204	398
	3330	193	378
	3331	207	404
	3332	201	392
	3333	210	399
	3334	198	398
	3335	204	401
	3336	193	392
	3337	205	398
	3338	195	394
	3339	206	394
	3340	197	383
	3341	189	409
	3342	201	397
	3343	205	405
	3344	197	389
	3345	211	393
	3346	193	407
	3347	225	396
	3348	200	390
	3349	212	398
	3350	194	404
	3351	202	394
	3352	204	399
	3353	211	394
	3354	204	389
	3355	205	400
	3356	197	386
	3357	207	391
	3358	195	391
	3359	208	399
	3360	182	385
	3361	210	399
	3362	206	392
	3363	201	393
	3364	200	381
	3365	205	409
	3366	201	390
	3367	205	403
	3368	193	388
	3369	204	405
	3370	205	393
	3371	215	392
	3372	199	389
	3373	204	389
	3374	198	382
	3375	198	395
	3376	195	394
	3377	206	395
	3378	199	390
	3379	210	400
	3380	192	389
	3381	204	400
	3382	199	390
	3383	213	397
	3384	197	389
	3385	216	401
	3386	192	397
	3387	211	400
	3388	198	383
	3389	200	393
	3390	201	397
	3391	201	395
	3392	194	390
	3393	202	399
	3394	203	397
	3395	212	392
	3396	193	400
	3397	203	394
	3398	188	382
	3399	208	404
	3400	196	394
	3401	204	394
	3402	196	401
	3403	206	396
	3404	204	389
	3405	205	393
	3406	197	387
	3407	206	392
	3408	189	395
	3409	210	394
	3410	200	387
	3411	194	394
	3412	199	390
	3413	216	405
	3414	199	385
	3415	212	395
	3416	193	386
	3417	206	401
	3418	194	394
	3419	205	404
	3420	196	384
	3421	204	394
	3422	193	397
	3423	210	396
	3424	197	384
	3425	202	394
	3426	202	389
	3427	199	395
	3428	195	402
	3429	209	397
	3430	194	399
	3431	212	389
	3432	206	393
	3433	206	405
	3434	204	391
	3435	213	404
	3436	195	387
	3437	203	409
	3438	194	395
	3439	196	396
	3440	201	395
	3441	209	397
	3442	193	394
	3443	201	396
	3444	195	383
	3445	208	393
	3446	203	390
	3447	201	392
	3448	201	396
	3449	205	400
	3450	200	389
	3451	196	406
	3452	207	396
	3453	199	390
	3454	203	399
	3455	218	409
	3456	199	376
	3457	212	398
	3458	188	394
	3459	207	393
	3460	204	385
	3461	197	416
	3462	201	410
	3463	219	400
	3464	197	394
	3465	211	401
	3466	191	397
	3467	196	411
	3468	193	387
	3469	204	392
	3470	198	398
	3471	213	406
	3472	197	452
	3473	198	398
	3474	203	386
	3475	204	389
	3476	193	388
	3477	214	400
	3478	201	434
	3479	211	396
	3480	195	394
	3481	212	392
	3482	199	387
	3483	201	396
	3484	186	383
	3485	207	405
	3486	195	390
	3487	203	402
	3488	206	396
	3489	205	408
	3490	195	383
	3491	210	395
	3492	198	386
	3493	202	397
	3494	203	390
	3495	203	402
	3496	197	384
	3497	198	391
	3498	194	397
	3499	209	393
	3500	197	401
	3501	206	394
	3502	194	395
	3503	212	396
	3504	204	390
	3505	205	394
	3506	189	382
	3507	202	387
	3508	196	394
	3509	208	399
	3510	203	387
	3511	208	401
	3512	191	389
	3513	204	402
	3514	194	389
	3515	204	406
	3516	200	389
	3517	213	390
	3518	202	388
	3519	199	391
	3520	184	385
	3521	203	399
	3522	203	388
	3523	211	393
	3524	193	384
	3525	207	400
	3526	203	384
	3527	199	394
	3528	191	389
	3529	203	401
	3530	200	390
	3531	202	412
	3532	202	390
	3533	200	406
	3534	194	387
	3535	201	398
	3536	196	390
	3537	206	406
	3538	201	387
	3539	197	396
	3540	191	431
	3541	210	399
	3542	202	395
	3543	213	397
	3544	191	378
	3545	192	390
	3546	202	386
	3547	201	400
	3548	186	388
	3549	208	396
	3550	232	431
	3551	204	399
	3552	198	394
	3553	210	400
	3554	191	385
	3555	213	410
	3556	197	382
	3557	204	398
	3558	198	389
	3559	198	418
	3560	203	380
	3561	203	395
	3562	206	393
	3563	211	400
	3564	198	391
	3565	206	398
	3566	193	387
	3567	202	404
	3568	185	402
	3569	209	394
	3570	198	397
	3571	205	404
	3572	194	386
	3573	197	405
	3574	201	388
	3575	194	393
	3576	193	387
	3577	211	396
	3578	193	382
	3579	197	408
	3580	191	392
	3581	211	401
	3582	207	391
	3583	251	393
	3584	191	394
	3585	202	400
	3586	208	395
	3587	198	392
	3588	190	396
	3589	200	394
	3590	207	389
	3591	207	402
	3592	193	381
	3593	213	397
	3594	206	391
	3595	216	386
	3596	203	391
	3597	207	405
	3598	196	380
	3599	217	406
	3600	199	395
	3601	208	395
	3602	192	390
	3603	222	391
	3604	195	386
	3605	201	388
	3606	194	385
	3607	205	393
	3608	192	398
	3609	205	400
	3610	198	395
	3611	211	405
	3612	194	381
	3613	196	397
	3614	196	400
	3615	207	397
	3616	195	382
	3617	208	396
	3618	190	392
	3619	201	402
	3620	201	387
	3621	205	397
	3622	201	385
	3623	196	387
	3624	188	391
	3625	199	393
	3626	184	387
	3627	209	397
	3628	192	383
	3629	211	395
	3630	192	387
	3631	206	393
	3632	204	392
	3633	212	396
	3634	198	391
	3635	216	411
	3636	205	390
	3637	215	400
	3638	202	387
	3639	212	388
	3640	196	389
	3641	203	401
	3642	193	393
	3643	207	399
	3644	201	387
	3645	201	395
	3646	194	390
	3647	203	391
	3648	196	399
	3649	211	385
	3650	200	389
	3651	210	404
	3652	195	384
	3653	199	397
	3654	208	392
	3655	204	400
	3656	198	394
	3657	206	399
	3658	205	393
	3659	202	396
	3660	189	398
	3661	214	402
	3662	196	398
	3663	212	399
	3664	202	395
	3665	197	406
	3666	197	394
	3667	223	397
	3668	188	393
	3669	214	401
	3670	197	384
	3671	211	399
	3672	200	386
	3673	207	400
	3674	198	393
	3675	210	402
	3676	197	395
	3677	202	399
	3678	194	392
	3679	192	393
	3680	197	392
	3681	214	388
	3682	208	389
	3683	206	403
	3684	190	385
	3685	197	408
	3686	197	383
	3687	197	398
	3688	188	388
	3689	203	391
	3690	195	398
	3691	206	405
	3692	202	394
	3693	202	402
	3694	197	392
	3695	210	396
	3696	195	390
	3697	213	400
	3698	202	391
	3699	205	390
	3700	238	392
	3701	204	387
	3702	193	400
	3703	210	391
	3704	202	393
	3705	206	396
	3706	196	395
	3707	207	399
	3708	192	379
	3709	196	403
	3710	189	390
	3711	210	396
	3712	194	388
	3713	205	397
	3714	187	386
	3715	198	388
	3716	192	383
	3717	193	380
	3718	183	373
	3719	196	384
	3720	195	390
	3721	194	403
	3722	185	372
	3723	194	395
