	0	19	37
	1	18	38
	2	18	40
	3	16	39
	4	16	38
	5	19	41
	6	17	37
	7	18	38
	8	20	40
	9	19	39
	10	14	39
	11	18	40
	12	15	37
	13	20	39
	14	18	38
	15	17	35
	16	19	39
	17	17	38
	18	17	40
	19	18	40
	20	19	39
	21	18	39
	22	16	39
	23	19	35
	24	18	39
	25	17	40
	26	21	43
	27	24	41
	28	18	41
	29	20	41
	30	21	43
	31	23	45
	32	22	42
	33	22	39
	34	20	43
	35	20	41
	36	22	42
	37	22	43
	38	17	41
	39	19	44
	40	19	43
	41	23	44
	42	21	40
	43	22	42
	44	21	38
	45	24	40
	46	21	41
	47	22	42
	48	21	41
	49	21	41
	50	20	42
	51	23	45
	52	22	42
	53	23	42
	54	19	39
	55	22	42
	56	22	43
	57	20	44
	58	22	41
	59	25	41
	60	22	42
	61	22	43
	62	22	39
	63	22	41
	64	21	42
	65	22	44
	66	24	41
	67	25	41
	68	22	46
	69	25	42
	70	20	42
	71	22	43
	72	22	45
	73	24	44
	74	22	42
	75	24	44
	76	22	43
	77	24	43
	78	22	41
	79	23	44
	80	20	45
	81	19	43
	82	23	44
	83	20	47
	84	20	42
	85	22	41
	86	25	42
	87	24	44
	88	19	43
	89	20	42
	90	23	43
	91	24	44
	92	25	43
	93	22	45
	94	21	45
	95	24	43
	96	21	52
	97	21	45
	98	23	44
	99	23	42
	100	22	43
	101	23	42
	102	21	42
	103	22	44
	104	23	43
	105	23	44
	106	24	47
	107	23	43
	108	20	42
	109	23	47
	110	24	42
	111	23	44
	112	24	43
	113	21	43
	114	21	41
	115	23	43
	116	23	42
	117	24	42
	118	22	41
	119	23	42
	120	20	41
	121	23	43
	122	19	43
	123	20	48
	124	23	42
	125	23	47
	126	22	43
	127	24	44
	128	24	40
	129	22	43
	130	21	44
	131	22	46
	132	23	43
	133	23	44
	134	23	42
	135	26	42
	136	30	43
	137	27	43
	138	22	46
	139	23	43
	140	22	42
	141	29	42
	142	23	42
	143	25	41
	144	21	42
	145	23	43
	146	26	42
	147	22	43
	148	24	46
	149	23	45
	150	23	42
	151	24	46
	152	21	43
	153	22	44
	154	22	44
	155	23	43
	156	21	43
	157	24	44
	158	22	45
	159	21	48
	160	23	48
	161	21	42
	162	22	46
	163	27	43
	164	22	42
	165	25	48
	166	27	43
	167	24	45
	168	22	42
	169	26	45
	170	25	41
	171	23	47
	172	23	44
	173	24	43
	174	24	45
	175	22	46
	176	23	43
	177	26	47
	178	24	47
	179	22	44
	180	23	47
	181	25	43
	182	24	44
	183	24	44
	184	23	41
	185	22	44
	186	21	47
	187	24	48
	188	25	45
	189	24	42
	190	23	45
	191	23	46
	192	23	44
	193	24	47
	194	19	47
	195	21	44
	196	23	45
	197	25	42
	198	23	41
	199	25	45
	200	23	44
	201	24	45
	202	25	45
	203	24	46
	204	23	41
	205	24	43
	206	20	44
	207	24	41
	208	24	42
	209	24	43
	210	24	47
	211	24	42
	212	21	44
	213	24	44
	214	20	47
	215	25	45
	216	25	40
	217	21	48
	218	23	45
	219	24	52
	220	23	47
	221	24	47
	222	25	44
	223	25	47
	224	23	44
	225	25	44
	226	23	43
	227	22	45
	228	23	45
	229	22	46
	230	23	47
	231	23	48
	232	23	44
	233	25	43
	234	23	44
	235	25	45
	236	24	45
	237	26	42
	238	25	45
	239	23	43
	240	23	44
	241	21	48
	242	22	42
	243	22	44
	244	23	47
	245	22	44
	246	22	47
	247	23	45
	248	23	46
	249	24	46
	250	25	46
	251	23	47
	252	23	45
	253	23	45
	254	24	42
	255	27	49
	256	21	43
	257	24	48
	258	23	47
	259	25	43
	260	24	44
	261	23	45
	262	24	44
	263	26	43
	264	21	43
	265	21	47
	266	21	48
	267	24	44
	268	22	45
	269	21	45
	270	21	43
	271	23	46
	272	21	41
	273	23	43
	274	20	41
	275	25	44
	276	17	44
	277	22	44
	278	24	44
	279	24	46
	280	23	43
	281	22	46
	282	21	44
	283	25	47
	284	26	43
	285	22	44
	286	21	46
	287	23	44
	288	22	45
	289	24	44
	290	27	41
	291	22	41
	292	23	46
	293	24	42
	294	23	45
	295	23	46
	296	18	41
	297	23	44
	298	30	42
	299	23	44
	300	20	45
	301	25	44
	302	19	41
	303	24	45
	304	22	44
	305	23	43
	306	23	47
	307	22	44
	308	23	44
	309	23	43
	310	20	44
	311	24	43
	312	21	45
	313	22	42
	314	20	43
	315	23	44
	316	22	42
	317	22	47
	318	21	42
	319	21	45
	320	22	44
	321	22	46
	322	22	48
	323	24	43
	324	24	41
	325	23	41
	326	19	44
	327	22	47
	328	21	42
	329	23	46
	330	20	46
	331	25	46
	332	22	41
	333	22	47
	334	21	42
	335	23	44
	336	18	42
	337	23	42
	338	23	43
	339	25	47
	340	22	41
	341	21	45
	342	19	43
	343	23	45
	344	20	42
	345	23	42
	346	20	45
	347	23	42
	348	23	44
	349	23	44
	350	22	42
	351	23	46
	352	20	43
	353	24	47
	354	20	41
	355	25	46
	356	20	45
	357	20	45
	358	23	44
	359	23	41
	360	25	42
	361	24	46
	362	23	44
	363	23	44
	364	22	45
	365	26	45
	366	22	43
	367	21	44
	368	22	45
	369	24	41
	370	24	46
	371	25	43
	372	22	43
	373	24	44
	374	23	46
	375	23	44
	376	23	41
	377	24	42
	378	19	45
	379	25	44
	380	18	44
	381	22	44
	382	21	44
	383	24	43
	384	23	44
	385	24	43
	386	20	42
	387	23	43
	388	20	41
	389	24	44
	390	22	42
	391	23	46
	392	22	45
	393	22	43
	394	23	41
	395	25	44
	396	23	44
	397	20	40
	398	23	45
	399	23	49
	400	21	42
	401	21	46
	402	24	42
	403	19	45
	404	22	43
	405	24	46
	406	21	46
	407	21	47
	408	22	45
	409	22	43
	410	21	47
	411	22	44
	412	21	41
	413	24	44
	414	21	44
	415	20	42
	416	22	44
	417	23	44
	418	27	47
	419	23	48
	420	23	45
	421	21	46
	422	23	43
	423	21	45
	424	24	45
	425	22	44
	426	20	44
	427	21	46
	428	19	43
	429	24	46
	430	21	47
	431	25	48
	432	22	43
	433	24	47
	434	22	45
	435	23	48
	436	20	45
	437	25	44
	438	25	44
	439	21	45
	440	23	44
	441	23	48
	442	21	41
	443	25	46
	444	25	42
	445	24	45
	446	21	42
	447	23	44
	448	20	43
	449	25	46
	450	23	45
	451	24	42
	452	31	42
	453	23	46
	454	24	43
	455	21	44
	456	23	43
	457	25	44
	458	23	42
	459	24	46
	460	22	44
	461	23	44
	462	23	47
	463	24	46
	464	21	44
	465	23	46
	466	25	43
	467	23	47
	468	22	44
	469	26	44
	470	24	45
	471	24	46
	472	22	47
	473	25	48
	474	25	44
	475	23	45
	476	27	45
	477	23	46
	478	25	46
	479	25	46
	480	21	43
	481	22	45
	482	23	43
	483	24	46
	484	24	46
	485	24	44
	486	25	46
	487	22	46
	488	23	44
	489	25	42
	490	24	44
	491	27	47
	492	22	47
	493	23	46
	494	22	42
	495	25	44
	496	25	45
	497	24	45
	498	22	46
	499	25	47
	500	24	44
	501	25	43
	502	25	47
	503	22	45
	504	22	46
	505	22	45
	506	24	45
	507	22	48
	508	22	46
	509	23	41
	510	22	44
	511	26	45
	512	23	46
	513	23	48
	514	23	43
	515	23	44
	516	26	48
	517	24	50
	518	26	48
	519	25	48
	520	22	45
	521	20	48
	522	24	46
	523	22	48
	524	26	46
	525	27	46
	526	24	47
	527	26	48
	528	24	43
	529	26	48
	530	25	46
	531	25	48
	532	22	45
	533	24	48
	534	23	45
	535	23	47
	536	24	49
	537	23	45
	538	24	46
	539	26	47
	540	23	47
	541	24	47
	542	25	48
	543	27	45
	544	27	46
	545	27	48
	546	23	48
	547	29	47
	548	28	47
	549	26	47
	550	27	48
	551	27	47
	552	25	45
	553	23	47
	554	26	45
	555	24	48
	556	23	48
	557	26	52
	558	26	48
	559	25	52
	560	24	46
	561	27	52
	562	23	50
	563	24	49
	564	25	48
	565	25	43
	566	26	49
	567	27	51
	568	24	46
	569	27	48
	570	25	47
	571	26	47
	572	27	46
	573	25	47
	574	25	45
	575	28	46
	576	26	48
	577	25	47
	578	25	46
	579	27	49
	580	26	48
	581	25	45
	582	24	49
	583	24	52
	584	26	50
	585	24	48
	586	24	51
	587	25	49
	588	24	49
	589	31	49
	590	25	48
	591	29	52
	592	25	46
	593	24	49
	594	27	50
	595	26	49
	596	26	49
	597	26	49
	598	27	47
	599	27	49
	600	28	47
	601	27	47
	602	27	52
	603	27	49
	604	26	48
	605	26	50
	606	31	47
	607	27	50
	608	25	49
	609	28	47
	610	29	49
	611	24	51
	612	26	52
	613	27	48
	614	28	48
	615	28	49
	616	26	51
	617	28	51
	618	28	48
	619	27	53
	620	27	48
	621	26	48
	622	28	50
	623	33	50
	624	27	51
	625	28	52
	626	28	50
	627	27	53
	628	29	49
	629	29	48
	630	29	51
	631	31	49
	632	28	50
	633	27	53
	634	26	55
	635	29	49
	636	28	54
	637	29	52
	638	28	55
	639	28	55
	640	29	53
	641	26	49
	642	27	52
	643	31	53
	644	28	48
	645	27	50
	646	29	50
	647	29	50
	648	32	50
	649	26	54
	650	28	52
	651	31	55
	652	26	50
	653	29	53
	654	26	53
	655	29	55
	656	29	52
	657	31	50
	658	27	50
	659	28	55
	660	26	52
	661	31	54
	662	29	53
	663	27	52
	664	29	49
	665	30	51
	666	30	51
	667	29	57
	668	29	52
	669	27	54
	670	29	51
	671	31	52
	672	29	57
	673	33	52
	674	30	56
	675	30	55
	676	31	54
	677	33	59
	678	32	50
	679	32	55
	680	26	55
	681	28	60
	682	31	54
	683	29	58
	684	28	54
	685	29	55
	686	27	54
	687	30	54
	688	31	53
	689	31	55
	690	29	53
	691	30	56
	692	29	54
	693	30	54
	694	28	57
	695	30	53
	696	31	58
	697	28	58
	698	32	55
	699	28	54
	700	27	54
	701	28	56
	702	30	53
	703	29	53
	704	29	56
	705	31	52
	706	31	58
	707	31	55
	708	37	54
	709	31	53
	710	31	54
	711	32	56
	712	27	55
	713	30	54
	714	28	57
	715	31	58
	716	32	56
	717	30	57
	718	30	55
	719	33	54
	720	32	53
	721	33	57
	722	31	54
	723	32	58
	724	32	58
	725	29	55
	726	31	61
	727	29	56
	728	32	56
	729	32	57
	730	31	57
	731	27	59
	732	28	58
	733	31	56
	734	30	55
	735	32	60
	736	33	56
	737	33	57
	738	29	57
	739	31	60
	740	29	58
	741	33	59
	742	31	59
	743	31	59
	744	29	56
	745	30	57
	746	29	61
	747	31	56
	748	33	58
	749	35	60
	750	29	56
	751	31	57
	752	30	56
	753	30	59
	754	30	56
	755	32	56
	756	33	55
	757	33	57
	758	29	59
	759	31	58
	760	30	59
	761	28	58
	762	30	58
	763	32	60
	764	30	57
	765	32	56
	766	30	59
	767	30	57
	768	27	56
	769	31	56
	770	29	53
	771	31	58
	772	31	57
	773	29	56
	774	31	58
	775	32	58
	776	36	55
	777	29	59
	778	30	56
	779	30	57
	780	31	59
	781	33	55
	782	31	57
	783	31	56
	784	31	56
	785	32	56
	786	28	58
	787	31	58
	788	31	57
	789	31	58
	790	28	55
	791	33	57
	792	29	52
	793	28	57
	794	30	57
	795	29	56
	796	31	55
	797	28	59
	798	27	56
	799	29	56
	800	31	58
	801	30	56
	802	28	56
	803	30	62
	804	27	56
	805	33	54
	806	28	56
	807	28	58
	808	28	59
	809	31	56
	810	27	53
	811	27	59
	812	29	56
	813	26	54
	814	28	56
	815	31	56
	816	28	59
	817	28	54
	818	24	53
	819	28	52
	820	30	52
	821	24	56
	822	29	56
	823	27	57
	824	27	54
	825	27	55
	826	28	53
	827	28	56
	828	27	56
	829	29	56
	830	26	54
	831	30	57
	832	25	52
	833	29	53
	834	31	55
	835	26	54
	836	27	51
	837	31	53
	838	25	54
	839	28	53
	840	29	49
	841	25	53
	842	29	51
	843	26	55
	844	29	54
	845	29	51
	846	27	53
	847	28	56
	848	27	51
	849	27	53
	850	26	52
	851	26	52
	852	27	51
	853	27	55
	854	28	52
	855	28	54
	856	29	51
	857	25	51
	858	25	53
	859	27	50
	860	27	49
	861	25	52
	862	27	50
	863	26	53
	864	26	52
	865	28	51
	866	29	50
	867	26	53
	868	28	53
	869	28	54
	870	23	53
	871	26	54
	872	25	53
	873	27	52
	874	27	51
	875	28	51
	876	26	49
	877	28	48
	878	25	48
	879	29	53
	880	27	51
	881	27	51
	882	26	48
	883	25	50
	884	24	50
	885	25	55
	886	25	53
	887	26	50
	888	25	49
	889	26	53
	890	25	52
	891	25	52
	892	25	54
	893	28	51
	894	25	50
	895	27	53
	896	26	57
	897	24	52
	898	25	51
	899	26	52
	900	25	51
	901	27	51
	902	24	53
	903	25	51
	904	26	47
	905	24	50
	906	24	48
	907	27	51
	908	26	50
	909	27	51
	910	26	51
	911	27	48
	912	24	49
	913	25	52
	914	25	49
	915	26	50
	916	21	50
	917	24	49
	918	23	49
	919	26	51
	920	24	48
	921	26	49
	922	24	48
	923	25	53
	924	26	50
	925	24	49
	926	24	49
	927	26	49
	928	24	49
	929	28	51
	930	25	52
	931	25	52
	932	24	47
	933	26	49
	934	26	48
	935	25	50
	936	24	48
	937	23	48
	938	24	48
	939	25	51
	940	23	46
	941	22	51
	942	23	48
	943	23	47
	944	24	48
	945	28	50
	946	25	48
	947	24	49
	948	26	46
	949	25	47
	950	24	54
	951	25	47
	952	24	48
	953	25	48
	954	23	46
	955	24	49
	956	25	47
	957	22	50
	958	24	44
	959	26	47
	960	24	47
	961	27	48
	962	25	47
	963	24	50
	964	21	48
	965	22	47
	966	24	48
	967	22	45
	968	25	46
	969	25	47
	970	23	49
	971	24	46
	972	23	45
	973	24	48
	974	22	46
	975	22	48
	976	22	47
	977	24	45
	978	22	48
	979	24	48
	980	23	46
	981	24	48
	982	25	47
	983	24	45
	984	23	45
	985	24	48
	986	21	45
	987	23	49
	988	25	45
	989	21	48
	990	23	46
	991	22	46
	992	19	48
	993	22	49
	994	19	46
	995	22	48
	996	18	47
	997	25	47
	998	21	46
	999	22	48
	1000	27	45
	1001	22	46
	1002	23	46
	1003	24	47
	1004	24	47
	1005	24	48
	1006	22	47
	1007	22	46
	1008	21	46
	1009	22	45
	1010	24	43
	1011	22	46
	1012	21	43
	1013	27	45
	1014	22	45
	1015	27	45
	1016	23	47
	1017	22	47
	1018	24	44
	1019	24	47
	1020	21	43
	1021	21	48
	1022	22	46
	1023	25	43
	1024	22	44
	1025	22	43
	1026	21	46
	1027	26	47
	1028	22	41
	1029	23	44
	1030	19	43
	1031	21	45
	1032	20	46
	1033	22	40
	1034	20	47
	1035	22	42
	1036	23	46
	1037	19	46
	1038	22	41
	1039	23	45
	1040	23	43
	1041	23	43
	1042	23	45
	1043	23	45
	1044	22	49
	1045	24	43
	1046	21	43
	1047	22	48
	1048	22	45
	1049	22	43
	1050	21	44
	1051	20	44
	1052	23	44
	1053	23	43
	1054	22	43
	1055	25	51
	1056	19	43
	1057	23	44
	1058	26	46
	1059	25	44
	1060	23	44
	1061	23	43
	1062	22	43
	1063	27	43
	1064	24	44
	1065	20	45
	1066	23	41
	1067	24	43
	1068	22	45
	1069	22	46
	1070	20	46
	1071	21	44
	1072	19	43
	1073	23	43
	1074	21	43
	1075	25	43
	1076	20	44
	1077	27	46
	1078	24	42
	1079	24	47
	1080	23	44
	1081	23	44
	1082	22	46
	1083	24	44
	1084	22	46
	1085	24	45
	1086	20	46
	1087	23	46
	1088	21	45
	1089	22	42
	1090	22	43
	1091	23	46
	1092	22	42
	1093	20	44
	1094	22	46
	1095	24	44
	1096	20	46
	1097	23	44
	1098	21	45
	1099	23	43
	1100	24	44
	1101	23	44
	1102	21	41
	1103	22	46
	1104	23	44
	1105	19	43
	1106	21	44
	1107	22	43
	1108	24	43
	1109	23	42
	1110	21	51
	1111	21	45
	1112	24	41
	1113	26	44
	1114	24	46
	1115	21	41
	1116	20	41
	1117	23	46
	1118	23	43
	1119	24	45
	1120	21	43
	1121	23	45
	1122	21	43
	1123	25	44
	1124	20	41
	1125	24	43
	1126	21	47
	1127	22	44
	1128	24	45
	1129	23	44
	1130	23	46
	1131	24	46
	1132	24	46
	1133	23	46
	1134	25	44
	1135	24	43
	1136	21	49
	1137	22	43
	1138	22	43
	1139	19	46
	1140	22	42
	1141	25	44
	1142	21	44
	1143	20	44
	1144	21	45
	1145	21	43
	1146	19	44
	1147	25	45
	1148	23	48
	1149	22	43
	1150	23	40
	1151	22	43
	1152	19	42
	1153	22	44
	1154	23	42
	1155	23	44
	1156	22	44
	1157	24	45
	1158	21	41
	1159	23	42
	1160	20	42
	1161	23	45
	1162	24	43
	1163	22	45
	1164	20	44
	1165	24	44
	1166	21	42
	1167	25	44
	1168	25	46
	1169	19	44
	1170	22	45
	1171	25	46
	1172	21	42
	1173	23	43
	1174	20	43
	1175	22	47
	1176	20	45
	1177	21	46
	1178	22	42
	1179	21	43
	1180	21	44
	1181	23	42
	1182	25	45
	1183	22	42
	1184	21	42
	1185	22	41
	1186	23	47
	1187	23	43
	1188	21	45
	1189	23	44
	1190	22	43
	1191	21	47
	1192	23	43
	1193	21	44
	1194	20	44
	1195	23	45
	1196	23	41
	1197	21	46
	1198	23	43
	1199	21	43
	1200	25	43
	1201	23	41
	1202	20	46
	1203	21	43
	1204	21	45
	1205	24	44
	1206	21	42
	1207	25	44
	1208	21	42
	1209	23	42
	1210	21	41
	1211	23	43
	1212	20	42
	1213	21	48
	1214	21	42
	1215	23	44
	1216	21	41
	1217	23	44
	1218	20	44
	1219	23	42
	1220	22	45
	1221	26	44
	1222	23	42
	1223	21	44
	1224	20	44
	1225	24	44
	1226	23	44
	1227	21	42
	1228	20	41
	1229	20	46
	1230	23	38
	1231	22	44
	1232	19	44
	1233	23	44
	1234	20	43
	1235	23	47
	1236	21	42
	1237	23	43
	1238	22	44
	1239	22	44
	1240	20	46
	1241	22	45
	1242	24	43
	1243	21	41
	1244	21	43
	1245	20	41
	1246	23	42
	1247	24	44
	1248	23	43
	1249	20	42
	1250	23	40
	1251	23	45
	1252	22	46
	1253	23	45
	1254	23	44
	1255	22	42
	1256	19	43
	1257	23	44
	1258	24	45
	1259	22	44
	1260	24	43
	1261	19	43
	1262	21	43
	1263	21	43
	1264	19	44
	1265	23	44
	1266	30	43
	1267	30	46
	1268	22	44
	1269	22	44
	1270	19	45
	1271	22	44
	1272	21	41
	1273	25	43
	1274	21	45
	1275	23	48
	1276	19	43
	1277	22	41
	1278	23	43
	1279	22	44
	1280	24	44
	1281	25	44
	1282	20	43
	1283	21	46
	1284	21	42
	1285	22	44
	1286	19	43
	1287	21	44
	1288	21	40
	1289	24	44
	1290	21	43
	1291	22	44
	1292	23	43
	1293	24	43
	1294	20	43
	1295	22	43
	1296	22	45
	1297	22	45
	1298	19	45
	1299	24	44
	1300	20	45
	1301	22	42
	1302	24	44
	1303	24	44
	1304	22	43
	1305	24	45
	1306	21	43
	1307	24	45
	1308	22	41
	1309	21	45
	1310	24	43
	1311	23	46
	1312	23	42
	1313	24	41
	1314	24	42
	1315	23	44
	1316	21	43
	1317	24	45
	1318	20	45
	1319	26	43
	1320	21	44
	1321	21	46
	1322	21	43
	1323	23	43
	1324	23	44
	1325	21	44
	1326	21	43
	1327	21	44
	1328	25	42
	1329	22	42
	1330	22	41
	1331	26	46
	1332	22	45
	1333	23	43
	1334	24	45
	1335	24	42
	1336	19	43
	1337	24	43
	1338	22	40
	1339	19	44
	1340	23	43
	1341	25	46
	1342	22	43
	1343	23	42
	1344	20	41
	1345	20	45
	1346	23	46
	1347	20	45
	1348	21	43
	1349	21	45
	1350	23	43
	1351	22	47
	1352	23	43
	1353	22	41
	1354	18	44
	1355	24	45
	1356	23	43
	1357	21	44
	1358	23	47
	1359	23	44
	1360	23	43
	1361	23	49
	1362	21	41
	1363	19	43
	1364	20	43
	1365	25	45
	1366	23	46
	1367	22	45
	1368	22	42
	1369	23	44
	1370	23	42
	1371	22	44
	1372	29	45
	1373	23	44
	1374	18	45
	1375	23	44
	1376	20	41
	1377	22	44
	1378	23	40
	1379	23	42
	1380	20	43
	1381	31	45
	1382	20	41
	1383	22	42
	1384	20	41
	1385	23	43
	1386	22	43
	1387	22	44
	1388	23	42
	1389	22	41
	1390	21	44
	1391	22	43
	1392	23	43
	1393	22	47
	1394	22	44
	1395	21	44
	1396	22	42
	1397	19	46
	1398	20	41
	1399	21	42
	1400	19	43
	1401	22	45
	1402	21	43
	1403	21	44
	1404	24	42
	1405	23	43
	1406	23	43
	1407	22	45
	1408	20	44
	1409	23	42
	1410	21	46
	1411	21	43
	1412	21	43
	1413	22	44
	1414	20	43
	1415	23	43
	1416	19	41
	1417	21	42
	1418	23	46
	1419	23	42
	1420	20	44
	1421	19	44
	1422	22	41
	1423	22	44
	1424	22	45
	1425	24	45
	1426	22	44
	1427	21	43
	1428	22	44
	1429	22	44
	1430	24	42
	1431	25	41
	1432	21	41
	1433	25	41
	1434	21	43
	1435	24	42
	1436	22	45
	1437	21	42
	1438	20	42
	1439	23	43
	1440	24	42
	1441	21	42
	1442	23	45
	1443	21	41
	1444	21	41
	1445	23	42
	1446	21	41
	1447	23	42
	1448	21	39
	1449	23	44
	1450	21	44
	1451	22	46
	1452	21	44
	1453	21	45
	1454	23	42
	1455	22	46
	1456	21	41
	1457	24	43
	1458	22	44
	1459	22	45
	1460	24	43
	1461	24	42
	1462	22	43
	1463	22	44
	1464	21	41
	1465	25	44
	1466	24	43
	1467	21	45
	1468	21	42
	1469	23	45
	1470	22	40
	1471	19	44
	1472	20	43
	1473	20	47
	1474	23	47
	1475	24	44
	1476	21	42
	1477	24	41
	1478	20	46
	1479	23	43
	1480	21	42
	1481	21	43
	1482	20	43
	1483	23	45
	1484	20	44
	1485	23	45
	1486	22	43
	1487	23	45
	1488	22	42
	1489	21	45
	1490	22	43
	1491	23	44
	1492	20	42
	1493	24	45
	1494	20	44
	1495	20	42
	1496	24	43
	1497	23	42
	1498	21	39
	1499	25	48
	1500	22	43
	1501	24	47
	1502	24	43
	1503	23	44
	1504	20	43
	1505	21	44
	1506	21	42
	1507	21	46
	1508	20	42
	1509	24	43
	1510	21	43
	1511	22	42
	1512	19	43
	1513	24	42
	1514	20	42
	1515	22	44
	1516	22	44
	1517	22	43
	1518	23	43
	1519	23	41
	1520	22	42
	1521	19	44
	1522	22	40
	1523	21	43
	1524	22	41
	1525	24	41
	1526	17	41
	1527	22	45
	1528	23	44
	1529	24	45
	1530	23	43
	1531	29	44
	1532	22	44
	1533	23	44
	1534	20	44
	1535	25	40
	1536	22	41
	1537	19	41
	1538	21	41
	1539	23	44
	1540	22	41
	1541	22	45
	1542	23	43
	1543	22	43
	1544	23	42
	1545	21	44
	1546	21	45
	1547	22	46
	1548	19	44
	1549	24	40
	1550	21	45
	1551	23	44
	1552	25	42
	1553	23	43
	1554	20	41
	1555	23	41
	1556	19	41
	1557	22	43
	1558	23	47
	1559	21	45
	1560	19	43
	1561	23	42
	1562	23	43
	1563	21	45
	1564	20	43
	1565	22	46
	1566	23	41
	1567	18	44
	1568	22	45
	1569	24	43
	1570	23	45
	1571	23	54
	1572	24	42
	1573	22	45
	1574	25	45
	1575	23	45
	1576	22	45
	1577	24	46
	1578	20	44
	1579	23	47
	1580	21	46
	1581	23	47
	1582	20	46
	1583	25	46
	1584	25	42
	1585	25	45
	1586	24	46
	1587	23	47
	1588	21	43
	1589	24	43
	1590	22	46
	1591	23	46
	1592	21	44
	1593	24	46
	1594	21	44
	1595	24	46
	1596	20	43
	1597	29	47
	1598	23	44
	1599	24	48
	1600	24	46
	1601	24	44
	1602	22	48
	1603	24	43
	1604	23	46
	1605	22	47
	1606	22	44
	1607	21	46
	1608	25	48
	1609	26	47
	1610	20	45
	1611	23	46
	1612	20	44
	1613	23	47
	1614	21	46
	1615	23	46
	1616	21	42
	1617	24	46
	1618	22	42
	1619	24	47
	1620	25	46
	1621	22	44
	1622	21	49
	1623	23	42
	1624	20	48
	1625	24	46
	1626	21	43
	1627	22	47
	1628	21	46
	1629	22	46
	1630	23	46
	1631	24	45
	1632	23	43
	1633	23	47
	1634	22	48
	1635	23	47
	1636	21	47
	1637	23	48
	1638	21	45
	1639	23	47
	1640	21	44
	1641	23	45
	1642	23	46
	1643	22	45
	1644	22	46
	1645	24	43
	1646	28	44
	1647	25	44
	1648	20	42
	1649	23	47
	1650	22	45
	1651	21	47
	1652	22	43
	1653	23	47
	1654	24	45
	1655	24	45
	1656	21	44
	1657	27	44
	1658	23	44
	1659	22	45
	1660	20	46
	1661	24	42
	1662	22	44
	1663	25	47
	1664	26	43
	1665	24	45
	1666	22	45
	1667	23	45
	1668	21	46
	1669	23	44
	1670	23	45
	1671	22	46
	1672	19	47
	1673	24	45
	1674	21	44
	1675	21	45
	1676	22	46
	1677	24	45
	1678	23	47
	1679	25	48
	1680	22	46
	1681	23	45
	1682	22	46
	1683	23	45
	1684	25	46
	1685	22	46
	1686	22	46
	1687	22	47
	1688	22	45
	1689	22	46
	1690	18	46
	1691	21	46
	1692	20	44
	1693	22	47
	1694	20	46
	1695	23	43
	1696	21	46
	1697	21	46
	1698	23	47
	1699	21	43
	1700	24	45
	1701	21	43
	1702	23	41
	1703	21	44
	1704	21	42
	1705	25	43
	1706	23	42
	1707	22	40
	1708	20	42
	1709	23	41
	1710	21	39
	1711	18	43
	1712	20	42
	1713	21	43
	1714	22	42
	1715	25	44
	1716	21	41
	1717	21	46
	1718	22	43
	1719	20	44
	1720	20	42
	1721	21	41
	1722	22	44
	1723	22	43
	1724	17	41
	1725	21	44
	1726	24	44
	1727	21	44
	1728	22	43
	1729	20	43
	1730	20	42
	1731	20	43
	1732	20	44
	1733	21	42
	1734	21	44
	1735	18	44
	1736	21	41
	1737	21	44
	1738	18	42
	1739	23	39
	1740	19	41
	1741	21	43
	1742	20	41
	1743	24	42
	1744	20	39
	1745	19	41
	1746	22	43
	1747	20	44
	1748	21	44
	1749	21	43
	1750	21	39
	1751	21	42
	1752	22	43
	1753	23	42
	1754	22	42
	1755	21	41
	1756	20	42
	1757	24	43
	1758	20	42
	1759	22	43
	1760	21	42
	1761	22	43
	1762	25	44
	1763	22	45
	1764	20	43
	1765	20	41
	1766	22	40
	1767	20	43
	1768	18	42
	1769	21	43
	1770	20	42
	1771	21	44
	1772	20	42
	1773	18	42
	1774	18	41
	1775	19	42
	1776	18	42
	1777	21	41
	1778	19	41
	1779	20	41
	1780	19	41
	1781	20	44
	1782	22	41
	1783	21	43
	1784	18	41
	1785	19	41
	1786	19	43
	1787	22	40
	1788	19	44
	1789	23	46
	1790	22	43
	1791	25	45
	1792	20	45
	1793	20	42
	1794	20	43
	1795	21	44
	1796	21	41
	1797	20	45
	1798	22	40
	1799	20	42
	1800	20	41
	1801	21	41
	1802	22	39
	1803	25	43
	1804	20	40
	1805	23	42
	1806	20	42
	1807	22	41
	1808	21	40
	1809	20	41
	1810	21	40
	1811	20	40
	1812	19	43
	1813	19	41
	1814	20	40
	1815	22	45
	1816	22	40
	1817	20	43
	1818	19	43
	1819	23	42
	1820	20	42
	1821	22	43
	1822	21	42
	1823	20	44
	1824	20	39
	1825	21	43
	1826	20	42
	1827	19	44
	1828	21	41
	1829	20	43
	1830	21	42
	1831	19	41
	1832	21	41
	1833	20	40
	1834	21	44
	1835	23	44
	1836	20	39
	1837	21	41
	1838	18	41
	1839	22	41
	1840	15	40
	1841	20	42
	1842	21	42
	1843	21	40
	1844	21	43
	1845	19	41
	1846	20	41
	1847	21	41
	1848	19	41
	1849	21	43
	1850	20	40
	1851	20	43
	1852	19	42
	1853	18	40
	1854	19	41
	1855	19	44
	1856	20	42
	1857	21	40
	1858	21	40
	1859	21	40
	1860	19	39
	1861	21	41
	1862	24	43
	1863	23	41
	1864	21	42
	1865	19	37
	1866	19	41
	1867	22	41
	1868	22	42
	1869	21	42
	1870	18	41
	1871	22	42
	1872	22	39
	1873	18	41
	1874	19	41
	1875	18	43
	1876	20	43
	1877	22	44
	1878	23	43
	1879	23	40
	1880	23	39
	1881	20	42
	1882	19	41
	1883	23	42
	1884	20	43
	1885	20	43
	1886	17	41
	1887	23	45
	1888	23	41
	1889	23	43
	1890	21	42
	1891	22	41
	1892	21	39
	1893	21	41
	1894	20	40
	1895	20	43
	1896	19	42
	1897	18	42
	1898	21	43
	1899	20	41
	1900	17	40
	1901	21	41
	1902	19	41
	1903	24	41
	1904	21	43
	1905	22	43
	1906	20	41
	1907	28	44
	1908	19	42
	1909	20	42
	1910	21	42
	1911	21	41
	1912	19	42
	1913	19	42
	1914	18	40
	1915	19	45
	1916	21	41
	1917	21	41
	1918	22	42
	1919	21	41
	1920	20	41
	1921	21	46
	1922	23	40
	1923	21	42
	1924	18	42
	1925	20	41
	1926	19	43
	1927	20	41
	1928	23	39
	1929	20	42
	1930	19	43
	1931	22	43
	1932	18	42
	1933	21	40
	1934	19	42
	1935	21	43
	1936	21	43
	1937	22	43
	1938	19	42
	1939	21	42
	1940	18	42
	1941	21	45
	1942	20	41
	1943	22	42
	1944	19	40
	1945	19	44
	1946	19	41
	1947	23	43
	1948	20	42
	1949	21	41
	1950	22	41
	1951	22	41
	1952	20	42
	1953	22	39
	1954	20	41
	1955	22	41
	1956	22	42
	1957	20	40
	1958	19	39
	1959	21	42
	1960	19	39
	1961	21	45
	1962	21	38
	1963	22	41
	1964	18	44
	1965	20	40
	1966	20	42
	1967	21	42
	1968	19	41
	1969	20	44
	1970	21	42
	1971	20	41
	1972	18	40
	1973	17	41
	1974	20	39
	1975	22	43
	1976	21	41
	1977	21	41
	1978	20	41
	1979	22	43
	1980	22	39
	1981	21	43
	1982	21	40
	1983	21	41
	1984	19	41
	1985	22	41
	1986	17	42
	1987	20	41
	1988	21	39
	1989	20	41
	1990	20	43
	1991	20	36
	1992	19	41
	1993	21	43
	1994	19	42
	1995	22	43
	1996	19	40
	1997	19	41
	1998	19	38
	1999	21	41
	2000	19	39
	2001	20	42
	2002	21	42
	2003	21	39
	2004	21	43
	2005	21	45
	2006	22	41
	2007	24	42
	2008	19	38
	2009	19	41
	2010	19	41
	2011	20	39
	2012	18	44
	2013	18	41
	2014	18	42
	2015	22	39
	2016	18	42
	2017	20	41
	2018	19	40
	2019	18	40
	2020	18	37
	2021	21	43
	2022	19	42
	2023	21	40
	2024	19	41
	2025	21	41
	2026	19	40
	2027	21	43
	2028	19	40
	2029	22	40
	2030	19	38
	2031	19	45
	2032	21	41
	2033	20	41
	2034	18	41
	2035	19	43
	2036	20	42
	2037	22	41
	2038	22	43
	2039	19	41
	2040	22	41
	2041	20	40
	2042	19	38
	2043	20	42
	2044	20	44
	2045	21	41
	2046	19	39
	2047	18	40
	2048	19	42
	2049	20	41
	2050	19	41
	2051	18	42
	2052	19	42
	2053	19	44
	2054	18	40
	2055	21	41
	2056	19	42
	2057	21	40
	2058	19	41
	2059	17	41
	2060	20	39
	2061	20	41
	2062	19	39
	2063	20	43
	2064	17	42
	2065	21	43
	2066	21	41
	2067	20	42
	2068	19	39
	2069	21	42
	2070	19	40
	2071	19	42
	2072	19	40
	2073	18	41
	2074	18	40
	2075	20	42
	2076	19	41
	2077	23	43
	2078	18	40
	2079	24	40
	2080	22	41
	2081	19	41
	2082	20	41
	2083	22	38
	2084	19	41
	2085	19	43
	2086	18	39
	2087	19	39
	2088	20	41
	2089	18	41
	2090	19	40
	2091	19	39
	2092	18	40
	2093	20	46
	2094	21	43
	2095	20	44
	2096	19	42
	2097	22	41
	2098	18	41
	2099	19	41
	2100	21	40
	2101	18	43
	2102	20	42
	2103	21	42
	2104	19	43
	2105	19	43
	2106	20	44
	2107	20	39
	2108	20	41
	2109	19	42
	2110	18	42
	2111	21	39
	2112	17	39
	2113	23	40
	2114	21	42
	2115	23	41
	2116	20	41
	2117	19	41
	2118	18	40
	2119	21	43
	2120	17	40
	2121	23	40
	2122	21	44
	2123	21	40
	2124	19	44
	2125	20	42
	2126	18	40
	2127	18	39
	2128	20	41
	2129	19	40
	2130	20	39
	2131	20	44
	2132	18	40
	2133	20	43
	2134	19	41
	2135	21	40
	2136	21	42
	2137	21	38
	2138	19	41
	2139	22	41
	2140	18	39
	2141	21	41
	2142	19	39
	2143	19	39
	2144	19	40
	2145	21	41
	2146	19	39
	2147	21	42
	2148	18	41
	2149	18	43
	2150	19	42
	2151	20	41
	2152	20	41
	2153	21	41
	2154	21	40
	2155	21	37
	2156	19	41
	2157	21	40
	2158	16	39
	2159	19	40
	2160	17	41
	2161	21	44
	2162	17	40
	2163	20	42
	2164	17	42
	2165	21	43
	2166	19	41
	2167	20	41
	2168	20	40
	2169	21	38
	2170	20	58
	2171	20	39
	2172	22	40
	2173	20	40
	2174	20	40
	2175	17	37
	2176	17	41
	2177	19	42
	2178	18	38
	2179	21	43
	2180	20	40
	2181	19	40
	2182	18	41
	2183	19	39
	2184	19	41
	2185	17	41
	2186	19	39
	2187	19	40
	2188	18	38
	2189	21	40
	2190	19	40
	2191	20	43
	2192	18	39
	2193	20	43
	2194	19	50
	2195	22	39
	2196	17	37
	2197	18	38
	2198	20	40
	2199	17	42
	2200	18	41
	2201	19	42
	2202	19	41
	2203	19	40
	2204	20	41
	2205	24	40
	2206	20	41
	2207	19	38
	2208	18	41
	2209	21	42
	2210	18	39
	2211	20	41
	2212	21	41
	2213	22	39
	2214	20	42
	2215	20	41
	2216	18	40
	2217	19	41
	2218	21	39
	2219	20	41
	2220	19	41
	2221	17	40
	2222	20	39
	2223	23	41
	2224	19	39
	2225	23	41
	2226	20	39
	2227	21	41
	2228	19	41
	2229	21	40
	2230	20	39
	2231	20	39
	2232	21	40
	2233	23	39
	2234	20	40
	2235	19	42
	2236	18	39
	2237	20	42
	2238	18	39
	2239	22	46
	2240	20	40
	2241	18	40
	2242	18	42
	2243	23	41
	2244	20	42
	2245	21	41
	2246	21	40
	2247	22	39
	2248	21	42
	2249	19	42
	2250	20	40
	2251	19	41
	2252	18	41
	2253	22	42
	2254	19	40
	2255	19	40
	2256	20	34
	2257	21	44
	2258	20	42
	2259	21	42
	2260	19	39
	2261	20	39
	2262	19	38
	2263	22	42
	2264	21	39
	2265	21	42
	2266	21	41
	2267	20	37
	2268	21	43
	2269	19	41
	2270	19	39
	2271	20	44
	2272	20	41
	2273	19	39
	2274	21	39
	2275	20	40
	2276	18	39
	2277	19	43
	2278	19	40
	2279	19	38
	2280	19	38
	2281	19	40
	2282	23	42
	2283	19	41
	2284	18	42
	2285	20	42
	2286	22	42
	2287	23	39
	2288	21	39
	2289	20	41
	2290	19	43
	2291	19	41
	2292	20	42
	2293	21	41
	2294	19	38
	2295	18	41
	2296	20	40
	2297	21	41
	2298	20	43
	2299	20	38
	2300	19	41
	2301	19	39
	2302	19	40
	2303	20	42
	2304	20	40
	2305	19	41
	2306	19	43
	2307	22	40
	2308	19	40
	2309	22	44
	2310	19	38
	2311	21	41
	2312	18	43
	2313	20	43
	2314	18	42
	2315	18	41
	2316	21	40
	2317	17	41
	2318	18	40
	2319	19	41
	2320	19	42
	2321	23	39
	2322	18	39
	2323	21	41
	2324	20	41
	2325	21	41
	2326	20	38
	2327	19	40
	2328	17	42
	2329	21	44
	2330	20	38
	2331	20	43
	2332	21	40
	2333	19	41
	2334	18	38
	2335	19	40
	2336	19	40
	2337	21	41
	2338	22	38
	2339	23	40
	2340	20	41
	2341	21	41
	2342	20	41
	2343	22	39
	2344	22	41
	2345	21	41
	2346	20	39
	2347	21	40
	2348	18	44
	2349	18	41
	2350	20	40
	2351	19	41
	2352	16	40
	2353	20	40
	2354	19	42
	2355	22	41
	2356	18	39
	2357	19	40
	2358	22	40
	2359	20	40
	2360	18	42
	2361	20	40
	2362	20	41
	2363	21	41
	2364	17	39
	2365	21	41
	2366	19	39
	2367	19	41
	2368	20	39
	2369	21	41
	2370	19	40
	2371	22	41
	2372	20	40
	2373	20	42
	2374	20	39
	2375	22	44
	2376	19	41
	2377	21	41
	2378	20	41
	2379	21	41
	2380	22	42
	2381	22	45
	2382	20	43
	2383	19	40
	2384	19	43
	2385	17	40
	2386	19	42
	2387	23	40
	2388	21	37
	2389	21	41
	2390	19	40
	2391	18	39
	2392	19	42
	2393	21	40
	2394	19	42
	2395	21	43
	2396	20	39
	2397	19	42
	2398	20	41
	2399	18	40
	2400	19	42
	2401	18	40
	2402	17	39
	2403	30	42
	2404	18	39
	2405	21	42
	2406	20	40
	2407	20	42
	2408	22	44
	2409	17	44
	2410	17	42
	2411	20	38
	2412	19	41
	2413	21	39
	2414	22	40
	2415	20	39
	2416	21	38
	2417	20	43
	2418	19	39
	2419	20	44
	2420	22	41
	2421	23	42
	2422	16	38
	2423	20	40
	2424	17	40
	2425	22	40
	2426	19	44
	2427	22	41
	2428	17	38
	2429	20	40
	2430	18	40
	2431	20	40
	2432	21	43
	2433	23	44
	2434	19	41
	2435	18	40
	2436	21	40
	2437	20	41
	2438	20	43
	2439	20	42
	2440	17	42
	2441	20	44
	2442	21	42
	2443	17	37
	2444	20	37
	2445	20	41
	2446	23	42
	2447	18	41
	2448	18	41
	2449	18	41
	2450	20	39
	2451	21	41
	2452	21	38
	2453	19	41
	2454	21	40
	2455	20	40
	2456	21	43
	2457	19	40
	2458	19	39
	2459	24	39
	2460	20	41
	2461	20	38
	2462	21	39
	2463	18	40
	2464	19	44
	2465	18	39
	2466	21	40
	2467	23	41
	2468	18	41
	2469	18	43
	2470	18	43
	2471	20	42
	2472	19	42
	2473	20	38
	2474	19	41
	2475	20	42
	2476	21	41
	2477	16	42
	2478	18	38
	2479	20	41
	2480	20	42
	2481	21	43
	2482	21	43
	2483	18	40
	2484	19	42
	2485	18	36
	2486	19	37
	2487	21	39
	2488	17	40
	2489	19	39
	2490	19	41
	2491	19	39
	2492	21	40
	2493	20	40
	2494	19	40
	2495	20	43
	2496	19	41
	2497	19	39
	2498	17	38
	2499	20	43
	2500	18	39
	2501	18	42
	2502	19	41
	2503	21	42
	2504	23	40
	2505	20	40
	2506	22	40
	2507	21	41
	2508	18	39
	2509	21	38
	2510	20	42
	2511	19	41
	2512	21	41
	2513	20	40
	2514	19	39
	2515	21	42
	2516	17	40
	2517	19	42
	2518	21	41
	2519	20	42
	2520	20	38
	2521	23	41
	2522	17	41
	2523	19	39
	2524	16	40
	2525	21	40
	2526	22	41
	2527	20	41
	2528	18	39
	2529	19	40
	2530	20	40
	2531	21	37
	2532	19	41
	2533	19	42
	2534	19	38
	2535	21	43
	2536	16	40
	2537	23	40
	2538	19	41
	2539	20	43
	2540	21	41
	2541	19	41
	2542	18	40
	2543	20	40
	2544	17	41
	2545	22	40
	2546	20	38
	2547	20	42
	2548	18	39
	2549	20	43
	2550	18	41
	2551	22	40
	2552	20	36
	2553	21	43
	2554	20	38
	2555	18	42
	2556	21	44
	2557	22	42
	2558	20	37
	2559	22	42
	2560	20	40
	2561	20	40
	2562	20	40
	2563	20	41
	2564	23	40
	2565	23	41
	2566	20	40
	2567	20	50
	2568	17	40
	2569	22	41
	2570	19	37
	2571	22	40
	2572	17	38
	2573	22	41
	2574	21	40
	2575	21	41
	2576	20	42
	2577	21	41
	2578	21	40
	2579	22	42
	2580	19	42
	2581	19	43
	2582	18	44
	2583	22	40
	2584	19	39
	2585	22	39
	2586	20	40
	2587	18	43
	2588	20	39
	2589	21	39
	2590	23	41
	2591	20	43
	2592	18	40
	2593	20	42
	2594	21	42
	2595	20	41
	2596	23	40
	2597	19	45
	2598	18	39
	2599	23	42
	2600	19	40
	2601	20	39
	2602	21	39
	2603	18	38
	2604	20	40
	2605	22	43
	2606	18	39
	2607	19	39
	2608	17	41
	2609	18	40
	2610	21	42
	2611	22	41
	2612	20	39
	2613	20	38
	2614	20	41
	2615	21	40
	2616	22	40
	2617	21	40
	2618	19	38
	2619	23	40
	2620	17	40
	2621	20	42
	2622	18	43
	2623	19	42
	2624	19	40
	2625	19	44
	2626	23	39
	2627	19	40
	2628	18	39
	2629	19	40
	2630	21	41
	2631	19	41
	2632	21	43
	2633	22	39
	2634	17	41
	2635	22	37
	2636	19	40
	2637	20	41
	2638	18	40
	2639	20	42
	2640	21	39
	2641	21	40
	2642	19	42
	2643	20	37
	2644	19	38
	2645	20	41
	2646	19	38
	2647	21	39
	2648	19	40
	2649	18	36
	2650	20	41
	2651	22	43
	2652	22	39
	2653	20	40
	2654	19	38
	2655	20	43
	2656	18	43
	2657	21	42
	2658	22	39
	2659	21	43
	2660	20	41
	2661	20	40
	2662	16	36
	2663	20	40
	2664	19	41
	2665	21	37
	2666	20	42
	2667	20	40
	2668	20	41
	2669	20	40
	2670	21	40
	2671	22	42
	2672	21	40
	2673	20	40
	2674	19	43
	2675	19	41
	2676	20	38
	2677	19	39
	2678	19	41
	2679	21	39
	2680	19	39
	2681	21	39
	2682	17	39
	2683	21	42
	2684	17	39
	2685	24	40
	2686	21	39
	2687	16	39
	2688	18	43
	2689	20	40
	2690	22	38
	2691	21	40
	2692	19	38
	2693	18	40
	2694	20	41
	2695	20	40
	2696	18	42
	2697	19	42
	2698	19	39
	2699	21	40
	2700	21	42
	2701	22	40
	2702	20	41
	2703	19	42
	2704	21	41
	2705	20	41
	2706	21	39
	2707	19	41
	2708	20	39
	2709	21	40
	2710	20	43
	2711	21	42
	2712	19	39
	2713	21	41
	2714	19	44
	2715	19	41
	2716	20	39
	2717	18	42
	2718	17	40
	2719	20	40
	2720	20	39
	2721	24	39
	2722	19	41
	2723	21	39
	2724	20	39
	2725	23	41
	2726	22	40
	2727	17	40
	2728	18	42
	2729	20	41
	2730	21	40
	2731	21	44
	2732	17	38
	2733	20	41
	2734	19	41
	2735	20	40
	2736	22	41
	2737	20	42
	2738	22	40
	2739	23	43
	2740	18	41
	2741	19	39
	2742	21	40
	2743	18	43
	2744	20	42
	2745	22	38
	2746	20	40
	2747	21	40
	2748	19	41
	2749	18	40
	2750	20	40
	2751	19	43
	2752	20	39
	2753	19	40
	2754	19	38
	2755	18	42
	2756	20	39
	2757	22	40
	2758	20	39
	2759	23	42
	2760	19	39
	2761	18	39
	2762	21	43
	2763	19	42
	2764	19	40
	2765	21	41
	2766	18	39
	2767	21	39
	2768	17	39
	2769	19	39
	2770	21	38
	2771	21	41
	2772	19	38
	2773	21	40
	2774	20	40
	2775	19	40
	2776	20	40
	2777	21	40
	2778	20	42
	2779	23	42
	2780	17	43
	2781	23	41
	2782	18	40
	2783	27	40
	2784	22	38
	2785	17	40
	2786	21	40
	2787	20	41
	2788	19	40
	2789	17	39
	2790	19	40
	2791	23	40
	2792	18	40
	2793	20	41
	2794	17	40
	2795	21	41
	2796	20	39
	2797	19	40
	2798	20	45
	2799	21	40
	2800	18	42
	2801	19	41
	2802	17	45
	2803	20	42
	2804	16	39
	2805	20	38
	2806	18	39
	2807	19	44
	2808	17	43
	2809	21	45
	2810	20	40
	2811	22	41
	2812	17	44
	2813	19	41
	2814	20	43
	2815	20	40
	2816	19	40
	2817	19	39
	2818	22	39
	2819	20	42
	2820	19	42
	2821	21	39
	2822	20	41
	2823	24	43
	2824	20	38
	2825	20	41
	2826	18	39
	2827	20	39
	2828	18	39
	2829	20	38
	2830	21	40
	2831	26	41
	2832	19	37
	2833	21	41
	2834	21	39
	2835	21	40
	2836	21	40
	2837	21	43
	2838	21	40
	2839	20	41
	2840	21	43
	2841	18	42
	2842	19	40
	2843	19	42
	2844	19	39
	2845	17	42
	2846	20	38
	2847	20	40
	2848	20	38
	2849	21	41
	2850	19	41
	2851	19	41
	2852	22	42
	2853	21	40
	2854	19	39
	2855	21	39
	2856	19	39
	2857	20	41
	2858	19	39
	2859	22	43
	2860	19	39
	2861	23	42
	2862	18	39
	2863	20	44
	2864	20	42
	2865	20	39
	2866	20	40
	2867	19	39
	2868	20	42
	2869	22	42
	2870	20	39
	2871	22	40
	2872	19	42
	2873	20	42
	2874	18	39
	2875	20	42
	2876	19	40
	2877	20	43
	2878	19	41
	2879	20	41
	2880	19	38
	2881	16	39
	2882	17	38
	2883	21	42
	2884	21	43
	2885	20	41
	2886	18	40
	2887	21	42
	2888	20	40
	2889	42	42
	2890	19	41
	2891	24	41
	2892	21	40
	2893	21	41
	2894	19	39
	2895	20	38
	2896	21	39
	2897	19	41
	2898	20	42
	2899	19	42
	2900	20	42
	2901	18	39
	2902	19	44
	2903	20	43
	2904	20	42
	2905	18	40
	2906	19	44
	2907	22	40
	2908	19	38
	2909	21	41
	2910	20	38
	2911	22	43
	2912	21	41
	2913	19	43
	2914	21	47
	2915	19	42
	2916	21	41
	2917	18	41
	2918	19	42
	2919	20	41
	2920	22	41
	2921	20	43
	2922	21	39
	2923	20	40
	2924	19	38
	2925	19	40
	2926	17	42
	2927	20	40
	2928	20	40
	2929	17	44
	2930	21	42
	2931	19	41
	2932	19	42
	2933	20	44
	2934	18	41
	2935	18	41
	2936	20	43
	2937	19	41
	2938	20	42
	2939	20	40
	2940	17	36
	2941	20	37
	2942	19	43
	2943	20	41
	2944	21	43
	2945	19	40
	2946	18	41
	2947	20	41
	2948	18	38
	2949	19	40
	2950	20	39
	2951	19	43
	2952	19	39
	2953	18	41
	2954	17	39
	2955	19	39
	2956	21	39
	2957	21	43
	2958	21	43
	2959	21	39
	2960	17	40
	2961	20	42
	2962	18	41
	2963	20	41
	2964	21	39
	2965	18	42
	2966	20	39
	2967	21	41
	2968	22	40
	2969	22	46
	2970	18	38
	2971	20	41
	2972	18	41
	2973	20	42
	2974	17	40
	2975	19	42
	2976	19	37
	2977	21	41
	2978	21	40
	2979	21	38
	2980	21	40
	2981	20	41
	2982	22	38
	2983	23	41
	2984	18	40
	2985	21	41
	2986	18	41
	2987	20	41
	2988	22	36
	2989	22	41
	2990	20	41
	2991	20	42
	2992	21	40
	2993	17	40
	2994	18	40
	2995	20	43
	2996	18	39
	2997	19	42
	2998	22	42
	2999	20	42
	3000	18	40
	3001	19	38
	3002	19	39
	3003	21	39
	3004	20	43
	3005	20	41
	3006	20	43
	3007	18	40
	3008	19	38
	3009	18	40
	3010	19	38
	3011	19	43
	3012	19	41
	3013	19	39
	3014	18	40
	3015	21	38
	3016	20	41
	3017	22	43
	3018	18	39
	3019	18	39
	3020	18	39
	3021	20	39
	3022	19	42
	3023	19	41
	3024	17	41
	3025	19	38
	3026	19	40
	3027	19	44
	3028	20	40
	3029	21	39
	3030	18	41
	3031	21	42
	3032	18	40
	3033	21	42
	3034	18	41
	3035	20	41
	3036	18	39
	3037	22	37
	3038	19	39
	3039	17	42
	3040	17	40
	3041	19	44
	3042	22	40
	3043	17	39
	3044	22	41
	3045	21	42
	3046	19	38
	3047	16	43
	3048	20	38
	3049	19	39
	3050	21	41
	3051	22	42
	3052	17	41
	3053	18	41
	3054	18	41
	3055	19	42
	3056	21	42
	3057	21	45
	3058	21	40
	3059	21	41
	3060	19	41
	3061	20	44
	3062	20	41
	3063	19	43
	3064	18	38
	3065	20	39
	3066	18	41
	3067	23	41
	3068	21	40
	3069	20	41
	3070	19	40
	3071	18	42
	3072	20	41
	3073	20	40
	3074	17	40
	3075	20	39
	3076	23	39
	3077	18	41
	3078	21	40
	3079	19	41
	3080	19	36
	3081	21	41
	3082	19	39
	3083	21	41
	3084	18	40
	3085	20	41
	3086	18	39
	3087	18	41
	3088	20	40
	3089	21	39
	3090	21	42
	3091	21	40
	3092	21	40
	3093	17	39
	3094	20	38
	3095	23	39
	3096	19	39
	3097	19	42
	3098	19	39
	3099	20	42
	3100	16	41
	3101	21	42
	3102	20	41
	3103	22	40
	3104	17	40
	3105	19	38
	3106	17	39
	3107	20	40
	3108	22	40
	3109	19	40
	3110	22	40
	3111	18	41
	3112	22	40
	3113	21	41
	3114	16	39
	3115	21	40
	3116	20	37
	3117	22	41
	3118	20	42
	3119	19	43
	3120	19	39
	3121	18	40
	3122	21	41
	3123	20	42
	3124	18	39
	3125	19	40
	3126	21	39
	3127	19	40
	3128	20	38
	3129	21	39
	3130	21	40
	3131	20	42
	3132	20	40
	3133	22	40
	3134	19	38
	3135	19	41
	3136	17	39
	3137	22	41
	3138	21	42
	3139	19	41
	3140	17	38
	3141	19	38
	3142	21	41
	3143	22	39
	3144	20	38
	3145	19	41
	3146	24	42
	3147	16	41
	3148	20	41
	3149	21	40
	3150	19	39
	3151	22	41
	3152	19	42
	3153	16	40
	3154	19	39
	3155	20	39
	3156	18	41
	3157	21	39
	3158	19	40
	3159	17	39
	3160	20	40
	3161	22	42
	3162	19	42
	3163	19	38
	3164	18	40
	3165	19	40
	3166	19	41
	3167	19	40
	3168	19	39
	3169	22	38
	3170	19	41
	3171	21	41
	3172	19	37
	3173	22	42
	3174	20	39
	3175	22	41
	3176	18	39
	3177	19	41
	3178	20	42
	3179	20	41
	3180	18	42
	3181	21	40
	3182	19	40
	3183	21	38
	3184	17	39
	3185	22	42
	3186	21	42
	3187	19	40
	3188	18	37
	3189	21	40
	3190	19	41
	3191	22	40
	3192	19	41
	3193	18	38
	3194	18	39
	3195	23	39
	3196	20	42
	3197	20	40
	3198	19	38
	3199	19	36
	3200	18	41
	3201	22	41
	3202	20	40
	3203	22	41
	3204	21	39
	3205	17	40
	3206	19	40
	3207	21	40
	3208	19	40
	3209	18	40
	3210	18	42
	3211	22	44
	3212	16	38
	3213	21	43
	3214	17	42
	3215	23	41
	3216	20	39
	3217	21	41
	3218	21	39
	3219	22	40
	3220	19	38
	3221	20	40
	3222	21	39
	3223	20	48
	3224	16	41
	3225	18	42
	3226	17	39
	3227	19	40
	3228	19	37
	3229	23	40
	3230	20	37
	3231	21	41
	3232	18	39
	3233	21	39
	3234	21	40
	3235	20	40
	3236	19	38
	3237	18	40
	3238	19	40
	3239	18	42
	3240	21	43
	3241	20	46
	3242	18	41
	3243	17	39
	3244	19	39
	3245	20	41
	3246	16	43
	3247	22	39
	3248	18	37
	3249	20	40
	3250	18	36
	3251	21	40
	3252	22	36
	3253	20	41
	3254	19	41
	3255	20	40
	3256	21	38
	3257	19	38
	3258	20	41
	3259	18	40
	3260	18	42
	3261	20	38
	3262	18	38
	3263	19	39
	3264	17	38
	3265	20	43
	3266	17	41
	3267	18	40
	3268	18	39
	3269	19	42
	3270	19	42
	3271	21	43
	3272	18	40
	3273	18	38
	3274	18	42
	3275	21	41
	3276	17	41
	3277	20	42
	3278	18	43
	3279	21	43
	3280	20	41
	3281	20	40
	3282	21	39
	3283	19	42
	3284	19	38
	3285	24	39
	3286	17	44
	3287	19	41
	3288	19	43
	3289	20	40
	3290	20	40
	3291	19	39
	3292	18	40
	3293	20	38
	3294	18	38
	3295	21	37
	3296	23	43
	3297	22	40
	3298	17	41
	3299	19	44
	3300	16	39
	3301	19	42
	3302	20	39
	3303	18	40
	3304	17	40
	3305	18	43
	3306	19	40
	3307	18	40
	3308	17	43
	3309	18	41
	3310	17	40
	3311	19	39
	3312	17	41
	3313	21	41
	3314	18	41
	3315	19	41
	3316	20	39
	3317	18	43
	3318	17	42
	3319	18	41
	3320	19	39
	3321	21	40
	3322	22	38
	3323	22	43
	3324	22	40
	3325	21	41
	3326	21	38
	3327	18	39
	3328	19	40
	3329	23	41
	3330	19	39
	3331	18	41
	3332	17	40
	3333	20	39
	3334	20	40
	3335	22	42
	3336	18	40
	3337	19	45
	3338	19	39
	3339	19	40
	3340	18	41
	3341	20	39
	3342	19	40
	3343	18	39
	3344	17	39
	3345	19	40
	3346	18	44
	3347	23	42
	3348	20	40
	3349	20	40
	3350	20	43
	3351	18	41
	3352	20	40
	3353	21	42
	3354	20	39
	3355	19	41
	3356	17	39
	3357	22	40
	3358	20	39
	3359	20	40
	3360	20	40
	3361	22	43
	3362	22	41
	3363	19	43
	3364	19	40
	3365	20	40
	3366	17	41
	3367	20	39
	3368	20	37
	3369	19	41
	3370	18	38
	3371	19	39
	3372	18	41
	3373	21	39
	3374	21	40
	3375	20	40
	3376	20	36
	3377	22	38
	3378	17	39
	3379	18	39
	3380	20	42
	3381	19	41
	3382	21	39
	3383	20	40
	3384	21	42
	3385	24	40
	3386	20	39
	3387	21	38
	3388	19	39
	3389	18	43
	3390	20	37
	3391	19	38
	3392	17	40
	3393	21	41
	3394	20	39
	3395	23	42
	3396	19	42
	3397	19	41
	3398	19	40
	3399	19	40
	3400	18	43
	3401	16	40
	3402	19	40
	3403	19	39
	3404	20	42
	3405	20	38
	3406	18	42
	3407	21	41
	3408	21	39
	3409	23	41
	3410	18	38
	3411	19	38
	3412	18	39
	3413	20	39
	3414	20	39
	3415	20	40
	3416	17	39
	3417	17	39
	3418	18	40
	3419	20	39
	3420	17	40
	3421	22	41
	3422	19	40
	3423	22	43
	3424	19	39
	3425	20	39
	3426	18	39
	3427	22	43
	3428	16	40
	3429	20	43
	3430	22	37
	3431	19	40
	3432	22	39
	3433	22	40
	3434	18	39
	3435	21	39
	3436	21	39
	3437	19	42
	3438	19	41
	3439	21	39
	3440	19	41
	3441	21	41
	3442	17	40
	3443	20	39
	3444	19	39
	3445	20	40
	3446	21	40
	3447	19	43
	3448	20	40
	3449	19	43
	3450	22	42
	3451	18	39
	3452	20	39
	3453	19	41
	3454	19	42
	3455	23	43
	3456	16	39
	3457	19	42
	3458	16	41
	3459	18	43
	3460	22	42
	3461	21	42
	3462	16	40
	3463	21	44
	3464	19	39
	3465	19	41
	3466	20	43
	3467	22	43
	3468	17	37
	3469	21	42
	3470	17	42
	3471	19	41
	3472	20	48
	3473	21	41
	3474	19	41
	3475	21	38
	3476	19	39
	3477	19	40
	3478	20	43
	3479	21	40
	3480	20	39
	3481	20	41
	3482	21	39
	3483	19	40
	3484	18	39
	3485	19	41
	3486	19	40
	3487	23	43
	3488	20	39
	3489	20	41
	3490	18	40
	3491	19	38
	3492	20	39
	3493	20	41
	3494	19	39
	3495	21	37
	3496	16	39
	3497	20	40
	3498	19	41
	3499	21	41
	3500	17	40
	3501	18	41
	3502	17	37
	3503	20	43
	3504	18	41
	3505	19	38
	3506	20	43
	3507	20	39
	3508	19	38
	3509	20	40
	3510	19	38
	3511	21	41
	3512	19	39
	3513	19	41
	3514	21	42
	3515	17	41
	3516	20	37
	3517	20	41
	3518	20	43
	3519	20	40
	3520	17	41
	3521	20	42
	3522	19	40
	3523	20	41
	3524	17	39
	3525	20	41
	3526	20	41
	3527	18	41
	3528	20	40
	3529	15	40
	3530	17	41
	3531	20	41
	3532	21	40
	3533	19	40
	3534	19	40
	3535	18	39
	3536	19	40
	3537	19	39
	3538	18	37
	3539	21	41
	3540	17	43
	3541	18	39
	3542	19	41
	3543	19	38
	3544	19	39
	3545	20	40
	3546	22	42
	3547	19	44
	3548	22	38
	3549	19	39
	3550	22	44
	3551	19	40
	3552	17	38
	3553	20	40
	3554	19	40
	3555	18	44
	3556	16	41
	3557	20	42
	3558	19	40
	3559	21	39
	3560	19	39
	3561	20	42
	3562	19	40
	3563	19	42
	3564	20	39
	3565	18	41
	3566	19	39
	3567	21	40
	3568	18	39
	3569	20	39
	3570	18	39
	3571	18	40
	3572	19	40
	3573	23	40
	3574	19	38
	3575	20	42
	3576	18	42
	3577	20	41
	3578	21	43
	3579	20	45
	3580	16	41
	3581	19	42
	3582	21	42
	3583	25	41
	3584	21	41
	3585	23	40
	3586	21	42
	3587	21	40
	3588	17	40
	3589	20	39
	3590	20	38
	3591	20	42
	3592	20	42
	3593	22	42
	3594	17	39
	3595	19	45
	3596	19	41
	3597	19	41
	3598	20	40
	3599	20	41
	3600	19	39
	3601	19	39
	3602	19	40
	3603	21	39
	3604	20	42
	3605	19	41
	3606	20	41
	3607	19	39
	3608	19	39
	3609	19	42
	3610	16	41
	3611	21	42
	3612	19	38
	3613	19	43
	3614	20	41
	3615	21	43
	3616	19	39
	3617	22	39
	3618	20	38
	3619	17	44
	3620	21	38
	3621	21	43
	3622	20	39
	3623	19	38
	3624	19	39
	3625	20	42
	3626	21	43
	3627	23	43
	3628	19	40
	3629	19	39
	3630	19	39
	3631	22	41
	3632	22	40
	3633	20	40
	3634	19	39
	3635	22	42
	3636	18	39
	3637	20	42
	3638	19	40
	3639	21	39
	3640	20	39
	3641	21	41
	3642	17	42
	3643	20	42
	3644	20	39
	3645	20	41
	3646	19	40
	3647	19	41
	3648	18	43
	3649	19	41
	3650	18	38
	3651	23	41
	3652	20	39
	3653	18	41
	3654	21	39
	3655	19	40
	3656	19	39
	3657	16	39
	3658	19	39
	3659	20	41
	3660	21	39
	3661	19	41
	3662	19	41
	3663	19	41
	3664	18	40
	3665	19	41
	3666	20	42
	3667	25	39
	3668	19	42
	3669	19	38
	3670	20	40
	3671	20	42
	3672	22	38
	3673	18	41
	3674	18	41
	3675	20	41
	3676	20	41
	3677	19	39
	3678	20	40
	3679	19	41
	3680	17	40
	3681	18	39
	3682	16	39
	3683	19	41
	3684	19	39
	3685	19	43
	3686	18	38
	3687	22	42
	3688	18	40
	3689	17	41
	3690	20	43
	3691	19	43
	3692	18	42
	3693	19	42
	3694	19	39
	3695	19	41
	3696	20	40
	3697	20	41
	3698	19	38
	3699	23	39
	3700	22	42
	3701	20	41
	3702	18	41
	3703	18	39
	3704	20	41
	3705	18	44
	3706	20	40
	3707	19	42
	3708	18	40
	3709	17	41
	3710	17	38
	3711	20	42
	3712	19	42
	3713	23	42
	3714	18	38
	3715	17	37
	3716	19	38
	3717	20	41
	3718	16	39
	3719	18	42
	3720	17	40
	3721	20	43
	3722	19	39
	3723	17	41
