	0	21	38
	1	19	39
	2	20	41
	3	20	41
	4	18	39
	5	19	38
	6	18	38
	7	17	39
	8	19	39
	9	16	36
	10	15	39
	11	20	40
	12	19	36
	13	20	40
	14	18	38
	15	17	38
	16	16	40
	17	19	39
	18	18	41
	19	19	41
	20	19	36
	21	19	37
	22	18	38
	23	18	39
	24	18	36
	25	19	38
	26	21	40
	27	21	41
	28	21	40
	29	18	43
	30	22	41
	31	22	45
	32	23	40
	33	22	42
	34	23	40
	35	19	42
	36	23	40
	37	22	41
	38	21	39
	39	23	43
	40	19	43
	41	20	41
	42	22	40
	43	23	42
	44	20	40
	45	19	43
	46	21	41
	47	20	42
	48	21	40
	49	23	39
	50	21	41
	51	21	45
	52	20	45
	53	23	44
	54	21	38
	55	20	41
	56	20	41
	57	23	41
	58	23	42
	59	21	43
	60	24	43
	61	20	44
	62	24	43
	63	22	42
	64	22	48
	65	24	43
	66	22	42
	67	23	41
	68	19	42
	69	27	41
	70	23	39
	71	21	44
	72	21	43
	73	25	43
	74	20	44
	75	25	44
	76	21	43
	77	23	44
	78	25	42
	79	22	43
	80	20	46
	81	23	44
	82	23	41
	83	22	45
	84	23	40
	85	23	43
	86	22	45
	87	23	42
	88	20	44
	89	22	42
	90	22	44
	91	25	43
	92	25	43
	93	21	44
	94	20	45
	95	23	41
	96	22	49
	97	25	43
	98	23	43
	99	24	45
	100	20	43
	101	23	43
	102	22	42
	103	20	44
	104	23	42
	105	23	44
	106	24	44
	107	25	42
	108	21	43
	109	27	45
	110	21	42
	111	24	43
	112	25	43
	113	23	41
	114	22	44
	115	22	43
	116	20	41
	117	24	45
	118	23	46
	119	23	45
	120	20	43
	121	24	41
	122	21	43
	123	22	49
	124	22	41
	125	25	41
	126	26	41
	127	24	41
	128	24	42
	129	21	42
	130	21	42
	131	25	43
	132	23	42
	133	23	41
	134	25	40
	135	22	45
	136	31	44
	137	24	45
	138	24	47
	139	21	44
	140	22	42
	141	29	41
	142	25	45
	143	25	42
	144	23	43
	145	23	42
	146	26	40
	147	22	42
	148	25	47
	149	24	46
	150	23	44
	151	27	42
	152	24	45
	153	23	45
	154	23	45
	155	23	45
	156	20	40
	157	22	44
	158	24	43
	159	23	44
	160	22	46
	161	23	45
	162	24	44
	163	24	43
	164	24	42
	165	23	49
	166	27	42
	167	25	44
	168	21	41
	169	23	43
	170	24	45
	171	25	45
	172	22	41
	173	23	44
	174	23	44
	175	22	46
	176	23	43
	177	26	47
	178	24	43
	179	23	46
	180	23	44
	181	23	46
	182	23	43
	183	26	43
	184	24	44
	185	24	44
	186	21	46
	187	27	43
	188	23	41
	189	25	42
	190	25	43
	191	24	46
	192	22	43
	193	23	46
	194	24	43
	195	22	44
	196	23	44
	197	25	42
	198	19	45
	199	27	45
	200	22	44
	201	25	44
	202	24	46
	203	26	45
	204	21	41
	205	25	44
	206	24	47
	207	24	46
	208	21	43
	209	27	47
	210	25	46
	211	23	45
	212	21	46
	213	24	43
	214	20	43
	215	25	46
	216	24	44
	217	24	46
	218	23	46
	219	27	49
	220	23	43
	221	26	45
	222	21	43
	223	26	44
	224	24	47
	225	23	44
	226	22	44
	227	22	46
	228	23	46
	229	25	45
	230	25	43
	231	24	42
	232	23	42
	233	24	44
	234	25	43
	235	24	46
	236	24	43
	237	26	43
	238	22	43
	239	23	43
	240	24	42
	241	23	48
	242	22	44
	243	23	42
	244	25	46
	245	20	47
	246	21	45
	247	23	46
	248	21	45
	249	24	49
	250	23	43
	251	24	46
	252	24	43
	253	20	44
	254	24	40
	255	25	48
	256	21	44
	257	27	46
	258	24	47
	259	25	43
	260	23	43
	261	24	45
	262	22	44
	263	23	47
	264	23	44
	265	24	44
	266	21	44
	267	25	47
	268	20	43
	269	22	46
	270	22	44
	271	24	43
	272	24	43
	273	22	47
	274	23	42
	275	23	45
	276	23	44
	277	24	45
	278	22	45
	279	24	43
	280	22	43
	281	23	41
	282	20	43
	283	22	42
	284	19	42
	285	24	42
	286	22	44
	287	22	44
	288	24	44
	289	23	42
	290	28	43
	291	23	45
	292	23	48
	293	20	43
	294	21	46
	295	24	45
	296	23	42
	297	23	43
	298	29	43
	299	21	46
	300	22	45
	301	26	46
	302	22	44
	303	23	42
	304	22	44
	305	23	47
	306	21	44
	307	23	44
	308	20	43
	309	24	41
	310	22	43
	311	25	44
	312	24	43
	313	22	43
	314	20	42
	315	24	44
	316	21	43
	317	23	45
	318	23	44
	319	18	45
	320	22	44
	321	23	48
	322	21	44
	323	25	41
	324	25	42
	325	25	42
	326	22	43
	327	24	43
	328	20	43
	329	21	42
	330	20	42
	331	26	44
	332	22	41
	333	24	48
	334	22	43
	335	24	46
	336	22	43
	337	23	44
	338	23	41
	339	27	44
	340	23	42
	341	21	46
	342	22	43
	343	24	46
	344	24	44
	345	25	44
	346	23	45
	347	20	41
	348	22	43
	349	25	43
	350	22	43
	351	22	44
	352	23	41
	353	23	46
	354	24	44
	355	22	43
	356	27	41
	357	21	45
	358	22	47
	359	24	43
	360	24	41
	361	23	43
	362	24	44
	363	25	43
	364	22	43
	365	26	44
	366	24	43
	367	22	46
	368	19	45
	369	25	44
	370	26	48
	371	23	41
	372	23	40
	373	23	41
	374	22	43
	375	23	42
	376	22	40
	377	24	43
	378	23	43
	379	27	44
	380	22	43
	381	23	41
	382	22	42
	383	25	44
	384	24	43
	385	23	45
	386	24	41
	387	24	43
	388	22	44
	389	25	44
	390	23	45
	391	23	46
	392	22	42
	393	21	45
	394	22	41
	395	24	42
	396	23	43
	397	24	45
	398	23	44
	399	20	48
	400	21	46
	401	25	46
	402	24	41
	403	24	44
	404	25	44
	405	25	43
	406	24	44
	407	25	42
	408	20	42
	409	26	44
	410	24	46
	411	25	45
	412	22	43
	413	25	46
	414	23	44
	415	22	44
	416	22	42
	417	22	44
	418	24	44
	419	22	43
	420	22	42
	421	23	43
	422	27	43
	423	23	43
	424	26	46
	425	24	48
	426	22	42
	427	22	44
	428	23	48
	429	25	45
	430	20	45
	431	23	48
	432	23	45
	433	24	49
	434	23	46
	435	24	45
	436	25	42
	437	25	42
	438	26	44
	439	25	43
	440	23	45
	441	22	47
	442	23	46
	443	24	44
	444	24	41
	445	24	44
	446	23	43
	447	23	45
	448	22	43
	449	24	46
	450	20	42
	451	27	43
	452	33	43
	453	22	45
	454	26	47
	455	23	44
	456	25	43
	457	24	45
	458	20	45
	459	23	48
	460	22	45
	461	26	45
	462	22	44
	463	26	45
	464	24	44
	465	23	46
	466	24	45
	467	24	45
	468	24	42
	469	24	43
	470	25	45
	471	24	46
	472	23	41
	473	25	46
	474	26	46
	475	26	44
	476	22	49
	477	24	47
	478	26	44
	479	24	45
	480	24	46
	481	24	47
	482	24	45
	483	25	48
	484	24	44
	485	22	44
	486	24	45
	487	25	47
	488	24	47
	489	24	44
	490	27	46
	491	27	46
	492	21	44
	493	25	47
	494	24	43
	495	24	45
	496	26	45
	497	25	43
	498	21	46
	499	25	43
	500	25	40
	501	25	43
	502	26	42
	503	23	44
	504	23	45
	505	23	47
	506	23	45
	507	27	47
	508	23	46
	509	24	45
	510	24	47
	511	25	47
	512	26	44
	513	28	47
	514	24	45
	515	25	45
	516	24	48
	517	25	48
	518	23	48
	519	25	47
	520	23	46
	521	25	47
	522	24	45
	523	25	48
	524	20	46
	525	26	47
	526	22	47
	527	25	49
	528	24	46
	529	26	46
	530	26	46
	531	25	49
	532	23	50
	533	29	45
	534	26	45
	535	26	47
	536	22	48
	537	28	47
	538	24	45
	539	28	47
	540	24	45
	541	26	44
	542	21	46
	543	25	48
	544	25	44
	545	25	48
	546	25	47
	547	27	44
	548	27	47
	549	25	44
	550	28	46
	551	21	47
	552	24	45
	553	26	48
	554	27	47
	555	25	44
	556	24	47
	557	25	54
	558	26	49
	559	28	49
	560	23	46
	561	26	47
	562	26	45
	563	28	49
	564	28	44
	565	25	45
	566	23	47
	567	27	52
	568	23	51
	569	27	46
	570	26	49
	571	29	48
	572	26	47
	573	26	45
	574	26	50
	575	26	48
	576	26	48
	577	26	48
	578	27	43
	579	25	49
	580	28	47
	581	29	47
	582	25	47
	583	30	54
	584	25	49
	585	25	49
	586	27	46
	587	27	50
	588	26	48
	589	31	46
	590	26	50
	591	26	49
	592	26	49
	593	27	47
	594	30	50
	595	27	47
	596	25	48
	597	29	51
	598	28	46
	599	24	48
	600	25	47
	601	26	48
	602	26	52
	603	29	49
	604	29	47
	605	27	51
	606	26	47
	607	28	49
	608	30	50
	609	27	47
	610	26	49
	611	27	50
	612	27	50
	613	26	48
	614	30	49
	615	28	50
	616	27	48
	617	31	51
	618	28	50
	619	27	53
	620	28	48
	621	29	49
	622	28	49
	623	31	49
	624	27	49
	625	28	49
	626	28	53
	627	30	48
	628	27	49
	629	28	52
	630	28	49
	631	28	51
	632	27	51
	633	28	52
	634	28	50
	635	29	50
	636	27	49
	637	31	51
	638	26	52
	639	27	53
	640	29	51
	641	27	49
	642	26	54
	643	30	50
	644	30	52
	645	27	52
	646	29	53
	647	29	53
	648	29	51
	649	30	51
	650	30	49
	651	30	55
	652	27	53
	653	30	51
	654	27	50
	655	31	49
	656	28	49
	657	30	52
	658	29	53
	659	29	51
	660	30	51
	661	31	52
	662	29	53
	663	28	51
	664	30	53
	665	31	52
	666	31	54
	667	29	53
	668	28	49
	669	28	54
	670	29	52
	671	30	54
	672	30	54
	673	32	53
	674	30	52
	675	32	53
	676	30	54
	677	30	54
	678	29	56
	679	31	52
	680	29	56
	681	29	57
	682	29	53
	683	30	56
	684	29	54
	685	30	54
	686	28	57
	687	31	54
	688	31	55
	689	29	56
	690	33	54
	691	31	54
	692	29	56
	693	31	54
	694	32	54
	695	31	52
	696	33	56
	697	32	55
	698	31	55
	699	31	55
	700	28	56
	701	32	52
	702	30	53
	703	28	56
	704	31	56
	705	31	55
	706	30	55
	707	31	55
	708	37	56
	709	32	55
	710	33	56
	711	32	58
	712	31	55
	713	32	55
	714	34	56
	715	32	58
	716	32	54
	717	31	55
	718	28	57
	719	31	52
	720	34	55
	721	33	55
	722	29	56
	723	31	59
	724	31	57
	725	30	56
	726	33	57
	727	32	58
	728	34	52
	729	31	57
	730	32	57
	731	32	57
	732	31	55
	733	32	54
	734	33	57
	735	33	56
	736	32	56
	737	33	57
	738	30	61
	739	30	61
	740	31	56
	741	29	57
	742	30	57
	743	32	58
	744	29	59
	745	30	57
	746	31	56
	747	34	59
	748	33	55
	749	30	58
	750	32	57
	751	31	58
	752	31	58
	753	31	54
	754	31	53
	755	29	57
	756	31	56
	757	31	58
	758	31	59
	759	33	58
	760	30	53
	761	31	56
	762	30	54
	763	32	57
	764	28	60
	765	32	55
	766	31	55
	767	30	57
	768	31	57
	769	35	57
	770	33	57
	771	31	54
	772	31	60
	773	30	56
	774	30	59
	775	33	57
	776	39	54
	777	30	55
	778	30	55
	779	30	56
	780	30	56
	781	33	57
	782	30	55
	783	31	58
	784	29	56
	785	31	58
	786	30	62
	787	34	58
	788	30	56
	789	31	57
	790	30	57
	791	33	56
	792	29	56
	793	32	59
	794	28	53
	795	30	55
	796	32	58
	797	31	54
	798	27	56
	799	31	59
	800	28	55
	801	30	57
	802	31	57
	803	32	63
	804	28	55
	805	29	55
	806	28	56
	807	35	57
	808	31	57
	809	30	55
	810	31	54
	811	31	55
	812	28	54
	813	29	54
	814	29	53
	815	31	57
	816	26	54
	817	28	53
	818	26	54
	819	30	56
	820	30	55
	821	28	53
	822	32	51
	823	27	57
	824	28	52
	825	28	55
	826	28	57
	827	29	55
	828	31	56
	829	26	52
	830	27	53
	831	28	54
	832	28	53
	833	30	53
	834	30	53
	835	26	54
	836	31	55
	837	29	52
	838	27	53
	839	29	53
	840	27	49
	841	26	54
	842	29	52
	843	31	54
	844	26	52
	845	28	51
	846	28	52
	847	29	55
	848	28	51
	849	29	53
	850	25	54
	851	27	53
	852	27	53
	853	26	53
	854	28	53
	855	27	53
	856	27	49
	857	26	54
	858	25	52
	859	29	52
	860	27	52
	861	28	52
	862	27	50
	863	27	49
	864	26	52
	865	28	53
	866	28	52
	867	30	51
	868	25	50
	869	26	53
	870	26	52
	871	29	54
	872	26	51
	873	27	52
	874	27	51
	875	28	51
	876	25	52
	877	26	51
	878	28	50
	879	28	51
	880	27	52
	881	30	50
	882	27	50
	883	27	49
	884	26	48
	885	26	52
	886	26	51
	887	28	52
	888	28	49
	889	24	51
	890	26	54
	891	25	55
	892	26	51
	893	27	55
	894	26	52
	895	27	54
	896	24	57
	897	27	49
	898	24	51
	899	28	50
	900	26	50
	901	28	45
	902	26	48
	903	26	47
	904	25	49
	905	23	51
	906	26	48
	907	26	54
	908	23	48
	909	26	49
	910	27	51
	911	28	49
	912	26	47
	913	24	48
	914	27	48
	915	28	47
	916	26	50
	917	23	51
	918	26	49
	919	26	49
	920	23	49
	921	24	48
	922	26	47
	923	27	50
	924	25	48
	925	24	50
	926	26	47
	927	27	49
	928	25	48
	929	25	49
	930	24	47
	931	27	50
	932	24	47
	933	25	48
	934	25	48
	935	29	48
	936	27	47
	937	25	46
	938	25	46
	939	23	49
	940	25	47
	941	23	49
	942	22	47
	943	24	48
	944	22	47
	945	28	50
	946	25	47
	947	25	50
	948	23	47
	949	23	48
	950	25	58
	951	26	48
	952	26	48
	953	24	47
	954	27	45
	955	27	48
	956	25	49
	957	25	46
	958	23	46
	959	23	46
	960	22	46
	961	26	49
	962	23	47
	963	26	47
	964	21	44
	965	25	45
	966	25	44
	967	23	46
	968	26	48
	969	23	46
	970	27	49
	971	24	48
	972	23	46
	973	24	46
	974	26	47
	975	25	47
	976	26	48
	977	24	47
	978	22	47
	979	24	45
	980	23	45
	981	24	51
	982	25	45
	983	24	47
	984	24	45
	985	24	49
	986	20	44
	987	25	46
	988	27	45
	989	23	48
	990	22	46
	991	26	42
	992	22	42
	993	22	48
	994	22	45
	995	25	47
	996	19	46
	997	24	48
	998	24	46
	999	26	47
	1000	26	45
	1001	21	48
	1002	25	46
	1003	22	47
	1004	24	46
	1005	22	46
	1006	24	43
	1007	26	42
	1008	22	46
	1009	21	46
	1010	24	45
	1011	23	42
	1012	21	44
	1013	25	41
	1014	24	49
	1015	22	46
	1016	24	48
	1017	22	46
	1018	23	44
	1019	25	45
	1020	21	45
	1021	23	46
	1022	23	44
	1023	26	45
	1024	23	43
	1025	23	44
	1026	23	45
	1027	27	45
	1028	24	43
	1029	25	42
	1030	23	44
	1031	22	45
	1032	21	45
	1033	24	44
	1034	22	42
	1035	23	44
	1036	22	41
	1037	21	45
	1038	24	45
	1039	24	45
	1040	21	43
	1041	23	44
	1042	21	43
	1043	22	42
	1044	23	54
	1045	23	46
	1046	20	43
	1047	21	44
	1048	22	46
	1049	23	46
	1050	21	43
	1051	23	42
	1052	24	41
	1053	22	43
	1054	24	43
	1055	25	52
	1056	19	42
	1057	24	43
	1058	23	42
	1059	25	45
	1060	22	47
	1061	25	44
	1062	22	43
	1063	23	46
	1064	23	43
	1065	23	44
	1066	24	43
	1067	22	43
	1068	23	44
	1069	22	42
	1070	20	44
	1071	23	44
	1072	19	40
	1073	25	41
	1074	22	40
	1075	23	42
	1076	22	44
	1077	31	45
	1078	25	43
	1079	23	45
	1080	24	45
	1081	23	40
	1082	23	45
	1083	22	42
	1084	20	43
	1085	25	42
	1086	22	45
	1087	23	42
	1088	26	41
	1089	22	42
	1090	21	44
	1091	22	43
	1092	24	44
	1093	24	44
	1094	23	43
	1095	22	46
	1096	22	44
	1097	23	45
	1098	21	44
	1099	23	41
	1100	23	43
	1101	22	43
	1102	21	42
	1103	22	44
	1104	21	43
	1105	24	47
	1106	22	43
	1107	24	45
	1108	22	47
	1109	24	44
	1110	20	49
	1111	22	48
	1112	22	43
	1113	24	43
	1114	26	42
	1115	23	42
	1116	23	43
	1117	23	43
	1118	22	44
	1119	24	43
	1120	23	46
	1121	23	42
	1122	22	43
	1123	23	45
	1124	24	42
	1125	23	44
	1126	23	45
	1127	23	43
	1128	23	44
	1129	23	44
	1130	24	43
	1131	23	43
	1132	23	44
	1133	23	44
	1134	24	44
	1135	23	44
	1136	22	49
	1137	22	45
	1138	21	44
	1139	25	46
	1140	22	43
	1141	27	42
	1142	20	42
	1143	22	44
	1144	20	44
	1145	19	43
	1146	19	42
	1147	23	44
	1148	22	42
	1149	20	46
	1150	21	42
	1151	24	43
	1152	21	43
	1153	23	46
	1154	24	44
	1155	25	46
	1156	21	42
	1157	24	43
	1158	22	44
	1159	23	41
	1160	20	42
	1161	18	46
	1162	23	41
	1163	20	47
	1164	23	42
	1165	23	44
	1166	23	44
	1167	22	44
	1168	20	45
	1169	23	42
	1170	24	44
	1171	23	44
	1172	26	41
	1173	24	43
	1174	20	45
	1175	22	45
	1176	24	42
	1177	23	46
	1178	22	44
	1179	23	42
	1180	21	42
	1181	22	47
	1182	24	44
	1183	23	46
	1184	24	45
	1185	24	43
	1186	21	42
	1187	21	42
	1188	22	45
	1189	23	44
	1190	23	42
	1191	22	40
	1192	23	44
	1193	24	45
	1194	23	44
	1195	22	43
	1196	28	43
	1197	24	46
	1198	24	43
	1199	23	46
	1200	24	42
	1201	23	43
	1202	22	42
	1203	24	45
	1204	25	43
	1205	25	45
	1206	24	43
	1207	25	41
	1208	21	43
	1209	24	44
	1210	20	46
	1211	23	44
	1212	21	44
	1213	22	39
	1214	21	45
	1215	25	41
	1216	20	46
	1217	24	46
	1218	24	42
	1219	23	43
	1220	21	44
	1221	23	44
	1222	22	42
	1223	22	46
	1224	21	43
	1225	26	44
	1226	24	43
	1227	22	42
	1228	21	42
	1229	21	46
	1230	23	43
	1231	22	44
	1232	25	45
	1233	26	43
	1234	20	43
	1235	23	44
	1236	19	42
	1237	22	45
	1238	21	44
	1239	23	43
	1240	21	43
	1241	21	44
	1242	23	44
	1243	21	44
	1244	21	41
	1245	22	43
	1246	22	44
	1247	23	42
	1248	22	43
	1249	24	42
	1250	20	41
	1251	23	42
	1252	22	46
	1253	20	44
	1254	20	42
	1255	23	42
	1256	22	43
	1257	24	46
	1258	24	42
	1259	21	46
	1260	23	42
	1261	23	42
	1262	23	45
	1263	23	47
	1264	20	41
	1265	25	41
	1266	30	45
	1267	28	42
	1268	21	43
	1269	23	42
	1270	20	42
	1271	23	43
	1272	23	44
	1273	22	41
	1274	23	43
	1275	22	51
	1276	23	42
	1277	23	44
	1278	24	46
	1279	24	44
	1280	25	47
	1281	22	44
	1282	25	43
	1283	23	45
	1284	21	42
	1285	25	44
	1286	22	46
	1287	24	43
	1288	19	43
	1289	21	43
	1290	23	43
	1291	23	45
	1292	23	43
	1293	24	43
	1294	21	45
	1295	22	46
	1296	20	47
	1297	24	43
	1298	23	39
	1299	24	42
	1300	22	43
	1301	23	44
	1302	21	47
	1303	24	44
	1304	19	42
	1305	24	44
	1306	22	45
	1307	23	41
	1308	22	42
	1309	22	44
	1310	24	42
	1311	23	42
	1312	23	43
	1313	23	44
	1314	22	41
	1315	22	41
	1316	22	48
	1317	22	43
	1318	23	44
	1319	26	43
	1320	24	42
	1321	24	44
	1322	22	44
	1323	23	44
	1324	23	45
	1325	22	46
	1326	21	43
	1327	23	45
	1328	27	47
	1329	21	43
	1330	22	40
	1331	26	46
	1332	24	42
	1333	24	41
	1334	21	44
	1335	24	44
	1336	20	42
	1337	21	45
	1338	23	44
	1339	20	43
	1340	23	41
	1341	20	47
	1342	22	43
	1343	23	46
	1344	23	42
	1345	25	42
	1346	23	42
	1347	20	43
	1348	21	41
	1349	22	46
	1350	22	44
	1351	22	45
	1352	23	42
	1353	24	44
	1354	20	44
	1355	24	45
	1356	21	42
	1357	23	43
	1358	24	43
	1359	23	45
	1360	22	40
	1361	23	41
	1362	21	42
	1363	23	42
	1364	21	40
	1365	22	44
	1366	21	43
	1367	24	43
	1368	20	42
	1369	22	41
	1370	23	42
	1371	23	44
	1372	30	44
	1373	21	41
	1374	19	45
	1375	23	43
	1376	23	43
	1377	24	44
	1378	20	42
	1379	24	40
	1380	21	42
	1381	32	45
	1382	21	44
	1383	23	43
	1384	22	40
	1385	23	45
	1386	23	45
	1387	21	44
	1388	22	40
	1389	22	42
	1390	19	41
	1391	24	44
	1392	23	43
	1393	21	45
	1394	21	42
	1395	21	42
	1396	23	42
	1397	21	41
	1398	22	41
	1399	22	45
	1400	21	42
	1401	22	43
	1402	20	43
	1403	25	43
	1404	22	42
	1405	22	43
	1406	23	40
	1407	22	43
	1408	23	43
	1409	21	41
	1410	21	44
	1411	24	43
	1412	21	43
	1413	21	47
	1414	21	45
	1415	20	46
	1416	22	45
	1417	22	43
	1418	23	42
	1419	23	41
	1420	20	43
	1421	20	46
	1422	26	45
	1423	23	45
	1424	23	43
	1425	22	42
	1426	24	41
	1427	24	41
	1428	22	43
	1429	22	45
	1430	22	43
	1431	24	43
	1432	22	44
	1433	24	44
	1434	20	44
	1435	22	45
	1436	24	43
	1437	24	38
	1438	19	41
	1439	23	42
	1440	22	40
	1441	22	47
	1442	21	44
	1443	23	45
	1444	21	44
	1445	22	41
	1446	20	42
	1447	23	45
	1448	22	40
	1449	23	42
	1450	22	44
	1451	23	44
	1452	21	43
	1453	22	43
	1454	20	44
	1455	23	45
	1456	22	42
	1457	22	41
	1458	23	42
	1459	23	43
	1460	22	41
	1461	23	42
	1462	26	45
	1463	23	44
	1464	21	44
	1465	23	41
	1466	23	42
	1467	19	43
	1468	23	44
	1469	24	44
	1470	21	43
	1471	22	44
	1472	22	40
	1473	20	46
	1474	22	45
	1475	26	44
	1476	20	45
	1477	23	42
	1478	22	44
	1479	24	44
	1480	21	43
	1481	23	45
	1482	20	42
	1483	21	46
	1484	23	45
	1485	24	42
	1486	19	43
	1487	24	42
	1488	21	41
	1489	21	44
	1490	20	43
	1491	23	42
	1492	21	44
	1493	21	42
	1494	20	43
	1495	23	45
	1496	20	44
	1497	24	44
	1498	21	41
	1499	21	45
	1500	20	46
	1501	25	43
	1502	23	43
	1503	23	42
	1504	22	44
	1505	23	46
	1506	23	44
	1507	24	46
	1508	19	43
	1509	22	43
	1510	24	45
	1511	23	44
	1512	24	42
	1513	22	43
	1514	21	41
	1515	21	45
	1516	20	41
	1517	24	41
	1518	24	41
	1519	20	39
	1520	24	41
	1521	22	43
	1522	24	41
	1523	23	42
	1524	21	43
	1525	23	43
	1526	21	43
	1527	19	44
	1528	22	43
	1529	24	44
	1530	23	42
	1531	31	42
	1532	21	43
	1533	23	44
	1534	22	42
	1535	22	44
	1536	22	43
	1537	22	42
	1538	22	43
	1539	22	45
	1540	21	44
	1541	21	45
	1542	21	43
	1543	23	43
	1544	19	43
	1545	23	46
	1546	21	43
	1547	18	43
	1548	19	42
	1549	24	43
	1550	25	43
	1551	21	44
	1552	22	43
	1553	23	43
	1554	22	42
	1555	24	44
	1556	21	45
	1557	24	43
	1558	22	47
	1559	22	43
	1560	22	41
	1561	23	40
	1562	21	43
	1563	21	46
	1564	22	43
	1565	22	44
	1566	23	42
	1567	22	41
	1568	27	45
	1569	25	44
	1570	22	43
	1571	24	54
	1572	22	44
	1573	24	44
	1574	23	45
	1575	27	46
	1576	22	45
	1577	26	46
	1578	23	46
	1579	24	44
	1580	22	43
	1581	22	45
	1582	22	47
	1583	23	49
	1584	24	42
	1585	27	48
	1586	21	44
	1587	22	45
	1588	21	43
	1589	23	45
	1590	24	44
	1591	22	47
	1592	23	43
	1593	23	43
	1594	21	43
	1595	24	45
	1596	22	43
	1597	30	46
	1598	23	45
	1599	27	48
	1600	20	44
	1601	22	46
	1602	23	47
	1603	26	45
	1604	22	45
	1605	24	48
	1606	23	43
	1607	23	45
	1608	25	44
	1609	28	47
	1610	23	43
	1611	23	46
	1612	21	44
	1613	25	47
	1614	25	46
	1615	21	44
	1616	22	44
	1617	25	45
	1618	22	44
	1619	23	48
	1620	23	46
	1621	22	47
	1622	23	43
	1623	21	45
	1624	24	45
	1625	26	46
	1626	23	43
	1627	23	46
	1628	23	44
	1629	23	46
	1630	26	46
	1631	24	47
	1632	23	42
	1633	24	45
	1634	20	48
	1635	25	49
	1636	24	46
	1637	22	45
	1638	25	45
	1639	24	46
	1640	21	47
	1641	24	46
	1642	20	43
	1643	24	45
	1644	23	44
	1645	24	45
	1646	29	46
	1647	25	45
	1648	21	46
	1649	25	46
	1650	26	44
	1651	22	46
	1652	24	45
	1653	22	45
	1654	24	45
	1655	27	46
	1656	20	45
	1657	23	46
	1658	22	43
	1659	25	43
	1660	21	45
	1661	23	48
	1662	24	45
	1663	26	45
	1664	24	46
	1665	24	46
	1666	23	48
	1667	24	46
	1668	22	47
	1669	22	44
	1670	24	45
	1671	24	43
	1672	22	47
	1673	27	44
	1674	21	45
	1675	24	43
	1676	24	45
	1677	23	45
	1678	24	43
	1679	23	45
	1680	24	43
	1681	26	46
	1682	23	48
	1683	23	44
	1684	26	44
	1685	26	46
	1686	26	46
	1687	25	46
	1688	23	48
	1689	24	47
	1690	20	46
	1691	20	45
	1692	21	45
	1693	23	47
	1694	21	46
	1695	22	47
	1696	22	46
	1697	21	47
	1698	20	45
	1699	22	45
	1700	21	41
	1701	22	43
	1702	23	44
	1703	23	43
	1704	20	45
	1705	25	43
	1706	23	42
	1707	20	40
	1708	20	44
	1709	20	43
	1710	20	43
	1711	20	42
	1712	22	42
	1713	19	40
	1714	23	42
	1715	27	42
	1716	23	40
	1717	22	42
	1718	24	39
	1719	19	43
	1720	21	40
	1721	22	41
	1722	20	41
	1723	24	40
	1724	19	39
	1725	23	42
	1726	25	44
	1727	20	41
	1728	22	41
	1729	21	42
	1730	20	41
	1731	21	45
	1732	21	42
	1733	23	42
	1734	23	41
	1735	23	40
	1736	20	38
	1737	23	42
	1738	21	42
	1739	21	41
	1740	24	40
	1741	22	41
	1742	21	41
	1743	24	42
	1744	22	42
	1745	19	39
	1746	19	42
	1747	21	40
	1748	21	42
	1749	20	41
	1750	21	39
	1751	21	44
	1752	20	40
	1753	22	42
	1754	21	43
	1755	21	43
	1756	22	41
	1757	22	41
	1758	23	42
	1759	22	43
	1760	22	43
	1761	21	39
	1762	24	42
	1763	19	42
	1764	20	40
	1765	17	43
	1766	20	40
	1767	21	42
	1768	22	42
	1769	23	46
	1770	22	38
	1771	23	42
	1772	19	41
	1773	21	43
	1774	20	41
	1775	21	44
	1776	22	43
	1777	24	42
	1778	20	42
	1779	22	41
	1780	19	44
	1781	21	43
	1782	22	42
	1783	19	39
	1784	19	43
	1785	23	43
	1786	19	44
	1787	23	43
	1788	20	41
	1789	21	45
	1790	22	39
	1791	24	45
	1792	21	42
	1793	23	41
	1794	22	42
	1795	20	42
	1796	22	41
	1797	23	43
	1798	19	44
	1799	20	39
	1800	17	40
	1801	21	41
	1802	23	43
	1803	21	43
	1804	20	39
	1805	22	42
	1806	19	42
	1807	21	42
	1808	20	40
	1809	24	43
	1810	23	41
	1811	20	41
	1812	18	44
	1813	21	39
	1814	23	39
	1815	21	39
	1816	21	41
	1817	21	43
	1818	20	44
	1819	24	41
	1820	19	39
	1821	20	42
	1822	22	41
	1823	22	44
	1824	21	41
	1825	19	41
	1826	20	42
	1827	24	41
	1828	23	41
	1829	21	44
	1830	21	43
	1831	20	42
	1832	21	43
	1833	24	40
	1834	20	43
	1835	22	41
	1836	20	38
	1837	22	41
	1838	20	41
	1839	21	41
	1840	18	38
	1841	22	43
	1842	20	41
	1843	21	41
	1844	21	40
	1845	22	44
	1846	19	43
	1847	24	39
	1848	21	42
	1849	21	44
	1850	20	41
	1851	21	42
	1852	22	42
	1853	21	41
	1854	20	39
	1855	18	43
	1856	23	40
	1857	23	40
	1858	21	38
	1859	21	39
	1860	21	39
	1861	19	44
	1862	21	37
	1863	24	40
	1864	19	41
	1865	20	42
	1866	20	41
	1867	20	41
	1868	20	41
	1869	22	41
	1870	19	40
	1871	19	41
	1872	20	42
	1873	19	40
	1874	19	40
	1875	19	41
	1876	21	44
	1877	22	42
	1878	22	41
	1879	21	42
	1880	22	41
	1881	23	43
	1882	21	40
	1883	23	39
	1884	18	38
	1885	21	38
	1886	20	40
	1887	21	42
	1888	22	39
	1889	21	40
	1890	20	39
	1891	20	42
	1892	22	42
	1893	19	44
	1894	21	42
	1895	21	42
	1896	22	40
	1897	22	42
	1898	23	43
	1899	22	42
	1900	21	39
	1901	23	39
	1902	24	43
	1903	22	41
	1904	23	41
	1905	23	41
	1906	19	41
	1907	28	43
	1908	20	43
	1909	21	41
	1910	22	43
	1911	21	41
	1912	19	41
	1913	20	41
	1914	21	42
	1915	20	43
	1916	21	41
	1917	22	41
	1918	18	40
	1919	23	42
	1920	21	38
	1921	20	48
	1922	22	43
	1923	21	41
	1924	19	40
	1925	24	40
	1926	22	44
	1927	20	40
	1928	22	39
	1929	21	45
	1930	21	39
	1931	20	44
	1932	20	40
	1933	21	40
	1934	20	37
	1935	18	43
	1936	20	38
	1937	22	43
	1938	19	42
	1939	21	40
	1940	22	41
	1941	22	43
	1942	23	43
	1943	19	41
	1944	21	41
	1945	21	41
	1946	22	42
	1947	22	39
	1948	22	41
	1949	20	36
	1950	21	43
	1951	21	43
	1952	20	39
	1953	23	43
	1954	22	38
	1955	21	38
	1956	21	40
	1957	20	43
	1958	20	42
	1959	20	40
	1960	20	41
	1961	22	42
	1962	21	41
	1963	17	40
	1964	17	41
	1965	19	40
	1966	20	42
	1967	25	41
	1968	21	40
	1969	20	42
	1970	22	43
	1971	20	40
	1972	21	42
	1973	21	44
	1974	21	40
	1975	21	40
	1976	24	41
	1977	20	43
	1978	19	41
	1979	20	41
	1980	19	42
	1981	24	43
	1982	19	42
	1983	20	41
	1984	20	42
	1985	21	44
	1986	19	42
	1987	21	42
	1988	18	40
	1989	21	39
	1990	21	40
	1991	19	43
	1992	24	42
	1993	22	45
	1994	20	38
	1995	24	41
	1996	21	41
	1997	19	40
	1998	20	40
	1999	22	43
	2000	19	41
	2001	21	42
	2002	22	42
	2003	20	39
	2004	20	44
	2005	20	44
	2006	21	40
	2007	22	41
	2008	20	39
	2009	22	39
	2010	21	43
	2011	20	42
	2012	21	43
	2013	21	40
	2014	17	41
	2015	24	42
	2016	18	42
	2017	21	42
	2018	21	42
	2019	21	42
	2020	21	39
	2021	21	41
	2022	19	41
	2023	18	40
	2024	20	41
	2025	19	41
	2026	20	41
	2027	20	44
	2028	18	41
	2029	22	44
	2030	21	41
	2031	21	44
	2032	21	39
	2033	20	42
	2034	22	39
	2035	20	39
	2036	19	45
	2037	24	41
	2038	21	43
	2039	23	41
	2040	22	39
	2041	22	42
	2042	19	41
	2043	21	41
	2044	19	42
	2045	20	42
	2046	22	41
	2047	21	40
	2048	20	40
	2049	21	43
	2050	21	41
	2051	22	39
	2052	19	39
	2053	19	39
	2054	22	42
	2055	19	39
	2056	19	42
	2057	20	40
	2058	18	41
	2059	20	44
	2060	22	44
	2061	21	40
	2062	18	39
	2063	20	42
	2064	16	42
	2065	21	43
	2066	22	39
	2067	21	41
	2068	21	40
	2069	22	40
	2070	21	41
	2071	21	43
	2072	19	43
	2073	21	41
	2074	20	37
	2075	19	39
	2076	18	39
	2077	20	41
	2078	18	39
	2079	20	41
	2080	21	42
	2081	22	40
	2082	19	41
	2083	19	42
	2084	19	39
	2085	22	41
	2086	21	40
	2087	22	39
	2088	24	39
	2089	21	39
	2090	20	42
	2091	23	41
	2092	19	41
	2093	21	44
	2094	21	40
	2095	23	41
	2096	19	43
	2097	19	41
	2098	18	39
	2099	20	41
	2100	19	41
	2101	21	43
	2102	20	39
	2103	20	39
	2104	20	40
	2105	23	39
	2106	19	41
	2107	18	41
	2108	19	41
	2109	20	39
	2110	20	41
	2111	20	42
	2112	18	42
	2113	21	39
	2114	22	42
	2115	21	39
	2116	20	41
	2117	19	41
	2118	21	39
	2119	21	44
	2120	19	42
	2121	22	41
	2122	23	40
	2123	20	42
	2124	20	41
	2125	22	40
	2126	19	39
	2127	22	41
	2128	19	44
	2129	19	44
	2130	21	40
	2131	21	41
	2132	18	40
	2133	22	40
	2134	20	38
	2135	20	41
	2136	19	42
	2137	17	40
	2138	19	40
	2139	22	41
	2140	22	41
	2141	23	43
	2142	19	41
	2143	19	40
	2144	22	41
	2145	22	41
	2146	21	39
	2147	21	39
	2148	20	41
	2149	19	43
	2150	20	41
	2151	19	42
	2152	22	40
	2153	22	39
	2154	19	42
	2155	22	42
	2156	21	41
	2157	21	39
	2158	20	36
	2159	21	42
	2160	18	40
	2161	23	41
	2162	20	43
	2163	23	41
	2164	21	39
	2165	20	40
	2166	18	41
	2167	20	38
	2168	20	41
	2169	18	39
	2170	20	61
	2171	19	42
	2172	19	38
	2173	19	40
	2174	22	41
	2175	21	40
	2176	18	42
	2177	20	43
	2178	21	38
	2179	24	41
	2180	19	41
	2181	23	41
	2182	22	41
	2183	21	40
	2184	20	41
	2185	23	40
	2186	19	37
	2187	20	41
	2188	19	40
	2189	23	40
	2190	19	41
	2191	22	43
	2192	21	40
	2193	23	44
	2194	21	47
	2195	24	40
	2196	20	39
	2197	22	40
	2198	19	41
	2199	22	41
	2200	22	40
	2201	21	42
	2202	20	40
	2203	19	41
	2204	21	39
	2205	26	40
	2206	19	41
	2207	19	39
	2208	18	38
	2209	22	43
	2210	18	39
	2211	22	39
	2212	20	40
	2213	24	37
	2214	21	37
	2215	19	40
	2216	19	39
	2217	21	42
	2218	22	43
	2219	20	43
	2220	20	43
	2221	21	40
	2222	19	39
	2223	22	39
	2224	19	38
	2225	20	41
	2226	20	40
	2227	19	39
	2228	19	40
	2229	19	38
	2230	22	39
	2231	22	41
	2232	20	40
	2233	18	41
	2234	22	42
	2235	20	41
	2236	20	39
	2237	21	40
	2238	19	43
	2239	21	43
	2240	21	40
	2241	19	38
	2242	20	38
	2243	21	42
	2244	20	39
	2245	21	40
	2246	19	42
	2247	21	41
	2248	20	39
	2249	20	41
	2250	21	42
	2251	21	40
	2252	20	38
	2253	21	39
	2254	19	41
	2255	20	39
	2256	18	39
	2257	22	41
	2258	20	40
	2259	23	42
	2260	21	39
	2261	20	40
	2262	21	39
	2263	20	44
	2264	20	38
	2265	22	40
	2266	19	38
	2267	21	43
	2268	21	39
	2269	20	39
	2270	23	43
	2271	19	41
	2272	18	41
	2273	24	38
	2274	21	39
	2275	24	44
	2276	19	40
	2277	20	43
	2278	19	41
	2279	20	42
	2280	21	42
	2281	20	39
	2282	19	38
	2283	18	41
	2284	16	44
	2285	21	42
	2286	20	42
	2287	22	40
	2288	19	41
	2289	18	39
	2290	18	40
	2291	20	41
	2292	21	39
	2293	20	40
	2294	21	39
	2295	20	42
	2296	18	41
	2297	21	41
	2298	21	39
	2299	20	40
	2300	21	39
	2301	18	41
	2302	18	40
	2303	24	44
	2304	20	37
	2305	21	37
	2306	19	41
	2307	23	41
	2308	21	41
	2309	21	41
	2310	19	40
	2311	19	42
	2312	22	41
	2313	19	41
	2314	19	40
	2315	18	42
	2316	17	38
	2317	19	41
	2318	19	41
	2319	22	41
	2320	18	39
	2321	21	40
	2322	17	39
	2323	20	40
	2324	21	38
	2325	21	43
	2326	19	39
	2327	21	43
	2328	17	40
	2329	23	40
	2330	21	39
	2331	19	37
	2332	21	39
	2333	23	40
	2334	19	39
	2335	19	42
	2336	18	38
	2337	22	40
	2338	21	40
	2339	22	41
	2340	19	39
	2341	20	43
	2342	20	40
	2343	23	41
	2344	20	38
	2345	21	40
	2346	21	39
	2347	21	40
	2348	20	42
	2349	20	39
	2350	18	39
	2351	20	41
	2352	20	41
	2353	22	39
	2354	18	43
	2355	19	42
	2356	19	39
	2357	22	40
	2358	19	40
	2359	21	42
	2360	20	41
	2361	21	40
	2362	18	39
	2363	21	43
	2364	20	38
	2365	22	40
	2366	19	40
	2367	21	40
	2368	19	41
	2369	20	40
	2370	20	38
	2371	21	41
	2372	20	41
	2373	25	41
	2374	21	40
	2375	21	43
	2376	19	39
	2377	21	41
	2378	21	38
	2379	23	42
	2380	22	39
	2381	21	40
	2382	21	42
	2383	19	42
	2384	21	39
	2385	22	39
	2386	18	43
	2387	23	42
	2388	17	41
	2389	22	39
	2390	21	39
	2391	21	40
	2392	22	41
	2393	23	41
	2394	22	39
	2395	20	40
	2396	19	40
	2397	20	40
	2398	22	42
	2399	21	40
	2400	19	42
	2401	19	42
	2402	20	38
	2403	26	43
	2404	21	43
	2405	21	39
	2406	20	42
	2407	20	39
	2408	20	42
	2409	20	40
	2410	21	40
	2411	22	38
	2412	19	41
	2413	20	40
	2414	21	40
	2415	19	41
	2416	17	39
	2417	23	44
	2418	21	40
	2419	22	41
	2420	20	38
	2421	24	42
	2422	16	41
	2423	22	42
	2424	19	39
	2425	23	41
	2426	19	39
	2427	20	41
	2428	21	38
	2429	20	41
	2430	21	39
	2431	23	42
	2432	22	40
	2433	20	42
	2434	18	38
	2435	19	39
	2436	21	39
	2437	21	41
	2438	20	40
	2439	20	40
	2440	18	39
	2441	21	40
	2442	19	43
	2443	20	41
	2444	20	37
	2445	19	40
	2446	20	40
	2447	19	42
	2448	18	39
	2449	21	42
	2450	19	40
	2451	23	42
	2452	20	41
	2453	20	44
	2454	19	40
	2455	20	39
	2456	19	43
	2457	18	37
	2458	23	39
	2459	20	42
	2460	22	37
	2461	18	43
	2462	20	41
	2463	18	43
	2464	19	45
	2465	20	40
	2466	21	41
	2467	21	44
	2468	18	42
	2469	20	42
	2470	21	41
	2471	20	39
	2472	20	39
	2473	19	42
	2474	19	40
	2475	22	40
	2476	19	40
	2477	20	41
	2478	21	41
	2479	18	42
	2480	18	38
	2481	21	43
	2482	19	38
	2483	20	44
	2484	21	40
	2485	20	43
	2486	19	40
	2487	20	43
	2488	18	39
	2489	22	39
	2490	21	42
	2491	19	39
	2492	21	40
	2493	21	40
	2494	21	43
	2495	20	45
	2496	19	43
	2497	20	42
	2498	21	42
	2499	19	41
	2500	18	39
	2501	19	43
	2502	19	40
	2503	19	42
	2504	19	38
	2505	20	39
	2506	19	39
	2507	18	43
	2508	16	38
	2509	19	41
	2510	21	41
	2511	20	38
	2512	17	39
	2513	18	41
	2514	21	40
	2515	19	40
	2516	19	40
	2517	21	40
	2518	21	40
	2519	19	38
	2520	19	40
	2521	19	40
	2522	20	41
	2523	21	41
	2524	19	42
	2525	22	38
	2526	20	42
	2527	20	42
	2528	19	39
	2529	20	39
	2530	18	39
	2531	22	38
	2532	20	41
	2533	20	40
	2534	19	40
	2535	19	44
	2536	17	39
	2537	22	42
	2538	21	43
	2539	17	44
	2540	22	41
	2541	20	42
	2542	20	39
	2543	21	41
	2544	20	42
	2545	23	43
	2546	21	42
	2547	19	41
	2548	22	39
	2549	21	39
	2550	17	40
	2551	21	41
	2552	20	39
	2553	21	42
	2554	19	37
	2555	20	42
	2556	19	42
	2557	22	41
	2558	19	37
	2559	21	43
	2560	18	40
	2561	21	40
	2562	22	43
	2563	22	41
	2564	21	39
	2565	22	42
	2566	19	41
	2567	24	44
	2568	21	41
	2569	19	38
	2570	20	38
	2571	21	43
	2572	21	39
	2573	20	42
	2574	18	38
	2575	20	41
	2576	22	43
	2577	21	44
	2578	21	41
	2579	22	40
	2580	18	38
	2581	22	44
	2582	17	41
	2583	20	39
	2584	20	39
	2585	20	41
	2586	21	43
	2587	21	41
	2588	16	41
	2589	20	39
	2590	20	42
	2591	19	43
	2592	20	43
	2593	22	43
	2594	21	40
	2595	22	40
	2596	22	38
	2597	21	43
	2598	20	39
	2599	22	41
	2600	18	39
	2601	23	41
	2602	20	42
	2603	19	41
	2604	20	38
	2605	22	41
	2606	21	38
	2607	18	41
	2608	20	41
	2609	21	40
	2610	18	45
	2611	23	38
	2612	22	35
	2613	22	43
	2614	19	41
	2615	22	41
	2616	21	40
	2617	21	43
	2618	18	38
	2619	21	41
	2620	20	40
	2621	23	40
	2622	20	41
	2623	20	42
	2624	21	41
	2625	21	40
	2626	25	38
	2627	18	36
	2628	18	39
	2629	20	39
	2630	22	38
	2631	21	40
	2632	19	36
	2633	20	40
	2634	19	39
	2635	21	42
	2636	20	38
	2637	19	40
	2638	21	38
	2639	20	40
	2640	19	40
	2641	20	44
	2642	19	37
	2643	22	42
	2644	19	40
	2645	22	41
	2646	21	41
	2647	22	40
	2648	19	40
	2649	19	39
	2650	21	44
	2651	21	41
	2652	21	40
	2653	18	40
	2654	17	36
	2655	21	40
	2656	19	40
	2657	20	37
	2658	18	37
	2659	20	38
	2660	20	39
	2661	20	37
	2662	19	39
	2663	22	43
	2664	19	38
	2665	21	43
	2666	19	40
	2667	20	41
	2668	20	41
	2669	22	39
	2670	19	37
	2671	22	42
	2672	18	38
	2673	20	40
	2674	21	41
	2675	21	43
	2676	19	39
	2677	21	41
	2678	19	39
	2679	21	43
	2680	17	42
	2681	20	41
	2682	20	41
	2683	21	41
	2684	17	39
	2685	21	42
	2686	20	39
	2687	19	39
	2688	20	40
	2689	20	42
	2690	19	40
	2691	23	42
	2692	20	37
	2693	19	40
	2694	18	43
	2695	19	40
	2696	20	40
	2697	22	38
	2698	19	39
	2699	21	41
	2700	19	40
	2701	18	40
	2702	21	39
	2703	21	42
	2704	20	38
	2705	20	40
	2706	19	39
	2707	17	37
	2708	20	39
	2709	21	40
	2710	22	41
	2711	23	41
	2712	20	40
	2713	20	41
	2714	21	39
	2715	23	39
	2716	20	35
	2717	19	40
	2718	19	37
	2719	18	41
	2720	21	40
	2721	24	41
	2722	18	41
	2723	20	39
	2724	18	38
	2725	24	41
	2726	22	39
	2727	19	38
	2728	19	38
	2729	21	41
	2730	21	38
	2731	20	40
	2732	21	38
	2733	20	40
	2734	17	43
	2735	22	38
	2736	21	38
	2737	21	39
	2738	20	40
	2739	21	40
	2740	19	41
	2741	20	42
	2742	19	40
	2743	20	41
	2744	21	42
	2745	22	44
	2746	22	40
	2747	22	39
	2748	18	40
	2749	22	41
	2750	22	41
	2751	22	39
	2752	21	37
	2753	19	37
	2754	20	39
	2755	20	41
	2756	18	39
	2757	20	42
	2758	20	41
	2759	19	39
	2760	18	42
	2761	21	39
	2762	19	38
	2763	23	39
	2764	19	38
	2765	22	41
	2766	19	39
	2767	21	37
	2768	20	39
	2769	19	42
	2770	19	40
	2771	22	44
	2772	18	39
	2773	21	42
	2774	17	39
	2775	21	41
	2776	19	41
	2777	21	43
	2778	22	38
	2779	21	38
	2780	21	39
	2781	22	40
	2782	22	42
	2783	25	40
	2784	21	41
	2785	20	43
	2786	19	40
	2787	20	41
	2788	19	38
	2789	22	39
	2790	22	42
	2791	21	41
	2792	16	38
	2793	21	41
	2794	18	38
	2795	19	42
	2796	21	39
	2797	20	40
	2798	21	38
	2799	22	40
	2800	19	42
	2801	22	42
	2802	19	44
	2803	23	40
	2804	20	42
	2805	20	38
	2806	19	40
	2807	18	41
	2808	20	41
	2809	21	43
	2810	19	40
	2811	19	41
	2812	20	39
	2813	19	41
	2814	19	40
	2815	19	41
	2816	17	37
	2817	20	42
	2818	22	40
	2819	21	40
	2820	20	41
	2821	21	39
	2822	19	38
	2823	23	39
	2824	20	39
	2825	20	42
	2826	21	40
	2827	19	39
	2828	16	40
	2829	22	41
	2830	22	39
	2831	24	40
	2832	21	39
	2833	21	39
	2834	20	41
	2835	23	41
	2836	21	39
	2837	20	39
	2838	20	38
	2839	19	42
	2840	20	42
	2841	22	39
	2842	18	41
	2843	22	39
	2844	17	40
	2845	18	40
	2846	20	40
	2847	20	40
	2848	21	40
	2849	19	40
	2850	21	38
	2851	22	39
	2852	19	39
	2853	24	42
	2854	19	39
	2855	21	42
	2856	21	43
	2857	23	38
	2858	19	42
	2859	21	43
	2860	19	42
	2861	20	40
	2862	19	40
	2863	21	41
	2864	22	39
	2865	18	40
	2866	20	42
	2867	20	40
	2868	18	42
	2869	23	43
	2870	23	38
	2871	20	41
	2872	18	39
	2873	21	42
	2874	21	40
	2875	21	41
	2876	20	39
	2877	19	44
	2878	21	43
	2879	20	37
	2880	18	38
	2881	18	43
	2882	20	39
	2883	20	41
	2884	19	39
	2885	23	41
	2886	20	37
	2887	21	41
	2888	20	38
	2889	43	40
	2890	21	38
	2891	20	41
	2892	19	40
	2893	20	39
	2894	21	39
	2895	21	40
	2896	20	40
	2897	20	42
	2898	21	45
	2899	20	42
	2900	18	37
	2901	20	41
	2902	19	39
	2903	20	44
	2904	21	42
	2905	20	42
	2906	16	43
	2907	21	39
	2908	22	40
	2909	17	40
	2910	21	41
	2911	19	43
	2912	20	42
	2913	20	42
	2914	21	43
	2915	21	41
	2916	19	40
	2917	20	40
	2918	21	39
	2919	21	40
	2920	23	40
	2921	22	40
	2922	21	39
	2923	20	42
	2924	22	40
	2925	21	41
	2926	20	39
	2927	22	44
	2928	21	41
	2929	21	40
	2930	24	40
	2931	20	41
	2932	20	42
	2933	22	41
	2934	18	40
	2935	21	37
	2936	19	40
	2937	18	38
	2938	19	42
	2939	23	41
	2940	17	40
	2941	20	42
	2942	19	40
	2943	22	39
	2944	21	43
	2945	18	39
	2946	19	41
	2947	20	42
	2948	19	41
	2949	23	40
	2950	22	37
	2951	20	39
	2952	18	39
	2953	22	42
	2954	20	41
	2955	22	41
	2956	20	39
	2957	19	40
	2958	21	41
	2959	19	41
	2960	19	44
	2961	22	43
	2962	21	41
	2963	23	40
	2964	19	41
	2965	18	40
	2966	19	41
	2967	22	40
	2968	20	39
	2969	24	41
	2970	18	40
	2971	23	38
	2972	18	39
	2973	19	40
	2974	18	39
	2975	22	41
	2976	18	40
	2977	18	40
	2978	19	42
	2979	21	43
	2980	19	39
	2981	21	40
	2982	17	38
	2983	23	39
	2984	19	42
	2985	20	40
	2986	21	41
	2987	21	44
	2988	19	40
	2989	23	40
	2990	19	42
	2991	19	40
	2992	21	39
	2993	17	39
	2994	19	40
	2995	21	39
	2996	21	40
	2997	22	39
	2998	23	38
	2999	22	40
	3000	20	37
	3001	19	39
	3002	22	40
	3003	21	42
	3004	18	42
	3005	20	38
	3006	21	39
	3007	20	43
	3008	21	40
	3009	21	41
	3010	19	38
	3011	19	42
	3012	20	38
	3013	18	40
	3014	23	41
	3015	20	40
	3016	20	41
	3017	21	42
	3018	19	42
	3019	21	44
	3020	21	39
	3021	23	40
	3022	21	39
	3023	19	39
	3024	20	39
	3025	22	40
	3026	19	36
	3027	21	41
	3028	18	39
	3029	23	40
	3030	21	39
	3031	21	41
	3032	19	41
	3033	19	42
	3034	20	40
	3035	19	39
	3036	20	39
	3037	20	40
	3038	19	41
	3039	20	40
	3040	19	40
	3041	21	39
	3042	21	40
	3043	20	42
	3044	19	43
	3045	20	40
	3046	18	41
	3047	21	41
	3048	19	41
	3049	20	41
	3050	17	42
	3051	21	40
	3052	17	41
	3053	20	41
	3054	20	41
	3055	19	39
	3056	20	38
	3057	20	41
	3058	19	40
	3059	21	41
	3060	18	40
	3061	19	40
	3062	20	38
	3063	20	39
	3064	18	41
	3065	21	43
	3066	20	41
	3067	22	41
	3068	22	39
	3069	17	41
	3070	19	38
	3071	20	40
	3072	18	42
	3073	22	41
	3074	19	39
	3075	22	42
	3076	21	42
	3077	19	41
	3078	18	39
	3079	21	41
	3080	18	42
	3081	20	41
	3082	17	43
	3083	19	40
	3084	16	41
	3085	20	39
	3086	18	39
	3087	19	40
	3088	22	36
	3089	20	40
	3090	19	36
	3091	17	41
	3092	21	41
	3093	21	40
	3094	18	41
	3095	21	41
	3096	19	40
	3097	21	40
	3098	18	38
	3099	18	39
	3100	19	38
	3101	18	40
	3102	17	39
	3103	19	41
	3104	20	42
	3105	18	40
	3106	18	37
	3107	21	43
	3108	20	42
	3109	20	40
	3110	20	41
	3111	21	43
	3112	22	42
	3113	19	45
	3114	19	39
	3115	22	39
	3116	20	43
	3117	19	43
	3118	19	40
	3119	19	38
	3120	20	39
	3121	20	41
	3122	20	41
	3123	21	40
	3124	17	40
	3125	20	41
	3126	19	40
	3127	19	40
	3128	18	41
	3129	19	39
	3130	18	42
	3131	19	43
	3132	20	40
	3133	21	41
	3134	20	38
	3135	21	39
	3136	24	41
	3137	20	40
	3138	20	41
	3139	21	40
	3140	21	38
	3141	21	42
	3142	23	43
	3143	20	41
	3144	17	42
	3145	20	41
	3146	29	39
	3147	20	41
	3148	21	40
	3149	22	39
	3150	18	40
	3151	22	42
	3152	21	42
	3153	19	44
	3154	20	42
	3155	19	38
	3156	18	39
	3157	19	41
	3158	19	42
	3159	19	39
	3160	20	43
	3161	18	41
	3162	19	41
	3163	22	42
	3164	20	39
	3165	22	44
	3166	21	40
	3167	20	41
	3168	22	42
	3169	21	42
	3170	18	40
	3171	22	42
	3172	17	40
	3173	21	40
	3174	19	43
	3175	18	42
	3176	18	41
	3177	22	39
	3178	16	41
	3179	20	43
	3180	20	42
	3181	20	41
	3182	21	40
	3183	19	39
	3184	19	40
	3185	25	40
	3186	19	43
	3187	19	42
	3188	22	41
	3189	21	39
	3190	21	43
	3191	22	42
	3192	21	42
	3193	20	42
	3194	19	41
	3195	20	41
	3196	19	42
	3197	22	43
	3198	18	39
	3199	20	41
	3200	19	38
	3201	21	43
	3202	20	42
	3203	21	41
	3204	17	39
	3205	20	41
	3206	20	40
	3207	20	40
	3208	18	39
	3209	18	39
	3210	18	39
	3211	22	43
	3212	18	39
	3213	21	41
	3214	18	39
	3215	20	40
	3216	18	40
	3217	19	41
	3218	17	38
	3219	21	40
	3220	20	40
	3221	20	41
	3222	21	41
	3223	22	46
	3224	19	39
	3225	22	41
	3226	17	42
	3227	19	43
	3228	18	40
	3229	20	42
	3230	18	40
	3231	21	42
	3232	16	40
	3233	21	40
	3234	19	39
	3235	19	39
	3236	20	39
	3237	21	41
	3238	16	40
	3239	20	42
	3240	20	44
	3241	22	44
	3242	18	42
	3243	20	41
	3244	21	41
	3245	18	41
	3246	18	41
	3247	20	37
	3248	20	40
	3249	20	39
	3250	19	38
	3251	18	42
	3252	18	40
	3253	21	40
	3254	19	41
	3255	23	42
	3256	18	39
	3257	20	41
	3258	18	41
	3259	20	42
	3260	18	40
	3261	22	41
	3262	20	42
	3263	19	42
	3264	19	42
	3265	20	38
	3266	19	40
	3267	22	42
	3268	21	41
	3269	19	41
	3270	19	41
	3271	19	43
	3272	22	41
	3273	22	39
	3274	20	39
	3275	23	41
	3276	18	37
	3277	19	45
	3278	20	43
	3279	18	41
	3280	24	40
	3281	21	39
	3282	20	41
	3283	20	41
	3284	21	41
	3285	24	41
	3286	19	40
	3287	20	41
	3288	18	40
	3289	20	39
	3290	21	39
	3291	18	42
	3292	18	41
	3293	22	40
	3294	21	41
	3295	21	40
	3296	22	41
	3297	22	39
	3298	20	39
	3299	22	42
	3300	22	43
	3301	20	39
	3302	19	39
	3303	20	39
	3304	18	41
	3305	20	43
	3306	21	38
	3307	20	42
	3308	19	41
	3309	20	40
	3310	19	37
	3311	22	41
	3312	19	42
	3313	22	41
	3314	22	43
	3315	21	41
	3316	18	41
	3317	20	44
	3318	21	40
	3319	21	39
	3320	18	40
	3321	20	42
	3322	21	38
	3323	20	42
	3324	20	40
	3325	21	42
	3326	20	40
	3327	22	40
	3328	21	40
	3329	21	42
	3330	18	40
	3331	22	42
	3332	20	43
	3333	23	43
	3334	21	42
	3335	23	41
	3336	20	40
	3337	19	42
	3338	17	40
	3339	20	41
	3340	19	40
	3341	19	44
	3342	18	43
	3343	19	40
	3344	17	40
	3345	20	43
	3346	21	42
	3347	21	40
	3348	21	39
	3349	20	38
	3350	17	44
	3351	22	40
	3352	19	41
	3353	22	39
	3354	18	41
	3355	21	43
	3356	17	44
	3357	21	40
	3358	20	41
	3359	22	39
	3360	18	41
	3361	20	39
	3362	21	38
	3363	20	43
	3364	19	40
	3365	21	39
	3366	19	41
	3367	22	41
	3368	22	40
	3369	20	39
	3370	20	40
	3371	21	40
	3372	19	41
	3373	22	40
	3374	18	40
	3375	19	40
	3376	16	42
	3377	19	42
	3378	18	40
	3379	19	41
	3380	20	42
	3381	19	42
	3382	19	40
	3383	21	41
	3384	20	42
	3385	22	43
	3386	17	43
	3387	21	42
	3388	19	43
	3389	20	40
	3390	19	40
	3391	21	39
	3392	17	43
	3393	21	38
	3394	21	40
	3395	20	42
	3396	22	41
	3397	18	41
	3398	21	39
	3399	23	43
	3400	20	41
	3401	21	41
	3402	19	40
	3403	19	39
	3404	23	41
	3405	21	39
	3406	21	42
	3407	21	41
	3408	21	37
	3409	21	41
	3410	19	38
	3411	20	39
	3412	22	40
	3413	20	41
	3414	20	41
	3415	19	41
	3416	20	38
	3417	18	42
	3418	18	41
	3419	19	40
	3420	20	41
	3421	20	44
	3422	20	41
	3423	20	40
	3424	19	40
	3425	21	41
	3426	20	41
	3427	23	41
	3428	20	41
	3429	21	41
	3430	18	39
	3431	19	40
	3432	19	41
	3433	20	45
	3434	19	43
	3435	20	41
	3436	19	37
	3437	19	42
	3438	21	41
	3439	20	42
	3440	19	43
	3441	24	43
	3442	21	41
	3443	21	41
	3444	20	39
	3445	19	42
	3446	20	40
	3447	22	40
	3448	18	41
	3449	21	43
	3450	21	41
	3451	20	40
	3452	20	42
	3453	23	41
	3454	20	40
	3455	24	45
	3456	19	40
	3457	20	41
	3458	21	39
	3459	18	41
	3460	21	40
	3461	18	43
	3462	17	39
	3463	21	43
	3464	20	42
	3465	19	41
	3466	19	42
	3467	21	41
	3468	18	41
	3469	21	43
	3470	19	43
	3471	18	39
	3472	18	47
	3473	20	39
	3474	22	40
	3475	23	42
	3476	17	41
	3477	21	40
	3478	18	44
	3479	21	42
	3480	20	41
	3481	21	42
	3482	19	41
	3483	19	42
	3484	18	41
	3485	22	41
	3486	18	42
	3487	21	41
	3488	20	41
	3489	18	40
	3490	18	41
	3491	19	40
	3492	21	41
	3493	20	43
	3494	22	38
	3495	21	40
	3496	20	40
	3497	20	40
	3498	17	41
	3499	23	42
	3500	22	41
	3501	20	41
	3502	18	40
	3503	21	41
	3504	20	39
	3505	21	39
	3506	18	40
	3507	19	41
	3508	18	39
	3509	19	43
	3510	21	41
	3511	19	42
	3512	20	36
	3513	20	40
	3514	19	39
	3515	18	40
	3516	19	39
	3517	20	38
	3518	19	43
	3519	21	41
	3520	19	38
	3521	20	39
	3522	19	41
	3523	18	41
	3524	18	42
	3525	21	40
	3526	20	38
	3527	19	41
	3528	23	39
	3529	18	42
	3530	19	41
	3531	22	39
	3532	18	38
	3533	19	38
	3534	18	41
	3535	19	39
	3536	19	36
	3537	20	41
	3538	18	40
	3539	24	43
	3540	18	44
	3541	18	41
	3542	21	40
	3543	22	42
	3544	20	41
	3545	19	41
	3546	20	41
	3547	19	43
	3548	19	37
	3549	22	39
	3550	26	44
	3551	22	39
	3552	19	41
	3553	22	42
	3554	21	40
	3555	22	43
	3556	19	38
	3557	19	39
	3558	20	40
	3559	18	41
	3560	19	39
	3561	17	41
	3562	18	40
	3563	19	42
	3564	21	39
	3565	21	40
	3566	18	41
	3567	19	42
	3568	17	41
	3569	20	39
	3570	21	41
	3571	18	40
	3572	20	41
	3573	21	43
	3574	22	40
	3575	21	40
	3576	19	42
	3577	21	42
	3578	19	40
	3579	21	43
	3580	17	39
	3581	23	42
	3582	21	41
	3583	25	41
	3584	21	40
	3585	19	40
	3586	20	38
	3587	19	41
	3588	17	39
	3589	20	43
	3590	19	39
	3591	20	40
	3592	19	39
	3593	20	40
	3594	20	40
	3595	20	42
	3596	16	41
	3597	19	39
	3598	18	40
	3599	20	43
	3600	21	41
	3601	22	41
	3602	20	41
	3603	19	40
	3604	21	43
	3605	23	41
	3606	18	39
	3607	21	40
	3608	18	40
	3609	23	43
	3610	18	44
	3611	21	42
	3612	20	39
	3613	21	38
	3614	17	41
	3615	21	41
	3616	19	42
	3617	21	41
	3618	20	40
	3619	19	43
	3620	19	38
	3621	20	40
	3622	19	39
	3623	20	40
	3624	20	41
	3625	20	41
	3626	22	39
	3627	21	42
	3628	19	39
	3629	21	38
	3630	19	43
	3631	21	40
	3632	21	40
	3633	22	41
	3634	18	40
	3635	23	41
	3636	18	41
	3637	21	42
	3638	19	39
	3639	22	44
	3640	21	39
	3641	19	40
	3642	20	39
	3643	21	44
	3644	19	40
	3645	20	38
	3646	19	42
	3647	20	41
	3648	19	41
	3649	23	38
	3650	20	38
	3651	22	44
	3652	18	40
	3653	20	44
	3654	22	40
	3655	19	41
	3656	20	43
	3657	23	41
	3658	23	41
	3659	19	41
	3660	20	41
	3661	20	39
	3662	19	41
	3663	21	42
	3664	20	41
	3665	22	43
	3666	18	41
	3667	21	42
	3668	21	41
	3669	20	39
	3670	19	41
	3671	20	40
	3672	21	40
	3673	19	42
	3674	19	39
	3675	20	42
	3676	19	38
	3677	20	37
	3678	20	41
	3679	20	39
	3680	18	41
	3681	20	42
	3682	22	43
	3683	19	39
	3684	19	40
	3685	21	39
	3686	20	40
	3687	20	42
	3688	20	42
	3689	19	38
	3690	20	42
	3691	23	43
	3692	22	39
	3693	21	41
	3694	19	41
	3695	22	40
	3696	20	40
	3697	24	42
	3698	19	41
	3699	20	40
	3700	24	39
	3701	21	39
	3702	19	43
	3703	20	41
	3704	20	38
	3705	19	41
	3706	21	38
	3707	24	40
	3708	18	41
	3709	18	40
	3710	19	39
	3711	21	42
	3712	20	40
	3713	23	39
	3714	19	40
	3715	21	41
	3716	19	41
	3717	22	42
	3718	19	40
	3719	21	38
	3720	18	39
	3721	19	39
	3722	17	39
	3723	19	39
