   0 17.000000
   1 18.000000
   2 16.000000
   3 19.000000
   4 17.000000
   5 19.000000
   6 17.000000
   7 20.000000
   8 17.000000
   9 20.000000
  10 18.000000
  11 16.000000
  12 18.000000
  13 17.000000
  14 17.000000
  15 20.000000
  16 19.000000
  17 19.000000
  18 17.000000
  19 18.000000
  20 17.000000
  21 20.000000
  22 18.000000
  23 17.000000
  24 17.000000
  25 19.000000
  26 22.000000
  27 21.000000
  28 19.000000
  29 21.000000
  30 20.000000
  31 22.000000
  32 21.000000
  33 21.000000
  34 21.000000
  35 23.000000
  36 23.000000
  37 20.000000
  38 20.000000
  39 26.000000
  40 22.000000
  41 20.000000
  42 20.000000
  43 21.000000
  44 19.000000
  45 19.000000
  46 20.000000
  47 21.000000
  48 21.000000
  49 23.000000
  50 19.000000
  51 23.000000
  52 23.000000
  53 22.000000
  54 21.000000
  55 20.000000
  56 19.000000
  57 22.000000
  58 19.000000
  59 21.000000
  60 24.000000
  61 28.000000
  62 28.000000
  63 27.000000
  64 27.000000
  65 28.000000
  66 30.000000
  67 27.000000
  68 28.000000
  69 27.000000
  70 25.000000
  71 27.000000
  72 28.000000
  73 31.000000
  74 25.000000
  75 27.000000
  76 26.000000
  77 28.000000
  78 29.000000
  79 28.000000
  80 27.000000
  81 25.000000
  82 28.000000
  83 28.000000
  84 29.000000
  85 28.000000
  86 30.000000
  87 30.000000
  88 27.000000
  89 28.000000
  90 31.000000
  91 29.000000
  92 29.000000
  93 29.000000
  94 28.000000
  95 29.000000
  96 29.000000
  97 30.000000
  98 29.000000
  99 30.000000
 100 31.000000
 101 34.000000
 102 34.000000
 103 34.000000
 104 33.000000
 105 33.000000
 106 35.000000
 107 38.000000
 108 32.000000
 109 30.000000
 110 33.000000
 111 39.000000
 112 37.000000
 113 41.000000
 114 39.000000
 115 42.000000
 116 40.000000
 117 47.000000
 118 49.000000
 119 50.000000
 120 54.000000
 121 58.000000
 122 59.000000
 123 68.000000
 124 71.000000
 125 69.000000
 126 77.000000
 127 81.000000
 128 77.000000
 129 85.000000
 130 81.000000
 131 84.000000
 132 82.000000
 133 82.000000
 134 80.000000
 135 79.000000
 136 78.000000
 137 72.000000
 138 69.000000
 139 69.000000
 140 69.000000
 141 79.000000
 142 73.000000
 143 78.000000
 144 75.000000
 145 70.000000
 146 68.000000
 147 64.000000
 148 61.000000
 149 52.000000
 150 49.000000
 151 48.000000
 152 42.000000
 153 39.000000
 154 39.000000
 155 42.000000
 156 37.000000
 157 41.000000
 158 40.000000
 159 41.000000
 160 38.000000
 161 38.000000
 162 35.000000
 163 42.000000
 164 38.000000
 165 39.000000
 166 43.000000
 167 47.000000
 168 49.000000
 169 56.000000
 170 58.000000
 171 68.000000
 172 78.000000
 173 86.000000
 174 94.000000
 175 98.000000
 176 103.000000
 177 106.000000
 178 109.000000
 179 112.000000
 180 115.000000
 181 123.000000
 182 127.000000
 183 137.000000
 184 140.000000
 185 141.000000
 186 137.000000
 187 132.000000
 188 131.000000
 189 127.000000
 190 131.000000
 191 130.000000
 192 138.000000
 193 144.000000
 194 144.000000
 195 148.000000
 196 147.000000
 197 143.000000
 198 135.000000
 199 124.000000
 200 110.000000
 201 104.000000
 202 96.000000
 203 88.000000
 204 79.000000
 205 81.000000
 206 76.000000
 207 75.000000
 208 73.000000
 209 77.000000
 210 75.000000
 211 78.000000
 212 78.000000
 213 78.000000
 214 74.000000
 215 74.000000
 216 71.000000
 217 65.000000
 218 60.000000
 219 54.000000
 220 52.000000
 221 49.000000
 222 49.000000
 223 52.000000
 224 47.000000
 225 45.000000
 226 47.000000
 227 43.000000
 228 40.000000
 229 39.000000
 230 38.000000
 231 34.000000
 232 29.000000
 233 33.000000
 234 33.000000
 235 31.000000
 236 30.000000
 237 31.000000
 238 30.000000
 239 33.000000
 240 31.000000
 241 33.000000
 242 35.000000
 243 34.000000
 244 38.000000
 245 37.000000
 246 37.000000
 247 42.000000
 248 45.000000
 249 44.000000
 250 47.000000
 251 47.000000
 252 44.000000
 253 50.000000
 254 48.000000
 255 53.000000
 256 49.000000
 257 55.000000
 258 58.000000
 259 61.000000
 260 62.000000
 261 68.000000
 262 71.000000
 263 79.000000
 264 82.000000
 265 88.000000
 266 86.000000
 267 90.000000
 268 91.000000
 269 93.000000
 270 92.000000
 271 92.000000
 272 89.000000
 273 88.000000
 274 81.000000
 275 82.000000
 276 75.000000
 277 75.000000
 278 70.000000
 279 74.000000
 280 74.000000
 281 81.000000
 282 84.000000
 283 87.000000
 284 86.000000
 285 87.000000
 286 83.000000
 287 82.000000
 288 76.000000
 289 69.000000
 290 65.000000
 291 58.000000
 292 55.000000
 293 57.000000
 294 58.000000
 295 57.000000
 296 59.000000
 297 59.000000
 298 62.000000
 299 56.000000
 300 56.000000
 301 56.000000
 302 53.000000
 303 56.000000
 304 52.000000
 305 53.000000
 306 53.000000
 307 57.000000
 308 56.000000
 309 56.000000
 310 56.000000
 311 54.000000
 312 56.000000
 313 52.000000
 314 51.000000
 315 47.000000
 316 48.000000
 317 47.000000
 318 44.000000
 319 42.000000
 320 47.000000
 321 45.000000
 322 49.000000
 323 44.000000
 324 44.000000
 325 46.000000
 326 44.000000
 327 45.000000
 328 41.000000
 329 42.000000
 330 42.000000
 331 42.000000
 332 45.000000
 333 46.000000
 334 47.000000
 335 45.000000
 336 42.000000
 337 42.000000
 338 41.000000
 339 41.000000
 340 35.000000
 341 33.000000
 342 32.000000
 343 38.000000
 344 33.000000
 345 33.000000
 346 32.000000
 347 31.000000
 348 30.000000
 349 32.000000
 350 32.000000
 351 30.000000
 352 29.000000
 353 29.000000
 354 27.000000
 355 31.000000
 356 29.000000
 357 31.000000
 358 30.000000
 359 32.000000
 360 28.000000
 361 30.000000
 362 30.000000
 363 33.000000
 364 28.000000
 365 31.000000
 366 26.000000
 367 32.000000
 368 27.000000
 369 29.000000
 370 30.000000
 371 30.000000
 372 24.000000
 373 29.000000
 374 31.000000
 375 29.000000
 376 31.000000
 377 31.000000
 378 33.000000
 379 33.000000
 380 33.000000
 381 34.000000
 382 36.000000
 383 36.000000
 384 36.000000
 385 37.000000
 386 33.000000
 387 37.000000
 388 35.000000
 389 39.000000
 390 37.000000
 391 38.000000
 392 37.000000
 393 38.000000
 394 39.000000
 395 38.000000
 396 36.000000
 397 36.000000
 398 37.000000
 399 35.000000
 400 35.000000
 401 34.000000
 402 41.000000
 403 38.000000
 404 41.000000
 405 45.000000
 406 43.000000
 407 41.000000
 408 41.000000
 409 44.000000
 410 40.000000
 411 43.000000
 412 42.000000
 413 39.000000
 414 45.000000
 415 42.000000
 416 43.000000
 417 43.000000
 418 48.000000
 419 46.000000
 420 44.000000
 421 43.000000
 422 44.000000
 423 42.000000
 424 43.000000
 425 47.000000
 426 45.000000
 427 43.000000
 428 48.000000
 429 46.000000
 430 46.000000
 431 46.000000
 432 46.000000
 433 44.000000
 434 42.000000
 435 39.000000
 436 38.000000
 437 38.000000
 438 38.000000
 439 36.000000
 440 38.000000
 441 36.000000
 442 38.000000
 443 36.000000
 444 34.000000
 445 34.000000
 446 34.000000
 447 33.000000
 448 33.000000
 449 35.000000
 450 30.000000
 451 36.000000
 452 37.000000
 453 32.000000
 454 28.000000
 455 27.000000
 456 30.000000
 457 29.000000
 458 29.000000
 459 28.000000
 460 28.000000
 461 26.000000
 462 30.000000
 463 31.000000
 464 29.000000
 465 28.000000
 466 28.000000
 467 29.000000
 468 26.000000
 469 28.000000
 470 29.000000
 471 29.000000
 472 29.000000
 473 29.000000
 474 29.000000
 475 30.000000
 476 31.000000
 477 29.000000
 478 30.000000
 479 33.000000
 480 28.000000
 481 27.000000
 482 25.000000
 483 29.000000
 484 29.000000
 485 31.000000
 486 29.000000
 487 28.000000
 488 26.000000
 489 31.000000
 490 30.000000
 491 29.000000
 492 29.000000
 493 30.000000
 494 26.000000
 495 29.000000
 496 31.000000
 497 31.000000
 498 29.000000
 499 28.000000
 500 28.000000
 501 32.000000
 502 28.000000
 503 30.000000
 504 28.000000
 505 30.000000
 506 29.000000
 507 27.000000
 508 25.000000
 509 30.000000
 510 27.000000
 511 32.000000
 512 31.000000
 513 31.000000
 514 27.000000
 515 30.000000
 516 28.000000
 517 32.000000
 518 30.000000
 519 29.000000
 520 28.000000
 521 28.000000
 522 26.000000
 523 28.000000
 524 30.000000
 525 29.000000
 526 30.000000
 527 27.000000
 528 29.000000
 529 30.000000
 530 30.000000
 531 29.000000
 532 30.000000
 533 34.000000
 534 31.000000
 535 29.000000
 536 29.000000
 537 31.000000
 538 28.000000
 539 28.000000
 540 32.000000
 541 28.000000
 542 28.000000
 543 28.000000
 544 30.000000
 545 27.000000
 546 31.000000
 547 32.000000
 548 31.000000
 549 29.000000
 550 33.000000
 551 28.000000
 552 30.000000
 553 28.000000
 554 28.000000
 555 28.000000
 556 27.000000
 557 29.000000
 558 30.000000
 559 27.000000
 560 28.000000
 561 28.000000
 562 30.000000
 563 30.000000
 564 29.000000
 565 29.000000
 566 30.000000
 567 26.000000
 568 27.000000
 569 28.000000
 570 27.000000
 571 29.000000
 572 29.000000
 573 29.000000
 574 24.000000
 575 27.000000
 576 27.000000
 577 32.000000
 578 27.000000
 579 27.000000
 580 28.000000
 581 29.000000
 582 28.000000
 583 28.000000
 584 28.000000
 585 27.000000
 586 29.000000
 587 27.000000
 588 28.000000
 589 29.000000
 590 27.000000
 591 28.000000
 592 26.000000
 593 27.000000
 594 29.000000
 595 29.000000
 596 27.000000
 597 29.000000
 598 29.000000
 599 30.000000
 600 27.000000
 601 31.000000
 602 25.000000
 603 28.000000
 604 27.000000
 605 30.000000
 606 28.000000
 607 30.000000
 608 29.000000
 609 30.000000
 610 30.000000
 611 32.000000
 612 28.000000
 613 31.000000
 614 29.000000
 615 29.000000
 616 27.000000
 617 29.000000
 618 31.000000
 619 30.000000
 620 28.000000
 621 30.000000
 622 30.000000
 623 32.000000
 624 29.000000
 625 31.000000
 626 30.000000
 627 31.000000
 628 29.000000
 629 31.000000
 630 29.000000
 631 34.000000
 632 29.000000
 633 31.000000
 634 30.000000
 635 32.000000
 636 28.000000
 637 31.000000
 638 30.000000
 639 32.000000
 640 32.000000
 641 31.000000
 642 29.000000
 643 31.000000
 644 32.000000
 645 30.000000
 646 28.000000
 647 31.000000
 648 31.000000
 649 31.000000
 650 30.000000
 651 33.000000
 652 30.000000
 653 29.000000
 654 28.000000
 655 33.000000
 656 32.000000
 657 33.000000
 658 32.000000
 659 32.000000
 660 30.000000
 661 36.000000
 662 32.000000
 663 33.000000
 664 31.000000
 665 34.000000
 666 30.000000
 667 31.000000
 668 32.000000
 669 32.000000
 670 29.000000
 671 30.000000
 672 33.000000
 673 32.000000
 674 32.000000
 675 30.000000
 676 30.000000
 677 30.000000
 678 29.000000
 679 31.000000
 680 29.000000
 681 32.000000
 682 30.000000
 683 31.000000
 684 33.000000
 685 31.000000
 686 29.000000
 687 32.000000
 688 31.000000
 689 28.000000
 690 29.000000
 691 31.000000
 692 29.000000
 693 32.000000
 694 32.000000
 695 29.000000
 696 33.000000
 697 31.000000
 698 34.000000
 699 31.000000
 700 29.000000
 701 34.000000
 702 33.000000
 703 31.000000
 704 31.000000
 705 32.000000
 706 30.000000
 707 32.000000
 708 38.000000
 709 35.000000
 710 31.000000
 711 33.000000
 712 32.000000
 713 33.000000
 714 28.000000
 715 33.000000
 716 34.000000
 717 32.000000
 718 30.000000
 719 32.000000
 720 34.000000
 721 34.000000
 722 33.000000
 723 32.000000
 724 30.000000
 725 34.000000
 726 34.000000
 727 32.000000
 728 34.000000
 729 39.000000
 730 35.000000
 731 34.000000
 732 35.000000
 733 39.000000
 734 33.000000
 735 36.000000
 736 34.000000
 737 37.000000
 738 33.000000
 739 35.000000
 740 37.000000
 741 35.000000
 742 38.000000
 743 39.000000
 744 36.000000
 745 37.000000
 746 40.000000
 747 43.000000
 748 41.000000
 749 43.000000
 750 41.000000
 751 44.000000
 752 43.000000
 753 44.000000
 754 49.000000
 755 51.000000
 756 57.000000
 757 65.000000
 758 75.000000
 759 93.000000
 760 116.000000
 761 150.000000
 762 194.000000
 763 243.000000
 764 281.000000
 765 326.000000
 766 363.000000
 767 392.000000
 768 423.000000
 769 467.000000
 770 516.000000
 771 574.000000
 772 630.000000
 773 679.000000
 774 717.000000
 775 743.000000
 776 761.000000
 777 755.000000
 778 750.000000
 779 742.000000
 780 723.000000
 781 715.000000
 782 719.000000
 783 727.000000
 784 738.000000
 785 762.000000
 786 764.000000
 787 748.000000
 788 723.000000
 789 686.000000
 790 657.000000
 791 626.000000
 792 587.000000
 793 569.000000
 794 535.000000
 795 493.000000
 796 468.000000
 797 436.000000
 798 403.000000
 799 374.000000
 800 334.000000
 801 286.000000
 802 229.000000
 803 179.000000
 804 135.000000
 805 113.000000
 806 93.000000
 807 84.000000
 808 76.000000
 809 74.000000
 810 70.000000
 811 69.000000
 812 63.000000
 813 61.000000
 814 58.000000
 815 58.000000
 816 56.000000
 817 56.000000
 818 53.000000
 819 51.000000
 820 51.000000
 821 50.000000
 822 48.000000
 823 48.000000
 824 48.000000
 825 47.000000
 826 48.000000
 827 45.000000
 828 45.000000
 829 45.000000
 830 44.000000
 831 45.000000
 832 40.000000
 833 44.000000
 834 43.000000
 835 41.000000
 836 38.000000
 837 45.000000
 838 40.000000
 839 42.000000
 840 41.000000
 841 42.000000
 842 40.000000
 843 40.000000
 844 39.000000
 845 40.000000
 846 41.000000
 847 43.000000
 848 39.000000
 849 41.000000
 850 39.000000
 851 41.000000
 852 41.000000
 853 40.000000
 854 41.000000
 855 42.000000
 856 40.000000
 857 43.000000
 858 40.000000
 859 43.000000
 860 39.000000
 861 43.000000
 862 44.000000
 863 45.000000
 864 43.000000
 865 46.000000
 866 45.000000
 867 44.000000
 868 47.000000
 869 45.000000
 870 44.000000
 871 48.000000
 872 48.000000
 873 47.000000
 874 46.000000
 875 51.000000
 876 51.000000
 877 52.000000
 878 53.000000
 879 56.000000
 880 53.000000
 881 59.000000
 882 59.000000
 883 59.000000
 884 65.000000
 885 67.000000
 886 66.000000
 887 72.000000
 888 75.000000
 889 77.000000
 890 83.000000
 891 88.000000
 892 94.000000
 893 105.000000
 894 118.000000
 895 138.000000
 896 170.000000
 897 221.000000
 898 318.000000
 899 459.000000
 900 643.000000
 901 890.000000
 902 1182.000000
 903 1464.000000
 904 1720.000000
 905 1912.000000
 906 2038.000000
 907 2133.000000
 908 2190.000000
 909 2261.000000
 910 2353.000000
 911 2465.000000
 912 2583.000000
 913 2700.000000
 914 2789.000000
 915 2848.000000
 916 2833.000000
 917 2763.000000
 918 2623.000000
 919 2446.000000
 920 2270.000000
 921 2111.000000
 922 2056.000000
 923 2068.000000
 924 2193.000000
 925 2326.000000
 926 2439.000000
 927 2477.000000
 928 2426.000000
 929 2340.000000
 930 2195.000000
 931 1921.000000
 932 1538.000000
 933 1183.000000
 934 855.000000
 935 601.000000
 936 457.000000
 937 370.000000
 938 295.000000
 939 247.000000
 940 224.000000
 941 199.000000
 942 187.000000
 943 169.000000
 944 161.000000
 945 151.000000
 946 145.000000
 947 136.000000
 948 127.000000
 949 121.000000
 950 114.000000
 951 110.000000
 952 99.000000
 953 95.000000
 954 93.000000
 955 91.000000
 956 84.000000
 957 89.000000
 958 79.000000
 959 76.000000
 960 76.000000
 961 73.000000
 962 72.000000
 963 70.000000
 964 64.000000
 965 62.000000
 966 58.000000
 967 58.000000
 968 55.000000
 969 56.000000
 970 59.000000
 971 54.000000
 972 51.000000
 973 52.000000
 974 50.000000
 975 48.000000
 976 51.000000
 977 47.000000
 978 46.000000
 979 46.000000
 980 43.000000
 981 44.000000
 982 42.000000
 983 43.000000
 984 43.000000
 985 39.000000
 986 39.000000
 987 43.000000
 988 40.000000
 989 41.000000
 990 40.000000
 991 40.000000
 992 37.000000
 993 39.000000
 994 36.000000
 995 39.000000
 996 39.000000
 997 37.000000
 998 39.000000
 999 38.000000
1000 38.000000
1001 37.000000
1002 35.000000
1003 34.000000
1004 35.000000
1005 35.000000
1006 35.000000
1007 36.000000
1008 33.000000
1009 31.000000
1010 36.000000
1011 34.000000
1012 33.000000
1013 35.000000
1014 35.000000
1015 33.000000
1016 32.000000
1017 32.000000
1018 34.000000
1019 34.000000
1020 32.000000
1021 33.000000
1022 34.000000
1023 33.000000
1024 35.000000
1025 32.000000
1026 31.000000
1027 35.000000
1028 33.000000
1029 34.000000
1030 32.000000
1031 34.000000
1032 29.000000
1033 30.000000
1034 28.000000
1035 31.000000
1036 29.000000
1037 31.000000
1038 30.000000
1039 33.000000
1040 31.000000
1041 29.000000
1042 30.000000
1043 31.000000
1044 33.000000
1045 35.000000
1046 29.000000
1047 31.000000
1048 31.000000
1049 30.000000
1050 27.000000
1051 30.000000
1052 30.000000
1053 31.000000
1054 28.000000
1055 29.000000
1056 25.000000
1057 32.000000
1058 29.000000
1059 32.000000
1060 28.000000
1061 30.000000
1062 30.000000
1063 33.000000
1064 28.000000
1065 28.000000
1066 29.000000
1067 29.000000
1068 30.000000
1069 28.000000
1070 29.000000
1071 33.000000
1072 27.000000
1073 31.000000
1074 29.000000
1075 31.000000
1076 28.000000
1077 35.000000
1078 27.000000
1079 32.000000
1080 26.000000
1081 30.000000
1082 29.000000
1083 30.000000
1084 28.000000
1085 30.000000
1086 27.000000
1087 29.000000
1088 29.000000
1089 30.000000
1090 27.000000
1091 28.000000
1092 28.000000
1093 31.000000
1094 28.000000
1095 29.000000
1096 28.000000
1097 27.000000
1098 28.000000
1099 31.000000
1100 28.000000
1101 31.000000
1102 24.000000
1103 28.000000
1104 28.000000
1105 30.000000
1106 33.000000
1107 30.000000
1108 30.000000
1109 29.000000
1110 26.000000
1111 27.000000
1112 28.000000
1113 33.000000
1114 28.000000
1115 30.000000
1116 30.000000
1117 28.000000
1118 31.000000
1119 30.000000
1120 30.000000
1121 30.000000
1122 28.000000
1123 29.000000
1124 30.000000
1125 29.000000
1126 29.000000
1127 31.000000
1128 28.000000
1129 31.000000
1130 30.000000
1131 27.000000
1132 30.000000
1133 28.000000
1134 30.000000
1135 28.000000
1136 28.000000
1137 29.000000
1138 31.000000
1139 30.000000
1140 30.000000
1141 29.000000
1142 30.000000
1143 29.000000
1144 27.000000
1145 29.000000
1146 27.000000
1147 30.000000
1148 30.000000
1149 27.000000
1150 28.000000
1151 30.000000
1152 29.000000
1153 28.000000
1154 29.000000
1155 29.000000
1156 30.000000
1157 32.000000
1158 27.000000
1159 31.000000
1160 28.000000
1161 27.000000
1162 28.000000
1163 28.000000
1164 28.000000
1165 27.000000
1166 27.000000
1167 28.000000
1168 28.000000
1169 30.000000
1170 29.000000
1171 30.000000
1172 30.000000
1173 28.000000
1174 25.000000
1175 28.000000
1176 28.000000
1177 27.000000
1178 27.000000
1179 31.000000
1180 27.000000
1181 29.000000
1182 28.000000
1183 30.000000
1184 25.000000
1185 27.000000
1186 26.000000
1187 25.000000
1188 26.000000
1189 28.000000
1190 28.000000
1191 29.000000
1192 30.000000
1193 32.000000
1194 29.000000
1195 32.000000
1196 34.000000
1197 35.000000
1198 31.000000
1199 33.000000
1200 37.000000
1201 35.000000
1202 36.000000
1203 37.000000
1204 40.000000
1205 38.000000
1206 38.000000
1207 39.000000
1208 35.000000
1209 38.000000
1210 34.000000
1211 34.000000
1212 32.000000
1213 35.000000
1214 31.000000
1215 36.000000
1216 35.000000
1217 37.000000
1218 34.000000
1219 35.000000
1220 33.000000
1221 36.000000
1222 33.000000
1223 32.000000
1224 29.000000
1225 31.000000
1226 27.000000
1227 30.000000
1228 26.000000
1229 29.000000
1230 29.000000
1231 28.000000
1232 26.000000
1233 31.000000
1234 28.000000
1235 27.000000
1236 26.000000
1237 29.000000
1238 27.000000
1239 26.000000
1240 28.000000
1241 27.000000
1242 26.000000
1243 29.000000
1244 28.000000
1245 25.000000
1246 26.000000
1247 29.000000
1248 27.000000
1249 29.000000
1250 25.000000
1251 29.000000
1252 26.000000
1253 28.000000
1254 30.000000
1255 28.000000
1256 30.000000
1257 27.000000
1258 28.000000
1259 28.000000
1260 29.000000
1261 29.000000
1262 29.000000
1263 26.000000
1264 27.000000
1265 27.000000
1266 34.000000
1267 36.000000
1268 29.000000
1269 29.000000
1270 26.000000
1271 29.000000
1272 27.000000
1273 27.000000
1274 26.000000
1275 27.000000
1276 27.000000
1277 29.000000
1278 26.000000
1279 28.000000
1280 24.000000
1281 27.000000
1282 26.000000
1283 27.000000
1284 26.000000
1285 28.000000
1286 24.000000
1287 26.000000
1288 27.000000
1289 28.000000
1290 27.000000
1291 26.000000
1292 25.000000
1293 28.000000
1294 26.000000
1295 28.000000
1296 27.000000
1297 25.000000
1298 25.000000
1299 26.000000
1300 27.000000
1301 29.000000
1302 28.000000
1303 26.000000
1304 27.000000
1305 30.000000
1306 25.000000
1307 27.000000
1308 23.000000
1309 27.000000
1310 27.000000
1311 26.000000
1312 25.000000
1313 27.000000
1314 27.000000
1315 29.000000
1316 27.000000
1317 28.000000
1318 24.000000
1319 27.000000
1320 28.000000
1321 28.000000
1322 29.000000
1323 28.000000
1324 28.000000
1325 28.000000
1326 27.000000
1327 28.000000
1328 25.000000
1329 29.000000
1330 26.000000
1331 28.000000
1332 25.000000
1333 27.000000
1334 25.000000
1335 30.000000
1336 27.000000
1337 27.000000
1338 27.000000
1339 27.000000
1340 25.000000
1341 24.000000
1342 25.000000
1343 26.000000
1344 24.000000
1345 27.000000
1346 25.000000
1347 25.000000
1348 28.000000
1349 27.000000
1350 29.000000
1351 27.000000
1352 28.000000
1353 25.000000
1354 24.000000
1355 27.000000
1356 25.000000
1357 24.000000
1358 26.000000
1359 29.000000
1360 27.000000
1361 27.000000
1362 26.000000
1363 26.000000
1364 25.000000
1365 26.000000
1366 27.000000
1367 24.000000
1368 25.000000
1369 24.000000
1370 27.000000
1371 25.000000
1372 33.000000
1373 25.000000
1374 25.000000
1375 28.000000
1376 26.000000
1377 29.000000
1378 23.000000
1379 25.000000
1380 26.000000
1381 32.000000
1382 25.000000
1383 27.000000
1384 27.000000
1385 28.000000
1386 25.000000
1387 26.000000
1388 25.000000
1389 26.000000
1390 25.000000
1391 28.000000
1392 26.000000
1393 28.000000
1394 22.000000
1395 27.000000
1396 28.000000
1397 26.000000
1398 21.000000
1399 26.000000
1400 26.000000
1401 26.000000
1402 26.000000
1403 28.000000
1404 24.000000
1405 26.000000
1406 28.000000
1407 27.000000
1408 23.000000
1409 28.000000
1410 27.000000
1411 28.000000
1412 27.000000
1413 27.000000
1414 26.000000
1415 25.000000
1416 26.000000
1417 26.000000
1418 26.000000
1419 29.000000
1420 25.000000
1421 28.000000
1422 25.000000
1423 28.000000
1424 27.000000
1425 29.000000
1426 24.000000
1427 28.000000
1428 23.000000
1429 25.000000
1430 24.000000
1431 26.000000
1432 27.000000
1433 29.000000
1434 27.000000
1435 26.000000
1436 26.000000
1437 29.000000
1438 26.000000
1439 26.000000
1440 26.000000
1441 27.000000
1442 25.000000
1443 24.000000
1444 26.000000
1445 25.000000
1446 24.000000
1447 28.000000
1448 25.000000
1449 27.000000
1450 28.000000
1451 27.000000
1452 26.000000
1453 26.000000
1454 25.000000
1455 27.000000
1456 24.000000
1457 26.000000
1458 29.000000
1459 25.000000
1460 28.000000
1461 24.000000
1462 24.000000
1463 26.000000
1464 26.000000
1465 28.000000
1466 27.000000
1467 24.000000
1468 27.000000
1469 26.000000
1470 26.000000
1471 23.000000
1472 27.000000
1473 25.000000
1474 27.000000
1475 26.000000
1476 27.000000
1477 27.000000
1478 23.000000
1479 26.000000
1480 26.000000
1481 28.000000
1482 27.000000
1483 26.000000
1484 28.000000
1485 27.000000
1486 27.000000
1487 26.000000
1488 26.000000
1489 27.000000
1490 26.000000
1491 27.000000
1492 28.000000
1493 26.000000
1494 27.000000
1495 26.000000
1496 26.000000
1497 28.000000
1498 27.000000
1499 25.000000
1500 28.000000
1501 25.000000
1502 27.000000
1503 27.000000
1504 29.000000
1505 30.000000
1506 25.000000
1507 31.000000
1508 27.000000
1509 27.000000
1510 26.000000
1511 28.000000
1512 27.000000
1513 25.000000
1514 26.000000
1515 28.000000
1516 27.000000
1517 27.000000
1518 27.000000
1519 29.000000
1520 29.000000
1521 29.000000
1522 28.000000
1523 26.000000
1524 26.000000
1525 28.000000
1526 27.000000
1527 27.000000
1528 28.000000
1529 28.000000
1530 28.000000
1531 37.000000
1532 27.000000
1533 33.000000
1534 28.000000
1535 31.000000
1536 28.000000
1537 25.000000
1538 31.000000
1539 29.000000
1540 27.000000
1541 30.000000
1542 29.000000
1543 36.000000
1544 30.000000
1545 30.000000
1546 30.000000
1547 31.000000
1548 29.000000
1549 32.000000
1550 27.000000
1551 30.000000
1552 31.000000
1553 31.000000
1554 29.000000
1555 33.000000
1556 30.000000
1557 33.000000
1558 30.000000
1559 30.000000
1560 28.000000
1561 34.000000
1562 30.000000
1563 33.000000
1564 30.000000
1565 35.000000
1566 33.000000
1567 34.000000
1568 32.000000
1569 35.000000
1570 34.000000
1571 33.000000
1572 32.000000
1573 34.000000
1574 33.000000
1575 36.000000
1576 36.000000
1577 37.000000
1578 37.000000
1579 38.000000
1580 39.000000
1581 42.000000
1582 39.000000
1583 42.000000
1584 44.000000
1585 44.000000
1586 45.000000
1587 45.000000
1588 48.000000
1589 49.000000
1590 50.000000
1591 50.000000
1592 54.000000
1593 60.000000
1594 58.000000
1595 61.000000
1596 63.000000
1597 69.000000
1598 72.000000
1599 76.000000
1600 75.000000
1601 83.000000
1602 84.000000
1603 95.000000
1604 101.000000
1605 108.000000
1606 120.000000
1607 133.000000
1608 154.000000
1609 187.000000
1610 233.000000
1611 327.000000
1612 464.000000
1613 656.000000
1614 895.000000
1615 1160.000000
1616 1426.000000
1617 1670.000000
1618 1868.000000
1619 2040.000000
1620 2196.000000
1621 2387.000000
1622 2619.000000
1623 2802.000000
1624 2958.000000
1625 3039.000000
1626 3087.000000
1627 3096.000000
1628 3071.000000
1629 2972.000000
1630 2796.000000
1631 2559.000000
1632 2331.000000
1633 2189.000000
1634 2155.000000
1635 2211.000000
1636 2298.000000
1637 2362.000000
1638 2377.000000
1639 2325.000000
1640 2226.000000
1641 2067.000000
1642 1882.000000
1643 1629.000000
1644 1323.000000
1645 1026.000000
1646 771.000000
1647 591.000000
1648 472.000000
1649 395.000000
1650 342.000000
1651 299.000000
1652 270.000000
1653 248.000000
1654 225.000000
1655 207.000000
1656 189.000000
1657 180.000000
1658 164.000000
1659 153.000000
1660 147.000000
1661 132.000000
1662 124.000000
1663 121.000000
1664 112.000000
1665 107.000000
1666 99.000000
1667 98.000000
1668 91.000000
1669 85.000000
1670 79.000000
1671 79.000000
1672 71.000000
1673 73.000000
1674 66.000000
1675 65.000000
1676 61.000000
1677 61.000000
1678 55.000000
1679 54.000000
1680 54.000000
1681 52.000000
1682 49.000000
1683 50.000000
1684 47.000000
1685 48.000000
1686 43.000000
1687 44.000000
1688 42.000000
1689 42.000000
1690 39.000000
1691 39.000000
1692 36.000000
1693 38.000000
1694 38.000000
1695 38.000000
1696 37.000000
1697 35.000000
1698 33.000000
1699 37.000000
1700 35.000000
1701 34.000000
1702 35.000000
1703 34.000000
1704 34.000000
1705 33.000000
1706 30.000000
1707 30.000000
1708 29.000000
1709 32.000000
1710 30.000000
1711 31.000000
1712 29.000000
1713 28.000000
1714 31.000000
1715 33.000000
1716 31.000000
1717 29.000000
1718 31.000000
1719 28.000000
1720 31.000000
1721 32.000000
1722 31.000000
1723 30.000000
1724 28.000000
1725 29.000000
1726 35.000000
1727 29.000000
1728 31.000000
1729 30.000000
1730 29.000000
1731 29.000000
1732 29.000000
1733 28.000000
1734 31.000000
1735 29.000000
1736 28.000000
1737 28.000000
1738 26.000000
1739 26.000000
1740 29.000000
1741 30.000000
1742 28.000000
1743 28.000000
1744 29.000000
1745 28.000000
1746 26.000000
1747 27.000000
1748 29.000000
1749 28.000000
1750 29.000000
1751 26.000000
1752 24.000000
1753 28.000000
1754 28.000000
1755 28.000000
1756 25.000000
1757 29.000000
1758 27.000000
1759 27.000000
1760 25.000000
1761 28.000000
1762 26.000000
1763 28.000000
1764 27.000000
1765 26.000000
1766 23.000000
1767 29.000000
1768 27.000000
1769 29.000000
1770 23.000000
1771 28.000000
1772 25.000000
1773 26.000000
1774 27.000000
1775 27.000000
1776 26.000000
1777 27.000000
1778 29.000000
1779 29.000000
1780 25.000000
1781 25.000000
1782 27.000000
1783 27.000000
1784 27.000000
1785 26.000000
1786 25.000000
1787 26.000000
1788 27.000000
1789 26.000000
1790 26.000000
1791 28.000000
1792 23.000000
1793 25.000000
1794 25.000000
1795 27.000000
1796 25.000000
1797 28.000000
1798 26.000000
1799 26.000000
1800 26.000000
1801 27.000000
1802 25.000000
1803 26.000000
1804 24.000000
1805 29.000000
1806 27.000000
1807 28.000000
1808 23.000000
1809 26.000000
1810 27.000000
1811 27.000000
1812 25.000000
1813 28.000000
1814 26.000000
1815 27.000000
1816 26.000000
1817 24.000000
1818 25.000000
1819 30.000000
1820 25.000000
1821 27.000000
1822 27.000000
1823 29.000000
1824 24.000000
1825 26.000000
1826 28.000000
1827 24.000000
1828 26.000000
1829 27.000000
1830 26.000000
1831 24.000000
1832 28.000000
1833 27.000000
1834 25.000000
1835 28.000000
1836 26.000000
1837 25.000000
1838 24.000000
1839 27.000000
1840 27.000000
1841 23.000000
1842 26.000000
1843 24.000000
1844 27.000000
1845 26.000000
1846 27.000000
1847 27.000000
1848 26.000000
1849 29.000000
1850 28.000000
1851 29.000000
1852 26.000000
1853 27.000000
1854 27.000000
1855 26.000000
1856 28.000000
1857 27.000000
1858 27.000000
1859 28.000000
1860 24.000000
1861 28.000000
1862 29.000000
1863 32.000000
1864 26.000000
1865 28.000000
1866 29.000000
1867 26.000000
1868 27.000000
1869 26.000000
1870 28.000000
1871 29.000000
1872 31.000000
1873 30.000000
1874 27.000000
1875 31.000000
1876 30.000000
1877 30.000000
1878 30.000000
1879 33.000000
1880 32.000000
1881 31.000000
1882 28.000000
1883 33.000000
1884 31.000000
1885 32.000000
1886 31.000000
1887 32.000000
1888 30.000000
1889 30.000000
1890 31.000000
1891 33.000000
1892 31.000000
1893 39.000000
1894 36.000000
1895 44.000000
1896 47.000000
1897 51.000000
1898 60.000000
1899 68.000000
1900 75.000000
1901 90.000000
1902 93.000000
1903 109.000000
1904 113.000000
1905 121.000000
1906 131.000000
1907 150.000000
1908 141.000000
1909 152.000000
1910 153.000000
1911 157.000000
1912 158.000000
1913 158.000000
1914 148.000000
1915 144.000000
1916 135.000000
1917 129.000000
1918 127.000000
1919 126.000000
1920 126.000000
1921 133.000000
1922 139.000000
1923 146.000000
1924 142.000000
1925 147.000000
1926 145.000000
1927 144.000000
1928 146.000000
1929 150.000000
1930 158.000000
1931 182.000000
1932 220.000000
1933 284.000000
1934 364.000000
1935 455.000000
1936 547.000000
1937 650.000000
1938 716.000000
1939 769.000000
1940 816.000000
1941 871.000000
1942 929.000000
1943 1010.000000
1944 1084.000000
1945 1160.000000
1946 1215.000000
1947 1233.000000
1948 1239.000000
1949 1206.000000
1950 1156.000000
1951 1067.000000
1952 984.000000
1953 905.000000
1954 858.000000
1955 841.000000
1956 844.000000
1957 870.000000
1958 902.000000
1959 917.000000
1960 912.000000
1961 884.000000
1962 829.000000
1963 748.000000
1964 652.000000
1965 550.000000
1966 441.000000
1967 354.000000
1968 279.000000
1969 222.000000
1970 183.000000
1971 163.000000
1972 145.000000
1973 129.000000
1974 119.000000
1975 104.000000
1976 96.000000
1977 92.000000
1978 87.000000
1979 78.000000
1980 75.000000
1981 74.000000
1982 69.000000
1983 64.000000
1984 61.000000
1985 60.000000
1986 54.000000
1987 56.000000
1988 50.000000
1989 51.000000
1990 49.000000
1991 47.000000
1992 43.000000
1993 42.000000
1994 39.000000
1995 44.000000
1996 40.000000
1997 37.000000
1998 38.000000
1999 36.000000
2000 31.000000
2001 32.000000
2002 35.000000
2003 35.000000
2004 33.000000
2005 35.000000
2006 32.000000
2007 36.000000
2008 30.000000
2009 32.000000
2010 27.000000
2011 30.000000
2012 32.000000
2013 32.000000
2014 30.000000
2015 31.000000
2016 26.000000
2017 29.000000
2018 30.000000
2019 31.000000
2020 30.000000
2021 28.000000
2022 29.000000
2023 30.000000
2024 26.000000
2025 29.000000
2026 28.000000
2027 27.000000
2028 31.000000
2029 31.000000
2030 27.000000
2031 25.000000
2032 26.000000
2033 28.000000
2034 29.000000
2035 28.000000
2036 27.000000
2037 28.000000
2038 28.000000
2039 26.000000
2040 28.000000
2041 27.000000
2042 28.000000
2043 26.000000
2044 24.000000
2045 26.000000
2046 25.000000
2047 25.000000
2048 27.000000
2049 26.000000
2050 24.000000
2051 28.000000
2052 26.000000
2053 24.000000
2054 25.000000
2055 25.000000
2056 28.000000
2057 25.000000
2058 26.000000
2059 23.000000
2060 24.000000
2061 25.000000
2062 25.000000
2063 25.000000
2064 23.000000
2065 25.000000
2066 25.000000
2067 26.000000
2068 26.000000
2069 24.000000
2070 23.000000
2071 21.000000
2072 26.000000
2073 26.000000
2074 25.000000
2075 25.000000
2076 25.000000
2077 26.000000
2078 23.000000
2079 26.000000
2080 24.000000
2081 26.000000
2082 24.000000
2083 22.000000
2084 21.000000
2085 24.000000
2086 22.000000
2087 25.000000
2088 24.000000
2089 23.000000
2090 25.000000
2091 24.000000
2092 22.000000
2093 24.000000
2094 23.000000
2095 26.000000
2096 24.000000
2097 23.000000
2098 22.000000
2099 22.000000
2100 23.000000
2101 26.000000
2102 25.000000
2103 24.000000
2104 23.000000
2105 23.000000
2106 24.000000
2107 25.000000
2108 21.000000
2109 25.000000
2110 24.000000
2111 29.000000
2112 24.000000
2113 25.000000
2114 23.000000
2115 25.000000
2116 25.000000
2117 23.000000
2118 21.000000
2119 25.000000
2120 25.000000
2121 27.000000
2122 24.000000
2123 28.000000
2124 24.000000
2125 26.000000
2126 25.000000
2127 28.000000
2128 23.000000
2129 22.000000
2130 24.000000
2131 27.000000
2132 23.000000
2133 24.000000
2134 24.000000
2135 25.000000
2136 21.000000
2137 24.000000
2138 24.000000
2139 27.000000
2140 23.000000
2141 26.000000
2142 25.000000
2143 26.000000
2144 24.000000
2145 25.000000
2146 24.000000
2147 24.000000
2148 23.000000
2149 26.000000
2150 22.000000
2151 25.000000
2152 24.000000
2153 25.000000
2154 24.000000
2155 23.000000
2156 24.000000
2157 27.000000
2158 22.000000
2159 22.000000
2160 23.000000
2161 25.000000
2162 23.000000
2163 24.000000
2164 22.000000
2165 23.000000
2166 23.000000
2167 21.000000
2168 21.000000
2169 20.000000
2170 26.000000
2171 25.000000
2172 20.000000
2173 24.000000
2174 24.000000
2175 23.000000
2176 21.000000
2177 24.000000
2178 24.000000
2179 23.000000
2180 23.000000
2181 25.000000
2182 22.000000
2183 24.000000
2184 25.000000
2185 25.000000
2186 21.000000
2187 25.000000
2188 24.000000
2189 22.000000
2190 23.000000
2191 24.000000
2192 22.000000
2193 23.000000
2194 25.000000
2195 26.000000
2196 22.000000
2197 21.000000
2198 24.000000
2199 24.000000
2200 21.000000
2201 23.000000
2202 22.000000
2203 24.000000
2204 22.000000
2205 27.000000
2206 21.000000
2207 21.000000
2208 23.000000
2209 23.000000
2210 23.000000
2211 25.000000
2212 21.000000
2213 22.000000
2214 21.000000
2215 23.000000
2216 19.000000
2217 25.000000
2218 24.000000
2219 23.000000
2220 22.000000
2221 25.000000
2222 22.000000
2223 24.000000
2224 21.000000
2225 24.000000
2226 23.000000
2227 22.000000
2228 21.000000
2229 23.000000
2230 21.000000
2231 25.000000
2232 22.000000
2233 22.000000
2234 22.000000
2235 22.000000
2236 21.000000
2237 24.000000
2238 22.000000
2239 23.000000
2240 23.000000
2241 24.000000
2242 22.000000
2243 22.000000
2244 21.000000
2245 23.000000
2246 22.000000
2247 24.000000
2248 26.000000
2249 23.000000
2250 21.000000
2251 23.000000
2252 21.000000
2253 22.000000
2254 18.000000
2255 24.000000
2256 23.000000
2257 23.000000
2258 23.000000
2259 25.000000
2260 21.000000
2261 22.000000
2262 21.000000
2263 24.000000
2264 22.000000
2265 24.000000
2266 23.000000
2267 21.000000
2268 22.000000
2269 22.000000
2270 22.000000
2271 23.000000
2272 22.000000
2273 22.000000
2274 23.000000
2275 23.000000
2276 21.000000
2277 22.000000
2278 21.000000
2279 21.000000
2280 20.000000
2281 20.000000
2282 24.000000
2283 19.000000
2284 22.000000
2285 24.000000
2286 22.000000
2287 22.000000
2288 21.000000
2289 23.000000
2290 21.000000
2291 21.000000
2292 25.000000
2293 22.000000
2294 26.000000
2295 21.000000
2296 23.000000
2297 23.000000
2298 23.000000
2299 21.000000
2300 22.000000
2301 21.000000
2302 22.000000
2303 23.000000
2304 20.000000
2305 20.000000
2306 25.000000
2307 24.000000
2308 21.000000
2309 23.000000
2310 23.000000
2311 23.000000
2312 18.000000
2313 20.000000
2314 21.000000
2315 22.000000
2316 21.000000
2317 25.000000
2318 21.000000
2319 22.000000
2320 22.000000
2321 25.000000
2322 21.000000
2323 25.000000
2324 19.000000
2325 27.000000
2326 25.000000
2327 22.000000
2328 20.000000
2329 23.000000
2330 21.000000
2331 23.000000
2332 23.000000
2333 22.000000
2334 20.000000
2335 20.000000
2336 20.000000
2337 22.000000
2338 21.000000
2339 23.000000
2340 21.000000
2341 22.000000
2342 20.000000
2343 24.000000
2344 23.000000
2345 23.000000
2346 23.000000
2347 22.000000
2348 20.000000
2349 24.000000
2350 20.000000
2351 21.000000
2352 21.000000
2353 20.000000
2354 20.000000
2355 22.000000
2356 21.000000
2357 24.000000
2358 23.000000
2359 19.000000
2360 19.000000
2361 24.000000
2362 20.000000
2363 23.000000
2364 23.000000
2365 25.000000
2366 21.000000
2367 23.000000
2368 23.000000
2369 21.000000
2370 22.000000
2371 24.000000
2372 22.000000
2373 24.000000
2374 19.000000
2375 22.000000
2376 20.000000
2377 23.000000
2378 23.000000
2379 23.000000
2380 21.000000
2381 23.000000
2382 23.000000
2383 22.000000
2384 21.000000
2385 23.000000
2386 21.000000
2387 23.000000
2388 21.000000
2389 24.000000
2390 23.000000
2391 23.000000
2392 23.000000
2393 23.000000
2394 21.000000
2395 20.000000
2396 23.000000
2397 23.000000
2398 21.000000
2399 21.000000
2400 22.000000
2401 24.000000
2402 22.000000
2403 30.000000
2404 23.000000
2405 25.000000
2406 25.000000
2407 25.000000
2408 22.000000
2409 23.000000
2410 23.000000
2411 25.000000
2412 21.000000
2413 22.000000
2414 22.000000
2415 26.000000
2416 24.000000
2417 25.000000
2418 28.000000
2419 24.000000
2420 25.000000
2421 24.000000
2422 24.000000
2423 23.000000
2424 20.000000
2425 28.000000
2426 24.000000
2427 26.000000
2428 24.000000
2429 24.000000
2430 24.000000
2431 25.000000
2432 25.000000
2433 25.000000
2434 28.000000
2435 24.000000
2436 24.000000
2437 24.000000
2438 25.000000
2439 29.000000
2440 25.000000
2441 25.000000
2442 27.000000
2443 24.000000
2444 24.000000
2445 29.000000
2446 30.000000
2447 28.000000
2448 28.000000
2449 28.000000
2450 27.000000
2451 30.000000
2452 31.000000
2453 32.000000
2454 32.000000
2455 35.000000
2456 33.000000
2457 34.000000
2458 38.000000
2459 42.000000
2460 48.000000
2461 55.000000
2462 62.000000
2463 71.000000
2464 82.000000
2465 92.000000
2466 99.000000
2467 109.000000
2468 115.000000
2469 123.000000
2470 131.000000
2471 144.000000
2472 156.000000
2473 167.000000
2474 180.000000
2475 197.000000
2476 205.000000
2477 222.000000
2478 235.000000
2479 247.000000
2480 256.000000
2481 287.000000
2482 323.000000
2483 371.000000
2484 430.000000
2485 493.000000
2486 540.000000
2487 578.000000
2488 612.000000
2489 655.000000
2490 680.000000
2491 716.000000
2492 741.000000
2493 766.000000
2494 770.000000
2495 774.000000
2496 778.000000
2497 768.000000
2498 756.000000
2499 732.000000
2500 695.000000
2501 647.000000
2502 604.000000
2503 573.000000
2504 553.000000
2505 552.000000
2506 548.000000
2507 547.000000
2508 523.000000
2509 513.000000
2510 476.000000
2511 446.000000
2512 408.000000
2513 353.000000
2514 303.000000
2515 247.000000
2516 197.000000
2517 162.000000
2518 132.000000
2519 116.000000
2520 102.000000
2521 91.000000
2522 81.000000
2523 74.000000
2524 68.000000
2525 64.000000
2526 63.000000
2527 54.000000
2528 50.000000
2529 50.000000
2530 45.000000
2531 46.000000
2532 44.000000
2533 41.000000
2534 37.000000
2535 39.000000
2536 38.000000
2537 37.000000
2538 33.000000
2539 33.000000
2540 35.000000
2541 31.000000
2542 30.000000
2543 30.000000
2544 26.000000
2545 27.000000
2546 28.000000
2547 28.000000
2548 27.000000
2549 28.000000
2550 28.000000
2551 26.000000
2552 23.000000
2553 27.000000
2554 24.000000
2555 25.000000
2556 23.000000
2557 24.000000
2558 23.000000
2559 24.000000
2560 24.000000
2561 23.000000
2562 27.000000
2563 23.000000
2564 23.000000
2565 23.000000
2566 24.000000
2567 28.000000
2568 25.000000
2569 23.000000
2570 24.000000
2571 24.000000
2572 23.000000
2573 24.000000
2574 21.000000
2575 26.000000
2576 22.000000
2577 24.000000
2578 22.000000
2579 25.000000
2580 22.000000
2581 22.000000
2582 21.000000
2583 23.000000
2584 21.000000
2585 24.000000
2586 22.000000
2587 23.000000
2588 22.000000
2589 23.000000
2590 22.000000
2591 24.000000
2592 19.000000
2593 22.000000
2594 23.000000
2595 25.000000
2596 23.000000
2597 23.000000
2598 23.000000
2599 23.000000
2600 24.000000
2601 25.000000
2602 22.000000
2603 25.000000
2604 19.000000
2605 22.000000
2606 22.000000
2607 23.000000
2608 23.000000
2609 22.000000
2610 23.000000
2611 23.000000
2612 22.000000
2613 24.000000
2614 24.000000
2615 24.000000
2616 22.000000
2617 23.000000
2618 22.000000
2619 23.000000
2620 22.000000
2621 22.000000
2622 23.000000
2623 22.000000
2624 25.000000
2625 20.000000
2626 29.000000
2627 23.000000
2628 21.000000
2629 22.000000
2630 24.000000
2631 19.000000
2632 22.000000
2633 23.000000
2634 22.000000
2635 22.000000
2636 24.000000
2637 21.000000
2638 23.000000
2639 21.000000
2640 21.000000
2641 24.000000
2642 21.000000
2643 21.000000
2644 21.000000
2645 24.000000
2646 22.000000
2647 20.000000
2648 26.000000
2649 22.000000
2650 21.000000
2651 23.000000
2652 24.000000
2653 20.000000
2654 22.000000
2655 22.000000
2656 21.000000
2657 22.000000
2658 21.000000
2659 22.000000
2660 20.000000
2661 23.000000
2662 23.000000
2663 24.000000
2664 19.000000
2665 23.000000
2666 19.000000
2667 22.000000
2668 21.000000
2669 20.000000
2670 19.000000
2671 25.000000
2672 20.000000
2673 21.000000
2674 20.000000
2675 23.000000
2676 18.000000
2677 22.000000
2678 20.000000
2679 23.000000
2680 21.000000
2681 21.000000
2682 19.000000
2683 20.000000
2684 22.000000
2685 21.000000
2686 21.000000
2687 24.000000
2688 19.000000
2689 24.000000
2690 19.000000
2691 23.000000
2692 21.000000
2693 21.000000
2694 21.000000
2695 21.000000
2696 21.000000
2697 21.000000
2698 22.000000
2699 26.000000
2700 20.000000
2701 22.000000
2702 21.000000
2703 21.000000
2704 19.000000
2705 23.000000
2706 19.000000
2707 24.000000
2708 22.000000
2709 26.000000
2710 21.000000
2711 19.000000
2712 19.000000
2713 22.000000
2714 21.000000
2715 22.000000
2716 21.000000
2717 20.000000
2718 21.000000
2719 24.000000
2720 21.000000
2721 29.000000
2722 20.000000
2723 23.000000
2724 20.000000
2725 20.000000
2726 24.000000
2727 21.000000
2728 19.000000
2729 24.000000
2730 21.000000
2731 23.000000
2732 19.000000
2733 21.000000
2734 20.000000
2735 23.000000
2736 21.000000
2737 20.000000
2738 20.000000
2739 24.000000
2740 20.000000
2741 20.000000
2742 22.000000
2743 21.000000
2744 19.000000
2745 20.000000
2746 21.000000
2747 24.000000
2748 18.000000
2749 21.000000
2750 21.000000
2751 19.000000
2752 24.000000
2753 24.000000
2754 18.000000
2755 21.000000
2756 23.000000
2757 23.000000
2758 21.000000
2759 22.000000
2760 20.000000
2761 21.000000
2762 19.000000
2763 25.000000
2764 22.000000
2765 21.000000
2766 22.000000
2767 24.000000
2768 23.000000
2769 23.000000
2770 21.000000
2771 22.000000
2772 19.000000
2773 21.000000
2774 20.000000
2775 19.000000
2776 21.000000
2777 22.000000
2778 22.000000
2779 22.000000
2780 20.000000
2781 20.000000
2782 21.000000
2783 29.000000
2784 21.000000
2785 21.000000
2786 23.000000
2787 22.000000
2788 21.000000
2789 22.000000
2790 21.000000
2791 21.000000
2792 20.000000
2793 21.000000
2794 21.000000
2795 18.000000
2796 20.000000
2797 20.000000
2798 20.000000
2799 22.000000
2800 20.000000
2801 21.000000
2802 19.000000
2803 24.000000
2804 19.000000
2805 23.000000
2806 22.000000
2807 22.000000
2808 22.000000
2809 20.000000
2810 21.000000
2811 18.000000
2812 19.000000
2813 21.000000
2814 20.000000
2815 22.000000
2816 19.000000
2817 23.000000
2818 24.000000
2819 21.000000
2820 21.000000
2821 23.000000
2822 17.000000
2823 23.000000
2824 24.000000
2825 22.000000
2826 21.000000
2827 22.000000
2828 23.000000
2829 22.000000
2830 21.000000
2831 30.000000
2832 20.000000
2833 20.000000
2834 19.000000
2835 20.000000
2836 18.000000
2837 20.000000
2838 23.000000
2839 21.000000
2840 20.000000
2841 21.000000
2842 18.000000
2843 22.000000
2844 19.000000
2845 21.000000
2846 20.000000
2847 21.000000
2848 21.000000
2849 22.000000
2850 20.000000
2851 23.000000
2852 22.000000
2853 21.000000
2854 22.000000
2855 22.000000
2856 21.000000
2857 20.000000
2858 21.000000
2859 22.000000
2860 19.000000
2861 23.000000
2862 17.000000
2863 20.000000
2864 21.000000
2865 21.000000
2866 21.000000
2867 25.000000
2868 21.000000
2869 22.000000
2870 22.000000
2871 22.000000
2872 22.000000
2873 19.000000
2874 20.000000
2875 21.000000
2876 19.000000
2877 22.000000
2878 23.000000
2879 24.000000
2880 19.000000
2881 20.000000
2882 21.000000
2883 21.000000
2884 21.000000
2885 22.000000
2886 19.000000
2887 21.000000
2888 23.000000
2889 41.000000
2890 22.000000
2891 22.000000
2892 23.000000
2893 24.000000
2894 21.000000
2895 21.000000
2896 20.000000
2897 21.000000
2898 22.000000
2899 23.000000
2900 19.000000
2901 23.000000
2902 21.000000
2903 23.000000
2904 19.000000
2905 23.000000
2906 19.000000
2907 22.000000
2908 22.000000
2909 23.000000
2910 22.000000
2911 19.000000
2912 18.000000
2913 22.000000
2914 21.000000
2915 21.000000
2916 21.000000
2917 22.000000
2918 22.000000
2919 22.000000
2920 23.000000
2921 21.000000
2922 20.000000
2923 19.000000
2924 20.000000
2925 21.000000
2926 23.000000
2927 22.000000
2928 21.000000
2929 21.000000
2930 18.000000
2931 20.000000
2932 19.000000
2933 24.000000
2934 18.000000
2935 23.000000
2936 22.000000
2937 21.000000
2938 23.000000
2939 23.000000
2940 20.000000
2941 21.000000
2942 20.000000
2943 22.000000
2944 18.000000
2945 19.000000
2946 20.000000
2947 23.000000
2948 21.000000
2949 19.000000
2950 22.000000
2951 21.000000
2952 19.000000
2953 23.000000
2954 17.000000
2955 21.000000
2956 22.000000
2957 21.000000
2958 19.000000
2959 24.000000
2960 21.000000
2961 21.000000
2962 20.000000
2963 23.000000
2964 20.000000
2965 21.000000
2966 22.000000
2967 22.000000
2968 21.000000
2969 23.000000
2970 21.000000
2971 21.000000
2972 21.000000
2973 19.000000
2974 19.000000
2975 20.000000
2976 21.000000
2977 20.000000
2978 19.000000
2979 21.000000
2980 23.000000
2981 21.000000
2982 20.000000
2983 23.000000
2984 19.000000
2985 19.000000
2986 21.000000
2987 21.000000
2988 17.000000
2989 22.000000
2990 21.000000
2991 19.000000
2992 21.000000
2993 21.000000
2994 18.000000
2995 22.000000
2996 20.000000
2997 23.000000
2998 23.000000
2999 20.000000
3000 23.000000
3001 22.000000
3002 20.000000
3003 23.000000
3004 21.000000
3005 19.000000
3006 19.000000
3007 22.000000
3008 19.000000
3009 22.000000
3010 22.000000
3011 20.000000
3012 19.000000
3013 23.000000
3014 20.000000
3015 22.000000
3016 23.000000
3017 20.000000
3018 18.000000
3019 19.000000
3020 20.000000
3021 21.000000
3022 20.000000
3023 22.000000
3024 22.000000
3025 21.000000
3026 20.000000
3027 21.000000
3028 20.000000
3029 23.000000
3030 23.000000
3031 21.000000
3032 19.000000
3033 23.000000
3034 23.000000
3035 20.000000
3036 21.000000
3037 21.000000
3038 20.000000
3039 22.000000
3040 18.000000
3041 23.000000
3042 21.000000
3043 24.000000
3044 22.000000
3045 21.000000
3046 21.000000
3047 22.000000
3048 19.000000
3049 20.000000
3050 21.000000
3051 20.000000
3052 20.000000
3053 19.000000
3054 19.000000
3055 22.000000
3056 17.000000
3057 22.000000
3058 21.000000
3059 20.000000
3060 22.000000
3061 20.000000
3062 18.000000
3063 23.000000
3064 20.000000
3065 21.000000
3066 20.000000
3067 24.000000
3068 24.000000
3069 21.000000
3070 22.000000
3071 23.000000
3072 21.000000
3073 23.000000
3074 21.000000
3075 27.000000
3076 26.000000
3077 22.000000
3078 26.000000
3079 31.000000
3080 27.000000
3081 29.000000
3082 33.000000
3083 35.000000
3084 37.000000
3085 39.000000
3086 41.000000
3087 42.000000
3088 43.000000
3089 44.000000
3090 42.000000
3091 43.000000
3092 41.000000
3093 39.000000
3094 37.000000
3095 42.000000
3096 41.000000
3097 39.000000
3098 39.000000
3099 39.000000
3100 37.000000
3101 40.000000
3102 39.000000
3103 38.000000
3104 36.000000
3105 38.000000
3106 35.000000
3107 33.000000
3108 30.000000
3109 29.000000
3110 25.000000
3111 25.000000
3112 26.000000
3113 20.000000
3114 21.000000
3115 22.000000
3116 23.000000
3117 25.000000
3118 23.000000
3119 20.000000
3120 21.000000
3121 20.000000
3122 22.000000
3123 22.000000
3124 21.000000
3125 20.000000
3126 21.000000
3127 20.000000
3128 21.000000
3129 24.000000
3130 19.000000
3131 22.000000
3132 20.000000
3133 22.000000
3134 19.000000
3135 20.000000
3136 21.000000
3137 20.000000
3138 21.000000
3139 21.000000
3140 21.000000
3141 17.000000
3142 21.000000
3143 20.000000
3144 20.000000
3145 21.000000
3146 24.000000
3147 19.000000
3148 19.000000
3149 22.000000
3150 20.000000
3151 21.000000
3152 21.000000
3153 21.000000
3154 20.000000
3155 18.000000
3156 21.000000
3157 21.000000
3158 19.000000
3159 22.000000
3160 21.000000
3161 20.000000
3162 20.000000
3163 22.000000
3164 19.000000
3165 22.000000
3166 22.000000
3167 23.000000
3168 20.000000
3169 21.000000
3170 18.000000
3171 22.000000
3172 20.000000
3173 22.000000
3174 20.000000
3175 24.000000
3176 20.000000
3177 20.000000
3178 21.000000
3179 23.000000
3180 18.000000
3181 21.000000
3182 19.000000
3183 24.000000
3184 21.000000
3185 27.000000
3186 17.000000
3187 20.000000
3188 18.000000
3189 22.000000
3190 23.000000
3191 22.000000
3192 21.000000
3193 21.000000
3194 22.000000
3195 21.000000
3196 19.000000
3197 22.000000
3198 22.000000
3199 21.000000
3200 21.000000
3201 23.000000
3202 18.000000
3203 21.000000
3204 21.000000
3205 18.000000
3206 21.000000
3207 19.000000
3208 18.000000
3209 19.000000
3210 20.000000
3211 21.000000
3212 23.000000
3213 23.000000
3214 20.000000
3215 20.000000
3216 21.000000
3217 21.000000
3218 21.000000
3219 23.000000
3220 22.000000
3221 22.000000
3222 18.000000
3223 22.000000
3224 21.000000
3225 19.000000
3226 20.000000
3227 21.000000
3228 21.000000
3229 23.000000
3230 21.000000
3231 23.000000
3232 20.000000
3233 20.000000
3234 21.000000
3235 18.000000
3236 21.000000
3237 21.000000
3238 18.000000
3239 20.000000
3240 21.000000
3241 22.000000
3242 20.000000
3243 22.000000
3244 22.000000
3245 21.000000
3246 21.000000
3247 21.000000
3248 21.000000
3249 20.000000
3250 21.000000
3251 21.000000
3252 20.000000
3253 22.000000
3254 21.000000
3255 22.000000
3256 19.000000
3257 21.000000
3258 20.000000
3259 23.000000
3260 22.000000
3261 21.000000
3262 19.000000
3263 21.000000
3264 20.000000
3265 20.000000
3266 19.000000
3267 22.000000
3268 21.000000
3269 19.000000
3270 18.000000
3271 22.000000
3272 20.000000
3273 24.000000
3274 22.000000
3275 18.000000
3276 20.000000
3277 23.000000
3278 20.000000
3279 22.000000
3280 22.000000
3281 20.000000
3282 20.000000
3283 20.000000
3284 19.000000
3285 24.000000
3286 20.000000
3287 22.000000
3288 19.000000
3289 22.000000
3290 22.000000
3291 25.000000
3292 20.000000
3293 23.000000
3294 20.000000
3295 21.000000
3296 19.000000
3297 23.000000
3298 22.000000
3299 21.000000
3300 23.000000
3301 22.000000
3302 19.000000
3303 18.000000
3304 19.000000
3305 23.000000
3306 21.000000
3307 22.000000
3308 18.000000
3309 19.000000
3310 20.000000
3311 22.000000
3312 23.000000
3313 21.000000
3314 21.000000
3315 22.000000
3316 19.000000
3317 19.000000
3318 21.000000
3319 19.000000
3320 19.000000
3321 23.000000
3322 21.000000
3323 21.000000
3324 20.000000
3325 21.000000
3326 21.000000
3327 21.000000
3328 21.000000
3329 21.000000
3330 21.000000
3331 20.000000
3332 21.000000
3333 22.000000
3334 21.000000
3335 22.000000
3336 20.000000
3337 21.000000
3338 22.000000
3339 23.000000
3340 20.000000
3341 20.000000
3342 21.000000
3343 20.000000
3344 22.000000
3345 19.000000
3346 19.000000
3347 23.000000
3348 21.000000
3349 22.000000
3350 21.000000
3351 23.000000
3352 24.000000
3353 20.000000
3354 21.000000
3355 21.000000
3356 21.000000
3357 17.000000
3358 21.000000
3359 24.000000
3360 21.000000
3361 21.000000
3362 22.000000
3363 20.000000
3364 20.000000
3365 23.000000
3366 19.000000
3367 23.000000
3368 20.000000
3369 21.000000
3370 18.000000
3371 17.000000
3372 18.000000
3373 20.000000
3374 20.000000
3375 20.000000
3376 21.000000
3377 20.000000
3378 23.000000
3379 23.000000
3380 21.000000
3381 24.000000
3382 21.000000
3383 22.000000
3384 18.000000
3385 23.000000
3386 21.000000
3387 21.000000
3388 19.000000
3389 21.000000
3390 20.000000
3391 18.000000
3392 18.000000
3393 22.000000
3394 19.000000
3395 21.000000
3396 24.000000
3397 20.000000
3398 20.000000
3399 23.000000
3400 18.000000
3401 24.000000
3402 20.000000
3403 20.000000
3404 19.000000
3405 19.000000
3406 20.000000
3407 20.000000
3408 19.000000
3409 21.000000
3410 21.000000
3411 21.000000
3412 22.000000
3413 25.000000
3414 21.000000
3415 22.000000
3416 19.000000
3417 24.000000
3418 18.000000
3419 20.000000
3420 21.000000
3421 19.000000
3422 21.000000
3423 23.000000
3424 20.000000
3425 21.000000
3426 21.000000
3427 21.000000
3428 23.000000
3429 22.000000
3430 21.000000
3431 22.000000
3432 18.000000
3433 21.000000
3434 19.000000
3435 20.000000
3436 18.000000
3437 21.000000
3438 18.000000
3439 19.000000
3440 22.000000
3441 19.000000
3442 21.000000
3443 20.000000
3444 19.000000
3445 20.000000
3446 21.000000
3447 21.000000
3448 20.000000
3449 22.000000
3450 20.000000
3451 23.000000
3452 20.000000
3453 23.000000
3454 19.000000
3455 22.000000
3456 19.000000
3457 20.000000
3458 21.000000
3459 22.000000
3460 25.000000
3461 23.000000
3462 21.000000
3463 22.000000
3464 20.000000
3465 19.000000
3466 21.000000
3467 24.000000
3468 19.000000
3469 23.000000
3470 20.000000
3471 19.000000
3472 22.000000
3473 21.000000
3474 24.000000
3475 23.000000
3476 21.000000
3477 19.000000
3478 22.000000
3479 21.000000
3480 19.000000
3481 22.000000
3482 19.000000
3483 20.000000
3484 21.000000
3485 19.000000
3486 20.000000
3487 21.000000
3488 23.000000
3489 18.000000
3490 22.000000
3491 22.000000
3492 19.000000
3493 22.000000
3494 20.000000
3495 21.000000
3496 22.000000
3497 24.000000
3498 19.000000
3499 23.000000
3500 21.000000
3501 20.000000
3502 18.000000
3503 21.000000
3504 21.000000
3505 21.000000
3506 20.000000
3507 22.000000
3508 19.000000
3509 22.000000
3510 19.000000
3511 22.000000
3512 20.000000
3513 19.000000
3514 16.000000
3515 21.000000
3516 20.000000
3517 24.000000
3518 20.000000
3519 21.000000
3520 18.000000
3521 23.000000
3522 21.000000
3523 22.000000
3524 16.000000
3525 22.000000
3526 19.000000
3527 19.000000
3528 23.000000
3529 23.000000
3530 22.000000
3531 21.000000
3532 19.000000
3533 21.000000
3534 20.000000
3535 20.000000
3536 22.000000
3537 22.000000
3538 16.000000
3539 21.000000
3540 19.000000
3541 20.000000
3542 23.000000
3543 23.000000
3544 19.000000
3545 23.000000
3546 20.000000
3547 21.000000
3548 20.000000
3549 21.000000
3550 26.000000
3551 23.000000
3552 19.000000
3553 21.000000
3554 20.000000
3555 22.000000
3556 19.000000
3557 22.000000
3558 22.000000
3559 22.000000
3560 18.000000
3561 21.000000
3562 21.000000
3563 21.000000
3564 21.000000
3565 23.000000
3566 20.000000
3567 22.000000
3568 22.000000
3569 20.000000
3570 21.000000
3571 20.000000
3572 19.000000
3573 21.000000
3574 23.000000
3575 21.000000
3576 20.000000
3577 19.000000
3578 22.000000
3579 23.000000
3580 20.000000
3581 22.000000
3582 23.000000
3583 26.000000
3584 22.000000
3585 23.000000
3586 23.000000
3587 21.000000
3588 20.000000
3589 23.000000
3590 23.000000
3591 22.000000
3592 24.000000
3593 25.000000
3594 23.000000
3595 26.000000
3596 26.000000
3597 25.000000
3598 23.000000
3599 27.000000
3600 28.000000
3601 27.000000
3602 28.000000
3603 30.000000
3604 31.000000
3605 34.000000
3606 37.000000
3607 41.000000
3608 43.000000
3609 53.000000
3610 57.000000
3611 64.000000
3612 70.000000
3613 79.000000
3614 86.000000
3615 97.000000
3616 106.000000
3617 115.000000
3618 117.000000
3619 118.000000
3620 117.000000
3621 115.000000
3622 116.000000
3623 111.000000
3624 106.000000
3625 103.000000
3626 104.000000
3627 107.000000
3628 107.000000
3629 110.000000
3630 108.000000
3631 115.000000
3632 114.000000
3633 118.000000
3634 115.000000
3635 113.000000
3636 111.000000
3637 102.000000
3638 99.000000
3639 96.000000
3640 90.000000
3641 81.000000
3642 74.000000
3643 73.000000
3644 67.000000
3645 67.000000
3646 61.000000
3647 64.000000
3648 54.000000
3649 58.000000
3650 54.000000
3651 53.000000
3652 44.000000
3653 43.000000
3654 40.000000
3655 37.000000
3656 33.000000
3657 32.000000
3658 28.000000
3659 31.000000
3660 26.000000
3661 27.000000
3662 24.000000
3663 25.000000
3664 25.000000
3665 24.000000
3666 21.000000
3667 24.000000
3668 20.000000
3669 20.000000
3670 21.000000
3671 23.000000
3672 19.000000
3673 23.000000
3674 22.000000
3675 20.000000
3676 20.000000
3677 23.000000
3678 21.000000
3679 23.000000
3680 22.000000
3681 21.000000
3682 21.000000
3683 21.000000
3684 20.000000
3685 19.000000
3686 20.000000
3687 21.000000
3688 20.000000
3689 20.000000
3690 22.000000
3691 20.000000
3692 20.000000
3693 22.000000
3694 20.000000
3695 18.000000
3696 20.000000
3697 20.000000
3698 19.000000
3699 23.000000
3700 23.000000
3701 21.000000
3702 20.000000
3703 21.000000
3704 23.000000
3705 21.000000
3706 19.000000
3707 18.000000
3708 19.000000
3709 19.000000
3710 21.000000
3711 23.000000
3712 20.000000
3713 22.000000
3714 19.000000
3715 21.000000
3716 20.000000
3717 19.000000
3718 18.000000
3719 20.000000
3720 23.000000
3721 21.000000
3722 17.000000
3723 18.000000
