690.000	-357.863
690.150	-321.541
690.300	-274.043
690.450	-251.925
690.600	-230.270
690.750	-209.548
690.900	-170.666
691.050	-152.272
691.200	-117.580
691.350	-101.282
691.500	-71.014
691.650	-56.578
691.800	-29.337
691.950	-16.531
692.100	7.451
692.250	18.627
692.400	40.047
692.550	50.059
692.700	68.918
692.850	77.766
693.000	94.297
693.150	101.747
693.300	115.950
693.450	122.470
693.600	134.111
693.750	139.466
693.900	149.013
694.050	153.203
694.200	156.929
694.350	160.654
694.500	166.475
694.650	169.036
694.800	172.994
694.950	174.624
695.100	177.651
695.250	178.815
695.400	180.677
695.550	181.609
695.700	183.239
695.850	183.937
696.000	184.868
696.150	185.334
696.300	185.800
696.450	186.265
696.600	186.731
696.750	186.964
696.900	187.430
697.050	187.662
697.200	188.128
697.350	188.128
697.500	188.594
697.650	188.594
697.800	188.361
697.950	188.128
698.100	187.895
698.250	187.430
698.400	187.197
698.550	186.964
698.700	186.964
698.850	187.197
699.000	187.662
699.150	188.128
699.300	189.292
699.450	189.991
699.600	191.621
699.750	192.785
699.900	195.113
700.050	196.277
700.200	197.441
700.350	198.838
700.500	201.865
700.650	203.262
700.800	206.289
700.950	207.686
701.100	209.316
701.250	210.480
701.400	213.274
701.550	214.438
701.700	216.766
701.850	217.698
702.000	219.793
702.150	220.492
702.300	221.889
702.450	222.587
702.600	223.751
702.750	224.217
702.900	225.148
703.050	225.614
703.200	225.614
703.350	225.847
703.500	225.847
703.650	225.614
703.800	224.450
703.950	223.751
704.100	222.820
704.250	221.656
704.400	218.629
704.550	216.999
704.700	215.369
704.850	213.507
705.000	209.316
