	0	89	189
	1	88	191
	2	87	191
	3	88	196
	4	89	187
	5	88	194
	6	92	182
	7	91	185
	8	89	183
	9	92	194
	10	90	194
	11	92	188
	12	89	188
	13	88	190
	14	85	190
	15	95	190
	16	90	192
	17	97	192
	18	87	187
	19	96	195
	20	94	190
	21	95	195
	22	88	188
	23	91	190
	24	84	187
	25	89	193
	26	103	202
	27	104	206
	28	100	201
	29	104	205
	30	103	209
	31	113	212
	32	103	198
	33	105	211
	34	104	202
	35	113	199
	36	103	205
	37	107	209
	38	99	202
	39	99	208
	40	110	206
	41	100	208
	42	99	205
	43	106	218
	44	102	205
	45	107	210
	46	104	207
	47	101	203
	48	110	194
	49	114	204
	50	99	207
	51	109	211
	52	100	209
	53	108	208
	54	108	203
	55	107	212
	56	106	203
	57	104	203
	58	100	213
	59	111	210
	60	109	203
	61	100	205
	62	107	211
	63	107	210
	64	105	218
	65	114	212
	66	113	206
	67	112	213
	68	113	211
	69	118	215
	70	112	202
	71	106	214
	72	109	213
	73	112	216
	74	108	215
	75	116	216
	76	102	214
	77	116	212
	78	107	206
	79	116	217
	80	105	208
	81	110	218
	82	108	213
	83	108	227
	84	112	210
	85	112	217
	86	117	215
	87	119	217
	88	106	209
	89	112	206
	90	109	210
	91	117	214
	92	110	206
	93	112	227
	94	108	221
	95	120	212
	96	107	251
	97	104	221
	98	110	217
	99	114	224
	100	110	217
	101	113	210
	102	110	214
	103	111	213
	104	120	212
	105	114	209
	106	110	213
	107	114	210
	108	107	208
	109	127	226
	110	106	209
	111	117	216
	112	117	213
	113	117	219
	114	109	209
	115	113	212
	116	112	207
	117	120	212
	118	114	213
	119	114	220
	120	113	209
	121	110	212
	122	102	211
	123	112	225
	124	115	214
	125	117	216
	126	114	208
	127	118	212
	128	116	210
	129	109	221
	130	104	213
	131	112	219
	132	110	212
	133	107	209
	134	116	210
	135	124	214
	136	145	211
	137	123	213
	138	117	222
	139	120	211
	140	105	210
	141	142	215
	142	128	224
	143	122	213
	144	112	213
	145	111	217
	146	127	204
	147	118	218
	148	120	227
	149	115	221
	150	110	210
	151	113	217
	152	115	207
	153	120	222
	154	117	219
	155	118	216
	156	112	220
	157	121	213
	158	113	221
	159	120	225
	160	117	224
	161	114	218
	162	116	221
	163	122	222
	164	118	209
	165	118	219
	166	130	210
	167	122	223
	168	117	217
	169	128	216
	170	117	218
	171	112	225
	172	116	217
	173	118	222
	174	122	219
	175	121	229
	176	108	220
	177	124	213
	178	115	219
	179	114	221
	180	120	210
	181	117	217
	182	116	211
	183	116	217
	184	115	221
	185	118	222
	186	107	217
	187	119	222
	188	117	215
	189	122	215
	190	120	220
	191	121	229
	192	119	216
	193	128	232
	194	113	216
	195	110	215
	196	120	216
	197	128	213
	198	116	211
	199	128	222
	200	115	212
	201	127	214
	202	125	218
	203	126	220
	204	121	213
	205	130	222
	206	111	216
	207	129	210
	208	116	210
	209	129	212
	210	124	225
	211	124	217
	212	110	218
	213	125	220
	214	112	215
	215	116	221
	216	127	211
	217	123	223
	218	123	226
	219	125	254
	220	112	219
	221	119	226
	222	120	217
	223	137	222
	224	119	220
	225	119	223
	226	114	212
	227	114	216
	228	114	217
	229	133	211
	230	119	220
	231	121	227
	232	106	217
	233	117	217
	234	125	212
	235	120	216
	236	119	218
	237	128	211
	238	121	213
	239	118	227
	240	116	212
	241	121	228
	242	120	225
	243	121	215
	244	126	216
	245	114	224
	246	114	223
	247	111	220
	248	106	214
	249	112	222
	250	117	213
	251	127	231
	252	111	211
	253	110	223
	254	112	226
	255	124	234
	256	109	214
	257	122	220
	258	112	225
	259	123	223
	260	120	213
	261	114	219
	262	116	219
	263	120	219
	264	108	215
	265	112	227
	266	111	223
	267	124	220
	268	113	218
	269	118	225
	270	107	211
	271	118	214
	272	115	213
	273	115	222
	274	116	217
	275	118	220
	276	106	216
	277	120	215
	278	112	220
	279	117	218
	280	110	211
	281	112	211
	282	112	222
	283	115	214
	284	110	219
	285	120	218
	286	113	215
	287	117	223
	288	112	225
	289	110	216
	290	127	218
	291	107	203
	292	109	219
	293	104	219
	294	106	225
	295	113	220
	296	110	215
	297	111	225
	298	147	221
	299	120	215
	300	107	215
	301	121	222
	302	113	224
	303	123	218
	304	109	215
	305	108	220
	306	112	215
	307	119	218
	308	106	218
	309	115	224
	310	118	218
	311	114	217
	312	114	217
	313	107	222
	314	105	217
	315	121	223
	316	110	215
	317	115	225
	318	115	220
	319	118	219
	320	109	216
	321	115	228
	322	115	227
	323	113	221
	324	110	209
	325	115	215
	326	111	208
	327	113	220
	328	109	216
	329	117	220
	330	108	225
	331	118	229
	332	116	213
	333	126	237
	334	119	217
	335	117	216
	336	107	221
	337	111	229
	338	114	220
	339	126	220
	340	109	214
	341	114	211
	342	106	212
	343	122	229
	344	109	212
	345	122	213
	346	116	221
	347	113	212
	348	102	218
	349	123	216
	350	114	220
	351	119	228
	352	108	216
	353	118	224
	354	109	214
	355	118	214
	356	112	218
	357	106	214
	358	114	220
	359	112	218
	360	108	213
	361	113	218
	362	119	222
	363	119	221
	364	111	220
	365	115	226
	366	114	223
	367	120	227
	368	111	220
	369	112	221
	370	121	221
	371	120	212
	372	115	213
	373	114	217
	374	115	217
	375	117	217
	376	109	208
	377	122	215
	378	112	211
	379	117	217
	380	114	215
	381	116	216
	382	107	213
	383	118	225
	384	112	230
	385	119	221
	386	122	215
	387	114	216
	388	113	215
	389	119	217
	390	114	218
	391	117	221
	392	109	227
	393	115	227
	394	116	221
	395	122	218
	396	112	223
	397	117	224
	398	118	219
	399	113	248
	400	112	222
	401	115	218
	402	114	217
	403	117	224
	404	110	223
	405	118	223
	406	118	224
	407	115	224
	408	109	221
	409	117	224
	410	106	230
	411	120	229
	412	117	219
	413	116	227
	414	113	231
	415	115	226
	416	116	221
	417	113	225
	418	125	225
	419	120	224
	420	115	216
	421	118	228
	422	116	222
	423	117	228
	424	120	221
	425	119	237
	426	117	226
	427	114	237
	428	114	226
	429	114	225
	430	108	225
	431	121	241
	432	115	223
	433	126	230
	434	111	229
	435	115	230
	436	117	219
	437	116	221
	438	115	221
	439	112	229
	440	118	233
	441	118	239
	442	118	229
	443	111	234
	444	113	220
	445	122	234
	446	116	219
	447	118	221
	448	116	223
	449	121	228
	450	117	224
	451	124	227
	452	158	224
	453	121	228
	454	121	233
	455	116	231
	456	117	231
	457	121	231
	458	114	234
	459	123	233
	460	118	233
	461	122	236
	462	114	231
	463	123	230
	464	118	228
	465	116	234
	466	132	234
	467	126	224
	468	120	233
	469	121	230
	470	122	227
	471	129	240
	472	120	225
	473	124	235
	474	127	240
	475	129	222
	476	126	242
	477	127	239
	478	122	233
	479	127	230
	480	122	235
	481	118	230
	482	116	236
	483	125	238
	484	121	237
	485	118	232
	486	121	232
	487	127	243
	488	118	237
	489	125	234
	490	133	240
	491	128	245
	492	126	234
	493	119	231
	494	115	228
	495	120	234
	496	127	232
	497	124	237
	498	119	231
	499	123	234
	500	129	228
	501	138	239
	502	123	233
	503	129	239
	504	129	234
	505	123	237
	506	134	232
	507	127	245
	508	117	232
	509	132	235
	510	123	237
	511	127	254
	512	131	245
	513	128	247
	514	125	233
	515	128	236
	516	121	250
	517	128	253
	518	123	240
	519	134	243
	520	122	242
	521	129	250
	522	121	238
	523	121	252
	524	122	250
	525	131	248
	526	132	244
	527	131	256
	528	126	243
	529	136	247
	530	131	239
	531	127	253
	532	125	243
	533	139	253
	534	126	246
	535	130	247
	536	122	251
	537	130	244
	538	124	246
	539	136	249
	540	129	243
	541	131	245
	542	126	247
	543	126	257
	544	134	242
	545	138	251
	546	127	255
	547	142	247
	548	145	251
	549	134	256
	550	133	248
	551	133	251
	552	124	251
	553	133	246
	554	129	253
	555	131	254
	556	127	259
	557	142	280
	558	132	249
	559	133	257
	560	136	249
	561	136	260
	562	139	255
	563	140	254
	564	133	245
	565	135	258
	566	134	268
	567	142	271
	568	133	257
	569	132	261
	570	128	265
	571	141	267
	572	141	249
	573	133	253
	574	127	257
	575	132	261
	576	138	264
	577	136	271
	578	130	250
	579	134	261
	580	143	251
	581	145	265
	582	139	257
	583	136	276
	584	131	267
	585	140	271
	586	142	273
	587	142	267
	588	138	262
	589	143	268
	590	134	267
	591	145	270
	592	144	263
	593	142	263
	594	147	266
	595	147	265
	596	143	267
	597	139	270
	598	142	264
	599	145	273
	600	144	257
	601	144	270
	602	137	277
	603	142	282
	604	140	277
	605	143	276
	606	147	264
	607	145	272
	608	136	279
	609	143	277
	610	150	270
	611	149	274
	612	141	283
	613	145	271
	614	146	277
	615	155	275
	616	144	280
	617	148	283
	618	146	278
	619	148	286
	620	145	274
	621	148	276
	622	148	293
	623	152	281
	624	149	279
	625	152	288
	626	144	288
	627	152	288
	628	150	291
	629	154	294
	630	151	297
	631	160	291
	632	155	285
	633	151	291
	634	153	295
	635	148	303
	636	152	295
	637	158	296
	638	154	306
	639	154	309
	640	151	302
	641	146	290
	642	158	300
	643	156	299
	644	154	294
	645	158	299
	646	152	292
	647	164	292
	648	155	286
	649	165	299
	650	159	297
	651	169	300
	652	155	292
	653	153	300
	654	147	303
	655	154	305
	656	160	299
	657	169	292
	658	156	298
	659	156	314
	660	167	309
	661	169	310
	662	154	312
	663	169	310
	664	152	313
	665	179	316
	666	164	315
	667	165	315
	668	154	317
	669	157	308
	670	164	310
	671	153	314
	672	159	320
	673	174	312
	674	165	320
	675	170	313
	676	169	321
	677	163	322
	678	157	313
	679	169	329
	680	161	322
	681	163	330
	682	162	318
	683	161	333
	684	172	316
	685	168	333
	686	161	323
	687	171	324
	688	171	319
	689	171	324
	690	173	321
	691	168	330
	692	166	321
	693	172	330
	694	166	333
	695	165	322
	696	159	328
	697	170	335
	698	172	335
	699	174	333
	700	167	333
	701	171	329
	702	172	326
	703	176	333
	704	170	323
	705	168	333
	706	172	337
	707	176	328
	708	205	327
	709	173	332
	710	170	330
	711	178	338
	712	168	332
	713	171	337
	714	168	340
	715	168	341
	716	176	345
	717	170	337
	718	168	341
	719	167	339
	720	179	331
	721	177	343
	722	174	332
	723	169	345
	724	171	335
	725	182	343
	726	179	345
	727	176	335
	728	173	335
	729	184	344
	730	179	342
	731	170	353
	732	171	342
	733	180	344
	734	170	350
	735	175	350
	736	173	345
	737	182	340
	738	180	344
	739	171	356
	740	173	347
	741	174	348
	742	170	354
	743	172	357
	744	170	350
	745	181	352
	746	179	356
	747	180	344
	748	177	355
	749	175	349
	750	169	351
	751	179	354
	752	171	341
	753	171	345
	754	173	347
	755	175	344
	756	180	340
	757	174	352
	758	173	345
	759	184	348
	760	166	344
	761	169	343
	762	167	349
	763	174	364
	764	166	351
	765	165	346
	766	179	345
	767	173	347
	768	170	346
	769	181	353
	770	175	340
	771	175	341
	772	182	349
	773	180	342
	774	164	338
	775	178	344
	776	199	337
	777	173	350
	778	173	339
	779	168	349
	780	167	347
	781	180	342
	782	169	347
	783	176	353
	784	169	341
	785	184	345
	786	166	346
	787	172	347
	788	170	344
	789	173	348
	790	174	338
	791	187	356
	792	161	339
	793	169	353
	794	158	337
	795	164	343
	796	173	334
	797	167	347
	798	161	337
	799	174	339
	800	167	341
	801	163	339
	802	161	342
	803	169	378
	804	160	336
	805	173	337
	806	160	341
	807	172	350
	808	161	349
	809	172	335
	810	165	325
	811	170	341
	812	156	336
	813	160	335
	814	159	335
	815	167	332
	816	160	325
	817	160	321
	818	153	331
	819	169	327
	820	161	328
	821	161	322
	822	158	321
	823	164	338
	824	149	331
	825	158	322
	826	159	330
	827	163	327
	828	162	335
	829	157	328
	830	151	320
	831	159	326
	832	154	312
	833	158	317
	834	160	318
	835	150	318
	836	151	314
	837	165	311
	838	149	315
	839	152	321
	840	155	316
	841	156	317
	842	161	311
	843	155	317
	844	155	303
	845	150	314
	846	151	307
	847	157	318
	848	160	306
	849	158	313
	850	145	307
	851	151	309
	852	149	316
	853	150	316
	854	149	313
	855	157	320
	856	146	305
	857	150	309
	858	147	307
	859	158	303
	860	147	306
	861	150	309
	862	152	296
	863	149	312
	864	145	309
	865	147	297
	866	157	301
	867	146	307
	868	143	309
	869	151	316
	870	132	303
	871	153	311
	872	142	298
	873	142	306
	874	148	306
	875	147	302
	876	148	297
	877	149	300
	878	143	293
	879	155	307
	880	146	298
	881	149	309
	882	140	299
	883	141	303
	884	147	292
	885	143	295
	886	138	294
	887	162	299
	888	147	297
	889	140	295
	890	137	306
	891	142	310
	892	147	288
	893	145	306
	894	137	293
	895	148	291
	896	132	312
	897	140	290
	898	138	290
	899	147	291
	900	138	295
	901	146	292
	902	146	295
	903	140	293
	904	133	287
	905	140	289
	906	142	276
	907	144	281
	908	141	283
	909	143	283
	910	132	281
	911	134	280
	912	137	275
	913	140	280
	914	137	274
	915	141	287
	916	126	280
	917	132	284
	918	132	276
	919	147	285
	920	136	275
	921	140	274
	922	134	273
	923	142	297
	924	132	264
	925	140	280
	926	140	267
	927	134	271
	928	129	275
	929	135	275
	930	132	274
	931	140	282
	932	128	271
	933	140	277
	934	127	271
	935	142	268
	936	141	261
	937	138	271
	938	130	267
	939	134	268
	940	134	268
	941	134	275
	942	129	269
	943	124	274
	944	139	267
	945	133	273
	946	129	267
	947	131	267
	948	132	263
	949	135	266
	950	129	303
	951	132	267
	952	130	277
	953	127	267
	954	132	253
	955	133	266
	956	130	264
	957	135	262
	958	123	258
	959	129	264
	960	122	260
	961	131	265
	962	136	259
	963	133	261
	964	120	261
	965	131	260
	966	124	267
	967	134	257
	968	136	258
	969	128	254
	970	136	266
	971	129	252
	972	125	262
	973	130	262
	974	129	258
	975	126	258
	976	130	250
	977	124	255
	978	122	254
	979	130	252
	980	122	260
	981	128	262
	982	128	256
	983	136	262
	984	121	255
	985	122	261
	986	118	257
	987	125	260
	988	123	247
	989	127	258
	990	119	244
	991	133	252
	992	120	245
	993	123	255
	994	112	254
	995	119	248
	996	117	246
	997	140	251
	998	126	245
	999	121	243
	1000	128	250
	1001	121	245
	1002	121	244
	1003	124	246
	1004	124	241
	1005	118	241
	1006	121	237
	1007	128	240
	1008	115	239
	1009	116	242
	1010	122	231
	1011	124	234
	1012	120	245
	1013	124	238
	1014	124	238
	1015	123	239
	1016	117	239
	1017	119	233
	1018	123	233
	1019	126	235
	1020	115	241
	1021	117	243
	1022	117	241
	1023	124	235
	1024	118	233
	1025	122	233
	1026	114	248
	1027	129	237
	1028	113	232
	1029	121	240
	1030	114	224
	1031	118	239
	1032	113	237
	1033	118	227
	1034	118	230
	1035	121	237
	1036	115	234
	1037	121	244
	1038	115	229
	1039	117	226
	1040	114	231
	1041	118	235
	1042	109	230
	1043	116	232
	1044	110	257
	1045	120	237
	1046	115	232
	1047	115	233
	1048	121	241
	1049	120	235
	1050	110	231
	1051	115	232
	1052	119	224
	1053	119	225
	1054	120	229
	1055	116	269
	1056	107	231
	1057	119	233
	1058	116	231
	1059	131	240
	1060	108	235
	1061	120	235
	1062	109	228
	1063	125	236
	1064	112	230
	1065	116	235
	1066	118	231
	1067	117	229
	1068	108	234
	1069	115	229
	1070	114	231
	1071	113	231
	1072	107	228
	1073	118	220
	1074	119	231
	1075	122	230
	1076	115	225
	1077	151	242
	1078	116	232
	1079	118	233
	1080	114	232
	1081	116	223
	1082	113	232
	1083	116	230
	1084	114	229
	1085	120	227
	1086	110	243
	1087	121	228
	1088	123	212
	1089	121	226
	1090	107	227
	1091	122	237
	1092	109	224
	1093	113	236
	1094	114	229
	1095	118	236
	1096	115	238
	1097	111	235
	1098	111	229
	1099	125	222
	1100	117	228
	1101	115	232
	1102	107	219
	1103	122	232
	1104	113	229
	1105	119	231
	1106	117	230
	1107	118	229
	1108	114	223
	1109	116	233
	1110	113	253
	1111	115	238
	1112	118	228
	1113	124	225
	1114	120	228
	1115	115	224
	1116	118	218
	1117	108	229
	1118	115	233
	1119	122	218
	1120	111	230
	1121	116	232
	1122	113	226
	1123	118	230
	1124	113	222
	1125	115	224
	1126	119	238
	1127	119	228
	1128	108	227
	1129	114	229
	1130	122	237
	1131	113	241
	1132	112	228
	1133	119	233
	1134	108	221
	1135	115	233
	1136	109	248
	1137	121	230
	1138	115	229
	1139	115	233
	1140	127	223
	1141	120	222
	1142	114	228
	1143	121	229
	1144	116	227
	1145	113	226
	1146	113	223
	1147	128	231
	1148	113	229
	1149	114	232
	1150	120	226
	1151	118	230
	1152	104	229
	1153	110	221
	1154	113	223
	1155	118	231
	1156	103	228
	1157	113	224
	1158	115	230
	1159	114	226
	1160	113	231
	1161	118	228
	1162	117	220
	1163	111	245
	1164	107	223
	1165	120	225
	1166	115	219
	1167	115	227
	1168	108	228
	1169	107	229
	1170	108	230
	1171	120	232
	1172	113	229
	1173	106	224
	1174	110	230
	1175	117	236
	1176	113	229
	1177	115	227
	1178	119	225
	1179	116	220
	1180	112	224
	1181	107	232
	1182	125	221
	1183	122	226
	1184	113	225
	1185	115	222
	1186	111	230
	1187	114	232
	1188	119	229
	1189	112	235
	1190	114	227
	1191	111	226
	1192	115	225
	1193	111	235
	1194	111	222
	1195	121	232
	1196	123	231
	1197	117	241
	1198	115	223
	1199	116	229
	1200	117	217
	1201	120	228
	1202	114	228
	1203	113	229
	1204	121	227
	1205	123	229
	1206	114	223
	1207	127	222
	1208	111	224
	1209	121	229
	1210	119	224
	1211	117	231
	1212	107	222
	1213	120	228
	1214	108	223
	1215	121	222
	1216	109	222
	1217	123	225
	1218	109	223
	1219	117	226
	1220	115	226
	1221	127	230
	1222	120	221
	1223	112	239
	1224	112	226
	1225	121	233
	1226	114	220
	1227	109	220
	1228	109	223
	1229	111	233
	1230	118	227
	1231	120	232
	1232	107	222
	1233	127	221
	1234	112	230
	1235	118	234
	1236	116	220
	1237	108	227
	1238	114	224
	1239	116	230
	1240	111	220
	1241	117	228
	1242	112	219
	1243	116	228
	1244	113	230
	1245	111	225
	1246	107	224
	1247	122	229
	1248	115	216
	1249	119	224
	1250	110	223
	1251	119	215
	1252	114	226
	1253	113	226
	1254	112	220
	1255	113	221
	1256	110	223
	1257	109	230
	1258	119	224
	1259	116	220
	1260	122	226
	1261	120	233
	1262	113	226
	1263	118	226
	1264	111	222
	1265	117	232
	1266	149	229
	1267	148	224
	1268	109	218
	1269	117	219
	1270	106	221
	1271	123	228
	1272	109	227
	1273	112	233
	1274	117	224
	1275	123	252
	1276	108	225
	1277	126	222
	1278	116	222
	1279	117	221
	1280	109	226
	1281	123	231
	1282	114	221
	1283	116	227
	1284	108	229
	1285	114	229
	1286	116	229
	1287	121	229
	1288	111	220
	1289	113	225
	1290	111	228
	1291	118	226
	1292	108	216
	1293	116	227
	1294	111	229
	1295	124	219
	1296	111	226
	1297	114	226
	1298	105	224
	1299	118	226
	1300	115	229
	1301	113	229
	1302	112	217
	1303	115	227
	1304	110	214
	1305	118	229
	1306	114	227
	1307	117	226
	1308	106	214
	1309	106	229
	1310	112	218
	1311	118	227
	1312	113	218
	1313	118	224
	1314	118	223
	1315	115	230
	1316	122	225
	1317	112	222
	1318	110	221
	1319	118	224
	1320	113	228
	1321	123	232
	1322	113	226
	1323	118	217
	1324	115	223
	1325	116	213
	1326	113	224
	1327	116	233
	1328	111	231
	1329	112	227
	1330	110	221
	1331	129	234
	1332	116	222
	1333	123	218
	1334	117	227
	1335	114	231
	1336	108	218
	1337	110	231
	1338	114	221
	1339	109	218
	1340	123	221
	1341	116	235
	1342	105	225
	1343	124	227
	1344	108	212
	1345	118	220
	1346	111	221
	1347	114	229
	1348	108	215
	1349	117	231
	1350	116	220
	1351	117	236
	1352	115	220
	1353	109	221
	1354	106	219
	1355	118	230
	1356	113	218
	1357	113	226
	1358	115	226
	1359	118	225
	1360	112	221
	1361	118	228
	1362	107	218
	1363	114	226
	1364	108	228
	1365	114	230
	1366	110	216
	1367	107	228
	1368	114	228
	1369	116	227
	1370	115	226
	1371	115	218
	1372	146	229
	1373	113	221
	1374	111	227
	1375	120	224
	1376	112	215
	1377	117	227
	1378	110	228
	1379	121	224
	1380	116	225
	1381	152	225
	1382	108	222
	1383	118	227
	1384	111	223
	1385	113	227
	1386	111	227
	1387	115	222
	1388	116	214
	1389	115	220
	1390	109	220
	1391	120	226
	1392	111	213
	1393	117	231
	1394	107	222
	1395	119	225
	1396	110	230
	1397	114	222
	1398	112	217
	1399	115	228
	1400	105	225
	1401	115	229
	1402	115	217
	1403	121	225
	1404	115	218
	1405	115	222
	1406	111	219
	1407	112	228
	1408	112	215
	1409	120	219
	1410	118	231
	1411	121	221
	1412	110	231
	1413	116	231
	1414	113	223
	1415	119	224
	1416	112	226
	1417	113	220
	1418	117	225
	1419	119	220
	1420	106	222
	1421	113	230
	1422	112	214
	1423	116	225
	1424	109	232
	1425	116	222
	1426	108	221
	1427	113	227
	1428	105	230
	1429	112	233
	1430	109	226
	1431	115	226
	1432	112	222
	1433	119	219
	1434	112	222
	1435	120	220
	1436	111	223
	1437	114	216
	1438	110	221
	1439	116	226
	1440	106	224
	1441	120	224
	1442	109	220
	1443	113	221
	1444	109	222
	1445	113	220
	1446	108	226
	1447	117	225
	1448	112	221
	1449	113	227
	1450	111	220
	1451	118	222
	1452	103	218
	1453	107	224
	1454	107	224
	1455	109	231
	1456	107	212
	1457	112	217
	1458	118	216
	1459	113	221
	1460	115	222
	1461	111	225
	1462	118	223
	1463	114	232
	1464	108	213
	1465	118	215
	1466	114	220
	1467	109	219
	1468	111	221
	1469	120	225
	1470	108	219
	1471	113	223
	1472	114	219
	1473	113	227
	1474	114	228
	1475	122	227
	1476	103	219
	1477	114	216
	1478	109	216
	1479	109	213
	1480	109	211
	1481	115	217
	1482	107	218
	1483	111	223
	1484	108	220
	1485	113	217
	1486	107	208
	1487	119	223
	1488	102	212
	1489	115	222
	1490	106	221
	1491	114	221
	1492	112	220
	1493	112	219
	1494	112	221
	1495	109	227
	1496	106	215
	1497	112	219
	1498	106	215
	1499	109	223
	1500	104	222
	1501	106	228
	1502	109	217
	1503	115	223
	1504	106	221
	1505	116	217
	1506	106	215
	1507	113	229
	1508	111	218
	1509	113	224
	1510	113	222
	1511	113	226
	1512	117	212
	1513	110	214
	1514	107	214
	1515	108	220
	1516	110	218
	1517	111	215
	1518	106	220
	1519	107	216
	1520	110	215
	1521	107	217
	1522	109	212
	1523	117	224
	1524	106	219
	1525	112	211
	1526	110	209
	1527	116	222
	1528	119	210
	1529	112	221
	1530	112	206
	1531	146	222
	1532	104	226
	1533	118	222
	1534	105	212
	1535	119	222
	1536	110	207
	1537	118	223
	1538	112	222
	1539	110	224
	1540	110	217
	1541	116	229
	1542	109	211
	1543	123	218
	1544	113	220
	1545	111	224
	1546	112	214
	1547	110	227
	1548	106	215
	1549	113	214
	1550	114	219
	1551	107	221
	1552	108	226
	1553	124	221
	1554	108	209
	1555	121	222
	1556	101	219
	1557	116	219
	1558	116	243
	1559	110	220
	1560	110	221
	1561	114	213
	1562	114	210
	1563	116	231
	1564	116	216
	1565	118	221
	1566	118	226
	1567	119	222
	1568	110	218
	1569	124	223
	1570	114	212
	1571	118	265
	1572	109	229
	1573	109	228
	1574	111	233
	1575	123	227
	1576	117	231
	1577	118	234
	1578	119	243
	1579	119	243
	1580	119	238
	1581	120	247
	1582	123	244
	1583	128	252
	1584	122	240
	1585	131	245
	1586	119	248
	1587	121	249
	1588	110	242
	1589	125	237
	1590	123	236
	1591	115	239
	1592	121	242
	1593	119	240
	1594	118	236
	1595	128	249
	1596	116	237
	1597	150	236
	1598	121	244
	1599	128	248
	1600	117	244
	1601	125	246
	1602	116	246
	1603	122	234
	1604	113	239
	1605	118	246
	1606	116	235
	1607	118	252
	1608	120	246
	1609	127	242
	1610	114	242
	1611	119	240
	1612	118	233
	1613	123	241
	1614	121	235
	1615	116	245
	1616	122	234
	1617	120	241
	1618	115	231
	1619	118	239
	1620	115	236
	1621	113	243
	1622	121	241
	1623	115	233
	1624	127	247
	1625	121	247
	1626	115	238
	1627	123	234
	1628	112	243
	1629	120	241
	1630	110	237
	1631	117	244
	1632	119	234
	1633	123	238
	1634	113	242
	1635	129	244
	1636	118	234
	1637	116	245
	1638	115	238
	1639	122	246
	1640	118	234
	1641	125	242
	1642	112	234
	1643	122	238
	1644	112	241
	1645	120	234
	1646	151	234
	1647	125	241
	1648	115	237
	1649	126	248
	1650	117	244
	1651	113	243
	1652	111	237
	1653	124	245
	1654	120	238
	1655	131	231
	1656	108	232
	1657	124	238
	1658	116	241
	1659	122	232
	1660	114	240
	1661	124	235
	1662	118	241
	1663	131	239
	1664	118	244
	1665	128	238
	1666	127	240
	1667	125	239
	1668	114	235
	1669	118	239
	1670	117	234
	1671	125	236
	1672	113	238
	1673	124	232
	1674	117	222
	1675	113	233
	1676	116	235
	1677	124	239
	1678	119	233
	1679	119	241
	1680	119	237
	1681	118	238
	1682	114	234
	1683	120	236
	1684	115	233
	1685	119	238
	1686	115	238
	1687	131	247
	1688	117	231
	1689	116	236
	1690	111	244
	1691	122	236
	1692	107	236
	1693	119	248
	1694	117	236
	1695	109	238
	1696	108	232
	1697	112	236
	1698	110	232
	1699	116	232
	1700	112	229
	1701	106	225
	1702	109	222
	1703	110	224
	1704	107	217
	1705	118	214
	1706	105	210
	1707	104	210
	1708	104	208
	1709	111	214
	1710	108	208
	1711	104	211
	1712	104	210
	1713	108	213
	1714	105	212
	1715	120	215
	1716	106	208
	1717	107	208
	1718	110	211
	1719	104	217
	1720	106	202
	1721	108	210
	1722	104	204
	1723	106	204
	1724	100	203
	1725	109	206
	1726	132	212
	1727	104	220
	1728	114	207
	1729	105	213
	1730	104	204
	1731	112	217
	1732	115	214
	1733	97	218
	1734	107	207
	1735	105	208
	1736	108	214
	1737	102	210
	1738	104	209
	1739	107	213
	1740	108	204
	1741	105	212
	1742	105	205
	1743	113	209
	1744	99	203
	1745	105	206
	1746	101	209
	1747	106	217
	1748	114	211
	1749	107	210
	1750	97	202
	1751	111	207
	1752	105	209
	1753	107	211
	1754	103	213
	1755	114	218
	1756	106	210
	1757	103	211
	1758	108	206
	1759	108	211
	1760	104	215
	1761	108	212
	1762	104	212
	1763	111	210
	1764	107	205
	1765	115	214
	1766	103	203
	1767	100	210
	1768	95	202
	1769	104	216
	1770	107	207
	1771	108	211
	1772	102	202
	1773	105	221
	1774	105	207
	1775	104	216
	1776	105	212
	1777	109	208
	1778	105	206
	1779	106	205
	1780	96	204
	1781	103	219
	1782	110	204
	1783	97	201
	1784	104	205
	1785	109	204
	1786	100	208
	1787	107	210
	1788	105	209
	1789	101	218
	1790	105	210
	1791	111	206
	1792	104	206
	1793	102	211
	1794	98	205
	1795	102	217
	1796	113	205
	1797	103	205
	1798	99	201
	1799	108	204
	1800	95	202
	1801	101	207
	1802	98	214
	1803	106	213
	1804	102	200
	1805	102	202
	1806	93	206
	1807	109	213
	1808	99	205
	1809	113	214
	1810	104	204
	1811	107	207
	1812	99	210
	1813	105	209
	1814	106	204
	1815	97	210
	1816	97	202
	1817	99	217
	1818	103	205
	1819	114	207
	1820	102	202
	1821	101	207
	1822	98	210
	1823	113	207
	1824	101	213
	1825	105	207
	1826	100	198
	1827	99	213
	1828	101	204
	1829	103	206
	1830	102	205
	1831	106	205
	1832	97	203
	1833	104	208
	1834	100	196
	1835	110	198
	1836	105	201
	1837	109	204
	1838	98	208
	1839	103	206
	1840	96	207
	1841	103	216
	1842	99	208
	1843	102	201
	1844	103	203
	1845	110	208
	1846	96	207
	1847	111	207
	1848	105	208
	1849	108	205
	1850	99	201
	1851	111	202
	1852	101	212
	1853	106	204
	1854	99	199
	1855	95	214
	1856	102	209
	1857	115	202
	1858	100	207
	1859	107	204
	1860	105	199
	1861	99	204
	1862	109	200
	1863	111	199
	1864	99	209
	1865	106	210
	1866	97	208
	1867	105	208
	1868	100	196
	1869	102	208
	1870	97	201
	1871	105	203
	1872	105	206
	1873	101	206
	1874	101	199
	1875	105	201
	1876	99	203
	1877	106	201
	1878	101	198
	1879	104	208
	1880	103	201
	1881	103	200
	1882	106	200
	1883	112	198
	1884	109	203
	1885	103	210
	1886	101	201
	1887	105	211
	1888	105	202
	1889	109	211
	1890	97	210
	1891	107	203
	1892	101	201
	1893	111	210
	1894	102	203
	1895	101	213
	1896	97	203
	1897	97	205
	1898	106	203
	1899	109	213
	1900	99	202
	1901	111	204
	1902	100	208
	1903	107	207
	1904	105	204
	1905	112	203
	1906	98	205
	1907	141	211
	1908	96	208
	1909	104	203
	1910	100	200
	1911	102	209
	1912	102	204
	1913	103	210
	1914	103	204
	1915	107	207
	1916	106	203
	1917	115	200
	1918	109	198
	1919	106	209
	1920	101	199
	1921	102	239
	1922	103	207
	1923	104	207
	1924	100	204
	1925	109	208
	1926	101	201
	1927	105	203
	1928	101	204
	1929	103	212
	1930	94	204
	1931	104	204
	1932	99	201
	1933	107	213
	1934	98	203
	1935	111	210
	1936	100	204
	1937	103	206
	1938	93	205
	1939	96	200
	1940	102	203
	1941	102	209
	1942	102	201
	1943	102	204
	1944	100	200
	1945	106	206
	1946	100	201
	1947	103	208
	1948	104	203
	1949	100	212
	1950	101	215
	1951	107	206
	1952	101	199
	1953	105	206
	1954	106	201
	1955	106	211
	1956	108	200
	1957	97	209
	1958	98	198
	1959	97	202
	1960	103	204
	1961	104	208
	1962	92	204
	1963	106	216
	1964	96	206
	1965	106	201
	1966	104	210
	1967	109	206
	1968	98	200
	1969	101	211
	1970	98	212
	1971	104	205
	1972	104	198
	1973	101	204
	1974	105	200
	1975	106	203
	1976	98	202
	1977	101	211
	1978	99	207
	1979	107	206
	1980	101	204
	1981	102	208
	1982	99	201
	1983	103	203
	1984	98	202
	1985	100	209
	1986	99	200
	1987	106	208
	1988	101	204
	1989	103	201
	1990	100	204
	1991	103	206
	1992	102	204
	1993	106	207
	1994	100	199
	1995	102	209
	1996	95	202
	1997	104	205
	1998	100	208
	1999	105	214
	2000	93	201
	2001	101	199
	2002	104	201
	2003	105	200
	2004	101	215
	2005	108	207
	2006	103	204
	2007	104	210
	2008	96	196
	2009	108	199
	2010	102	206
	2011	103	207
	2012	99	212
	2013	95	211
	2014	97	211
	2015	112	202
	2016	95	206
	2017	106	202
	2018	96	202
	2019	100	202
	2020	106	197
	2021	108	209
	2022	96	205
	2023	98	202
	2024	102	207
	2025	103	201
	2026	95	207
	2027	105	207
	2028	90	206
	2029	108	199
	2030	99	204
	2031	103	208
	2032	95	192
	2033	104	210
	2034	99	202
	2035	101	205
	2036	104	200
	2037	102	196
	2038	94	202
	2039	104	206
	2040	104	196
	2041	103	198
	2042	101	201
	2043	100	202
	2044	99	199
	2045	104	195
	2046	97	209
	2047	104	205
	2048	98	203
	2049	98	209
	2050	101	203
	2051	98	200
	2052	97	197
	2053	109	198
	2054	99	202
	2055	95	206
	2056	105	200
	2057	101	195
	2058	91	192
	2059	103	207
	2060	100	201
	2061	108	200
	2062	99	198
	2063	102	202
	2064	98	205
	2065	105	200
	2066	97	192
	2067	101	204
	2068	94	198
	2069	106	204
	2070	89	199
	2071	97	209
	2072	95	193
	2073	99	206
	2074	97	198
	2075	100	209
	2076	94	211
	2077	105	203
	2078	97	203
	2079	106	199
	2080	101	206
	2081	97	200
	2082	96	201
	2083	102	200
	2084	102	196
	2085	100	203
	2086	92	194
	2087	106	198
	2088	97	198
	2089	102	203
	2090	97	200
	2091	108	200
	2092	103	194
	2093	104	201
	2094	102	200
	2095	106	202
	2096	94	204
	2097	104	200
	2098	96	194
	2099	102	198
	2100	100	198
	2101	97	207
	2102	96	196
	2103	114	200
	2104	103	203
	2105	104	198
	2106	97	199
	2107	102	204
	2108	94	196
	2109	97	199
	2110	92	201
	2111	111	198
	2112	96	193
	2113	106	203
	2114	101	200
	2115	102	206
	2116	101	196
	2117	97	201
	2118	99	204
	2119	98	202
	2120	98	194
	2121	107	196
	2122	89	203
	2123	110	206
	2124	98	208
	2125	100	197
	2126	97	197
	2127	96	203
	2128	99	198
	2129	99	204
	2130	95	211
	2131	108	205
	2132	97	206
	2133	97	200
	2134	97	202
	2135	102	200
	2136	97	197
	2137	103	200
	2138	92	203
	2139	104	203
	2140	96	208
	2141	106	203
	2142	95	202
	2143	101	201
	2144	98	200
	2145	110	198
	2146	99	198
	2147	98	207
	2148	104	200
	2149	95	198
	2150	95	196
	2151	112	202
	2152	101	203
	2153	106	203
	2154	108	196
	2155	102	204
	2156	96	198
	2157	104	198
	2158	102	200
	2159	100	205
	2160	94	195
	2161	97	199
	2162	96	197
	2163	104	196
	2164	102	198
	2165	104	203
	2166	99	201
	2167	103	199
	2168	97	199
	2169	102	206
	2170	104	309
	2171	103	201
	2172	108	204
	2173	100	200
	2174	96	196
	2175	104	199
	2176	100	195
	2177	106	202
	2178	101	202
	2179	104	203
	2180	98	196
	2181	100	195
	2182	102	199
	2183	103	194
	2184	99	200
	2185	107	208
	2186	98	197
	2187	107	205
	2188	99	198
	2189	99	203
	2190	94	200
	2191	99	205
	2192	97	196
	2193	98	210
	2194	97	225
	2195	104	200
	2196	99	196
	2197	102	200
	2198	93	199
	2199	97	205
	2200	95	199
	2201	102	201
	2202	92	206
	2203	104	195
	2204	99	194
	2205	148	201
	2206	96	197
	2207	102	203
	2208	96	196
	2209	104	203
	2210	101	198
	2211	104	198
	2212	99	193
	2213	101	200
	2214	91	201
	2215	101	202
	2216	101	199
	2217	103	199
	2218	101	199
	2219	99	199
	2220	93	194
	2221	102	200
	2222	98	205
	2223	110	203
	2224	98	198
	2225	103	197
	2226	99	200
	2227	97	194
	2228	96	196
	2229	91	195
	2230	96	194
	2231	98	204
	2232	99	193
	2233	98	199
	2234	95	208
	2235	97	201
	2236	90	200
	2237	108	198
	2238	96	191
	2239	105	211
	2240	100	196
	2241	100	202
	2242	96	199
	2243	107	207
	2244	108	197
	2245	103	204
	2246	95	200
	2247	105	202
	2248	103	195
	2249	104	203
	2250	98	201
	2251	99	199
	2252	98	197
	2253	102	199
	2254	91	191
	2255	94	196
	2256	100	201
	2257	100	198
	2258	98	197
	2259	98	195
	2260	91	193
	2261	100	207
	2262	104	196
	2263	97	207
	2264	100	205
	2265	103	204
	2266	97	196
	2267	102	197
	2268	100	201
	2269	100	196
	2270	96	203
	2271	101	206
	2272	94	198
	2273	101	192
	2274	103	191
	2275	98	202
	2276	96	204
	2277	104	213
	2278	97	203
	2279	102	208
	2280	95	196
	2281	98	190
	2282	97	196
	2283	102	202
	2284	97	199
	2285	106	200
	2286	100	200
	2287	103	201
	2288	99	198
	2289	100	199
	2290	100	206
	2291	101	200
	2292	109	196
	2293	103	197
	2294	100	191
	2295	102	209
	2296	101	198
	2297	107	201
	2298	98	208
	2299	102	200
	2300	100	194
	2301	99	201
	2302	97	199
	2303	100	203
	2304	98	200
	2305	102	194
	2306	94	197
	2307	106	200
	2308	96	199
	2309	99	196
	2310	97	191
	2311	103	195
	2312	97	198
	2313	102	206
	2314	95	194
	2315	100	206
	2316	91	195
	2317	105	202
	2318	97	196
	2319	94	201
	2320	99	201
	2321	106	209
	2322	99	197
	2323	101	198
	2324	96	194
	2325	102	206
	2326	100	194
	2327	101	207
	2328	100	202
	2329	109	205
	2330	108	200
	2331	102	197
	2332	97	196
	2333	103	205
	2334	99	201
	2335	108	199
	2336	94	201
	2337	98	200
	2338	101	193
	2339	103	198
	2340	94	198
	2341	101	205
	2342	104	197
	2343	104	204
	2344	94	196
	2345	102	199
	2346	99	203
	2347	108	199
	2348	98	204
	2349	103	205
	2350	90	198
	2351	98	202
	2352	100	200
	2353	100	205
	2354	98	200
	2355	103	200
	2356	99	197
	2357	108	201
	2358	93	198
	2359	95	200
	2360	95	202
	2361	101	205
	2362	94	206
	2363	109	210
	2364	92	192
	2365	105	207
	2366	101	197
	2367	95	203
	2368	98	201
	2369	99	200
	2370	98	191
	2371	104	200
	2372	96	194
	2373	99	204
	2374	100	196
	2375	106	203
	2376	86	202
	2377	105	205
	2378	95	197
	2379	105	196
	2380	94	196
	2381	103	203
	2382	101	201
	2383	103	207
	2384	98	201
	2385	106	197
	2386	96	199
	2387	106	201
	2388	96	194
	2389	100	202
	2390	100	199
	2391	102	209
	2392	100	199
	2393	99	205
	2394	96	197
	2395	108	201
	2396	101	199
	2397	98	206
	2398	93	199
	2399	99	196
	2400	96	214
	2401	99	197
	2402	94	197
	2403	133	204
	2404	100	199
	2405	100	198
	2406	95	196
	2407	103	199
	2408	101	200
	2409	99	199
	2410	100	201
	2411	109	204
	2412	102	197
	2413	107	200
	2414	96	191
	2415	103	198
	2416	97	203
	2417	103	223
	2418	99	198
	2419	99	199
	2420	95	193
	2421	105	200
	2422	103	196
	2423	100	204
	2424	94	199
	2425	111	204
	2426	100	201
	2427	105	202
	2428	94	195
	2429	100	202
	2430	101	199
	2431	100	207
	2432	101	194
	2433	102	208
	2434	103	200
	2435	100	197
	2436	104	190
	2437	100	205
	2438	95	200
	2439	108	200
	2440	100	193
	2441	96	201
	2442	97	197
	2443	102	199
	2444	102	194
	2445	100	203
	2446	103	201
	2447	99	201
	2448	101	193
	2449	95	194
	2450	95	199
	2451	105	209
	2452	103	196
	2453	99	198
	2454	101	202
	2455	96	195
	2456	102	190
	2457	101	197
	2458	104	203
	2459	108	207
	2460	103	195
	2461	108	201
	2462	101	196
	2463	99	202
	2464	102	226
	2465	95	199
	2466	103	191
	2467	103	206
	2468	93	200
	2469	103	202
	2470	95	202
	2471	103	203
	2472	99	201
	2473	98	210
	2474	106	198
	2475	101	203
	2476	97	197
	2477	95	203
	2478	100	194
	2479	93	195
	2480	104	199
	2481	105	210
	2482	96	206
	2483	99	196
	2484	94	195
	2485	101	200
	2486	98	201
	2487	99	203
	2488	98	202
	2489	100	200
	2490	100	200
	2491	100	198
	2492	95	195
	2493	95	198
	2494	93	196
	2495	101	207
	2496	95	196
	2497	102	200
	2498	94	190
	2499	101	205
	2500	94	204
	2501	101	207
	2502	103	203
	2503	98	201
	2504	105	191
	2505	105	205
	2506	99	197
	2507	103	207
	2508	104	206
	2509	101	204
	2510	101	194
	2511	104	201
	2512	98	195
	2513	100	214
	2514	102	196
	2515	103	198
	2516	100	203
	2517	106	202
	2518	98	200
	2519	105	198
	2520	100	197
	2521	99	192
	2522	92	202
	2523	102	204
	2524	99	202
	2525	98	197
	2526	102	199
	2527	99	204
	2528	94	203
	2529	108	196
	2530	97	194
	2531	101	200
	2532	94	192
	2533	98	195
	2534	94	197
	2535	108	209
	2536	97	201
	2537	108	207
	2538	94	194
	2539	98	204
	2540	98	202
	2541	104	198
	2542	92	200
	2543	105	203
	2544	92	196
	2545	103	199
	2546	99	192
	2547	104	198
	2548	100	201
	2549	97	194
	2550	102	190
	2551	102	207
	2552	99	195
	2553	104	197
	2554	95	197
	2555	104	205
	2556	99	194
	2557	107	207
	2558	99	197
	2559	102	205
	2560	96	199
	2561	99	194
	2562	103	197
	2563	101	198
	2564	106	202
	2565	98	204
	2566	92	200
	2567	107	226
	2568	101	196
	2569	105	205
	2570	97	197
	2571	106	205
	2572	103	197
	2573	104	200
	2574	99	194
	2575	105	198
	2576	97	194
	2577	102	199
	2578	100	200
	2579	102	196
	2580	101	200
	2581	101	201
	2582	89	204
	2583	104	192
	2584	94	195
	2585	101	202
	2586	99	199
	2587	100	208
	2588	90	191
	2589	108	202
	2590	101	189
	2591	102	198
	2592	100	196
	2593	100	200
	2594	95	196
	2595	100	199
	2596	99	196
	2597	95	203
	2598	94	197
	2599	101	199
	2600	93	200
	2601	99	199
	2602	94	198
	2603	107	200
	2604	96	191
	2605	101	209
	2606	93	200
	2607	100	196
	2608	92	197
	2609	99	199
	2610	96	204
	2611	101	197
	2612	98	192
	2613	103	197
	2614	93	202
	2615	107	202
	2616	95	192
	2617	98	197
	2618	91	199
	2619	104	201
	2620	102	196
	2621	102	204
	2622	100	197
	2623	100	202
	2624	101	193
	2625	96	200
	2626	127	198
	2627	95	199
	2628	97	197
	2629	100	197
	2630	103	196
	2631	100	203
	2632	96	197
	2633	102	203
	2634	100	198
	2635	101	206
	2636	95	197
	2637	103	208
	2638	90	194
	2639	94	197
	2640	99	194
	2641	107	203
	2642	97	186
	2643	94	203
	2644	95	194
	2645	101	197
	2646	99	193
	2647	94	200
	2648	97	198
	2649	99	199
	2650	96	201
	2651	104	192
	2652	93	196
	2653	104	200
	2654	100	193
	2655	100	204
	2656	98	203
	2657	104	198
	2658	94	190
	2659	98	202
	2660	101	202
	2661	102	197
	2662	102	200
	2663	101	199
	2664	95	194
	2665	101	193
	2666	98	198
	2667	102	202
	2668	96	205
	2669	100	202
	2670	102	197
	2671	99	201
	2672	97	199
	2673	103	206
	2674	94	206
	2675	100	203
	2676	102	194
	2677	96	204
	2678	95	199
	2679	101	194
	2680	103	199
	2681	99	195
	2682	94	200
	2683	104	197
	2684	96	195
	2685	100	192
	2686	95	196
	2687	95	194
	2688	97	191
	2689	108	200
	2690	93	201
	2691	103	202
	2692	97	194
	2693	112	196
	2694	94	192
	2695	99	195
	2696	97	200
	2697	101	210
	2698	98	196
	2699	101	204
	2700	100	196
	2701	107	198
	2702	104	198
	2703	108	206
	2704	95	198
	2705	106	201
	2706	100	196
	2707	102	193
	2708	101	193
	2709	106	197
	2710	99	202
	2711	101	212
	2712	98	193
	2713	102	205
	2714	99	200
	2715	105	202
	2716	95	194
	2717	96	206
	2718	93	200
	2719	103	207
	2720	95	194
	2721	133	198
	2722	96	197
	2723	105	200
	2724	98	201
	2725	106	206
	2726	115	196
	2727	105	200
	2728	98	202
	2729	98	206
	2730	97	193
	2731	105	209
	2732	97	195
	2733	99	196
	2734	95	201
	2735	105	191
	2736	98	192
	2737	102	201
	2738	99	199
	2739	96	203
	2740	97	204
	2741	100	197
	2742	100	202
	2743	105	200
	2744	96	205
	2745	103	210
	2746	97	196
	2747	112	203
	2748	95	190
	2749	102	200
	2750	102	198
	2751	105	201
	2752	103	198
	2753	101	195
	2754	103	199
	2755	96	194
	2756	86	194
	2757	102	208
	2758	93	192
	2759	97	198
	2760	91	196
	2761	103	203
	2762	96	200
	2763	104	191
	2764	95	195
	2765	103	200
	2766	98	195
	2767	109	202
	2768	102	194
	2769	103	197
	2770	101	190
	2771	103	203
	2772	89	194
	2773	104	198
	2774	96	204
	2775	106	195
	2776	94	198
	2777	98	204
	2778	98	198
	2779	103	202
	2780	96	201
	2781	102	201
	2782	98	193
	2783	130	203
	2784	99	199
	2785	99	200
	2786	105	192
	2787	106	203
	2788	98	197
	2789	96	201
	2790	101	198
	2791	100	206
	2792	100	199
	2793	98	206
	2794	101	206
	2795	99	203
	2796	101	198
	2797	102	199
	2798	93	197
	2799	103	202
	2800	102	199
	2801	99	212
	2802	102	223
	2803	103	203
	2804	91	192
	2805	104	201
	2806	98	195
	2807	93	204
	2808	104	208
	2809	100	200
	2810	100	196
	2811	105	203
	2812	102	203
	2813	98	200
	2814	97	197
	2815	103	201
	2816	96	204
	2817	99	203
	2818	96	198
	2819	99	201
	2820	97	199
	2821	104	194
	2822	96	197
	2823	107	204
	2824	98	195
	2825	102	199
	2826	98	196
	2827	102	195
	2828	99	198
	2829	101	200
	2830	104	196
	2831	127	200
	2832	98	190
	2833	101	202
	2834	96	202
	2835	105	195
	2836	96	198
	2837	100	214
	2838	100	197
	2839	101	203
	2840	99	195
	2841	96	196
	2842	93	197
	2843	108	205
	2844	101	199
	2845	100	204
	2846	101	196
	2847	98	198
	2848	98	194
	2849	98	198
	2850	96	198
	2851	104	197
	2852	95	198
	2853	105	200
	2854	101	198
	2855	105	201
	2856	92	195
	2857	104	203
	2858	100	195
	2859	112	210
	2860	95	195
	2861	105	195
	2862	93	197
	2863	100	201
	2864	98	197
	2865	97	197
	2866	103	196
	2867	101	200
	2868	97	196
	2869	106	204
	2870	113	199
	2871	100	204
	2872	87	197
	2873	94	197
	2874	100	194
	2875	101	202
	2876	95	191
	2877	95	204
	2878	98	203
	2879	108	201
	2880	100	201
	2881	95	195
	2882	97	196
	2883	117	205
	2884	98	197
	2885	103	204
	2886	101	197
	2887	104	196
	2888	100	199
	2889	181	196
	2890	98	203
	2891	107	208
	2892	99	206
	2893	107	207
	2894	100	195
	2895	101	196
	2896	93	199
	2897	95	202
	2898	101	199
	2899	106	210
	2900	92	202
	2901	104	200
	2902	90	197
	2903	101	195
	2904	97	205
	2905	99	210
	2906	96	206
	2907	98	198
	2908	100	197
	2909	104	200
	2910	98	198
	2911	97	217
	2912	100	202
	2913	103	205
	2914	102	211
	2915	97	208
	2916	96	200
	2917	102	199
	2918	102	201
	2919	105	200
	2920	119	202
	2921	96	206
	2922	98	198
	2923	94	197
	2924	105	197
	2925	95	200
	2926	99	195
	2927	107	203
	2928	104	196
	2929	94	203
	2930	99	208
	2931	100	200
	2932	96	199
	2933	103	205
	2934	95	206
	2935	100	201
	2936	93	202
	2937	98	191
	2938	100	202
	2939	107	205
	2940	93	197
	2941	108	199
	2942	95	206
	2943	103	206
	2944	97	203
	2945	94	197
	2946	97	198
	2947	107	199
	2948	100	199
	2949	100	202
	2950	95	194
	2951	97	202
	2952	95	203
	2953	108	200
	2954	101	202
	2955	100	200
	2956	104	198
	2957	102	200
	2958	100	201
	2959	111	202
	2960	100	201
	2961	99	206
	2962	96	197
	2963	103	204
	2964	101	188
	2965	101	194
	2966	103	194
	2967	98	202
	2968	97	202
	2969	99	207
	2970	97	193
	2971	102	198
	2972	104	197
	2973	107	198
	2974	92	202
	2975	106	204
	2976	98	201
	2977	109	198
	2978	98	194
	2979	109	194
	2980	99	197
	2981	108	205
	2982	95	200
	2983	106	204
	2984	95	199
	2985	103	203
	2986	98	196
	2987	99	207
	2988	101	200
	2989	107	200
	2990	92	204
	2991	92	202
	2992	103	199
	2993	98	197
	2994	95	195
	2995	104	199
	2996	94	198
	2997	108	202
	2998	112	206
	2999	100	196
	3000	98	195
	3001	101	197
	3002	103	196
	3003	105	204
	3004	97	206
	3005	100	202
	3006	101	195
	3007	101	195
	3008	97	195
	3009	95	198
	3010	96	195
	3011	100	198
	3012	100	200
	3013	97	199
	3014	100	203
	3015	108	196
	3016	104	193
	3017	103	209
	3018	95	197
	3019	106	205
	3020	105	198
	3021	102	201
	3022	95	200
	3023	99	198
	3024	105	202
	3025	97	202
	3026	90	196
	3027	105	205
	3028	87	200
	3029	100	200
	3030	91	199
	3031	103	211
	3032	101	202
	3033	103	200
	3034	102	195
	3035	98	195
	3036	98	191
	3037	103	200
	3038	96	198
	3039	102	200
	3040	95	197
	3041	97	209
	3042	102	200
	3043	105	198
	3044	100	200
	3045	103	196
	3046	96	202
	3047	100	204
	3048	96	194
	3049	101	201
	3050	98	194
	3051	102	201
	3052	94	200
	3053	95	197
	3054	91	198
	3055	97	203
	3056	109	189
	3057	109	207
	3058	96	191
	3059	100	203
	3060	94	198
	3061	98	202
	3062	96	204
	3063	101	203
	3064	95	203
	3065	96	204
	3066	92	200
	3067	99	199
	3068	95	199
	3069	96	202
	3070	99	192
	3071	101	202
	3072	98	198
	3073	100	197
	3074	98	195
	3075	106	201
	3076	104	187
	3077	100	204
	3078	97	197
	3079	100	204
	3080	99	202
	3081	101	212
	3082	97	197
	3083	100	198
	3084	98	196
	3085	99	205
	3086	95	193
	3087	104	199
	3088	99	195
	3089	102	206
	3090	98	193
	3091	97	203
	3092	99	197
	3093	99	194
	3094	96	203
	3095	108	203
	3096	93	197
	3097	103	193
	3098	99	187
	3099	103	201
	3100	92	202
	3101	108	200
	3102	98	195
	3103	98	204
	3104	92	195
	3105	108	200
	3106	98	197
	3107	102	199
	3108	97	201
	3109	98	200
	3110	91	196
	3111	99	205
	3112	98	199
	3113	97	207
	3114	99	197
	3115	102	201
	3116	100	191
	3117	104	208
	3118	95	195
	3119	101	196
	3120	95	196
	3121	99	201
	3122	105	198
	3123	101	204
	3124	92	190
	3125	96	205
	3126	98	201
	3127	105	204
	3128	95	197
	3129	108	200
	3130	98	201
	3131	100	200
	3132	101	190
	3133	103	203
	3134	101	195
	3135	104	205
	3136	99	199
	3137	97	201
	3138	101	194
	3139	104	200
	3140	98	197
	3141	99	203
	3142	98	195
	3143	105	201
	3144	93	205
	3145	103	199
	3146	116	193
	3147	98	197
	3148	99	195
	3149	102	198
	3150	98	191
	3151	105	205
	3152	101	203
	3153	100	206
	3154	94	197
	3155	102	193
	3156	101	198
	3157	97	207
	3158	97	200
	3159	94	198
	3160	97	199
	3161	102	202
	3162	103	197
	3163	101	199
	3164	95	198
	3165	105	202
	3166	105	195
	3167	109	204
	3168	99	196
	3169	102	204
	3170	95	201
	3171	104	204
	3172	102	195
	3173	102	199
	3174	100	197
	3175	104	197
	3176	97	200
	3177	106	204
	3178	104	193
	3179	107	201
	3180	100	199
	3181	102	198
	3182	103	190
	3183	96	203
	3184	97	202
	3185	129	198
	3186	99	205
	3187	108	203
	3188	97	193
	3189	107	196
	3190	95	201
	3191	108	199
	3192	94	200
	3193	102	203
	3194	103	195
	3195	104	196
	3196	96	196
	3197	104	199
	3198	99	196
	3199	101	202
	3200	99	199
	3201	98	199
	3202	99	198
	3203	97	200
	3204	96	186
	3205	100	204
	3206	96	196
	3207	106	204
	3208	99	199
	3209	100	195
	3210	94	199
	3211	104	209
	3212	101	197
	3213	105	207
	3214	95	199
	3215	106	197
	3216	96	200
	3217	100	206
	3218	99	198
	3219	104	202
	3220	92	204
	3221	101	205
	3222	97	192
	3223	107	228
	3224	98	197
	3225	104	198
	3226	100	199
	3227	106	206
	3228	94	201
	3229	108	203
	3230	99	195
	3231	99	201
	3232	96	203
	3233	100	199
	3234	99	200
	3235	100	205
	3236	99	196
	3237	105	207
	3238	94	194
	3239	100	193
	3240	101	199
	3241	108	224
	3242	95	194
	3243	102	207
	3244	100	192
	3245	98	202
	3246	98	209
	3247	108	193
	3248	94	199
	3249	103	200
	3250	103	195
	3251	103	200
	3252	101	195
	3253	106	199
	3254	96	205
	3255	102	207
	3256	96	197
	3257	105	201
	3258	94	197
	3259	103	198
	3260	95	191
	3261	102	200
	3262	97	199
	3263	105	202
	3264	94	196
	3265	101	194
	3266	96	191
	3267	100	203
	3268	100	201
	3269	100	201
	3270	94	200
	3271	105	204
	3272	100	195
	3273	101	197
	3274	101	196
	3275	103	205
	3276	94	198
	3277	105	204
	3278	98	198
	3279	104	198
	3280	100	201
	3281	103	200
	3282	102	198
	3283	99	207
	3284	96	200
	3285	131	199
	3286	94	194
	3287	100	202
	3288	90	193
	3289	105	205
	3290	98	197
	3291	94	203
	3292	92	202
	3293	106	189
	3294	96	199
	3295	99	199
	3296	93	192
	3297	101	196
	3298	88	194
	3299	102	195
	3300	95	196
	3301	98	200
	3302	100	191
	3303	104	201
	3304	101	201
	3305	101	195
	3306	98	190
	3307	104	192
	3308	99	197
	3309	91	201
	3310	101	198
	3311	104	201
	3312	97	200
	3313	106	202
	3314	94	198
	3315	98	197
	3316	99	197
	3317	107	205
	3318	97	195
	3319	99	199
	3320	96	195
	3321	100	199
	3322	111	190
	3323	104	196
	3324	101	202
	3325	102	197
	3326	94	193
	3327	96	208
	3328	100	192
	3329	99	202
	3330	96	202
	3331	105	198
	3332	97	199
	3333	101	205
	3334	104	200
	3335	108	205
	3336	102	189
	3337	95	201
	3338	101	199
	3339	103	200
	3340	102	199
	3341	102	194
	3342	99	198
	3343	99	205
	3344	95	190
	3345	103	196
	3346	100	202
	3347	112	204
	3348	98	197
	3349	101	191
	3350	95	197
	3351	98	196
	3352	104	206
	3353	102	201
	3354	93	191
	3355	103	202
	3356	97	199
	3357	103	196
	3358	104	193
	3359	104	198
	3360	95	199
	3361	104	206
	3362	105	198
	3363	103	203
	3364	99	197
	3365	105	201
	3366	99	196
	3367	101	204
	3368	98	199
	3369	103	205
	3370	101	196
	3371	104	198
	3372	96	195
	3373	98	198
	3374	94	200
	3375	108	201
	3376	98	195
	3377	108	198
	3378	100	196
	3379	107	201
	3380	96	201
	3381	102	200
	3382	101	194
	3383	106	197
	3384	99	193
	3385	106	196
	3386	92	198
	3387	103	202
	3388	98	197
	3389	103	199
	3390	102	196
	3391	104	194
	3392	98	194
	3393	99	205
	3394	102	200
	3395	102	200
	3396	100	191
	3397	100	199
	3398	98	194
	3399	98	202
	3400	101	201
	3401	100	199
	3402	95	208
	3403	101	195
	3404	96	194
	3405	100	198
	3406	92	197
	3407	104	198
	3408	91	194
	3409	102	204
	3410	98	195
	3411	97	193
	3412	94	196
	3413	104	206
	3414	96	199
	3415	108	199
	3416	98	194
	3417	105	201
	3418	95	198
	3419	103	194
	3420	96	195
	3421	100	202
	3422	99	205
	3423	108	209
	3424	99	199
	3425	106	203
	3426	97	195
	3427	101	200
	3428	98	196
	3429	107	205
	3430	94	200
	3431	104	203
	3432	97	197
	3433	105	200
	3434	96	203
	3435	103	202
	3436	96	193
	3437	99	205
	3438	96	196
	3439	106	205
	3440	98	200
	3441	110	197
	3442	97	200
	3443	98	200
	3444	95	190
	3445	106	198
	3446	96	199
	3447	100	193
	3448	96	194
	3449	102	201
	3450	102	194
	3451	104	204
	3452	102	196
	3453	108	193
	3454	100	195
	3455	106	210
	3456	97	196
	3457	103	199
	3458	98	201
	3459	109	205
	3460	106	192
	3461	98	209
	3462	99	202
	3463	100	208
	3464	105	201
	3465	99	207
	3466	92	203
	3467	107	212
	3468	93	191
	3469	103	201
	3470	103	204
	3471	102	201
	3472	97	245
	3473	104	201
	3474	96	199
	3475	102	199
	3476	93	193
	3477	102	205
	3478	96	218
	3479	100	198
	3480	99	202
	3481	105	197
	3482	94	197
	3483	103	204
	3484	99	198
	3485	102	208
	3486	94	199
	3487	100	200
	3488	98	197
	3489	99	202
	3490	106	196
	3491	105	198
	3492	101	199
	3493	100	203
	3494	102	196
	3495	101	202
	3496	94	196
	3497	102	199
	3498	99	198
	3499	100	205
	3500	99	206
	3501	102	203
	3502	95	195
	3503	103	197
	3504	98	203
	3505	99	203
	3506	94	199
	3507	96	199
	3508	94	198
	3509	105	199
	3510	97	193
	3511	103	198
	3512	99	194
	3513	107	200
	3514	101	198
	3515	101	200
	3516	93	185
	3517	104	199
	3518	96	200
	3519	98	207
	3520	93	199
	3521	104	205
	3522	97	201
	3523	105	199
	3524	97	201
	3525	99	200
	3526	101	195
	3527	97	204
	3528	100	197
	3529	105	197
	3530	95	191
	3531	97	205
	3532	96	196
	3533	94	202
	3534	101	202
	3535	96	202
	3536	100	195
	3537	104	205
	3538	91	193
	3539	100	205
	3540	93	224
	3541	101	199
	3542	103	193
	3543	94	203
	3544	94	195
	3545	93	198
	3546	100	191
	3547	98	198
	3548	98	194
	3549	98	201
	3550	117	218
	3551	103	201
	3552	98	199
	3553	101	203
	3554	96	188
	3555	96	206
	3556	93	196
	3557	103	197
	3558	100	197
	3559	105	199
	3560	92	189
	3561	94	204
	3562	101	199
	3563	99	202
	3564	98	197
	3565	103	204
	3566	93	190
	3567	99	200
	3568	98	202
	3569	101	207
	3570	102	193
	3571	99	207
	3572	93	188
	3573	103	197
	3574	103	199
	3575	99	197
	3576	96	191
	3577	97	202
	3578	90	200
	3579	104	206
	3580	91	198
	3581	102	202
	3582	100	201
	3583	121	203
	3584	99	196
	3585	102	202
	3586	98	194
	3587	103	197
	3588	98	200
	3589	98	204
	3590	100	203
	3591	101	199
	3592	97	198
	3593	101	199
	3594	97	196
	3595	101	201
	3596	96	197
	3597	102	200
	3598	88	197
	3599	108	203
	3600	98	193
	3601	99	202
	3602	95	197
	3603	106	205
	3604	94	196
	3605	100	193
	3606	100	191
	3607	104	202
	3608	95	187
	3609	99	202
	3610	92	198
	3611	99	207
	3612	96	194
	3613	95	201
	3614	94	195
	3615	101	198
	3616	94	202
	3617	103	199
	3618	102	201
	3619	101	197
	3620	99	195
	3621	94	201
	3622	102	194
	3623	101	203
	3624	101	194
	3625	97	203
	3626	100	194
	3627	107	197
	3628	93	191
	3629	101	194
	3630	95	192
	3631	98	196
	3632	98	206
	3633	101	201
	3634	103	200
	3635	110	204
	3636	103	198
	3637	100	200
	3638	99	195
	3639	98	207
	3640	96	196
	3641	105	200
	3642	99	192
	3643	105	199
	3644	94	191
	3645	100	203
	3646	97	202
	3647	101	199
	3648	96	199
	3649	106	201
	3650	96	192
	3651	105	198
	3652	99	203
	3653	99	197
	3654	99	198
	3655	99	200
	3656	91	199
	3657	103	199
	3658	96	196
	3659	98	195
	3660	99	198
	3661	95	206
	3662	94	198
	3663	107	204
	3664	95	197
	3665	100	203
	3666	99	203
	3667	105	201
	3668	95	193
	3669	103	199
	3670	98	192
	3671	102	199
	3672	101	192
	3673	97	203
	3674	94	198
	3675	101	203
	3676	101	194
	3677	100	202
	3678	99	201
	3679	97	203
	3680	97	193
	3681	97	202
	3682	100	190
	3683	97	200
	3684	98	195
	3685	97	197
	3686	95	198
	3687	98	199
	3688	100	202
	3689	97	202
	3690	96	198
	3691	107	198
	3692	93	201
	3693	97	205
	3694	88	198
	3695	98	205
	3696	100	202
	3697	106	205
	3698	97	197
	3699	109	201
	3700	119	197
	3701	94	197
	3702	101	196
	3703	103	202
	3704	94	202
	3705	94	199
	3706	95	199
	3707	101	203
	3708	95	196
	3709	100	202
	3710	88	193
	3711	97	201
	3712	93	197
	3713	103	199
	3714	96	197
	3715	91	197
	3716	91	195
	3717	97	197
	3718	91	192
	3719	96	192
	3720	98	198
	3721	102	195
	3722	89	191
	3723	90	198
