	0	19	39
	1	20	37
	2	20	37
	3	17	39
	4	20	37
	5	16	39
	6	17	38
	7	16	39
	8	17	37
	9	19	37
	10	17	36
	11	19	37
	12	17	37
	13	19	39
	14	16	35
	15	17	38
	16	16	43
	17	18	41
	18	19	38
	19	16	38
	20	17	41
	21	18	39
	22	19	41
	23	19	37
	24	18	35
	25	22	39
	26	20	42
	27	21	41
	28	20	40
	29	21	43
	30	22	40
	31	20	42
	32	20	39
	33	19	43
	34	20	43
	35	20	37
	36	21	42
	37	19	40
	38	21	41
	39	21	44
	40	18	42
	41	18	41
	42	20	38
	43	22	43
	44	21	37
	45	20	38
	46	20	39
	47	20	41
	48	23	39
	49	23	41
	50	18	40
	51	20	41
	52	20	41
	53	19	42
	54	23	42
	55	22	42
	56	23	41
	57	20	39
	58	23	41
	59	23	43
	60	21	41
	61	23	43
	62	22	41
	63	23	42
	64	24	42
	65	20	43
	66	23	44
	67	22	42
	68	22	41
	69	23	41
	70	19	42
	71	24	42
	72	21	46
	73	23	39
	74	21	43
	75	24	45
	76	24	42
	77	26	46
	78	24	42
	79	25	43
	80	21	39
	81	23	44
	82	22	41
	83	21	46
	84	23	40
	85	19	40
	86	22	41
	87	23	43
	88	21	44
	89	22	41
	90	22	39
	91	25	40
	92	18	43
	93	23	42
	94	21	42
	95	25	42
	96	20	48
	97	21	45
	98	22	41
	99	22	42
	100	24	42
	101	23	41
	102	24	42
	103	21	44
	104	22	41
	105	22	43
	106	22	44
	107	24	39
	108	25	43
	109	24	43
	110	21	43
	111	23	44
	112	25	40
	113	24	42
	114	22	41
	115	22	42
	116	23	41
	117	24	43
	118	25	42
	119	22	43
	120	24	40
	121	25	41
	122	18	41
	123	24	47
	124	22	41
	125	23	41
	126	20	41
	127	25	40
	128	23	42
	129	22	44
	130	23	43
	131	22	45
	132	21	42
	133	21	41
	134	24	42
	135	23	45
	136	29	43
	137	23	40
	138	23	42
	139	25	40
	140	22	40
	141	29	42
	142	24	42
	143	23	40
	144	22	42
	145	22	41
	146	23	43
	147	26	44
	148	24	46
	149	22	44
	150	23	42
	151	25	43
	152	24	42
	153	26	44
	154	21	41
	155	22	46
	156	23	41
	157	27	43
	158	24	43
	159	24	43
	160	23	42
	161	23	40
	162	25	43
	163	27	44
	164	22	39
	165	22	41
	166	25	44
	167	23	45
	168	24	45
	169	25	44
	170	21	38
	171	23	43
	172	23	44
	173	26	42
	174	23	44
	175	21	45
	176	23	41
	177	22	42
	178	25	45
	179	21	43
	180	25	43
	181	24	40
	182	24	44
	183	23	44
	184	21	42
	185	25	42
	186	24	41
	187	21	44
	188	23	43
	189	23	41
	190	24	43
	191	25	41
	192	24	43
	193	24	45
	194	24	44
	195	21	41
	196	24	41
	197	26	43
	198	24	42
	199	25	44
	200	22	42
	201	23	46
	202	25	41
	203	26	45
	204	20	39
	205	23	42
	206	23	42
	207	25	40
	208	22	40
	209	23	43
	210	25	43
	211	26	46
	212	23	43
	213	27	40
	214	22	44
	215	21	43
	216	24	41
	217	25	45
	218	24	43
	219	24	49
	220	22	43
	221	22	43
	222	23	43
	223	25	42
	224	24	41
	225	25	43
	226	22	43
	227	23	43
	228	22	41
	229	23	43
	230	24	41
	231	24	42
	232	24	42
	233	25	44
	234	24	41
	235	25	44
	236	24	39
	237	25	44
	238	24	42
	239	22	43
	240	25	42
	241	25	44
	242	24	44
	243	23	44
	244	24	41
	245	23	45
	246	20	45
	247	24	42
	248	21	43
	249	23	44
	250	23	39
	251	27	44
	252	24	40
	253	23	42
	254	23	44
	255	25	45
	256	23	43
	257	26	45
	258	24	43
	259	24	44
	260	23	41
	261	22	43
	262	22	42
	263	24	45
	264	24	42
	265	24	44
	266	22	43
	267	25	40
	268	23	43
	269	21	43
	270	20	42
	271	22	41
	272	24	42
	273	23	44
	274	23	43
	275	21	45
	276	23	43
	277	26	44
	278	23	39
	279	25	43
	280	21	41
	281	27	45
	282	22	42
	283	25	43
	284	26	42
	285	27	42
	286	25	41
	287	23	43
	288	22	42
	289	24	42
	290	28	43
	291	23	42
	292	22	42
	293	22	43
	294	24	46
	295	23	43
	296	21	44
	297	25	46
	298	32	40
	299	23	43
	300	24	42
	301	25	43
	302	23	43
	303	27	41
	304	22	42
	305	24	40
	306	25	44
	307	27	44
	308	22	43
	309	26	44
	310	23	42
	311	27	44
	312	24	45
	313	24	41
	314	21	40
	315	23	43
	316	25	42
	317	25	43
	318	24	42
	319	24	42
	320	25	44
	321	22	42
	322	26	44
	323	24	43
	324	24	39
	325	27	41
	326	24	42
	327	25	44
	328	23	41
	329	26	44
	330	24	41
	331	27	43
	332	25	42
	333	25	45
	334	24	42
	335	25	42
	336	23	45
	337	23	44
	338	24	42
	339	25	44
	340	24	44
	341	24	45
	342	25	41
	343	30	44
	344	24	44
	345	27	42
	346	27	45
	347	24	41
	348	25	44
	349	25	42
	350	27	42
	351	26	44
	352	24	41
	353	25	41
	354	23	41
	355	28	42
	356	25	41
	357	25	43
	358	27	41
	359	26	43
	360	23	40
	361	24	40
	362	28	43
	363	28	43
	364	25	40
	365	25	44
	366	26	42
	367	26	42
	368	26	44
	369	26	43
	370	27	44
	371	29	43
	372	25	43
	373	23	43
	374	26	45
	375	27	45
	376	27	41
	377	27	41
	378	26	43
	379	27	41
	380	27	39
	381	28	44
	382	26	40
	383	27	45
	384	29	43
	385	27	41
	386	27	43
	387	30	40
	388	25	43
	389	30	41
	390	27	45
	391	28	45
	392	27	44
	393	26	41
	394	26	43
	395	30	40
	396	26	42
	397	28	43
	398	25	41
	399	27	50
	400	27	44
	401	29	43
	402	31	42
	403	27	45
	404	25	42
	405	30	43
	406	27	42
	407	27	42
	408	25	44
	409	28	42
	410	30	45
	411	27	44
	412	28	41
	413	28	41
	414	30	42
	415	30	44
	416	29	41
	417	30	45
	418	27	42
	419	29	44
	420	29	42
	421	30	43
	422	30	44
	423	32	41
	424	30	40
	425	30	44
	426	30	43
	427	30	43
	428	29	43
	429	29	45
	430	30	45
	431	26	49
	432	30	42
	433	29	43
	434	30	43
	435	30	45
	436	32	40
	437	33	44
	438	30	43
	439	32	43
	440	32	43
	441	30	44
	442	34	43
	443	30	45
	444	29	42
	445	31	42
	446	32	41
	447	31	43
	448	31	43
	449	33	42
	450	32	43
	451	34	43
	452	39	42
	453	32	44
	454	36	43
	455	35	43
	456	34	42
	457	33	45
	458	33	45
	459	33	43
	460	33	46
	461	39	42
	462	34	43
	463	35	45
	464	33	45
	465	35	44
	466	37	47
	467	35	46
	468	34	44
	469	35	41
	470	35	42
	471	36	48
	472	35	43
	473	38	47
	474	37	43
	475	37	41
	476	38	44
	477	35	44
	478	35	42
	479	41	45
	480	38	45
	481	35	42
	482	33	44
	483	38	45
	484	36	45
	485	38	48
	486	35	45
	487	41	41
	488	40	47
	489	36	46
	490	39	45
	491	39	47
	492	40	44
	493	42	42
	494	38	43
	495	41	46
	496	41	43
	497	40	46
	498	42	43
	499	40	44
	500	40	46
	501	43	45
	502	40	43
	503	41	44
	504	41	42
	505	39	44
	506	43	44
	507	43	45
	508	42	42
	509	42	42
	510	42	45
	511	42	45
	512	43	44
	513	44	47
	514	43	44
	515	44	42
	516	38	47
	517	46	45
	518	44	44
	519	45	44
	520	43	46
	521	43	47
	522	43	42
	523	42	49
	524	43	47
	525	44	44
	526	46	44
	527	47	46
	528	46	43
	529	50	47
	530	46	44
	531	48	48
	532	46	46
	533	51	47
	534	48	45
	535	50	45
	536	49	44
	537	53	44
	538	49	46
	539	48	46
	540	49	46
	541	48	45
	542	48	47
	543	50	51
	544	51	43
	545	50	46
	546	51	46
	547	55	46
	548	54	45
	549	52	47
	550	50	46
	551	50	46
	552	52	41
	553	53	45
	554	54	47
	555	52	47
	556	49	46
	557	54	51
	558	55	46
	559	57	46
	560	58	46
	561	58	45
	562	57	43
	563	60	46
	564	55	44
	565	60	44
	566	56	47
	567	57	46
	568	58	46
	569	58	47
	570	59	51
	571	62	49
	572	59	45
	573	58	42
	574	57	44
	575	57	47
	576	62	48
	577	60	49
	578	62	44
	579	61	48
	580	62	46
	581	63	46
	582	61	43
	583	63	49
	584	62	47
	585	67	45
	586	64	48
	587	65	46
	588	69	48
	589	64	47
	590	64	45
	591	72	47
	592	70	48
	593	69	48
	594	68	47
	595	68	47
	596	67	47
	597	68	48
	598	70	45
	599	74	49
	600	71	45
	601	69	46
	602	72	48
	603	71	50
	604	73	48
	605	74	50
	606	73	47
	607	72	46
	608	73	49
	609	76	48
	610	75	47
	611	76	51
	612	76	49
	613	79	47
	614	76	48
	615	79	48
	616	77	49
	617	76	48
	618	80	50
	619	78	49
	620	79	48
	621	77	44
	622	80	49
	623	80	48
	624	80	48
	625	80	47
	626	81	52
	627	82	49
	628	80	47
	629	83	51
	630	80	50
	631	85	51
	632	84	47
	633	84	49
	634	84	49
	635	86	50
	636	84	48
	637	84	50
	638	85	53
	639	85	51
	640	89	51
	641	82	49
	642	84	50
	643	89	51
	644	86	50
	645	87	48
	646	87	51
	647	89	52
	648	89	46
	649	87	48
	650	87	47
	651	91	53
	652	88	50
	653	91	50
	654	88	49
	655	88	49
	656	91	49
	657	93	51
	658	91	48
	659	93	51
	660	94	53
	661	95	51
	662	94	49
	663	94	49
	664	90	47
	665	94	48
	666	96	47
	667	97	51
	668	94	52
	669	96	52
	670	95	48
	671	97	52
	672	97	51
	673	100	54
	674	96	56
	675	99	53
	676	97	52
	677	103	51
	678	100	52
	679	99	52
	680	101	52
	681	99	53
	682	100	50
	683	102	55
	684	101	51
	685	105	55
	686	106	52
	687	105	53
	688	106	51
	689	106	54
	690	104	52
	691	106	51
	692	103	50
	693	107	54
	694	107	56
	695	108	51
	696	103	51
	697	108	55
	698	108	52
	699	104	55
	700	105	51
	701	106	51
	702	103	52
	703	109	52
	704	106	51
	705	110	53
	706	110	52
	707	110	51
	708	116	51
	709	111	52
	710	109	52
	711	112	53
	712	109	50
	713	113	53
	714	109	55
	715	109	54
	716	114	53
	717	112	53
	718	113	55
	719	115	50
	720	116	55
	721	111	54
	722	112	52
	723	114	56
	724	111	54
	725	113	52
	726	117	53
	727	115	55
	728	115	54
	729	117	51
	730	117	53
	731	112	54
	732	115	55
	733	113	51
	734	115	55
	735	116	54
	736	116	55
	737	116	57
	738	116	54
	739	119	57
	740	112	53
	741	115	54
	742	117	55
	743	117	58
	744	117	51
	745	116	55
	746	119	55
	747	120	54
	748	116	53
	749	118	56
	750	117	54
	751	114	54
	752	117	54
	753	118	57
	754	115	55
	755	117	50
	756	117	53
	757	119	55
	758	122	55
	759	120	56
	760	115	52
	761	117	55
	762	117	54
	763	120	56
	764	115	52
	765	114	55
	766	115	55
	767	119	54
	768	118	54
	769	123	51
	770	116	54
	771	118	57
	772	120	57
	773	116	55
	774	114	53
	775	118	54
	776	124	50
	777	115	55
	778	117	51
	779	118	54
	780	116	55
	781	115	57
	782	117	55
	783	117	56
	784	113	52
	785	118	54
	786	116	54
	787	117	55
	788	115	52
	789	117	54
	790	114	55
	791	118	56
	792	115	54
	793	116	55
	794	114	54
	795	114	53
	796	115	50
	797	114	55
	798	114	56
	799	116	54
	800	117	55
	801	113	53
	802	118	56
	803	113	59
	804	113	50
	805	113	51
	806	113	53
	807	112	53
	808	112	57
	809	113	49
	810	113	51
	811	112	53
	812	109	52
	813	109	54
	814	109	51
	815	111	52
	816	109	53
	817	108	53
	818	106	52
	819	109	51
	820	110	50
	821	107	52
	822	108	52
	823	104	53
	824	108	52
	825	104	51
	826	105	50
	827	108	52
	828	108	55
	829	104	52
	830	102	47
	831	106	52
	832	104	51
	833	104	52
	834	103	51
	835	100	52
	836	102	54
	837	104	50
	838	105	50
	839	103	51
	840	101	51
	841	101	54
	842	102	51
	843	99	52
	844	104	47
	845	100	49
	846	96	51
	847	102	51
	848	99	49
	849	102	54
	850	95	51
	851	97	51
	852	94	51
	853	97	52
	854	99	51
	855	101	51
	856	100	50
	857	97	49
	858	97	49
	859	100	47
	860	95	50
	861	99	51
	862	99	47
	863	94	52
	864	96	48
	865	95	51
	866	97	49
	867	99	50
	868	93	52
	869	95	51
	870	93	48
	871	91	51
	872	92	53
	873	91	49
	874	90	49
	875	94	50
	876	92	51
	877	92	50
	878	89	49
	879	94	49
	880	93	50
	881	93	50
	882	91	48
	883	90	50
	884	90	46
	885	90	47
	886	90	46
	887	89	49
	888	89	48
	889	87	47
	890	90	51
	891	87	49
	892	86	49
	893	91	49
	894	89	45
	895	90	50
	896	86	52
	897	90	48
	898	90	48
	899	84	44
	900	85	47
	901	89	50
	902	87	47
	903	82	45
	904	86	47
	905	84	49
	906	87	48
	907	85	46
	908	83	46
	909	82	46
	910	82	48
	911	83	47
	912	82	46
	913	80	49
	914	82	48
	915	81	46
	916	82	49
	917	84	47
	918	81	47
	919	80	49
	920	83	45
	921	81	46
	922	78	47
	923	79	48
	924	78	45
	925	76	50
	926	79	47
	927	79	46
	928	78	47
	929	75	44
	930	74	48
	931	77	46
	932	75	47
	933	76	45
	934	76	44
	935	75	47
	936	71	41
	937	74	47
	938	72	47
	939	70	47
	940	71	45
	941	71	46
	942	71	47
	943	69	48
	944	73	44
	945	73	45
	946	69	45
	947	70	46
	948	70	47
	949	73	42
	950	69	53
	951	72	47
	952	71	48
	953	70	49
	954	69	45
	955	71	46
	956	69	44
	957	72	48
	958	65	44
	959	69	44
	960	65	46
	961	67	45
	962	65	44
	963	65	47
	964	61	45
	965	63	45
	966	65	43
	967	64	45
	968	63	44
	969	61	44
	970	64	44
	971	61	46
	972	63	45
	973	62	46
	974	62	46
	975	59	46
	976	58	44
	977	59	43
	978	57	44
	979	59	41
	980	57	46
	981	57	48
	982	56	43
	983	53	46
	984	57	46
	985	56	43
	986	55	46
	987	55	46
	988	55	46
	989	54	47
	990	51	43
	991	52	45
	992	51	44
	993	52	47
	994	51	46
	995	52	44
	996	50	46
	997	52	44
	998	51	44
	999	47	45
	1000	54	44
	1001	50	46
	1002	51	46
	1003	50	44
	1004	51	44
	1005	51	45
	1006	52	43
	1007	49	45
	1008	45	42
	1009	48	46
	1010	49	43
	1011	49	44
	1012	46	44
	1013	51	42
	1014	47	43
	1015	48	44
	1016	48	46
	1017	43	43
	1018	48	45
	1019	48	44
	1020	49	46
	1021	51	44
	1022	45	44
	1023	49	44
	1024	45	41
	1025	50	42
	1026	46	43
	1027	48	44
	1028	47	40
	1029	49	43
	1030	43	43
	1031	45	46
	1032	47	43
	1033	48	42
	1034	44	43
	1035	47	44
	1036	44	41
	1037	46	46
	1038	44	44
	1039	45	42
	1040	45	43
	1041	46	40
	1042	43	43
	1043	49	42
	1044	48	46
	1045	48	44
	1046	46	42
	1047	40	43
	1048	42	42
	1049	44	43
	1050	42	44
	1051	46	44
	1052	44	44
	1053	43	40
	1054	43	42
	1055	44	49
	1056	42	45
	1057	46	43
	1058	42	41
	1059	43	43
	1060	41	43
	1061	40	44
	1062	41	42
	1063	42	42
	1064	42	44
	1065	44	43
	1066	43	43
	1067	42	45
	1068	43	41
	1069	43	43
	1070	42	43
	1071	44	42
	1072	39	42
	1073	42	41
	1074	42	43
	1075	43	44
	1076	40	42
	1077	45	46
	1078	42	42
	1079	43	44
	1080	41	44
	1081	40	41
	1082	39	42
	1083	41	43
	1084	39	45
	1085	42	39
	1086	38	46
	1087	42	42
	1088	43	39
	1089	42	43
	1090	40	40
	1091	38	42
	1092	39	42
	1093	41	43
	1094	41	42
	1095	39	44
	1096	38	44
	1097	41	45
	1098	39	41
	1099	40	46
	1100	39	44
	1101	39	45
	1102	39	42
	1103	41	44
	1104	41	41
	1105	43	44
	1106	42	41
	1107	40	42
	1108	38	43
	1109	39	42
	1110	42	45
	1111	43	42
	1112	43	39
	1113	42	44
	1114	41	44
	1115	41	42
	1116	43	39
	1117	38	40
	1118	40	43
	1119	41	43
	1120	40	42
	1121	40	45
	1122	40	42
	1123	39	43
	1124	39	41
	1125	40	39
	1126	38	44
	1127	39	41
	1128	39	41
	1129	38	44
	1130	41	45
	1131	40	44
	1132	40	44
	1133	39	45
	1134	37	42
	1135	40	43
	1136	39	45
	1137	38	40
	1138	39	43
	1139	39	42
	1140	39	43
	1141	40	43
	1142	39	41
	1143	41	42
	1144	40	42
	1145	39	40
	1146	40	41
	1147	41	41
	1148	38	42
	1149	40	45
	1150	40	43
	1151	40	43
	1152	36	39
	1153	37	45
	1154	38	42
	1155	42	42
	1156	37	43
	1157	39	42
	1158	39	42
	1159	38	40
	1160	40	41
	1161	38	42
	1162	39	41
	1163	39	48
	1164	37	42
	1165	36	45
	1166	38	41
	1167	37	41
	1168	38	43
	1169	39	44
	1170	37	42
	1171	39	40
	1172	36	43
	1173	37	44
	1174	40	42
	1175	40	45
	1176	39	42
	1177	38	43
	1178	39	43
	1179	40	41
	1180	40	45
	1181	36	40
	1182	39	41
	1183	41	44
	1184	36	43
	1185	37	41
	1186	36	41
	1187	40	43
	1188	39	40
	1189	38	42
	1190	36	43
	1191	36	43
	1192	39	41
	1193	35	40
	1194	37	42
	1195	39	45
	1196	40	44
	1197	40	45
	1198	35	41
	1199	37	47
	1200	38	41
	1201	38	41
	1202	39	42
	1203	37	42
	1204	37	41
	1205	37	43
	1206	38	39
	1207	39	44
	1208	36	39
	1209	38	43
	1210	37	42
	1211	38	43
	1212	36	44
	1213	39	44
	1214	36	41
	1215	39	41
	1216	36	43
	1217	38	42
	1218	35	42
	1219	38	41
	1220	36	41
	1221	40	46
	1222	38	41
	1223	37	42
	1224	36	42
	1225	36	42
	1226	33	45
	1227	37	42
	1228	35	41
	1229	38	44
	1230	33	39
	1231	33	41
	1232	36	43
	1233	39	43
	1234	39	43
	1235	38	40
	1236	39	42
	1237	35	41
	1238	35	41
	1239	37	44
	1240	37	39
	1241	38	42
	1242	35	41
	1243	35	41
	1244	38	40
	1245	36	42
	1246	36	43
	1247	36	43
	1248	37	40
	1249	40	43
	1250	35	41
	1251	34	41
	1252	36	43
	1253	37	42
	1254	38	42
	1255	37	43
	1256	37	43
	1257	35	39
	1258	39	42
	1259	36	42
	1260	38	42
	1261	38	45
	1262	35	42
	1263	39	44
	1264	35	41
	1265	37	41
	1266	43	43
	1267	45	38
	1268	35	40
	1269	38	41
	1270	35	42
	1271	37	40
	1272	34	40
	1273	38	41
	1274	37	43
	1275	40	46
	1276	35	41
	1277	39	40
	1278	36	41
	1279	39	43
	1280	36	42
	1281	38	44
	1282	34	42
	1283	36	43
	1284	36	39
	1285	37	44
	1286	37	42
	1287	35	43
	1288	36	40
	1289	38	42
	1290	35	43
	1291	36	43
	1292	38	40
	1293	36	42
	1294	37	40
	1295	37	42
	1296	35	43
	1297	34	43
	1298	34	43
	1299	36	44
	1300	39	40
	1301	34	42
	1302	35	39
	1303	36	42
	1304	34	44
	1305	36	43
	1306	34	41
	1307	37	44
	1308	36	41
	1309	37	44
	1310	35	43
	1311	35	44
	1312	36	44
	1313	38	43
	1314	37	43
	1315	35	41
	1316	36	41
	1317	35	41
	1318	34	44
	1319	35	39
	1320	33	42
	1321	35	44
	1322	35	42
	1323	36	43
	1324	34	42
	1325	32	42
	1326	33	44
	1327	36	44
	1328	35	45
	1329	35	43
	1330	37	41
	1331	39	43
	1332	36	40
	1333	38	41
	1334	35	43
	1335	36	43
	1336	35	43
	1337	36	41
	1338	36	43
	1339	33	42
	1340	35	42
	1341	33	45
	1342	34	41
	1343	36	46
	1344	35	43
	1345	35	44
	1346	33	43
	1347	37	42
	1348	37	40
	1349	32	39
	1350	34	41
	1351	35	44
	1352	32	43
	1353	35	44
	1354	31	42
	1355	33	42
	1356	37	40
	1357	34	43
	1358	35	44
	1359	35	43
	1360	33	43
	1361	35	41
	1362	31	41
	1363	33	42
	1364	32	43
	1365	33	43
	1366	31	41
	1367	33	42
	1368	33	40
	1369	34	44
	1370	35	41
	1371	36	43
	1372	38	44
	1373	36	42
	1374	33	46
	1375	35	44
	1376	35	41
	1377	34	43
	1378	34	44
	1379	34	42
	1380	34	41
	1381	41	40
	1382	30	41
	1383	33	44
	1384	32	43
	1385	34	40
	1386	35	40
	1387	36	42
	1388	33	41
	1389	36	41
	1390	32	42
	1391	37	42
	1392	34	42
	1393	34	43
	1394	31	42
	1395	32	43
	1396	34	40
	1397	31	40
	1398	31	42
	1399	34	44
	1400	33	41
	1401	32	45
	1402	30	40
	1403	35	43
	1404	31	43
	1405	32	40
	1406	32	40
	1407	34	44
	1408	33	41
	1409	34	40
	1410	33	40
	1411	36	39
	1412	33	46
	1413	35	43
	1414	34	43
	1415	32	41
	1416	29	42
	1417	35	41
	1418	33	42
	1419	32	43
	1420	30	40
	1421	31	44
	1422	28	44
	1423	33	44
	1424	31	40
	1425	33	42
	1426	31	42
	1427	32	41
	1428	31	41
	1429	33	39
	1430	31	42
	1431	32	40
	1432	32	43
	1433	33	43
	1434	32	42
	1435	33	44
	1436	29	41
	1437	31	42
	1438	33	42
	1439	31	41
	1440	30	37
	1441	29	42
	1442	31	40
	1443	30	40
	1444	31	40
	1445	32	38
	1446	32	41
	1447	34	42
	1448	33	42
	1449	30	47
	1450	32	41
	1451	33	44
	1452	29	44
	1453	30	44
	1454	32	43
	1455	31	44
	1456	29	40
	1457	33	41
	1458	34	40
	1459	30	43
	1460	31	41
	1461	29	41
	1462	32	41
	1463	33	46
	1464	31	42
	1465	32	40
	1466	30	44
	1467	30	40
	1468	33	42
	1469	29	43
	1470	27	43
	1471	31	45
	1472	30	38
	1473	29	44
	1474	31	42
	1475	30	43
	1476	30	43
	1477	28	39
	1478	28	40
	1479	32	40
	1480	29	40
	1481	31	40
	1482	29	41
	1483	33	41
	1484	29	42
	1485	32	41
	1486	31	42
	1487	29	43
	1488	30	41
	1489	30	41
	1490	30	41
	1491	31	44
	1492	28	43
	1493	30	43
	1494	29	41
	1495	30	41
	1496	27	41
	1497	31	43
	1498	27	43
	1499	31	40
	1500	25	43
	1501	30	42
	1502	31	41
	1503	30	41
	1504	31	41
	1505	28	39
	1506	30	43
	1507	30	43
	1508	30	38
	1509	29	42
	1510	29	40
	1511	29	40
	1512	30	39
	1513	31	42
	1514	27	42
	1515	28	41
	1516	31	43
	1517	31	42
	1518	29	43
	1519	29	40
	1520	29	41
	1521	27	38
	1522	29	39
	1523	31	41
	1524	27	41
	1525	31	46
	1526	29	41
	1527	30	45
	1528	27	40
	1529	30	42
	1530	29	43
	1531	36	45
	1532	23	46
	1533	30	43
	1534	26	39
	1535	27	43
	1536	27	41
	1537	29	41
	1538	29	44
	1539	26	39
	1540	28	39
	1541	31	46
	1542	30	39
	1543	31	41
	1544	30	41
	1545	28	44
	1546	26	42
	1547	30	45
	1548	29	41
	1549	29	41
	1550	29	39
	1551	29	42
	1552	28	44
	1553	29	39
	1554	30	39
	1555	33	44
	1556	28	42
	1557	32	43
	1558	29	45
	1559	29	42
	1560	28	41
	1561	31	44
	1562	34	42
	1563	35	43
	1564	30	41
	1565	35	43
	1566	33	43
	1567	34	44
	1568	33	41
	1569	36	42
	1570	37	41
	1571	36	48
	1572	36	44
	1573	31	44
	1574	35	43
	1575	36	44
	1576	37	46
	1577	38	44
	1578	38	44
	1579	38	43
	1580	40	44
	1581	39	43
	1582	39	45
	1583	37	46
	1584	35	40
	1585	40	44
	1586	39	44
	1587	39	41
	1588	39	43
	1589	37	45
	1590	38	41
	1591	40	41
	1592	36	47
	1593	38	45
	1594	36	43
	1595	38	45
	1596	39	39
	1597	47	42
	1598	36	45
	1599	39	44
	1600	35	43
	1601	42	43
	1602	40	44
	1603	37	44
	1604	36	43
	1605	38	43
	1606	36	45
	1607	39	46
	1608	39	46
	1609	40	45
	1610	39	45
	1611	37	45
	1612	34	41
	1613	37	46
	1614	37	41
	1615	37	46
	1616	39	42
	1617	37	42
	1618	35	39
	1619	39	45
	1620	37	43
	1621	38	46
	1622	37	43
	1623	36	40
	1624	39	43
	1625	37	43
	1626	37	45
	1627	38	40
	1628	33	43
	1629	37	46
	1630	36	41
	1631	39	46
	1632	36	40
	1633	38	42
	1634	35	41
	1635	41	46
	1636	35	43
	1637	37	45
	1638	39	44
	1639	39	44
	1640	37	44
	1641	40	45
	1642	35	45
	1643	35	41
	1644	34	44
	1645	41	44
	1646	44	42
	1647	39	43
	1648	37	40
	1649	38	46
	1650	36	43
	1651	36	44
	1652	35	44
	1653	38	46
	1654	38	39
	1655	41	42
	1656	34	44
	1657	37	43
	1658	39	48
	1659	36	41
	1660	39	43
	1661	38	42
	1662	35	44
	1663	37	41
	1664	37	44
	1665	39	43
	1666	37	43
	1667	38	42
	1668	35	41
	1669	37	44
	1670	31	45
	1671	38	43
	1672	36	46
	1673	38	43
	1674	35	42
	1675	39	43
	1676	37	42
	1677	38	43
	1678	37	44
	1679	36	45
	1680	37	42
	1681	33	44
	1682	33	39
	1683	34	43
	1684	35	45
	1685	35	45
	1686	33	43
	1687	37	44
	1688	35	40
	1689	35	43
	1690	26	44
	1691	33	44
	1692	30	43
	1693	31	41
	1694	31	42
	1695	28	44
	1696	31	40
	1697	30	42
	1698	27	40
	1699	29	44
	1700	29	44
	1701	30	41
	1702	27	40
	1703	25	42
	1704	26	42
	1705	30	42
	1706	27	40
	1707	26	43
	1708	26	42
	1709	26	39
	1710	26	43
	1711	27	41
	1712	25	42
	1713	24	42
	1714	29	43
	1715	30	41
	1716	25	42
	1717	27	38
	1718	25	41
	1719	26	39
	1720	24	40
	1721	24	44
	1722	24	40
	1723	21	42
	1724	23	39
	1725	25	43
	1726	28	41
	1727	25	42
	1728	25	42
	1729	22	42
	1730	23	41
	1731	24	42
	1732	25	41
	1733	26	40
	1734	25	43
	1735	23	40
	1736	26	41
	1737	25	43
	1738	24	41
	1739	25	38
	1740	26	42
	1741	23	41
	1742	26	40
	1743	25	41
	1744	24	39
	1745	22	40
	1746	25	40
	1747	25	42
	1748	25	41
	1749	25	42
	1750	25	42
	1751	24	40
	1752	24	40
	1753	26	42
	1754	24	42
	1755	27	42
	1756	24	41
	1757	24	40
	1758	22	41
	1759	24	41
	1760	24	44
	1761	24	43
	1762	23	39
	1763	22	41
	1764	25	40
	1765	25	40
	1766	23	39
	1767	25	41
	1768	23	38
	1769	24	43
	1770	24	41
	1771	25	43
	1772	26	40
	1773	23	40
	1774	23	37
	1775	23	43
	1776	24	43
	1777	26	40
	1778	25	41
	1779	27	40
	1780	23	40
	1781	21	45
	1782	23	41
	1783	23	44
	1784	25	42
	1785	26	41
	1786	23	42
	1787	24	40
	1788	26	41
	1789	25	44
	1790	23	38
	1791	25	39
	1792	26	40
	1793	24	40
	1794	20	38
	1795	23	42
	1796	24	41
	1797	24	41
	1798	21	37
	1799	23	42
	1800	24	41
	1801	24	39
	1802	22	41
	1803	28	42
	1804	23	41
	1805	23	40
	1806	21	43
	1807	24	38
	1808	22	40
	1809	23	40
	1810	24	41
	1811	26	41
	1812	19	43
	1813	21	42
	1814	23	39
	1815	23	41
	1816	22	43
	1817	21	40
	1818	22	40
	1819	25	39
	1820	23	42
	1821	22	41
	1822	20	39
	1823	25	43
	1824	23	39
	1825	23	43
	1826	22	42
	1827	23	43
	1828	19	41
	1829	23	43
	1830	21	42
	1831	25	41
	1832	20	39
	1833	21	40
	1834	21	40
	1835	24	43
	1836	22	38
	1837	21	39
	1838	22	41
	1839	24	40
	1840	20	40
	1841	19	43
	1842	23	41
	1843	22	37
	1844	23	40
	1845	23	42
	1846	21	40
	1847	22	40
	1848	22	40
	1849	25	42
	1850	25	39
	1851	25	41
	1852	21	40
	1853	22	43
	1854	23	42
	1855	22	41
	1856	22	43
	1857	24	41
	1858	22	43
	1859	24	42
	1860	22	40
	1861	23	41
	1862	25	40
	1863	24	39
	1864	25	41
	1865	24	40
	1866	24	43
	1867	26	43
	1868	22	39
	1869	23	41
	1870	23	41
	1871	24	37
	1872	24	41
	1873	20	39
	1874	21	38
	1875	23	40
	1876	20	39
	1877	23	39
	1878	24	40
	1879	24	40
	1880	21	39
	1881	21	39
	1882	21	41
	1883	23	37
	1884	22	40
	1885	24	41
	1886	24	36
	1887	22	42
	1888	22	38
	1889	22	39
	1890	24	41
	1891	24	40
	1892	21	39
	1893	23	41
	1894	24	41
	1895	24	42
	1896	22	39
	1897	21	41
	1898	26	40
	1899	24	40
	1900	22	38
	1901	24	42
	1902	21	37
	1903	25	39
	1904	25	38
	1905	22	41
	1906	24	39
	1907	30	43
	1908	19	41
	1909	24	39
	1910	22	43
	1911	22	39
	1912	20	39
	1913	21	40
	1914	19	39
	1915	24	40
	1916	24	40
	1917	24	40
	1918	25	40
	1919	21	38
	1920	20	38
	1921	22	47
	1922	23	39
	1923	27	40
	1924	23	40
	1925	23	40
	1926	20	40
	1927	24	38
	1928	23	43
	1929	25	41
	1930	22	42
	1931	22	42
	1932	22	40
	1933	21	39
	1934	22	39
	1935	24	40
	1936	20	38
	1937	25	41
	1938	20	42
	1939	22	43
	1940	20	39
	1941	22	40
	1942	20	41
	1943	24	41
	1944	22	40
	1945	22	40
	1946	21	37
	1947	22	38
	1948	23	39
	1949	23	40
	1950	20	41
	1951	19	41
	1952	19	38
	1953	25	42
	1954	23	39
	1955	23	40
	1956	22	39
	1957	25	41
	1958	20	41
	1959	23	41
	1960	20	40
	1961	23	41
	1962	20	39
	1963	22	39
	1964	21	42
	1965	22	39
	1966	23	43
	1967	24	39
	1968	23	41
	1969	22	43
	1970	20	43
	1971	23	39
	1972	20	40
	1973	21	40
	1974	22	36
	1975	22	38
	1976	21	39
	1977	25	40
	1978	23	41
	1979	22	40
	1980	22	39
	1981	23	38
	1982	23	39
	1983	19	39
	1984	22	39
	1985	21	43
	1986	20	38
	1987	20	40
	1988	22	39
	1989	21	38
	1990	18	43
	1991	21	38
	1992	21	40
	1993	22	41
	1994	23	37
	1995	22	42
	1996	24	39
	1997	23	38
	1998	24	41
	1999	20	42
	2000	22	41
	2001	21	39
	2002	21	38
	2003	21	39
	2004	21	42
	2005	22	41
	2006	21	41
	2007	21	42
	2008	22	37
	2009	22	38
	2010	21	40
	2011	22	39
	2012	22	41
	2013	23	41
	2014	22	39
	2015	21	39
	2016	21	38
	2017	20	40
	2018	20	41
	2019	19	38
	2020	21	41
	2021	21	39
	2022	23	40
	2023	21	41
	2024	19	41
	2025	19	36
	2026	18	40
	2027	22	42
	2028	21	40
	2029	21	41
	2030	21	40
	2031	19	41
	2032	18	39
	2033	20	40
	2034	18	42
	2035	22	40
	2036	18	38
	2037	19	35
	2038	20	39
	2039	20	41
	2040	22	41
	2041	24	41
	2042	18	39
	2043	21	39
	2044	21	41
	2045	21	39
	2046	19	42
	2047	23	39
	2048	18	37
	2049	21	39
	2050	18	39
	2051	21	40
	2052	20	40
	2053	20	39
	2054	20	39
	2055	21	42
	2056	18	43
	2057	21	39
	2058	19	41
	2059	22	40
	2060	20	40
	2061	19	41
	2062	19	39
	2063	20	41
	2064	20	41
	2065	21	41
	2066	19	37
	2067	23	40
	2068	20	39
	2069	20	41
	2070	17	41
	2071	19	41
	2072	20	42
	2073	19	43
	2074	22	42
	2075	19	38
	2076	19	40
	2077	22	37
	2078	20	40
	2079	19	39
	2080	20	35
	2081	19	39
	2082	18	40
	2083	22	39
	2084	17	43
	2085	21	40
	2086	19	37
	2087	18	40
	2088	19	39
	2089	20	41
	2090	19	40
	2091	21	39
	2092	20	37
	2093	22	39
	2094	22	38
	2095	21	40
	2096	18	41
	2097	21	41
	2098	21	38
	2099	18	42
	2100	17	36
	2101	19	42
	2102	18	39
	2103	22	42
	2104	16	41
	2105	22	39
	2106	19	40
	2107	20	41
	2108	20	39
	2109	15	37
	2110	18	40
	2111	22	41
	2112	21	42
	2113	21	42
	2114	20	39
	2115	20	39
	2116	19	38
	2117	20	39
	2118	18	39
	2119	19	43
	2120	17	40
	2121	21	41
	2122	19	40
	2123	19	40
	2124	19	41
	2125	22	40
	2126	19	39
	2127	22	41
	2128	21	38
	2129	21	41
	2130	20	40
	2131	20	39
	2132	17	40
	2133	24	42
	2134	17	37
	2135	17	40
	2136	19	40
	2137	20	39
	2138	18	38
	2139	21	38
	2140	19	39
	2141	19	39
	2142	20	39
	2143	18	39
	2144	17	44
	2145	22	39
	2146	20	40
	2147	21	43
	2148	19	42
	2149	20	38
	2150	17	38
	2151	21	43
	2152	23	42
	2153	21	42
	2154	20	39
	2155	18	39
	2156	19	38
	2157	19	39
	2158	20	40
	2159	20	39
	2160	18	38
	2161	20	40
	2162	19	40
	2163	20	38
	2164	19	40
	2165	20	39
	2166	20	38
	2167	20	40
	2168	19	39
	2169	23	41
	2170	20	58
	2171	21	42
	2172	21	41
	2173	21	42
	2174	21	39
	2175	17	40
	2176	19	40
	2177	22	40
	2178	18	39
	2179	20	41
	2180	18	39
	2181	21	41
	2182	20	40
	2183	21	38
	2184	19	40
	2185	20	41
	2186	20	39
	2187	20	44
	2188	18	40
	2189	20	41
	2190	20	38
	2191	21	40
	2192	20	41
	2193	19	41
	2194	22	45
	2195	19	39
	2196	16	43
	2197	19	41
	2198	18	41
	2199	20	40
	2200	18	39
	2201	21	43
	2202	18	43
	2203	21	38
	2204	19	38
	2205	24	39
	2206	21	38
	2207	20	41
	2208	19	39
	2209	20	41
	2210	19	40
	2211	21	40
	2212	19	40
	2213	21	43
	2214	19	37
	2215	17	39
	2216	19	42
	2217	19	39
	2218	19	40
	2219	19	39
	2220	19	39
	2221	19	38
	2222	18	40
	2223	20	39
	2224	17	39
	2225	22	41
	2226	17	37
	2227	19	41
	2228	19	41
	2229	20	38
	2230	17	42
	2231	21	39
	2232	19	37
	2233	19	41
	2234	19	39
	2235	19	40
	2236	20	40
	2237	22	41
	2238	19	40
	2239	23	44
	2240	21	37
	2241	22	39
	2242	19	39
	2243	22	41
	2244	18	39
	2245	20	40
	2246	20	42
	2247	22	40
	2248	20	38
	2249	18	39
	2250	20	41
	2251	19	41
	2252	20	37
	2253	21	39
	2254	16	40
	2255	18	40
	2256	21	40
	2257	20	38
	2258	19	39
	2259	20	39
	2260	19	38
	2261	19	40
	2262	20	39
	2263	21	39
	2264	20	39
	2265	19	40
	2266	20	41
	2267	20	40
	2268	19	40
	2269	19	35
	2270	20	40
	2271	21	41
	2272	17	40
	2273	19	39
	2274	21	35
	2275	20	43
	2276	19	40
	2277	19	41
	2278	22	40
	2279	20	43
	2280	17	39
	2281	21	39
	2282	21	41
	2283	20	40
	2284	23	40
	2285	19	39
	2286	22	40
	2287	19	38
	2288	21	40
	2289	19	39
	2290	19	37
	2291	21	40
	2292	18	40
	2293	20	41
	2294	19	40
	2295	20	39
	2296	21	41
	2297	19	38
	2298	20	41
	2299	19	40
	2300	19	38
	2301	19	38
	2302	19	41
	2303	21	40
	2304	17	39
	2305	21	41
	2306	20	37
	2307	21	40
	2308	18	40
	2309	21	40
	2310	19	39
	2311	20	41
	2312	18	41
	2313	20	42
	2314	21	40
	2315	22	42
	2316	19	38
	2317	19	39
	2318	21	39
	2319	21	41
	2320	21	41
	2321	23	39
	2322	20	41
	2323	24	39
	2324	20	42
	2325	24	38
	2326	21	38
	2327	19	42
	2328	21	39
	2329	21	40
	2330	21	38
	2331	18	40
	2332	19	36
	2333	18	41
	2334	20	38
	2335	22	40
	2336	21	40
	2337	21	40
	2338	18	36
	2339	21	41
	2340	17	40
	2341	19	41
	2342	18	42
	2343	19	39
	2344	15	37
	2345	22	41
	2346	18	40
	2347	20	42
	2348	19	40
	2349	18	39
	2350	19	38
	2351	24	42
	2352	17	34
	2353	20	39
	2354	19	38
	2355	19	40
	2356	19	40
	2357	22	38
	2358	18	38
	2359	20	37
	2360	18	38
	2361	19	40
	2362	20	40
	2363	20	40
	2364	18	39
	2365	20	42
	2366	20	35
	2367	19	41
	2368	19	41
	2369	19	40
	2370	20	41
	2371	22	40
	2372	16	42
	2373	20	41
	2374	19	38
	2375	22	41
	2376	23	40
	2377	17	41
	2378	20	40
	2379	20	38
	2380	18	40
	2381	19	41
	2382	18	39
	2383	21	40
	2384	17	40
	2385	21	39
	2386	19	39
	2387	20	40
	2388	20	39
	2389	19	40
	2390	21	42
	2391	19	41
	2392	21	39
	2393	21	39
	2394	19	40
	2395	22	40
	2396	22	41
	2397	19	39
	2398	23	37
	2399	19	41
	2400	20	42
	2401	23	41
	2402	18	40
	2403	26	40
	2404	19	40
	2405	21	40
	2406	21	38
	2407	20	41
	2408	22	41
	2409	22	41
	2410	20	40
	2411	20	41
	2412	20	39
	2413	22	38
	2414	21	39
	2415	23	39
	2416	19	39
	2417	21	46
	2418	21	44
	2419	20	39
	2420	20	40
	2421	19	41
	2422	19	39
	2423	17	43
	2424	20	39
	2425	20	40
	2426	19	39
	2427	18	41
	2428	18	40
	2429	20	38
	2430	21	39
	2431	21	39
	2432	20	43
	2433	22	43
	2434	22	42
	2435	22	40
	2436	20	41
	2437	20	40
	2438	19	37
	2439	19	40
	2440	19	40
	2441	19	40
	2442	20	41
	2443	19	39
	2444	19	37
	2445	19	39
	2446	20	38
	2447	21	40
	2448	18	38
	2449	21	41
	2450	19	40
	2451	19	40
	2452	22	40
	2453	19	44
	2454	21	39
	2455	20	39
	2456	20	37
	2457	21	40
	2458	20	38
	2459	20	43
	2460	20	39
	2461	19	39
	2462	21	38
	2463	19	38
	2464	21	43
	2465	22	40
	2466	20	40
	2467	19	40
	2468	19	40
	2469	19	41
	2470	19	40
	2471	21	40
	2472	18	36
	2473	19	40
	2474	23	39
	2475	21	42
	2476	21	38
	2477	20	41
	2478	20	37
	2479	21	40
	2480	21	40
	2481	19	42
	2482	20	39
	2483	20	38
	2484	19	37
	2485	23	40
	2486	18	42
	2487	20	40
	2488	21	40
	2489	18	38
	2490	19	40
	2491	19	42
	2492	18	35
	2493	20	41
	2494	20	39
	2495	20	41
	2496	18	40
	2497	19	39
	2498	17	38
	2499	19	41
	2500	19	39
	2501	17	39
	2502	19	42
	2503	20	40
	2504	22	40
	2505	19	37
	2506	18	40
	2507	19	43
	2508	19	38
	2509	21	38
	2510	22	40
	2511	19	41
	2512	18	39
	2513	21	41
	2514	19	40
	2515	21	40
	2516	21	39
	2517	21	40
	2518	19	40
	2519	18	42
	2520	19	38
	2521	19	39
	2522	19	41
	2523	18	38
	2524	20	40
	2525	20	40
	2526	23	37
	2527	21	37
	2528	19	39
	2529	20	40
	2530	23	41
	2531	22	41
	2532	19	38
	2533	18	39
	2534	18	42
	2535	20	39
	2536	19	43
	2537	21	43
	2538	19	40
	2539	18	42
	2540	17	40
	2541	21	39
	2542	17	39
	2543	20	41
	2544	19	38
	2545	22	41
	2546	20	39
	2547	19	40
	2548	18	41
	2549	19	41
	2550	18	38
	2551	20	40
	2552	19	39
	2553	20	39
	2554	19	37
	2555	21	41
	2556	18	39
	2557	19	41
	2558	17	41
	2559	19	39
	2560	19	42
	2561	19	40
	2562	18	40
	2563	18	42
	2564	20	42
	2565	19	43
	2566	18	39
	2567	21	47
	2568	19	41
	2569	21	41
	2570	17	38
	2571	22	42
	2572	18	38
	2573	20	39
	2574	15	42
	2575	20	39
	2576	17	41
	2577	20	41
	2578	19	38
	2579	20	44
	2580	21	40
	2581	19	40
	2582	18	41
	2583	21	41
	2584	19	40
	2585	21	42
	2586	21	39
	2587	18	39
	2588	19	41
	2589	22	38
	2590	20	40
	2591	23	40
	2592	17	38
	2593	19	43
	2594	16	39
	2595	19	42
	2596	17	38
	2597	18	41
	2598	19	40
	2599	19	43
	2600	18	39
	2601	18	43
	2602	18	39
	2603	20	38
	2604	20	39
	2605	24	39
	2606	19	40
	2607	18	39
	2608	19	41
	2609	21	41
	2610	20	41
	2611	19	38
	2612	17	38
	2613	21	40
	2614	19	39
	2615	18	42
	2616	18	40
	2617	21	39
	2618	17	38
	2619	19	39
	2620	18	39
	2621	21	41
	2622	19	42
	2623	21	39
	2624	18	40
	2625	24	41
	2626	28	40
	2627	20	40
	2628	18	39
	2629	19	38
	2630	24	39
	2631	19	39
	2632	22	37
	2633	21	42
	2634	16	37
	2635	20	38
	2636	19	38
	2637	20	40
	2638	18	37
	2639	21	40
	2640	16	39
	2641	23	41
	2642	17	43
	2643	20	40
	2644	18	37
	2645	21	37
	2646	20	38
	2647	18	41
	2648	20	40
	2649	20	40
	2650	19	40
	2651	18	39
	2652	18	40
	2653	21	41
	2654	20	40
	2655	22	37
	2656	19	39
	2657	20	39
	2658	19	39
	2659	21	39
	2660	21	38
	2661	20	42
	2662	21	39
	2663	22	39
	2664	23	41
	2665	20	39
	2666	20	39
	2667	20	38
	2668	16	38
	2669	22	41
	2670	20	38
	2671	21	40
	2672	17	40
	2673	19	39
	2674	18	39
	2675	18	40
	2676	18	39
	2677	20	38
	2678	20	40
	2679	20	39
	2680	19	39
	2681	22	37
	2682	18	37
	2683	23	38
	2684	21	39
	2685	21	39
	2686	19	38
	2687	18	40
	2688	18	39
	2689	19	41
	2690	19	39
	2691	21	39
	2692	21	39
	2693	23	39
	2694	19	40
	2695	22	39
	2696	20	40
	2697	25	42
	2698	19	40
	2699	18	39
	2700	18	39
	2701	19	38
	2702	19	41
	2703	24	42
	2704	17	41
	2705	21	43
	2706	20	38
	2707	21	38
	2708	21	39
	2709	23	38
	2710	18	38
	2711	20	43
	2712	22	38
	2713	20	40
	2714	22	41
	2715	20	40
	2716	22	38
	2717	21	40
	2718	21	39
	2719	24	42
	2720	18	38
	2721	26	41
	2722	21	41
	2723	20	40
	2724	19	39
	2725	21	42
	2726	25	39
	2727	21	45
	2728	20	41
	2729	18	42
	2730	23	38
	2731	20	38
	2732	18	42
	2733	21	40
	2734	19	39
	2735	20	38
	2736	20	37
	2737	22	38
	2738	19	42
	2739	22	43
	2740	20	39
	2741	20	36
	2742	21	39
	2743	22	41
	2744	19	41
	2745	19	39
	2746	20	40
	2747	23	39
	2748	20	41
	2749	20	37
	2750	21	38
	2751	22	40
	2752	19	41
	2753	20	41
	2754	19	40
	2755	20	39
	2756	21	41
	2757	21	40
	2758	20	36
	2759	23	41
	2760	18	39
	2761	21	39
	2762	20	40
	2763	20	41
	2764	18	39
	2765	21	38
	2766	18	37
	2767	22	43
	2768	21	39
	2769	19	40
	2770	21	40
	2771	19	41
	2772	19	38
	2773	21	43
	2774	20	39
	2775	21	39
	2776	21	37
	2777	20	40
	2778	19	40
	2779	20	39
	2780	21	39
	2781	22	41
	2782	18	41
	2783	24	38
	2784	20	39
	2785	19	40
	2786	21	38
	2787	19	42
	2788	20	44
	2789	19	40
	2790	22	38
	2791	18	41
	2792	21	40
	2793	21	40
	2794	19	41
	2795	21	41
	2796	19	39
	2797	19	40
	2798	17	39
	2799	22	39
	2800	20	39
	2801	18	43
	2802	19	45
	2803	19	42
	2804	18	37
	2805	18	39
	2806	19	40
	2807	18	42
	2808	20	42
	2809	23	40
	2810	18	42
	2811	20	42
	2812	18	36
	2813	19	43
	2814	19	39
	2815	23	39
	2816	17	39
	2817	21	41
	2818	20	36
	2819	19	41
	2820	22	39
	2821	20	40
	2822	20	40
	2823	21	38
	2824	20	39
	2825	18	38
	2826	19	39
	2827	22	39
	2828	20	39
	2829	21	40
	2830	19	42
	2831	25	40
	2832	21	38
	2833	22	38
	2834	21	40
	2835	19	39
	2836	19	39
	2837	19	40
	2838	20	42
	2839	20	38
	2840	19	39
	2841	17	40
	2842	20	37
	2843	20	37
	2844	17	38
	2845	23	39
	2846	20	38
	2847	22	40
	2848	20	39
	2849	20	44
	2850	20	38
	2851	21	42
	2852	18	40
	2853	24	42
	2854	21	41
	2855	21	39
	2856	19	42
	2857	17	42
	2858	18	39
	2859	21	40
	2860	17	39
	2861	21	38
	2862	20	37
	2863	21	39
	2864	19	36
	2865	20	39
	2866	19	34
	2867	22	39
	2868	21	39
	2869	17	39
	2870	20	39
	2871	18	37
	2872	18	39
	2873	21	40
	2874	17	39
	2875	21	39
	2876	19	39
	2877	22	44
	2878	19	42
	2879	22	42
	2880	19	40
	2881	18	40
	2882	19	38
	2883	20	40
	2884	18	40
	2885	21	42
	2886	22	39
	2887	21	39
	2888	19	38
	2889	42	42
	2890	21	41
	2891	19	42
	2892	22	42
	2893	23	38
	2894	19	39
	2895	21	36
	2896	18	37
	2897	16	39
	2898	20	39
	2899	18	42
	2900	18	39
	2901	20	40
	2902	21	40
	2903	18	41
	2904	20	39
	2905	19	40
	2906	19	40
	2907	22	37
	2908	18	39
	2909	20	38
	2910	19	39
	2911	19	44
	2912	21	40
	2913	20	42
	2914	19	41
	2915	19	39
	2916	17	39
	2917	21	40
	2918	22	38
	2919	22	41
	2920	21	41
	2921	21	42
	2922	20	40
	2923	20	40
	2924	20	39
	2925	21	40
	2926	20	39
	2927	20	43
	2928	18	41
	2929	21	40
	2930	19	39
	2931	18	39
	2932	24	41
	2933	21	42
	2934	18	38
	2935	18	37
	2936	18	41
	2937	21	39
	2938	20	39
	2939	19	39
	2940	17	40
	2941	19	38
	2942	19	42
	2943	21	41
	2944	19	41
	2945	19	43
	2946	23	39
	2947	20	41
	2948	20	40
	2949	21	37
	2950	18	38
	2951	19	42
	2952	21	38
	2953	20	38
	2954	17	38
	2955	19	43
	2956	20	39
	2957	22	37
	2958	20	39
	2959	19	41
	2960	21	40
	2961	21	39
	2962	22	40
	2963	19	40
	2964	19	36
	2965	20	40
	2966	22	40
	2967	19	40
	2968	22	37
	2969	19	40
	2970	22	39
	2971	23	40
	2972	18	37
	2973	23	39
	2974	18	39
	2975	23	42
	2976	19	37
	2977	23	41
	2978	19	36
	2979	20	36
	2980	22	38
	2981	20	39
	2982	20	40
	2983	20	40
	2984	17	38
	2985	21	39
	2986	20	38
	2987	19	40
	2988	20	39
	2989	21	39
	2990	19	40
	2991	20	40
	2992	20	40
	2993	20	37
	2994	19	40
	2995	19	39
	2996	22	39
	2997	21	40
	2998	22	40
	2999	23	38
	3000	20	38
	3001	21	39
	3002	21	42
	3003	22	41
	3004	20	41
	3005	22	43
	3006	20	39
	3007	20	40
	3008	20	40
	3009	20	40
	3010	22	40
	3011	21	40
	3012	19	39
	3013	18	41
	3014	18	41
	3015	20	39
	3016	19	39
	3017	22	38
	3018	19	40
	3019	20	41
	3020	16	39
	3021	20	38
	3022	19	39
	3023	17	38
	3024	19	40
	3025	21	40
	3026	18	41
	3027	21	36
	3028	19	37
	3029	19	40
	3030	18	39
	3031	20	43
	3032	17	38
	3033	19	39
	3034	18	39
	3035	20	39
	3036	20	40
	3037	19	39
	3038	21	38
	3039	19	41
	3040	20	40
	3041	18	40
	3042	20	44
	3043	20	39
	3044	20	38
	3045	20	43
	3046	17	39
	3047	21	39
	3048	20	37
	3049	21	40
	3050	20	40
	3051	21	39
	3052	18	40
	3053	19	38
	3054	19	38
	3055	20	37
	3056	20	39
	3057	21	38
	3058	21	37
	3059	22	40
	3060	21	38
	3061	20	41
	3062	18	40
	3063	21	37
	3064	19	36
	3065	18	41
	3066	17	38
	3067	18	38
	3068	19	39
	3069	19	39
	3070	19	39
	3071	19	41
	3072	17	40
	3073	20	37
	3074	20	40
	3075	20	39
	3076	19	37
	3077	21	41
	3078	20	37
	3079	20	41
	3080	19	39
	3081	20	38
	3082	18	39
	3083	21	39
	3084	19	38
	3085	20	42
	3086	20	37
	3087	20	39
	3088	19	41
	3089	21	38
	3090	19	39
	3091	22	42
	3092	20	41
	3093	18	40
	3094	21	38
	3095	22	38
	3096	21	39
	3097	21	39
	3098	18	37
	3099	21	41
	3100	18	38
	3101	21	39
	3102	20	39
	3103	19	39
	3104	19	39
	3105	20	38
	3106	19	39
	3107	19	37
	3108	19	39
	3109	20	39
	3110	20	39
	3111	22	42
	3112	18	40
	3113	19	38
	3114	20	40
	3115	21	38
	3116	21	37
	3117	22	40
	3118	19	37
	3119	18	39
	3120	20	41
	3121	18	37
	3122	23	39
	3123	19	41
	3124	20	38
	3125	19	41
	3126	17	39
	3127	19	40
	3128	18	40
	3129	19	40
	3130	16	42
	3131	20	39
	3132	19	38
	3133	22	36
	3134	19	39
	3135	22	41
	3136	22	38
	3137	17	42
	3138	20	40
	3139	21	40
	3140	18	38
	3141	20	38
	3142	19	40
	3143	17	39
	3144	18	38
	3145	20	38
	3146	21	38
	3147	20	36
	3148	17	37
	3149	18	41
	3150	21	40
	3151	18	40
	3152	21	38
	3153	22	40
	3154	19	40
	3155	19	40
	3156	20	39
	3157	18	41
	3158	20	39
	3159	19	39
	3160	20	41
	3161	20	38
	3162	19	38
	3163	21	38
	3164	18	41
	3165	20	39
	3166	20	41
	3167	21	42
	3168	19	42
	3169	19	38
	3170	17	40
	3171	22	43
	3172	21	39
	3173	21	38
	3174	19	37
	3175	23	37
	3176	16	40
	3177	20	39
	3178	16	39
	3179	23	41
	3180	20	37
	3181	22	40
	3182	18	40
	3183	20	40
	3184	17	40
	3185	24	41
	3186	20	39
	3187	19	37
	3188	16	39
	3189	22	38
	3190	16	40
	3191	19	40
	3192	19	38
	3193	21	42
	3194	19	38
	3195	23	40
	3196	19	40
	3197	20	41
	3198	19	41
	3199	20	39
	3200	22	40
	3201	19	38
	3202	21	40
	3203	20	39
	3204	20	39
	3205	20	42
	3206	20	39
	3207	22	40
	3208	20	38
	3209	20	43
	3210	17	38
	3211	23	41
	3212	19	37
	3213	21	41
	3214	20	41
	3215	22	40
	3216	18	37
	3217	18	39
	3218	18	40
	3219	19	39
	3220	20	39
	3221	19	41
	3222	17	41
	3223	18	46
	3224	18	40
	3225	18	43
	3226	19	39
	3227	20	39
	3228	20	38
	3229	19	41
	3230	19	41
	3231	21	43
	3232	17	39
	3233	19	41
	3234	21	41
	3235	20	40
	3236	19	37
	3237	23	41
	3238	19	41
	3239	19	39
	3240	21	40
	3241	21	45
	3242	19	38
	3243	19	40
	3244	18	37
	3245	20	39
	3246	20	43
	3247	21	37
	3248	21	37
	3249	18	42
	3250	21	39
	3251	23	41
	3252	18	39
	3253	22	38
	3254	18	41
	3255	21	40
	3256	20	40
	3257	22	40
	3258	17	38
	3259	20	42
	3260	20	41
	3261	19	41
	3262	17	39
	3263	20	45
	3264	19	38
	3265	19	41
	3266	19	39
	3267	22	40
	3268	21	41
	3269	22	40
	3270	19	38
	3271	20	41
	3272	20	39
	3273	21	40
	3274	17	40
	3275	24	39
	3276	19	37
	3277	19	43
	3278	20	39
	3279	18	41
	3280	19	41
	3281	20	39
	3282	21	41
	3283	19	36
	3284	21	41
	3285	25	36
	3286	20	38
	3287	19	40
	3288	16	40
	3289	20	42
	3290	20	40
	3291	21	42
	3292	20	40
	3293	20	39
	3294	17	40
	3295	18	40
	3296	19	39
	3297	18	40
	3298	19	39
	3299	19	42
	3300	20	42
	3301	19	40
	3302	18	38
	3303	21	39
	3304	19	41
	3305	19	38
	3306	19	39
	3307	21	39
	3308	18	38
	3309	19	41
	3310	20	40
	3311	20	43
	3312	22	40
	3313	20	41
	3314	21	40
	3315	19	41
	3316	19	37
	3317	19	39
	3318	19	38
	3319	20	37
	3320	19	41
	3321	24	39
	3322	20	37
	3323	24	40
	3324	22	38
	3325	19	38
	3326	20	37
	3327	19	41
	3328	21	39
	3329	22	41
	3330	17	38
	3331	21	38
	3332	18	39
	3333	20	40
	3334	21	38
	3335	18	40
	3336	20	37
	3337	20	40
	3338	19	38
	3339	20	40
	3340	18	42
	3341	20	41
	3342	19	41
	3343	21	43
	3344	20	41
	3345	21	42
	3346	19	39
	3347	23	42
	3348	21	38
	3349	20	42
	3350	20	38
	3351	20	40
	3352	22	39
	3353	21	40
	3354	18	41
	3355	21	37
	3356	20	40
	3357	20	42
	3358	20	40
	3359	24	39
	3360	21	39
	3361	20	38
	3362	19	44
	3363	18	42
	3364	18	38
	3365	22	41
	3366	19	39
	3367	19	38
	3368	20	38
	3369	21	41
	3370	21	39
	3371	22	39
	3372	19	37
	3373	23	42
	3374	20	40
	3375	19	40
	3376	18	38
	3377	20	40
	3378	18	39
	3379	21	40
	3380	20	39
	3381	20	43
	3382	17	40
	3383	20	40
	3384	18	35
	3385	22	39
	3386	20	39
	3387	21	40
	3388	21	39
	3389	19	40
	3390	20	41
	3391	17	39
	3392	20	39
	3393	21	38
	3394	20	43
	3395	22	41
	3396	20	42
	3397	20	40
	3398	19	37
	3399	21	38
	3400	19	40
	3401	21	40
	3402	21	39
	3403	20	43
	3404	22	36
	3405	21	39
	3406	16	40
	3407	22	41
	3408	18	40
	3409	20	41
	3410	22	36
	3411	19	40
	3412	18	38
	3413	20	40
	3414	20	38
	3415	22	39
	3416	18	36
	3417	20	40
	3418	18	38
	3419	19	39
	3420	19	39
	3421	19	41
	3422	20	39
	3423	20	41
	3424	22	39
	3425	19	39
	3426	19	37
	3427	20	39
	3428	21	39
	3429	24	39
	3430	19	40
	3431	21	39
	3432	17	42
	3433	19	39
	3434	18	40
	3435	21	41
	3436	17	38
	3437	20	42
	3438	21	39
	3439	20	40
	3440	19	40
	3441	21	41
	3442	19	39
	3443	20	40
	3444	19	38
	3445	19	40
	3446	18	41
	3447	20	38
	3448	18	40
	3449	20	41
	3450	21	39
	3451	20	41
	3452	20	39
	3453	20	41
	3454	19	42
	3455	21	41
	3456	20	38
	3457	19	43
	3458	20	39
	3459	21	43
	3460	20	39
	3461	19	41
	3462	20	42
	3463	23	38
	3464	21	38
	3465	21	39
	3466	19	38
	3467	19	40
	3468	21	38
	3469	19	39
	3470	20	41
	3471	21	41
	3472	21	47
	3473	18	38
	3474	22	36
	3475	21	40
	3476	19	38
	3477	21	39
	3478	19	47
	3479	21	37
	3480	22	37
	3481	21	40
	3482	21	39
	3483	22	42
	3484	21	38
	3485	19	39
	3486	20	40
	3487	19	41
	3488	21	39
	3489	20	42
	3490	19	37
	3491	22	40
	3492	17	39
	3493	20	38
	3494	19	39
	3495	20	40
	3496	18	40
	3497	19	39
	3498	21	38
	3499	22	41
	3500	19	39
	3501	20	36
	3502	21	40
	3503	22	43
	3504	20	41
	3505	20	39
	3506	21	38
	3507	18	38
	3508	18	39
	3509	19	39
	3510	19	37
	3511	19	40
	3512	15	39
	3513	20	40
	3514	19	39
	3515	22	39
	3516	20	39
	3517	21	41
	3518	19	39
	3519	23	43
	3520	19	41
	3521	21	41
	3522	20	40
	3523	21	41
	3524	20	37
	3525	20	42
	3526	17	39
	3527	22	39
	3528	20	37
	3529	20	40
	3530	19	36
	3531	18	40
	3532	17	42
	3533	17	40
	3534	19	42
	3535	17	41
	3536	22	39
	3537	22	38
	3538	20	37
	3539	20	37
	3540	18	43
	3541	21	39
	3542	21	39
	3543	20	41
	3544	18	39
	3545	19	40
	3546	18	38
	3547	19	39
	3548	19	40
	3549	19	40
	3550	23	44
	3551	21	39
	3552	20	38
	3553	21	41
	3554	19	42
	3555	22	40
	3556	17	38
	3557	22	39
	3558	19	40
	3559	19	39
	3560	16	39
	3561	19	40
	3562	21	40
	3563	20	45
	3564	19	42
	3565	18	37
	3566	19	38
	3567	20	42
	3568	17	40
	3569	20	40
	3570	18	39
	3571	19	40
	3572	21	38
	3573	22	40
	3574	21	43
	3575	22	43
	3576	20	40
	3577	21	39
	3578	18	36
	3579	18	40
	3580	20	39
	3581	20	39
	3582	21	38
	3583	22	43
	3584	19	38
	3585	19	40
	3586	19	39
	3587	19	39
	3588	18	39
	3589	17	41
	3590	17	38
	3591	19	38
	3592	20	39
	3593	21	37
	3594	19	39
	3595	23	40
	3596	19	39
	3597	22	41
	3598	18	36
	3599	22	40
	3600	19	40
	3601	21	40
	3602	21	39
	3603	22	38
	3604	18	37
	3605	22	43
	3606	19	38
	3607	23	39
	3608	21	40
	3609	20	40
	3610	20	38
	3611	23	43
	3612	19	43
	3613	20	40
	3614	21	37
	3615	19	41
	3616	19	39
	3617	21	42
	3618	19	40
	3619	21	41
	3620	19	38
	3621	22	40
	3622	19	41
	3623	21	42
	3624	20	39
	3625	19	39
	3626	20	40
	3627	23	40
	3628	21	39
	3629	20	41
	3630	20	39
	3631	24	41
	3632	21	42
	3633	21	41
	3634	20	41
	3635	23	39
	3636	19	38
	3637	20	40
	3638	18	38
	3639	22	38
	3640	20	41
	3641	19	41
	3642	19	41
	3643	21	41
	3644	20	39
	3645	20	38
	3646	20	40
	3647	21	39
	3648	20	40
	3649	19	38
	3650	18	40
	3651	20	43
	3652	19	38
	3653	22	39
	3654	18	39
	3655	20	38
	3656	21	40
	3657	21	38
	3658	19	41
	3659	19	40
	3660	20	38
	3661	19	44
	3662	19	38
	3663	19	41
	3664	21	39
	3665	21	39
	3666	20	40
	3667	24	38
	3668	15	37
	3669	20	39
	3670	19	37
	3671	21	41
	3672	22	40
	3673	21	37
	3674	19	39
	3675	19	40
	3676	21	41
	3677	20	42
	3678	19	40
	3679	20	37
	3680	20	40
	3681	19	39
	3682	21	40
	3683	22	37
	3684	21	40
	3685	25	39
	3686	21	39
	3687	22	39
	3688	20	36
	3689	21	37
	3690	19	39
	3691	20	41
	3692	18	41
	3693	21	42
	3694	20	39
	3695	20	43
	3696	20	39
	3697	21	42
	3698	18	36
	3699	21	37
	3700	26	37
	3701	23	41
	3702	18	39
	3703	21	39
	3704	19	39
	3705	21	39
	3706	22	40
	3707	19	40
	3708	20	40
	3709	21	44
	3710	19	38
	3711	22	40
	3712	19	38
	3713	23	41
	3714	18	39
	3715	20	40
	3716	18	37
	3717	19	37
	3718	19	38
	3719	19	39
	3720	19	39
	3721	18	40
	3722	21	40
	3723	19	38
