	0	179	371
	1	186	389
	2	177	381
	3	187	379
	4	191	384
	5	185	381
	6	183	375
	7	186	383
	8	187	381
	9	189	388
	10	189	378
	11	190	390
	12	183	388
	13	190	385
	14	178	382
	15	190	380
	16	182	384
	17	189	392
	18	185	382
	19	183	388
	20	176	377
	21	183	377
	22	179	379
	23	188	391
	24	191	379
	25	183	384
	26	214	407
	27	215	402
	28	201	404
	29	209	417
	30	214	420
	31	217	431
	32	204	408
	33	208	419
	34	212	405
	35	213	399
	36	215	412
	37	219	414
	38	206	402
	39	214	426
	40	209	410
	41	209	416
	42	212	404
	43	214	430
	44	211	410
	45	224	409
	46	211	410
	47	207	416
	48	216	393
	49	219	412
	50	197	414
	51	217	427
	52	214	419
	53	216	409
	54	222	406
	55	217	430
	56	213	417
	57	212	420
	58	211	422
	59	224	417
	60	223	415
	61	226	420
	62	221	417
	63	230	427
	64	229	430
	65	229	421
	66	243	419
	67	225	421
	68	227	429
	69	231	430
	70	213	417
	71	218	434
	72	228	420
	73	231	431
	74	214	418
	75	238	440
	76	212	432
	77	247	429
	78	223	418
	79	230	418
	80	211	415
	81	224	426
	82	220	416
	83	226	447
	84	226	424
	85	221	429
	86	240	427
	87	236	435
	88	221	429
	89	221	415
	90	230	419
	91	242	428
	92	218	407
	93	234	435
	94	219	432
	95	241	433
	96	220	505
	97	226	430
	98	235	428
	99	229	435
	100	233	418
	101	241	429
	102	236	422
	103	223	435
	104	235	423
	105	234	425
	106	237	439
	107	235	425
	108	222	417
	109	254	444
	110	218	414
	111	242	435
	112	241	423
	113	235	423
	114	225	422
	115	232	441
	116	220	403
	117	259	428
	118	238	431
	119	226	436
	120	223	413
	121	232	431
	122	220	425
	123	242	450
	124	237	421
	125	233	425
	126	233	414
	127	246	417
	128	234	411
	129	228	438
	130	219	425
	131	234	430
	132	220	415
	133	225	414
	134	243	419
	135	246	438
	136	292	422
	137	237	428
	138	226	448
	139	241	421
	140	231	407
	141	294	427
	142	246	415
	143	257	425
	144	234	426
	145	233	414
	146	246	410
	147	230	427
	148	239	435
	149	231	431
	150	230	425
	151	246	426
	152	229	416
	153	240	431
	154	230	424
	155	242	435
	156	229	422
	157	251	427
	158	240	431
	159	241	438
	160	228	442
	161	238	435
	162	232	438
	163	253	433
	164	231	412
	165	232	443
	166	252	420
	167	228	446
	168	231	419
	169	252	433
	170	247	436
	171	239	439
	172	239	422
	173	250	422
	174	234	437
	175	236	439
	176	227	420
	177	242	426
	178	246	435
	179	230	436
	180	235	423
	181	233	431
	182	223	418
	183	236	421
	184	236	424
	185	226	429
	186	220	436
	187	243	435
	188	220	422
	189	249	419
	190	234	427
	191	236	427
	192	223	422
	193	240	438
	194	226	414
	195	224	419
	196	232	432
	197	246	410
	198	236	418
	199	251	433
	200	230	425
	201	250	431
	202	243	423
	203	262	427
	204	222	421
	205	249	419
	206	233	424
	207	250	421
	208	234	416
	209	265	417
	210	245	441
	211	242	429
	212	224	425
	213	247	440
	214	229	433
	215	239	435
	216	247	408
	217	238	435
	218	239	430
	219	239	508
	220	229	419
	221	229	432
	222	233	429
	223	266	421
	224	229	418
	225	237	435
	226	225	421
	227	225	425
	228	234	428
	229	245	411
	230	251	432
	231	251	440
	232	228	416
	233	236	423
	234	253	413
	235	250	428
	236	251	425
	237	252	421
	238	239	429
	239	239	433
	240	234	407
	241	234	440
	242	242	434
	243	241	426
	244	239	429
	245	249	433
	246	229	431
	247	230	429
	248	242	435
	249	246	447
	250	246	417
	251	265	434
	252	235	415
	253	237	425
	254	240	417
	255	259	454
	256	224	416
	257	263	438
	258	237	437
	259	247	444
	260	243	417
	261	236	433
	262	237	432
	263	239	439
	264	223	425
	265	233	448
	266	228	434
	267	244	428
	268	236	431
	269	239	438
	270	227	411
	271	232	429
	272	232	425
	273	251	420
	274	244	423
	275	257	438
	276	232	425
	277	244	419
	278	237	424
	279	238	437
	280	228	412
	281	246	424
	282	222	425
	283	253	426
	284	229	430
	285	258	424
	286	236	423
	287	255	412
	288	236	429
	289	241	420
	290	280	432
	291	239	418
	292	234	435
	293	227	424
	294	230	444
	295	253	433
	296	242	422
	297	237	448
	298	306	416
	299	243	428
	300	235	427
	301	262	432
	302	231	433
	303	259	428
	304	236	425
	305	230	436
	306	243	420
	307	260	441
	308	240	444
	309	249	436
	310	236	431
	311	243	430
	312	244	432
	313	227	429
	314	224	413
	315	254	428
	316	244	418
	317	250	431
	318	247	422
	319	251	444
	320	253	424
	321	257	445
	322	243	446
	323	252	429
	324	247	426
	325	256	420
	326	243	422
	327	253	433
	328	249	431
	329	244	438
	330	240	436
	331	267	432
	332	262	413
	333	260	467
	334	247	417
	335	255	430
	336	236	426
	337	240	452
	338	254	431
	339	275	447
	340	246	425
	341	247	437
	342	242	413
	343	266	446
	344	248	411
	345	268	433
	346	261	445
	347	255	415
	348	237	415
	349	271	426
	350	248	423
	351	264	451
	352	248	420
	353	255	450
	354	251	428
	355	259	423
	356	261	428
	357	251	425
	358	262	433
	359	261	430
	360	263	410
	361	257	431
	362	269	445
	363	279	432
	364	246	424
	365	265	438
	366	248	425
	367	259	432
	368	264	439
	369	266	426
	370	260	436
	371	277	422
	372	251	422
	373	278	428
	374	268	432
	375	269	436
	376	264	412
	377	279	428
	378	260	432
	379	287	428
	380	261	423
	381	270	419
	382	265	414
	383	278	444
	384	265	440
	385	291	433
	386	280	419
	387	292	425
	388	273	422
	389	295	443
	390	273	435
	391	284	439
	392	277	429
	393	288	442
	394	280	438
	395	291	422
	396	274	439
	397	285	443
	398	272	438
	399	280	485
	400	279	435
	401	296	434
	402	296	421
	403	275	443
	404	280	438
	405	309	438
	406	286	429
	407	289	433
	408	288	425
	409	283	430
	410	284	441
	411	291	442
	412	288	420
	413	289	444
	414	292	443
	415	295	441
	416	288	426
	417	292	448
	418	305	443
	419	317	444
	420	303	423
	421	288	447
	422	300	430
	423	300	451
	424	310	448
	425	311	454
	426	306	440
	427	300	454
	428	292	437
	429	309	443
	430	290	436
	431	315	464
	432	303	437
	433	329	442
	434	310	448
	435	315	456
	436	310	433
	437	319	445
	438	310	432
	439	318	455
	440	335	441
	441	314	461
	442	325	436
	443	316	446
	444	314	428
	445	332	445
	446	313	440
	447	341	445
	448	319	430
	449	340	432
	450	330	442
	451	351	440
	452	416	425
	453	337	447
	454	354	433
	455	332	441
	456	350	440
	457	345	442
	458	341	441
	459	343	456
	460	338	446
	461	357	449
	462	338	437
	463	364	448
	464	354	440
	465	360	459
	466	371	449
	467	365	459
	468	360	442
	469	380	445
	470	363	437
	471	376	459
	472	371	442
	473	385	455
	474	396	439
	475	391	444
	476	385	458
	477	386	460
	478	382	452
	479	395	450
	480	388	456
	481	383	453
	482	377	457
	483	400	446
	484	382	454
	485	397	446
	486	401	451
	487	398	455
	488	409	451
	489	413	450
	490	418	447
	491	417	462
	492	408	455
	493	422	447
	494	406	450
	495	410	462
	496	431	435
	497	433	449
	498	419	440
	499	415	453
	500	430	437
	501	440	455
	502	431	459
	503	440	444
	504	447	454
	505	431	457
	506	451	447
	507	455	467
	508	426	445
	509	454	458
	510	449	464
	511	458	462
	512	464	464
	513	465	479
	514	462	458
	515	465	460
	516	458	484
	517	481	474
	518	449	464
	519	484	461
	520	462	458
	521	473	487
	522	467	459
	523	471	483
	524	470	471
	525	499	460
	526	477	465
	527	489	486
	528	487	447
	529	496	477
	530	507	467
	531	502	492
	532	498	462
	533	532	468
	534	504	469
	535	521	477
	536	508	470
	537	524	468
	538	510	476
	539	541	472
	540	525	460
	541	522	466
	542	518	459
	543	526	491
	544	537	468
	545	543	479
	546	538	476
	547	561	478
	548	574	463
	549	547	477
	550	566	470
	551	555	477
	552	568	474
	553	580	476
	554	575	467
	555	568	468
	556	572	473
	557	585	526
	558	583	473
	559	593	495
	560	587	471
	561	600	485
	562	608	468
	563	604	485
	564	607	468
	565	621	490
	566	622	481
	567	620	496
	568	622	487
	569	621	480
	570	618	493
	571	650	493
	572	647	475
	573	642	478
	574	628	484
	575	649	494
	576	648	481
	577	650	516
	578	652	476
	579	660	489
	580	685	482
	581	679	486
	582	682	482
	583	688	503
	584	682	505
	585	694	505
	586	712	497
	587	717	506
	588	703	486
	589	729	493
	590	705	507
	591	735	498
	592	725	495
	593	736	504
	594	734	493
	595	727	500
	596	729	485
	597	751	489
	598	750	497
	599	758	507
	600	748	484
	601	768	497
	602	774	502
	603	778	515
	604	778	506
	605	783	515
	606	786	492
	607	792	507
	608	783	511
	609	805	506
	610	806	498
	611	818	499
	612	806	532
	613	817	510
	614	824	513
	615	836	516
	616	805	511
	617	852	512
	618	826	507
	619	834	522
	620	836	498
	621	843	515
	622	843	529
	623	867	520
	624	849	503
	625	868	529
	626	860	520
	627	878	530
	628	883	523
	629	887	527
	630	872	530
	631	906	526
	632	889	525
	633	903	531
	634	890	532
	635	909	543
	636	901	530
	637	926	531
	638	907	552
	639	922	556
	640	924	528
	641	917	536
	642	925	542
	643	936	539
	644	947	540
	645	938	541
	646	932	526
	647	954	537
	648	959	514
	649	960	553
	650	948	536
	651	992	546
	652	961	532
	653	965	547
	654	962	524
	655	975	547
	656	980	545
	657	1002	531
	658	982	541
	659	997	548
	660	1006	552
	661	1010	555
	662	1000	550
	663	1011	556
	664	1008	548
	665	1040	556
	666	1033	552
	667	1046	552
	668	1031	562
	669	1029	567
	670	1041	550
	671	1033	569
	672	1052	562
	673	1065	569
	674	1047	576
	675	1072	569
	676	1063	568
	677	1057	582
	678	1078	558
	679	1076	573
	680	1082	558
	681	1084	580
	682	1097	565
	683	1085	585
	684	1094	560
	685	1105	579
	686	1101	569
	687	1129	580
	688	1130	552
	689	1118	579
	690	1141	578
	691	1122	575
	692	1126	558
	693	1122	580
	694	1130	583
	695	1135	564
	696	1144	564
	697	1143	584
	698	1143	570
	699	1163	581
	700	1145	570
	701	1180	569
	702	1153	575
	703	1169	579
	704	1171	576
	705	1161	574
	706	1171	576
	707	1189	579
	708	1253	565
	709	1193	581
	710	1193	576
	711	1200	579
	712	1192	576
	713	1187	584
	714	1197	592
	715	1219	603
	716	1208	603
	717	1208	593
	718	1210	590
	719	1210	592
	720	1233	582
	721	1239	586
	722	1233	583
	723	1225	586
	724	1226	574
	725	1232	595
	726	1252	587
	727	1230	589
	728	1224	578
	729	1249	587
	730	1249	587
	731	1233	609
	732	1231	586
	733	1252	597
	734	1238	590
	735	1254	603
	736	1251	591
	737	1260	600
	738	1261	598
	739	1258	625
	740	1246	593
	741	1257	603
	742	1256	599
	743	1261	617
	744	1235	611
	745	1262	591
	746	1248	623
	747	1277	603
	748	1270	601
	749	1266	609
	750	1243	600
	751	1255	600
	752	1256	585
	753	1258	609
	754	1261	586
	755	1262	599
	756	1265	579
	757	1273	608
	758	1261	604
	759	1277	604
	760	1249	597
	761	1264	595
	762	1254	609
	763	1272	616
	764	1243	581
	765	1255	595
	766	1272	597
	767	1255	603
	768	1256	594
	769	1269	593
	770	1247	596
	771	1277	600
	772	1273	592
	773	1267	602
	774	1236	582
	775	1278	585
	776	1331	575
	777	1260	593
	778	1253	583
	779	1246	593
	780	1233	594
	781	1269	588
	782	1254	593
	783	1244	594
	784	1244	576
	785	1273	597
	786	1235	604
	787	1253	600
	788	1245	585
	789	1253	595
	790	1244	587
	791	1259	599
	792	1222	574
	793	1241	585
	794	1220	585
	795	1226	580
	796	1223	559
	797	1223	589
	798	1203	574
	799	1240	583
	800	1224	573
	801	1229	594
	802	1206	586
	803	1216	650
	804	1202	577
	805	1224	574
	806	1193	584
	807	1217	584
	808	1193	617
	809	1207	568
	810	1185	554
	811	1212	584
	812	1188	568
	813	1196	566
	814	1173	584
	815	1181	567
	816	1172	566
	817	1158	569
	818	1149	557
	819	1175	561
	820	1155	555
	821	1138	570
	822	1155	549
	823	1144	581
	824	1128	566
	825	1139	562
	826	1141	551
	827	1146	563
	828	1123	578
	829	1112	568
	830	1112	553
	831	1125	560
	832	1109	550
	833	1109	554
	834	1130	548
	835	1081	561
	836	1087	547
	837	1110	536
	838	1082	542
	839	1083	557
	840	1078	540
	841	1085	561
	842	1089	544
	843	1080	559
	844	1079	538
	845	1074	537
	846	1075	537
	847	1077	552
	848	1064	527
	849	1081	559
	850	1051	530
	851	1062	543
	852	1058	538
	853	1044	550
	854	1059	537
	855	1054	551
	856	1046	537
	857	1070	546
	858	1041	530
	859	1056	526
	860	1047	530
	861	1054	540
	862	1037	536
	863	1041	547
	864	1026	539
	865	1043	544
	866	1042	539
	867	1017	544
	868	1023	544
	869	1016	542
	870	989	534
	871	1003	547
	872	983	533
	873	993	553
	874	989	530
	875	984	537
	876	981	537
	877	995	523
	878	973	525
	879	999	538
	880	981	528
	881	985	534
	882	971	518
	883	976	528
	884	974	522
	885	970	522
	886	942	511
	887	974	523
	888	946	510
	889	952	528
	890	935	544
	891	937	563
	892	943	511
	893	951	538
	894	938	509
	895	947	521
	896	920	557
	897	940	520
	898	925	514
	899	921	523
	900	914	536
	901	927	509
	902	919	516
	903	908	508
	904	894	501
	905	910	525
	906	901	495
	907	899	510
	908	896	489
	909	887	504
	910	879	495
	911	889	508
	912	885	499
	913	868	506
	914	876	506
	915	862	507
	916	844	519
	917	851	508
	918	862	497
	919	871	506
	920	851	491
	921	851	500
	922	845	498
	923	849	515
	924	829	479
	925	830	521
	926	825	486
	927	827	502
	928	797	504
	929	821	500
	930	819	502
	931	806	518
	932	784	490
	933	796	507
	934	787	494
	935	787	488
	936	793	472
	937	780	486
	938	764	489
	939	773	496
	940	753	482
	941	761	511
	942	756	486
	943	743	492
	944	753	482
	945	760	503
	946	755	486
	947	759	487
	948	754	480
	949	745	479
	950	739	570
	951	730	485
	952	732	489
	953	718	484
	954	720	478
	955	732	484
	956	711	485
	957	728	492
	958	702	480
	959	716	487
	960	700	465
	961	711	487
	962	712	481
	963	697	480
	964	683	475
	965	679	472
	966	667	473
	967	677	471
	968	681	483
	969	672	473
	970	672	491
	971	669	469
	972	643	487
	973	656	482
	974	646	478
	975	639	485
	976	631	481
	977	618	474
	978	616	479
	979	616	470
	980	603	472
	981	603	484
	982	604	466
	983	600	489
	984	591	472
	985	598	463
	986	584	468
	987	581	476
	988	576	472
	989	574	479
	990	547	465
	991	565	471
	992	540	459
	993	549	484
	994	537	469
	995	539	473
	996	536	467
	997	560	476
	998	541	450
	999	532	465
	1000	550	466
	1001	536	462
	1002	516	446
	1003	536	463
	1004	526	452
	1005	520	473
	1006	512	453
	1007	527	459
	1008	502	465
	1009	512	464
	1010	525	448
	1011	511	448
	1012	507	456
	1013	501	460
	1014	516	441
	1015	517	452
	1016	509	461
	1017	485	449
	1018	509	450
	1019	512	448
	1020	494	466
	1021	499	461
	1022	486	456
	1023	517	447
	1024	500	433
	1025	505	448
	1026	483	455
	1027	505	450
	1028	493	435
	1029	496	451
	1030	482	423
	1031	485	466
	1032	465	448
	1033	499	437
	1034	461	443
	1035	497	452
	1036	478	431
	1037	474	452
	1038	481	443
	1039	470	444
	1040	460	438
	1041	468	446
	1042	468	434
	1043	468	437
	1044	475	487
	1045	481	457
	1046	457	446
	1047	460	462
	1048	458	455
	1049	469	447
	1050	444	438
	1051	458	450
	1052	467	434
	1053	458	444
	1054	453	452
	1055	465	509
	1056	438	441
	1057	455	441
	1058	455	442
	1059	467	470
	1060	443	447
	1061	454	447
	1062	438	437
	1063	456	448
	1064	441	445
	1065	447	439
	1066	453	436
	1067	451	437
	1068	441	443
	1069	452	447
	1070	434	441
	1071	451	445
	1072	422	424
	1073	440	426
	1074	435	439
	1075	445	438
	1076	437	434
	1077	519	455
	1078	445	433
	1079	454	442
	1080	438	447
	1081	443	443
	1082	425	437
	1083	442	441
	1084	423	436
	1085	444	430
	1086	422	452
	1087	440	438
	1088	441	426
	1089	441	440
	1090	426	423
	1091	444	441
	1092	420	429
	1093	428	441
	1094	424	438
	1095	445	440
	1096	430	446
	1097	429	458
	1098	423	446
	1099	453	446
	1100	429	436
	1101	431	440
	1102	416	425
	1103	443	442
	1104	420	430
	1105	427	438
	1106	448	434
	1107	431	432
	1108	421	448
	1109	427	445
	1110	423	488
	1111	414	442
	1112	435	418
	1113	439	435
	1114	429	435
	1115	429	441
	1116	428	427
	1117	421	433
	1118	419	431
	1119	447	430
	1120	434	441
	1121	430	448
	1122	406	430
	1123	423	445
	1124	415	431
	1125	417	436
	1126	414	447
	1127	422	444
	1128	405	432
	1129	409	427
	1130	428	450
	1131	422	453
	1132	406	439
	1133	418	447
	1134	398	433
	1135	424	439
	1136	415	489
	1137	423	433
	1138	419	423
	1139	415	449
	1140	437	426
	1141	419	427
	1142	414	432
	1143	423	440
	1144	407	440
	1145	408	441
	1146	395	426
	1147	439	436
	1148	403	423
	1149	413	440
	1150	417	429
	1151	421	434
	1152	394	423
	1153	385	437
	1154	420	427
	1155	430	434
	1156	399	439
	1157	415	435
	1158	408	437
	1159	415	434
	1160	402	440
	1161	412	440
	1162	405	412
	1163	405	467
	1164	395	427
	1165	414	434
	1166	409	412
	1167	404	431
	1168	398	443
	1169	395	434
	1170	399	428
	1171	420	433
	1172	389	441
	1173	404	439
	1174	400	431
	1175	408	447
	1176	413	427
	1177	412	434
	1178	400	430
	1179	412	433
	1180	396	430
	1181	400	434
	1182	420	427
	1183	413	434
	1184	404	443
	1185	399	432
	1186	391	443
	1187	394	426
	1188	395	450
	1189	400	440
	1190	404	428
	1191	394	442
	1192	399	428
	1193	390	445
	1194	386	435
	1195	408	438
	1196	421	425
	1197	404	447
	1198	405	426
	1199	412	447
	1200	406	425
	1201	400	426
	1202	396	445
	1203	396	439
	1204	401	436
	1205	414	424
	1206	400	432
	1207	409	436
	1208	386	421
	1209	412	438
	1210	388	439
	1211	408	435
	1212	383	432
	1213	401	430
	1214	392	438
	1215	407	427
	1216	387	432
	1217	401	440
	1218	379	424
	1219	391	431
	1220	386	428
	1221	411	437
	1222	396	426
	1223	395	456
	1224	381	425
	1225	404	437
	1226	379	434
	1227	383	422
	1228	380	433
	1229	386	453
	1230	395	424
	1231	385	443
	1232	373	430
	1233	401	420
	1234	384	418
	1235	388	443
	1236	391	418
	1237	398	427
	1238	388	425
	1239	389	434
	1240	367	426
	1241	395	444
	1242	387	430
	1243	386	430
	1244	382	427
	1245	381	428
	1246	376	419
	1247	407	443
	1248	393	425
	1249	402	422
	1250	397	426
	1251	394	430
	1252	384	422
	1253	383	426
	1254	380	423
	1255	392	429
	1256	377	431
	1257	386	441
	1258	388	432
	1259	381	428
	1260	395	428
	1261	389	431
	1262	390	436
	1263	384	435
	1264	376	419
	1265	386	431
	1266	454	432
	1267	455	432
	1268	377	426
	1269	391	431
	1270	370	428
	1271	396	437
	1272	376	438
	1273	399	436
	1274	372	437
	1275	407	487
	1276	378	430
	1277	398	421
	1278	381	439
	1279	379	442
	1280	375	429
	1281	388	443
	1282	381	441
	1283	378	433
	1284	373	432
	1285	364	439
	1286	374	425
	1287	380	424
	1288	369	421
	1289	375	429
	1290	370	434
	1291	376	440
	1292	372	417
	1293	380	433
	1294	360	430
	1295	395	424
	1296	370	429
	1297	371	421
	1298	365	434
	1299	387	432
	1300	381	428
	1301	384	444
	1302	372	419
	1303	373	443
	1304	361	415
	1305	392	433
	1306	367	428
	1307	369	433
	1308	347	421
	1309	365	438
	1310	373	420
	1311	375	437
	1312	362	434
	1313	376	433
	1314	382	418
	1315	378	436
	1316	370	426
	1317	362	426
	1318	350	436
	1319	370	425
	1320	370	442
	1321	375	436
	1322	364	434
	1323	380	431
	1324	364	430
	1325	369	426
	1326	356	434
	1327	375	443
	1328	375	453
	1329	366	428
	1330	376	422
	1331	393	439
	1332	354	423
	1333	374	434
	1334	362	437
	1335	376	437
	1336	346	414
	1337	362	433
	1338	348	427
	1339	354	441
	1340	365	437
	1341	363	444
	1342	354	426
	1343	378	427
	1344	347	413
	1345	357	434
	1346	357	431
	1347	346	438
	1348	349	418
	1349	360	437
	1350	353	430
	1351	356	438
	1352	349	418
	1353	362	439
	1354	332	427
	1355	370	449
	1356	344	429
	1357	348	439
	1358	347	433
	1359	359	439
	1360	353	424
	1361	357	429
	1362	342	422
	1363	336	445
	1364	323	432
	1365	357	444
	1366	349	425
	1367	346	439
	1368	350	437
	1369	343	430
	1370	354	434
	1371	360	423
	1372	414	438
	1373	349	437
	1374	338	437
	1375	361	432
	1376	348	416
	1377	349	431
	1378	342	428
	1379	354	433
	1380	343	416
	1381	429	426
	1382	342	432
	1383	347	435
	1384	344	429
	1385	345	428
	1386	350	430
	1387	362	426
	1388	341	412
	1389	344	424
	1390	336	424
	1391	354	428
	1392	344	418
	1393	348	455
	1394	334	423
	1395	353	437
	1396	348	434
	1397	339	424
	1398	343	419
	1399	352	435
	1400	346	426
	1401	358	432
	1402	341	422
	1403	358	438
	1404	350	427
	1405	353	423
	1406	333	420
	1407	346	430
	1408	337	409
	1409	352	419
	1410	346	437
	1411	348	430
	1412	332	440
	1413	349	444
	1414	343	428
	1415	359	430
	1416	321	428
	1417	333	417
	1418	343	418
	1419	361	433
	1420	324	428
	1421	338	427
	1422	330	426
	1423	346	432
	1424	329	432
	1425	343	433
	1426	326	424
	1427	340	432
	1428	321	437
	1429	331	434
	1430	325	435
	1431	343	431
	1432	323	422
	1433	344	425
	1434	338	437
	1435	338	425
	1436	321	430
	1437	341	423
	1438	332	436
	1439	337	431
	1440	333	423
	1441	330	439
	1442	332	426
	1443	322	422
	1444	325	426
	1445	334	421
	1446	328	424
	1447	341	429
	1448	321	418
	1449	331	449
	1450	324	410
	1451	323	435
	1452	309	416
	1453	319	430
	1454	321	422
	1455	319	436
	1456	312	409
	1457	321	424
	1458	336	422
	1459	320	428
	1460	329	427
	1461	315	421
	1462	326	430
	1463	333	445
	1464	317	415
	1465	336	421
	1466	310	427
	1467	302	435
	1468	314	436
	1469	322	429
	1470	304	420
	1471	312	440
	1472	319	417
	1473	314	431
	1474	319	441
	1475	333	429
	1476	314	431
	1477	319	419
	1478	305	421
	1479	323	426
	1480	311	416
	1481	311	417
	1482	313	422
	1483	310	430
	1484	290	418
	1485	309	428
	1486	311	408
	1487	315	441
	1488	297	407
	1489	312	422
	1490	293	418
	1491	316	425
	1492	306	425
	1493	313	420
	1494	313	431
	1495	322	439
	1496	306	424
	1497	314	433
	1498	303	414
	1499	319	432
	1500	299	430
	1501	304	431
	1502	305	420
	1503	310	425
	1504	314	417
	1505	308	429
	1506	302	424
	1507	313	439
	1508	295	413
	1509	305	432
	1510	303	426
	1511	313	424
	1512	299	418
	1513	312	422
	1514	294	426
	1515	303	418
	1516	296	417
	1517	304	423
	1518	296	416
	1519	300	428
	1520	305	416
	1521	302	419
	1522	304	420
	1523	305	429
	1524	295	420
	1525	317	423
	1526	297	406
	1527	308	430
	1528	303	418
	1529	302	434
	1530	302	423
	1531	379	431
	1532	297	438
	1533	313	435
	1534	293	418
	1535	306	431
	1536	303	406
	1537	296	416
	1538	303	414
	1539	303	423
	1540	299	423
	1541	312	439
	1542	292	417
	1543	322	424
	1544	303	424
	1545	295	427
	1546	297	426
	1547	297	439
	1548	294	421
	1549	303	425
	1550	304	421
	1551	300	427
	1552	308	432
	1553	320	421
	1554	297	412
	1555	327	440
	1556	303	431
	1557	321	423
	1558	321	461
	1559	325	421
	1560	322	422
	1561	341	418
	1562	329	421
	1563	351	443
	1564	346	425
	1565	357	426
	1566	356	431
	1567	367	435
	1568	356	422
	1569	378	429
	1570	372	416
	1571	383	512
	1572	367	432
	1573	370	443
	1574	376	439
	1575	398	441
	1576	388	445
	1577	395	440
	1578	398	448
	1579	395	448
	1580	398	431
	1581	403	447
	1582	395	447
	1583	411	461
	1584	415	436
	1585	423	445
	1586	416	445
	1587	412	450
	1588	393	436
	1589	409	450
	1590	407	425
	1591	399	448
	1592	392	435
	1593	405	440
	1594	394	424
	1595	409	456
	1596	393	437
	1597	467	441
	1598	404	443
	1599	412	475
	1600	389	448
	1601	409	437
	1602	390	450
	1603	405	431
	1604	397	431
	1605	407	441
	1606	388	435
	1607	404	451
	1608	397	448
	1609	424	458
	1610	385	436
	1611	399	452
	1612	390	424
	1613	400	455
	1614	391	434
	1615	387	443
	1616	387	430
	1617	405	441
	1618	383	420
	1619	405	446
	1620	394	441
	1621	389	445
	1622	398	437
	1623	392	434
	1624	403	437
	1625	403	448
	1626	393	444
	1627	396	442
	1628	388	440
	1629	386	447
	1630	395	435
	1631	400	449
	1632	387	433
	1633	395	445
	1634	374	448
	1635	406	462
	1636	393	438
	1637	394	442
	1638	378	450
	1639	389	451
	1640	389	436
	1641	392	442
	1642	380	433
	1643	392	448
	1644	381	430
	1645	392	439
	1646	451	439
	1647	393	439
	1648	378	439
	1649	393	457
	1650	385	443
	1651	380	450
	1652	376	442
	1653	397	462
	1654	392	437
	1655	427	433
	1656	362	433
	1657	403	450
	1658	389	449
	1659	391	440
	1660	380	441
	1661	386	442
	1662	374	436
	1663	400	434
	1664	377	443
	1665	392	450
	1666	390	438
	1667	403	445
	1668	366	434
	1669	382	440
	1670	371	439
	1671	392	422
	1672	364	444
	1673	397	419
	1674	369	418
	1675	383	442
	1676	387	428
	1677	380	439
	1678	362	428
	1679	374	439
	1680	365	419
	1681	364	445
	1682	355	433
	1683	361	432
	1684	353	436
	1685	356	431
	1686	350	439
	1687	369	457
	1688	348	438
	1689	349	442
	1690	308	431
	1691	334	435
	1692	310	441
	1693	316	448
	1694	315	440
	1695	314	442
	1696	300	424
	1697	296	435
	1698	294	421
	1699	305	431
	1700	287	428
	1701	296	434
	1702	272	426
	1703	284	418
	1704	267	421
	1705	303	413
	1706	261	410
	1707	266	419
	1708	258	411
	1709	266	409
	1710	264	419
	1711	261	409
	1712	249	403
	1713	255	415
	1714	259	418
	1715	294	427
	1716	252	409
	1717	257	414
	1718	259	409
	1719	252	429
	1720	259	405
	1721	261	424
	1722	261	414
	1723	253	416
	1724	243	404
	1725	254	408
	1726	325	408
	1727	247	428
	1728	269	403
	1729	259	406
	1730	250	409
	1731	252	414
	1732	257	408
	1733	247	419
	1734	255	403
	1735	251	409
	1736	250	417
	1737	259	419
	1738	246	407
	1739	249	404
	1740	266	412
	1741	253	419
	1742	248	399
	1743	264	412
	1744	246	408
	1745	236	406
	1746	244	405
	1747	251	419
	1748	265	414
	1749	254	415
	1750	245	409
	1751	257	419
	1752	248	407
	1753	252	412
	1754	243	414
	1755	260	422
	1756	245	416
	1757	248	407
	1758	246	412
	1759	246	416
	1760	242	435
	1761	235	417
	1762	239	427
	1763	240	411
	1764	242	409
	1765	258	415
	1766	244	401
	1767	247	405
	1768	236	396
	1769	240	435
	1770	229	405
	1771	255	409
	1772	240	404
	1773	237	419
	1774	244	407
	1775	240	421
	1776	234	415
	1777	253	412
	1778	253	410
	1779	255	409
	1780	244	410
	1781	246	420
	1782	247	413
	1783	236	401
	1784	240	406
	1785	247	422
	1786	233	413
	1787	237	411
	1788	239	418
	1789	249	413
	1790	242	408
	1791	246	418
	1792	231	416
	1793	234	406
	1794	228	406
	1795	229	419
	1796	236	406
	1797	237	408
	1798	228	402
	1799	248	401
	1800	223	393
	1801	238	405
	1802	222	408
	1803	245	414
	1804	232	401
	1805	231	401
	1806	234	414
	1807	242	407
	1808	224	397
	1809	246	419
	1810	234	411
	1811	239	413
	1812	227	425
	1813	241	415
	1814	230	403
	1815	239	412
	1816	230	411
	1817	234	425
	1818	236	410
	1819	248	419
	1820	230	410
	1821	239	414
	1822	219	402
	1823	246	412
	1824	225	415
	1825	227	422
	1826	238	403
	1827	228	420
	1828	238	412
	1829	238	415
	1830	226	402
	1831	242	403
	1832	229	406
	1833	239	401
	1834	217	412
	1835	265	408
	1836	213	400
	1837	226	406
	1838	223	397
	1839	234	411
	1840	231	405
	1841	232	416
	1842	227	409
	1843	234	407
	1844	227	402
	1845	230	409
	1846	226	411
	1847	240	410
	1848	232	407
	1849	235	414
	1850	223	406
	1851	234	405
	1852	230	413
	1853	245	421
	1854	218	401
	1855	224	410
	1856	229	408
	1857	243	403
	1858	239	396
	1859	239	416
	1860	217	403
	1861	226	404
	1862	240	402
	1863	240	407
	1864	232	403
	1865	227	410
	1866	227	400
	1867	230	416
	1868	226	406
	1869	224	416
	1870	208	415
	1871	231	398
	1872	246	405
	1873	218	408
	1874	223	406
	1875	232	403
	1876	216	406
	1877	236	418
	1878	238	403
	1879	249	413
	1880	241	404
	1881	235	402
	1882	225	404
	1883	249	399
	1884	232	398
	1885	231	412
	1886	226	400
	1887	231	420
	1888	235	398
	1889	237	396
	1890	222	406
	1891	236	414
	1892	230	403
	1893	244	416
	1894	224	412
	1895	236	415
	1896	214	411
	1897	223	422
	1898	242	402
	1899	238	421
	1900	227	402
	1901	243	410
	1902	219	410
	1903	236	404
	1904	232	412
	1905	234	407
	1906	228	409
	1907	310	412
	1908	222	403
	1909	240	397
	1910	230	404
	1911	237	417
	1912	221	405
	1913	229	408
	1914	236	406
	1915	233	416
	1916	238	405
	1917	234	403
	1918	239	401
	1919	232	406
	1920	225	405
	1921	214	463
	1922	227	403
	1923	248	409
	1924	230	409
	1925	227	407
	1926	224	409
	1927	237	400
	1928	226	408
	1929	235	412
	1930	226	400
	1931	236	402
	1932	223	397
	1933	236	415
	1934	229	403
	1935	238	415
	1936	225	394
	1937	233	413
	1938	216	414
	1939	237	413
	1940	232	400
	1941	227	417
	1942	225	397
	1943	225	401
	1944	224	391
	1945	226	418
	1946	221	395
	1947	228	409
	1948	219	395
	1949	228	409
	1950	222	409
	1951	223	411
	1952	221	396
	1953	240	406
	1954	229	394
	1955	228	402
	1956	228	397
	1957	225	411
	1958	213	393
	1959	230	409
	1960	222	391
	1961	232	407
	1962	213	398
	1963	240	407
	1964	215	414
	1965	229	397
	1966	219	405
	1967	247	405
	1968	221	400
	1969	229	431
	1970	218	411
	1971	235	419
	1972	225	407
	1973	233	404
	1974	219	399
	1975	223	402
	1976	222	411
	1977	227	404
	1978	225	408
	1979	231	413
	1980	210	403
	1981	225	411
	1982	217	407
	1983	228	398
	1984	209	397
	1985	226	414
	1986	219	411
	1987	222	418
	1988	224	413
	1989	228	405
	1990	226	416
	1991	226	403
	1992	223	392
	1993	224	408
	1994	213	412
	1995	219	410
	1996	213	410
	1997	237	404
	1998	222	408
	1999	223	411
	2000	212	409
	2001	211	414
	2002	221	397
	2003	219	412
	2004	220	420
	2005	233	418
	2006	216	399
	2007	225	414
	2008	210	399
	2009	217	411
	2010	215	403
	2011	216	410
	2012	220	418
	2013	220	416
	2014	212	416
	2015	219	406
	2016	212	413
	2017	218	405
	2018	211	399
	2019	213	391
	2020	214	401
	2021	220	400
	2022	208	401
	2023	224	401
	2024	209	412
	2025	223	403
	2026	196	406
	2027	215	414
	2028	201	400
	2029	224	404
	2030	202	399
	2031	220	415
	2032	199	392
	2033	228	424
	2034	203	401
	2035	208	407
	2036	209	400
	2037	223	406
	2038	202	406
	2039	214	414
	2040	215	396
	2041	220	409
	2042	209	396
	2043	210	408
	2044	198	412
	2045	218	406
	2046	202	406
	2047	209	416
	2048	205	400
	2049	212	416
	2050	205	401
	2051	204	400
	2052	195	401
	2053	206	399
	2054	208	400
	2055	203	413
	2056	201	397
	2057	210	405
	2058	203	403
	2059	214	408
	2060	195	397
	2061	223	403
	2062	195	400
	2063	203	407
	2064	193	407
	2065	214	408
	2066	211	386
	2067	212	401
	2068	201	399
	2069	215	406
	2070	198	388
	2071	209	419
	2072	199	401
	2073	207	408
	2074	199	392
	2075	203	408
	2076	209	402
	2077	207	408
	2078	200	409
	2079	222	416
	2080	208	406
	2081	209	407
	2082	202	410
	2083	206	402
	2084	202	404
	2085	220	409
	2086	199	394
	2087	207	403
	2088	200	403
	2089	212	400
	2090	202	396
	2091	213	410
	2092	207	392
	2093	212	414
	2094	208	402
	2095	216	405
	2096	198	408
	2097	213	415
	2098	206	397
	2099	200	409
	2100	200	405
	2101	213	421
	2102	193	405
	2103	216	409
	2104	204	405
	2105	222	408
	2106	202	407
	2107	203	401
	2108	196	405
	2109	201	400
	2110	198	400
	2111	228	403
	2112	205	397
	2113	216	410
	2114	206	406
	2115	212	410
	2116	198	408
	2117	210	403
	2118	203	408
	2119	199	406
	2120	202	396
	2121	219	403
	2122	195	415
	2123	218	412
	2124	201	401
	2125	208	405
	2126	198	393
	2127	198	410
	2128	200	400
	2129	208	409
	2130	202	407
	2131	209	404
	2132	192	403
	2133	207	419
	2134	204	411
	2135	211	410
	2136	194	396
	2137	214	407
	2138	197	405
	2139	206	395
	2140	199	407
	2141	225	412
	2142	208	402
	2143	211	405
	2144	203	407
	2145	214	387
	2146	211	395
	2147	207	403
	2148	213	397
	2149	205	409
	2150	202	405
	2151	228	402
	2152	209	399
	2153	213	398
	2154	212	406
	2155	209	404
	2156	203	404
	2157	213	395
	2158	211	396
	2159	209	405
	2160	202	392
	2161	203	393
	2162	207	405
	2163	210	406
	2164	200	388
	2165	215	418
	2166	201	394
	2167	205	394
	2168	192	406
	2169	204	414
	2170	202	593
	2171	214	395
	2172	198	396
	2173	206	393
	2174	206	397
	2175	209	400
	2176	209	407
	2177	206	401
	2178	196	401
	2179	214	400
	2180	199	401
	2181	202	406
	2182	199	397
	2183	219	399
	2184	199	391
	2185	219	402
	2186	197	390
	2187	213	407
	2188	212	391
	2189	204	397
	2190	203	401
	2191	204	420
	2192	201	408
	2193	208	399
	2194	200	458
	2195	209	398
	2196	198	395
	2197	208	413
	2198	199	407
	2199	211	403
	2200	193	392
	2201	203	405
	2202	194	404
	2203	207	406
	2204	191	393
	2205	289	410
	2206	189	395
	2207	208	394
	2208	203	390
	2209	212	410
	2210	205	399
	2211	200	401
	2212	197	396
	2213	206	404
	2214	195	408
	2215	208	402
	2216	204	397
	2217	206	407
	2218	206	404
	2219	206	412
	2220	202	394
	2221	212	409
	2222	203	399
	2223	210	409
	2224	198	391
	2225	206	407
	2226	200	396
	2227	211	405
	2228	200	391
	2229	206	390
	2230	199	401
	2231	208	412
	2232	206	400
	2233	205	401
	2234	205	399
	2235	210	411
	2236	195	398
	2237	223	404
	2238	192	398
	2239	209	432
	2240	206	392
	2241	213	403
	2242	199	398
	2243	207	404
	2244	204	399
	2245	202	408
	2246	195	415
	2247	230	399
	2248	202	387
	2249	211	406
	2250	198	391
	2251	206	401
	2252	193	392
	2253	210	408
	2254	198	394
	2255	209	402
	2256	206	394
	2257	211	400
	2258	201	383
	2259	201	396
	2260	200	400
	2261	207	399
	2262	198	391
	2263	208	405
	2264	197	398
	2265	216	403
	2266	207	400
	2267	212	400
	2268	209	399
	2269	207	393
	2270	193	395
	2271	205	416
	2272	192	415
	2273	202	395
	2274	212	393
	2275	211	412
	2276	206	398
	2277	204	415
	2278	201	392
	2279	206	405
	2280	205	398
	2281	203	404
	2282	208	405
	2283	217	400
	2284	197	402
	2285	211	396
	2286	206	407
	2287	205	396
	2288	195	401
	2289	200	410
	2290	189	405
	2291	206	405
	2292	207	396
	2293	206	405
	2294	205	404
	2295	211	419
	2296	192	385
	2297	213	400
	2298	199	414
	2299	212	407
	2300	203	398
	2301	215	395
	2302	200	403
	2303	210	407
	2304	203	401
	2305	213	409
	2306	201	402
	2307	209	402
	2308	196	393
	2309	212	409
	2310	205	393
	2311	211	406
	2312	192	388
	2313	203	402
	2314	199	387
	2315	204	401
	2316	203	392
	2317	209	395
	2318	198	399
	2319	202	407
	2320	205	398
	2321	214	397
	2322	201	388
	2323	210	399
	2324	191	394
	2325	218	400
	2326	201	379
	2327	217	394
	2328	198	407
	2329	218	413
	2330	216	388
	2331	207	396
	2332	201	400
	2333	217	398
	2334	193	393
	2335	208	406
	2336	200	393
	2337	202	406
	2338	202	389
	2339	207	411
	2340	189	401
	2341	203	400
	2342	199	390
	2343	203	415
	2344	194	393
	2345	215	408
	2346	204	397
	2347	213	395
	2348	197	400
	2349	199	404
	2350	197	399
	2351	201	415
	2352	195	396
	2353	207	399
	2354	187	402
	2355	209	398
	2356	199	396
	2357	206	397
	2358	195	393
	2359	204	396
	2360	193	392
	2361	210	408
	2362	191	401
	2363	213	413
	2364	198	389
	2365	213	411
	2366	204	390
	2367	198	398
	2368	196	395
	2369	203	398
	2370	203	397
	2371	205	403
	2372	204	406
	2373	207	406
	2374	201	398
	2375	219	408
	2376	191	389
	2377	208	393
	2378	194	392
	2379	216	401
	2380	199	388
	2381	209	413
	2382	200	392
	2383	211	407
	2384	196	394
	2385	202	393
	2386	203	407
	2387	213	404
	2388	199	388
	2389	210	393
	2390	194	397
	2391	211	404
	2392	199	394
	2393	204	395
	2394	199	396
	2395	208	400
	2396	202	390
	2397	203	408
	2398	203	398
	2399	208	406
	2400	190	419
	2401	199	397
	2402	192	390
	2403	277	402
	2404	191	394
	2405	201	395
	2406	196	391
	2407	205	410
	2408	198	404
	2409	206	403
	2410	200	400
	2411	211	403
	2412	202	404
	2413	201	411
	2414	203	396
	2415	221	407
	2416	193	394
	2417	214	451
	2418	201	402
	2419	213	399
	2420	206	400
	2421	216	406
	2422	191	390
	2423	211	413
	2424	189	394
	2425	220	398
	2426	193	403
	2427	217	409
	2428	189	400
	2429	215	413
	2430	194	394
	2431	216	397
	2432	194	400
	2433	203	416
	2434	204	402
	2435	206	403
	2436	211	387
	2437	205	418
	2438	194	394
	2439	209	401
	2440	196	389
	2441	201	409
	2442	196	396
	2443	201	410
	2444	196	392
	2445	203	404
	2446	210	396
	2447	206	399
	2448	195	404
	2449	200	410
	2450	201	399
	2451	200	409
	2452	205	387
	2453	211	400
	2454	202	409
	2455	210	406
	2456	205	394
	2457	202	401
	2458	207	405
	2459	216	403
	2460	207	391
	2461	199	414
	2462	203	396
	2463	200	406
	2464	203	441
	2465	200	393
	2466	209	404
	2467	215	401
	2468	201	389
	2469	207	406
	2470	186	406
	2471	204	406
	2472	199	399
	2473	204	412
	2474	205	398
	2475	210	411
	2476	201	395
	2477	201	412
	2478	200	399
	2479	193	399
	2480	199	401
	2481	223	412
	2482	196	404
	2483	199	411
	2484	198	403
	2485	212	392
	2486	196	407
	2487	199	400
	2488	190	394
	2489	205	402
	2490	207	405
	2491	208	405
	2492	199	386
	2493	211	398
	2494	206	399
	2495	203	416
	2496	200	397
	2497	203	405
	2498	201	399
	2499	202	405
	2500	196	403
	2501	211	409
	2502	205	407
	2503	200	407
	2504	204	392
	2505	205	403
	2506	196	404
	2507	209	419
	2508	198	395
	2509	201	414
	2510	210	402
	2511	211	401
	2512	199	403
	2513	198	431
	2514	197	391
	2515	204	404
	2516	190	390
	2517	205	405
	2518	198	401
	2519	211	405
	2520	192	404
	2521	206	397
	2522	195	402
	2523	212	405
	2524	203	405
	2525	206	391
	2526	216	398
	2527	204	397
	2528	193	401
	2529	212	408
	2530	189	394
	2531	210	403
	2532	203	398
	2533	200	403
	2534	197	403
	2535	212	415
	2536	192	403
	2537	210	409
	2538	198	407
	2539	201	413
	2540	194	396
	2541	201	415
	2542	201	396
	2543	203	399
	2544	198	389
	2545	211	398
	2546	200	393
	2547	201	402
	2548	205	408
	2549	209	401
	2550	202	392
	2551	207	401
	2552	200	397
	2553	205	400
	2554	191	403
	2555	205	417
	2556	210	389
	2557	213	404
	2558	189	399
	2559	216	405
	2560	187	404
	2561	202	412
	2562	209	390
	2563	210	405
	2564	198	399
	2565	201	396
	2566	197	412
	2567	216	458
	2568	207	402
	2569	210	410
	2570	201	397
	2571	221	404
	2572	203	386
	2573	200	404
	2574	192	398
	2575	214	411
	2576	191	399
	2577	208	395
	2578	192	395
	2579	208	402
	2580	195	398
	2581	206	410
	2582	197	408
	2583	206	411
	2584	199	402
	2585	206	396
	2586	197	404
	2587	210	413
	2588	203	396
	2589	207	403
	2590	208	391
	2591	216	407
	2592	196	390
	2593	207	402
	2594	195	398
	2595	208	401
	2596	201	388
	2597	207	408
	2598	198	404
	2599	213	404
	2600	203	389
	2601	213	399
	2602	199	392
	2603	205	414
	2604	211	400
	2605	209	405
	2606	201	402
	2607	202	389
	2608	195	387
	2609	209	406
	2610	202	404
	2611	207	396
	2612	197	406
	2613	215	396
	2614	196	393
	2615	223	405
	2616	202	390
	2617	205	400
	2618	196	389
	2619	209	402
	2620	199	391
	2621	203	408
	2622	200	389
	2623	211	403
	2624	197	394
	2625	205	401
	2626	261	403
	2627	207	391
	2628	193	402
	2629	210	401
	2630	211	392
	2631	198	403
	2632	208	393
	2633	205	420
	2634	201	394
	2635	208	400
	2636	200	395
	2637	209	397
	2638	202	389
	2639	206	406
	2640	197	391
	2641	212	408
	2642	192	405
	2643	217	410
	2644	197	395
	2645	204	402
	2646	205	399
	2647	202	412
	2648	200	395
	2649	205	399
	2650	202	406
	2651	201	404
	2652	206	394
	2653	205	408
	2654	215	397
	2655	202	413
	2656	201	394
	2657	201	406
	2658	197	397
	2659	210	405
	2660	211	399
	2661	206	403
	2662	201	393
	2663	210	406
	2664	198	397
	2665	207	395
	2666	199	397
	2667	197	400
	2668	194	402
	2669	211	403
	2670	198	396
	2671	208	416
	2672	201	401
	2673	209	413
	2674	202	401
	2675	208	414
	2676	196	399
	2677	202	400
	2678	196	397
	2679	211	401
	2680	204	401
	2681	205	396
	2682	191	393
	2683	209	408
	2684	203	398
	2685	206	398
	2686	201	395
	2687	199	403
	2688	198	398
	2689	215	403
	2690	196	390
	2691	217	400
	2692	209	395
	2693	197	402
	2694	197	395
	2695	198	410
	2696	198	397
	2697	199	399
	2698	202	395
	2699	219	402
	2700	201	397
	2701	205	412
	2702	200	400
	2703	206	403
	2704	194	394
	2705	209	398
	2706	203	408
	2707	207	403
	2708	201	390
	2709	199	404
	2710	196	394
	2711	210	415
	2712	200	384
	2713	205	406
	2714	207	405
	2715	204	401
	2716	192	389
	2717	212	403
	2718	191	398
	2719	210	406
	2720	198	392
	2721	267	400
	2722	199	403
	2723	205	408
	2724	193	399
	2725	214	421
	2726	241	387
	2727	212	405
	2728	202	401
	2729	196	414
	2730	203	411
	2731	217	407
	2732	190	391
	2733	208	404
	2734	194	406
	2735	206	401
	2736	201	399
	2737	209	400
	2738	201	403
	2739	212	410
	2740	194	395
	2741	204	403
	2742	204	399
	2743	218	406
	2744	204	409
	2745	203	401
	2746	207	393
	2747	215	403
	2748	194	399
	2749	211	400
	2750	215	399
	2751	211	406
	2752	206	404
	2753	201	407
	2754	196	398
	2755	208	406
	2756	203	403
	2757	210	407
	2758	197	398
	2759	209	403
	2760	196	387
	2761	203	407
	2762	203	400
	2763	219	394
	2764	185	392
	2765	205	404
	2766	199	389
	2767	211	403
	2768	193	396
	2769	200	395
	2770	192	396
	2771	224	406
	2772	196	397
	2773	216	403
	2774	188	396
	2775	209	399
	2776	193	393
	2777	204	405
	2778	196	390
	2779	206	411
	2780	195	398
	2781	207	404
	2782	191	402
	2783	263	399
	2784	192	402
	2785	200	399
	2786	209	395
	2787	212	408
	2788	192	399
	2789	208	398
	2790	197	395
	2791	209	400
	2792	201	409
	2793	200	401
	2794	210	390
	2795	218	398
	2796	197	394
	2797	213	398
	2798	196	397
	2799	202	402
	2800	201	395
	2801	211	424
	2802	200	449
	2803	209	399
	2804	188	394
	2805	206	392
	2806	199	397
	2807	205	397
	2808	202	404
	2809	211	399
	2810	196	409
	2811	201	415
	2812	197	410
	2813	197	411
	2814	196	399
	2815	202	401
	2816	193	393
	2817	204	410
	2818	199	393
	2819	209	398
	2820	198	400
	2821	215	404
	2822	192	403
	2823	207	409
	2824	205	398
	2825	212	400
	2826	202	384
	2827	210	413
	2828	206	399
	2829	214	395
	2830	199	391
	2831	254	402
	2832	200	389
	2833	198	403
	2834	192	398
	2835	201	402
	2836	206	395
	2837	203	421
	2838	206	394
	2839	206	407
	2840	196	395
	2841	208	414
	2842	200	395
	2843	207	400
	2844	191	397
	2845	206	402
	2846	204	394
	2847	208	407
	2848	199	398
	2849	200	408
	2850	197	399
	2851	202	411
	2852	192	394
	2853	218	408
	2854	200	396
	2855	203	405
	2856	194	406
	2857	200	402
	2858	200	400
	2859	218	423
	2860	200	398
	2861	220	399
	2862	195	401
	2863	205	407
	2864	200	396
	2865	199	409
	2866	197	387
	2867	213	398
	2868	193	398
	2869	210	410
	2870	214	400
	2871	207	398
	2872	201	398
	2873	200	403
	2874	193	396
	2875	210	413
	2876	206	393
	2877	202	412
	2878	204	414
	2879	198	408
	2880	196	403
	2881	204	408
	2882	199	394
	2883	214	409
	2884	190	391
	2885	208	406
	2886	199	398
	2887	215	400
	2888	205	389
	2889	366	404
	2890	209	404
	2891	199	420
	2892	211	402
	2893	209	409
	2894	202	395
	2895	210	397
	2896	193	401
	2897	198	404
	2898	209	403
	2899	219	427
	2900	195	398
	2901	227	396
	2902	194	396
	2903	208	403
	2904	205	398
	2905	205	409
	2906	195	408
	2907	199	402
	2908	200	403
	2909	211	402
	2910	199	400
	2911	199	440
	2912	195	393
	2913	209	411
	2914	202	424
	2915	206	400
	2916	194	400
	2917	201	396
	2918	215	393
	2919	206	389
	2920	245	393
	2921	201	414
	2922	202	403
	2923	202	402
	2924	211	400
	2925	195	400
	2926	202	393
	2927	203	411
	2928	194	388
	2929	191	403
	2930	195	403
	2931	196	407
	2932	197	392
	2933	203	404
	2934	195	400
	2935	199	400
	2936	198	412
	2937	200	404
	2938	194	398
	2939	210	416
	2940	198	401
	2941	204	403
	2942	194	405
	2943	203	414
	2944	202	400
	2945	201	398
	2946	201	397
	2947	212	404
	2948	206	395
	2949	210	398
	2950	185	398
	2951	206	409
	2952	199	397
	2953	214	404
	2954	199	402
	2955	205	404
	2956	209	402
	2957	209	395
	2958	200	398
	2959	209	411
	2960	206	404
	2961	199	407
	2962	203	409
	2963	208	395
	2964	200	399
	2965	200	405
	2966	200	396
	2967	208	407
	2968	198	399
	2969	203	415
	2970	194	401
	2971	204	402
	2972	202	401
	2973	208	408
	2974	194	392
	2975	205	408
	2976	199	396
	2977	214	398
	2978	198	402
	2979	214	405
	2980	211	393
	2981	221	396
	2982	188	393
	2983	217	407
	2984	194	392
	2985	201	401
	2986	200	393
	2987	208	403
	2988	196	387
	2989	202	399
	2990	194	409
	2991	198	395
	2992	202	399
	2993	205	400
	2994	197	396
	2995	206	398
	2996	190	404
	2997	216	399
	2998	228	390
	2999	212	398
	3000	191	388
	3001	204	402
	3002	199	404
	3003	207	408
	3004	192	403
	3005	200	403
	3006	194	394
	3007	205	407
	3008	198	395
	3009	203	405
	3010	199	400
	3011	208	402
	3012	191	393
	3013	213	401
	3014	201	405
	3015	213	396
	3016	207	392
	3017	204	408
	3018	196	404
	3019	205	407
	3020	197	396
	3021	205	395
	3022	192	400
	3023	200	401
	3024	196	396
	3025	218	406
	3026	188	387
	3027	207	393
	3028	195	404
	3029	213	396
	3030	202	389
	3031	203	411
	3032	199	394
	3033	213	406
	3034	202	395
	3035	205	400
	3036	194	390
	3037	200	403
	3038	203	402
	3039	196	408
	3040	195	398
	3041	206	405
	3042	191	407
	3043	208	398
	3044	204	395
	3045	201	400
	3046	195	404
	3047	202	399
	3048	197	393
	3049	200	408
	3050	204	395
	3051	214	411
	3052	195	395
	3053	198	406
	3054	195	392
	3055	203	399
	3056	210	394
	3057	205	404
	3058	195	394
	3059	210	408
	3060	192	407
	3061	204	401
	3062	197	392
	3063	198	400
	3064	193	400
	3065	194	403
	3066	192	398
	3067	201	408
	3068	194	387
	3069	198	406
	3070	194	403
	3071	203	396
	3072	193	396
	3073	207	398
	3074	206	390
	3075	212	403
	3076	200	382
	3077	200	404
	3078	195	392
	3079	209	404
	3080	189	410
	3081	211	403
	3082	195	398
	3083	210	412
	3084	195	400
	3085	203	407
	3086	202	393
	3087	207	405
	3088	193	402
	3089	211	398
	3090	200	384
	3091	210	416
	3092	213	398
	3093	202	397
	3094	201	401
	3095	215	397
	3096	187	398
	3097	204	395
	3098	192	388
	3099	195	408
	3100	190	396
	3101	206	399
	3102	202	397
	3103	209	403
	3104	189	399
	3105	212	407
	3106	200	396
	3107	211	398
	3108	192	413
	3109	211	405
	3110	200	396
	3111	212	416
	3112	197	399
	3113	200	412
	3114	195	394
	3115	212	407
	3116	203	396
	3117	207	401
	3118	196	392
	3119	200	403
	3120	188	397
	3121	196	402
	3122	202	400
	3123	199	415
	3124	200	389
	3125	197	409
	3126	196	404
	3127	203	404
	3128	187	405
	3129	199	405
	3130	193	413
	3131	217	407
	3132	195	398
	3133	199	395
	3134	195	403
	3135	206	404
	3136	208	406
	3137	206	409
	3138	194	393
	3139	208	405
	3140	194	393
	3141	196	403
	3142	203	396
	3143	205	406
	3144	196	411
	3145	204	400
	3146	229	391
	3147	202	399
	3148	194	408
	3149	210	405
	3150	206	400
	3151	218	401
	3152	196	401
	3153	207	403
	3154	190	399
	3155	199	412
	3156	204	393
	3157	202	402
	3158	193	402
	3159	207	407
	3160	200	403
	3161	201	406
	3162	196	399
	3163	204	404
	3164	196	403
	3165	209	403
	3166	216	400
	3167	216	404
	3168	201	398
	3169	205	404
	3170	199	398
	3171	220	416
	3172	197	389
	3173	208	403
	3174	199	398
	3175	207	401
	3176	194	403
	3177	210	402
	3178	205	402
	3179	205	409
	3180	198	404
	3181	201	398
	3182	195	399
	3183	202	407
	3184	204	394
	3185	240	409
	3186	195	397
	3187	209	404
	3188	191	401
	3189	219	399
	3190	194	403
	3191	217	404
	3192	193	397
	3193	200	411
	3194	197	393
	3195	215	401
	3196	200	402
	3197	196	399
	3198	205	393
	3199	202	404
	3200	206	392
	3201	199	410
	3202	195	398
	3203	209	395
	3204	202	396
	3205	201	405
	3206	196	399
	3207	205	414
	3208	192	395
	3209	202	400
	3210	200	403
	3211	209	405
	3212	195	387
	3213	211	418
	3214	197	401
	3215	209	398
	3216	192	393
	3217	204	412
	3218	196	394
	3219	207	404
	3220	208	407
	3221	211	401
	3222	198	397
	3223	217	465
	3224	196	396
	3225	209	409
	3226	199	408
	3227	191	415
	3228	196	395
	3229	213	410
	3230	190	389
	3231	214	406
	3232	192	400
	3233	203	411
	3234	208	400
	3235	195	406
	3236	206	395
	3237	209	400
	3238	190	403
	3239	207	411
	3240	205	403
	3241	213	446
	3242	199	400
	3243	208	410
	3244	202	391
	3245	199	404
	3246	189	424
	3247	207	408
	3248	200	397
	3249	203	406
	3250	192	394
	3251	209	402
	3252	201	394
	3253	209	391
	3254	197	405
	3255	214	417
	3256	192	398
	3257	201	406
	3258	197	396
	3259	201	395
	3260	200	387
	3261	200	400
	3262	198	406
	3263	201	409
	3264	187	403
	3265	200	399
	3266	199	401
	3267	207	394
	3268	201	391
	3269	204	418
	3270	193	395
	3271	205	404
	3272	199	396
	3273	203	395
	3274	200	399
	3275	207	405
	3276	196	401
	3277	200	408
	3278	189	390
	3279	195	407
	3280	198	405
	3281	213	402
	3282	212	403
	3283	203	418
	3284	188	410
	3285	255	403
	3286	201	397
	3287	207	411
	3288	197	391
	3289	206	409
	3290	201	399
	3291	206	405
	3292	197	392
	3293	217	399
	3294	188	399
	3295	199	389
	3296	201	383
	3297	194	394
	3298	190	391
	3299	200	400
	3300	195	393
	3301	196	405
	3302	204	394
	3303	197	406
	3304	198	391
	3305	204	397
	3306	197	397
	3307	216	399
	3308	199	397
	3309	193	406
	3310	202	406
	3311	201	403
	3312	203	396
	3313	202	405
	3314	196	413
	3315	211	403
	3316	195	387
	3317	205	417
	3318	193	398
	3319	205	402
	3320	195	403
	3321	215	400
	3322	220	387
	3323	210	399
	3324	193	398
	3325	210	406
	3326	191	405
	3327	203	409
	3328	201	399
	3329	196	398
	3330	198	393
	3331	200	409
	3332	206	397
	3333	211	406
	3334	189	397
	3335	207	412
	3336	195	388
	3337	207	410
	3338	199	400
	3339	203	413
	3340	198	399
	3341	204	404
	3342	200	395
	3343	199	407
	3344	190	402
	3345	207	403
	3346	202	414
	3347	232	401
	3348	200	394
	3349	200	398
	3350	194	397
	3351	205	401
	3352	204	406
	3353	204	401
	3354	201	396
	3355	214	409
	3356	188	394
	3357	204	407
	3358	194	393
	3359	199	396
	3360	202	394
	3361	207	407
	3362	200	400
	3363	214	396
	3364	190	394
	3365	203	410
	3366	203	395
	3367	202	407
	3368	193	397
	3369	212	409
	3370	196	385
	3371	214	400
	3372	200	390
	3373	199	404
	3374	203	396
	3375	202	401
	3376	196	401
	3377	205	401
	3378	195	395
	3379	202	402
	3380	200	399
	3381	209	400
	3382	192	402
	3383	213	401
	3384	193	385
	3385	224	407
	3386	195	402
	3387	207	407
	3388	204	399
	3389	197	409
	3390	198	403
	3391	201	413
	3392	194	388
	3393	206	401
	3394	204	390
	3395	204	399
	3396	194	398
	3397	202	399
	3398	200	399
	3399	208	400
	3400	196	414
	3401	206	409
	3402	195	406
	3403	200	400
	3404	200	395
	3405	207	395
	3406	191	404
	3407	210	399
	3408	196	398
	3409	203	405
	3410	204	398
	3411	204	401
	3412	192	394
	3413	214	394
	3414	193	392
	3415	205	395
	3416	189	398
	3417	197	401
	3418	195	399
	3419	204	397
	3420	199	389
	3421	206	410
	3422	201	405
	3423	208	410
	3424	202	392
	3425	202	407
	3426	190	379
	3427	211	404
	3428	186	392
	3429	203	402
	3430	188	391
	3431	207	411
	3432	198	396
	3433	206	399
	3434	191	402
	3435	201	399
	3436	191	393
	3437	206	420
	3438	195	394
	3439	208	405
	3440	193	408
	3441	212	398
	3442	199	398
	3443	196	402
	3444	195	394
	3445	198	404
	3446	195	400
	3447	202	400
	3448	190	389
	3449	206	413
	3450	197	395
	3451	197	411
	3452	193	398
	3453	202	399
	3454	191	408
	3455	212	403
	3456	198	391
	3457	206	405
	3458	194	399
	3459	211	400
	3460	197	395
	3461	203	429
	3462	194	405
	3463	213	411
	3464	204	403
	3465	206	409
	3466	197	406
	3467	207	418
	3468	193	391
	3469	210	406
	3470	191	406
	3471	209	401
	3472	197	471
	3473	197	402
	3474	192	400
	3475	215	405
	3476	194	392
	3477	212	404
	3478	199	434
	3479	203	405
	3480	189	401
	3481	216	406
	3482	194	395
	3483	200	418
	3484	194	400
	3485	192	408
	3486	200	403
	3487	203	404
	3488	204	402
	3489	211	408
	3490	194	400
	3491	204	403
	3492	200	393
	3493	197	400
	3494	197	397
	3495	207	407
	3496	192	397
	3497	205	412
	3498	203	394
	3499	209	403
	3500	196	415
	3501	197	395
	3502	189	406
	3503	209	406
	3504	192	393
	3505	205	404
	3506	202	407
	3507	205	401
	3508	196	401
	3509	206	398
	3510	201	394
	3511	211	400
	3512	190	397
	3513	205	403
	3514	204	399
	3515	211	400
	3516	205	390
	3517	211	406
	3518	188	397
	3519	206	401
	3520	196	391
	3521	198	411
	3522	197	399
	3523	205	395
	3524	191	402
	3525	205	401
	3526	195	400
	3527	191	405
	3528	191	395
	3529	200	411
	3530	199	397
	3531	211	408
	3532	197	394
	3533	194	399
	3534	191	393
	3535	199	403
	3536	191	392
	3537	210	416
	3538	196	388
	3539	203	394
	3540	191	440
	3541	201	405
	3542	203	396
	3543	210	404
	3544	194	389
	3545	200	398
	3546	200	397
	3547	202	397
	3548	193	395
	3549	197	410
	3550	248	440
	3551	202	403
	3552	195	400
	3553	215	407
	3554	192	396
	3555	212	418
	3556	198	387
	3557	205	398
	3558	201	397
	3559	210	413
	3560	194	394
	3561	206	399
	3562	211	394
	3563	203	405
	3564	200	404
	3565	204	410
	3566	195	389
	3567	203	407
	3568	183	398
	3569	197	411
	3570	200	393
	3571	217	408
	3572	194	402
	3573	204	407
	3574	200	393
	3575	192	408
	3576	194	393
	3577	211	400
	3578	197	386
	3579	205	418
	3580	192	394
	3581	204	401
	3582	203	399
	3583	247	407
	3584	198	404
	3585	202	404
	3586	203	397
	3587	204	400
	3588	192	395
	3589	210	411
	3590	202	394
	3591	205	409
	3592	197	397
	3593	213	396
	3594	197	397
	3595	202	402
	3596	197	405
	3597	207	411
	3598	195	399
	3599	205	409
	3600	196	397
	3601	204	399
	3602	193	395
	3603	218	403
	3604	199	395
	3605	200	398
	3606	192	402
	3607	205	406
	3608	192	392
	3609	207	402
	3610	191	395
	3611	206	415
	3612	194	410
	3613	201	405
	3614	205	403
	3615	209	398
	3616	194	396
	3617	217	398
	3618	195	390
	3619	199	410
	3620	194	394
	3621	207	405
	3622	200	399
	3623	200	407
	3624	194	393
	3625	199	397
	3626	204	395
	3627	200	398
	3628	197	393
	3629	215	401
	3630	194	385
	3631	203	398
	3632	212	404
	3633	205	406
	3634	192	406
	3635	208	413
	3636	201	390
	3637	217	400
	3638	193	400
	3639	212	407
	3640	206	397
	3641	206	408
	3642	188	393
	3643	213	410
	3644	197	385
	3645	209	405
	3646	193	404
	3647	205	406
	3648	186	400
	3649	213	393
	3650	191	397
	3651	214	402
	3652	193	385
	3653	202	395
	3654	203	400
	3655	202	408
	3656	199	397
	3657	204	397
	3658	197	401
	3659	201	396
	3660	203	398
	3661	201	410
	3662	199	399
	3663	209	415
	3664	199	399
	3665	200	397
	3666	196	396
	3667	220	410
	3668	199	394
	3669	209	410
	3670	201	392
	3671	209	397
	3672	195	400
	3673	207	402
	3674	202	387
	3675	198	408
	3676	199	399
	3677	202	400
	3678	195	395
	3679	198	405
	3680	194	399
	3681	206	401
	3682	216	391
	3683	213	409
	3684	197	392
	3685	202	405
	3686	185	395
	3687	193	396
	3688	202	397
	3689	203	398
	3690	196	396
	3691	203	403
	3692	199	404
	3693	194	407
	3694	198	393
	3695	212	413
	3696	201	396
	3697	209	407
	3698	195	401
	3699	214	395
	3700	242	396
	3701	210	392
	3702	192	397
	3703	209	404
	3704	201	412
	3705	207	403
	3706	187	404
	3707	199	406
	3708	196	399
	3709	198	407
	3710	197	398
	3711	208	394
	3712	189	390
	3713	211	401
	3714	185	391
	3715	190	391
	3716	196	383
	3717	196	394
	3718	193	389
	3719	200	393
	3720	187	391
	3721	201	411
	3722	186	385
	3723	198	393
