	0	17	38
	1	18	39
	2	18	36
	3	18	37
	4	18	35
	5	18	38
	6	20	36
	7	17	37
	8	17	37
	9	17	40
	10	18	38
	11	19	36
	12	19	36
	13	20	35
	14	15	35
	15	17	37
	16	16	39
	17	18	36
	18	17	37
	19	19	38
	20	18	37
	21	17	39
	22	19	36
	23	16	37
	24	19	37
	25	18	37
	26	20	41
	27	22	41
	28	20	42
	29	20	41
	30	22	40
	31	21	44
	32	21	40
	33	20	41
	34	22	41
	35	22	41
	36	21	39
	37	21	40
	38	21	41
	39	21	40
	40	21	39
	41	20	40
	42	20	39
	43	19	42
	44	22	42
	45	23	38
	46	21	39
	47	21	41
	48	21	38
	49	20	42
	50	19	38
	51	20	40
	52	20	40
	53	19	41
	54	21	39
	55	21	41
	56	20	40
	57	22	41
	58	21	44
	59	22	42
	60	19	39
	61	21	41
	62	19	40
	63	22	42
	64	22	43
	65	22	43
	66	23	43
	67	22	40
	68	19	42
	69	22	45
	70	22	41
	71	20	40
	72	23	40
	73	23	42
	74	21	44
	75	24	44
	76	20	42
	77	22	42
	78	21	40
	79	25	40
	80	22	41
	81	23	41
	82	21	41
	83	24	47
	84	25	42
	85	23	45
	86	25	41
	87	23	43
	88	23	41
	89	22	41
	90	21	41
	91	22	41
	92	20	43
	93	23	44
	94	23	43
	95	24	45
	96	22	49
	97	22	44
	98	24	43
	99	23	43
	100	25	43
	101	24	41
	102	24	40
	103	23	43
	104	23	45
	105	23	42
	106	23	41
	107	22	44
	108	21	41
	109	25	45
	110	22	41
	111	21	41
	112	24	43
	113	23	44
	114	23	42
	115	25	41
	116	20	41
	117	24	41
	118	23	43
	119	24	45
	120	25	41
	121	23	43
	122	20	39
	123	26	45
	124	22	46
	125	22	43
	126	24	40
	127	23	43
	128	23	42
	129	23	43
	130	24	42
	131	23	41
	132	23	40
	133	21	42
	134	25	41
	135	25	42
	136	31	40
	137	26	41
	138	21	44
	139	23	42
	140	23	42
	141	29	44
	142	21	40
	143	24	41
	144	20	42
	145	23	40
	146	24	40
	147	23	42
	148	24	45
	149	23	42
	150	22	43
	151	25	39
	152	22	42
	153	25	41
	154	24	41
	155	28	45
	156	23	42
	157	27	45
	158	23	41
	159	25	42
	160	22	44
	161	23	46
	162	23	46
	163	27	45
	164	23	42
	165	20	44
	166	24	43
	167	22	44
	168	22	41
	169	27	44
	170	24	40
	171	23	42
	172	22	42
	173	25	43
	174	25	42
	175	23	43
	176	24	41
	177	23	40
	178	24	42
	179	25	43
	180	23	40
	181	22	41
	182	23	42
	183	23	43
	184	23	44
	185	23	43
	186	21	42
	187	24	43
	188	23	43
	189	24	43
	190	26	44
	191	26	43
	192	23	42
	193	25	44
	194	24	40
	195	25	43
	196	24	42
	197	24	41
	198	22	40
	199	26	43
	200	21	42
	201	25	43
	202	24	40
	203	23	43
	204	23	43
	205	25	42
	206	22	42
	207	25	45
	208	22	45
	209	24	43
	210	25	45
	211	22	43
	212	23	42
	213	25	43
	214	21	43
	215	24	44
	216	25	41
	217	25	45
	218	25	43
	219	23	55
	220	22	44
	221	23	44
	222	22	44
	223	26	44
	224	22	46
	225	21	45
	226	23	41
	227	21	43
	228	23	43
	229	27	43
	230	24	44
	231	21	44
	232	24	41
	233	24	40
	234	26	39
	235	27	42
	236	26	45
	237	23	43
	238	23	46
	239	24	42
	240	23	40
	241	23	43
	242	22	44
	243	24	41
	244	23	42
	245	25	43
	246	21	43
	247	24	42
	248	22	44
	249	26	45
	250	22	39
	251	25	46
	252	23	44
	253	27	47
	254	25	44
	255	24	45
	256	22	41
	257	24	42
	258	26	48
	259	24	43
	260	22	38
	261	22	42
	262	21	46
	263	25	43
	264	21	44
	265	23	45
	266	23	43
	267	24	43
	268	23	42
	269	24	43
	270	22	41
	271	22	42
	272	25	43
	273	25	42
	274	24	43
	275	24	43
	276	22	43
	277	25	41
	278	25	42
	279	22	42
	280	22	39
	281	22	41
	282	21	41
	283	25	43
	284	20	41
	285	26	41
	286	22	41
	287	26	46
	288	24	41
	289	23	41
	290	28	40
	291	25	39
	292	25	45
	293	22	41
	294	22	43
	295	23	44
	296	22	43
	297	24	40
	298	29	40
	299	26	43
	300	24	40
	301	25	44
	302	23	43
	303	24	44
	304	22	39
	305	25	40
	306	24	40
	307	24	45
	308	25	42
	309	25	40
	310	23	41
	311	24	42
	312	26	43
	313	25	44
	314	21	44
	315	23	45
	316	25	43
	317	26	43
	318	25	42
	319	25	42
	320	24	42
	321	26	45
	322	25	46
	323	21	43
	324	24	40
	325	27	43
	326	24	42
	327	26	43
	328	23	43
	329	24	44
	330	25	42
	331	24	42
	332	25	42
	333	28	44
	334	26	44
	335	23	39
	336	23	43
	337	24	45
	338	26	43
	339	26	44
	340	26	41
	341	25	44
	342	28	41
	343	26	44
	344	25	41
	345	27	43
	346	27	45
	347	26	42
	348	27	41
	349	27	41
	350	24	42
	351	23	43
	352	26	43
	353	25	41
	354	22	40
	355	27	43
	356	24	43
	357	26	43
	358	25	42
	359	26	43
	360	25	40
	361	24	42
	362	26	43
	363	29	41
	364	27	40
	365	29	40
	366	27	43
	367	28	41
	368	24	44
	369	26	41
	370	28	42
	371	27	42
	372	26	41
	373	26	42
	374	26	42
	375	27	42
	376	26	41
	377	29	42
	378	27	46
	379	27	44
	380	27	43
	381	25	41
	382	23	42
	383	29	45
	384	28	44
	385	26	42
	386	26	41
	387	29	42
	388	28	41
	389	27	44
	390	26	38
	391	30	44
	392	26	44
	393	28	44
	394	27	42
	395	30	42
	396	27	42
	397	27	40
	398	28	45
	399	26	47
	400	30	41
	401	28	43
	402	27	43
	403	27	44
	404	29	43
	405	31	43
	406	26	41
	407	29	45
	408	29	41
	409	26	43
	410	28	43
	411	30	44
	412	26	41
	413	29	45
	414	30	44
	415	29	45
	416	29	38
	417	30	43
	418	30	45
	419	30	44
	420	32	44
	421	26	40
	422	29	41
	423	27	43
	424	29	43
	425	32	44
	426	29	44
	427	28	47
	428	28	42
	429	25	41
	430	28	43
	431	31	46
	432	28	44
	433	32	43
	434	30	44
	435	29	45
	436	31	43
	437	31	42
	438	29	40
	439	33	42
	440	32	41
	441	31	46
	442	33	45
	443	32	43
	444	32	40
	445	30	44
	446	32	45
	447	31	44
	448	30	41
	449	31	42
	450	31	41
	451	31	43
	452	43	40
	453	33	42
	454	35	42
	455	33	42
	456	34	45
	457	33	43
	458	35	43
	459	34	43
	460	35	41
	461	35	43
	462	35	44
	463	37	43
	464	36	44
	465	34	46
	466	36	43
	467	35	43
	468	37	41
	469	34	43
	470	35	45
	471	35	44
	472	35	43
	473	36	47
	474	35	45
	475	36	46
	476	37	43
	477	36	45
	478	37	45
	479	35	44
	480	38	43
	481	36	46
	482	38	44
	483	38	46
	484	39	44
	485	39	45
	486	39	45
	487	37	42
	488	36	40
	489	38	41
	490	41	44
	491	40	42
	492	37	42
	493	39	41
	494	36	43
	495	43	43
	496	40	41
	497	43	43
	498	43	42
	499	40	41
	500	43	40
	501	42	46
	502	41	42
	503	41	42
	504	40	44
	505	41	43
	506	44	44
	507	40	46
	508	42	41
	509	43	43
	510	41	47
	511	46	48
	512	43	45
	513	41	44
	514	43	41
	515	45	44
	516	42	47
	517	47	48
	518	48	44
	519	46	44
	520	41	40
	521	47	46
	522	43	45
	523	44	46
	524	43	46
	525	45	44
	526	45	42
	527	45	47
	528	45	42
	529	48	44
	530	47	47
	531	49	48
	532	47	45
	533	49	44
	534	48	42
	535	50	45
	536	49	47
	537	47	45
	538	48	47
	539	52	50
	540	49	44
	541	51	45
	542	51	44
	543	50	47
	544	50	47
	545	49	46
	546	50	45
	547	52	46
	548	53	43
	549	52	46
	550	53	47
	551	56	47
	552	52	47
	553	56	47
	554	54	42
	555	53	44
	556	55	45
	557	55	53
	558	57	43
	559	56	47
	560	55	47
	561	61	48
	562	57	42
	563	57	43
	564	56	43
	565	59	47
	566	58	49
	567	62	47
	568	60	45
	569	60	45
	570	58	47
	571	62	47
	572	61	43
	573	58	48
	574	59	45
	575	60	47
	576	62	45
	577	62	49
	578	58	44
	579	61	46
	580	65	45
	581	66	46
	582	63	44
	583	63	46
	584	60	47
	585	65	49
	586	64	51
	587	67	50
	588	66	44
	589	68	44
	590	66	49
	591	68	49
	592	69	46
	593	66	48
	594	68	46
	595	70	47
	596	68	48
	597	69	46
	598	72	46
	599	70	47
	600	72	45
	601	71	49
	602	72	49
	603	72	49
	604	73	49
	605	71	50
	606	75	46
	607	75	48
	608	74	45
	609	76	50
	610	75	45
	611	79	46
	612	75	51
	613	75	46
	614	78	47
	615	79	51
	616	74	48
	617	79	45
	618	76	46
	619	78	50
	620	78	48
	621	81	47
	622	79	49
	623	81	49
	624	78	46
	625	76	49
	626	80	48
	627	81	49
	628	82	48
	629	83	50
	630	79	49
	631	88	49
	632	81	49
	633	85	51
	634	85	52
	635	82	49
	636	84	51
	637	84	46
	638	84	50
	639	83	52
	640	86	53
	641	84	47
	642	84	49
	643	89	48
	644	88	51
	645	87	52
	646	89	48
	647	94	50
	648	89	46
	649	90	51
	650	88	50
	651	92	53
	652	88	47
	653	91	52
	654	89	47
	655	93	49
	656	91	49
	657	92	50
	658	93	48
	659	95	50
	660	93	50
	661	93	53
	662	93	52
	663	93	52
	664	93	51
	665	99	53
	666	97	50
	667	97	54
	668	98	51
	669	97	49
	670	96	51
	671	97	54
	672	98	51
	673	99	52
	674	100	54
	675	100	51
	676	99	51
	677	99	54
	678	101	52
	679	102	54
	680	99	51
	681	100	54
	682	103	51
	683	102	55
	684	101	54
	685	101	53
	686	100	53
	687	103	52
	688	105	49
	689	104	51
	690	105	56
	691	100	51
	692	103	52
	693	106	56
	694	102	57
	695	107	51
	696	103	52
	697	106	51
	698	103	54
	699	109	57
	700	108	53
	701	105	52
	702	109	51
	703	108	52
	704	106	54
	705	106	51
	706	107	53
	707	112	50
	708	115	50
	709	110	53
	710	109	55
	711	115	54
	712	111	52
	713	111	55
	714	110	54
	715	112	55
	716	113	53
	717	113	54
	718	112	51
	719	113	55
	720	112	54
	721	113	54
	722	112	55
	723	111	52
	724	113	54
	725	116	54
	726	115	56
	727	115	51
	728	112	51
	729	117	52
	730	118	54
	731	116	54
	732	116	53
	733	112	55
	734	116	53
	735	115	51
	736	115	52
	737	116	53
	738	117	53
	739	117	53
	740	117	54
	741	114	55
	742	116	53
	743	116	53
	744	113	54
	745	118	54
	746	115	55
	747	119	54
	748	119	55
	749	115	56
	750	114	56
	751	115	55
	752	115	52
	753	117	56
	754	116	53
	755	118	51
	756	116	53
	757	119	55
	758	116	59
	759	121	56
	760	112	54
	761	116	51
	762	114	57
	763	121	57
	764	114	56
	765	116	54
	766	123	53
	767	117	54
	768	117	53
	769	118	54
	770	113	54
	771	117	54
	772	119	52
	773	118	54
	774	116	53
	775	120	56
	776	120	53
	777	116	54
	778	120	53
	779	116	55
	780	113	57
	781	117	53
	782	118	54
	783	116	54
	784	117	52
	785	121	55
	786	122	53
	787	115	55
	788	117	52
	789	115	56
	790	113	54
	791	121	58
	792	113	53
	793	114	52
	794	115	52
	795	112	52
	796	115	52
	797	115	55
	798	115	53
	799	115	52
	800	113	54
	801	111	54
	802	112	54
	803	114	60
	804	111	51
	805	115	55
	806	108	53
	807	116	54
	808	110	56
	809	113	51
	810	111	52
	811	112	56
	812	108	49
	813	110	53
	814	109	53
	815	107	50
	816	108	52
	817	108	51
	818	108	54
	819	109	51
	820	107	48
	821	107	50
	822	108	51
	823	106	53
	824	103	52
	825	107	55
	826	107	49
	827	105	50
	828	108	52
	829	105	54
	830	105	51
	831	107	52
	832	103	52
	833	104	52
	834	104	51
	835	102	49
	836	104	52
	837	102	49
	838	97	50
	839	101	52
	840	100	50
	841	102	50
	842	102	49
	843	100	52
	844	104	49
	845	97	49
	846	101	49
	847	96	52
	848	98	50
	849	99	50
	850	96	52
	851	96	50
	852	96	51
	853	98	50
	854	97	51
	855	96	52
	856	97	50
	857	97	49
	858	99	48
	859	100	53
	860	97	50
	861	96	52
	862	96	50
	863	94	47
	864	96	51
	865	96	50
	866	94	49
	867	97	51
	868	91	48
	869	92	49
	870	92	49
	871	95	51
	872	91	52
	873	90	51
	874	94	49
	875	92	51
	876	91	49
	877	93	49
	878	93	45
	879	94	48
	880	92	47
	881	95	49
	882	93	49
	883	91	48
	884	92	47
	885	91	49
	886	84	48
	887	92	49
	888	88	51
	889	87	50
	890	89	51
	891	88	53
	892	87	48
	893	89	53
	894	89	48
	895	87	45
	896	87	50
	897	88	47
	898	86	48
	899	85	50
	900	87	51
	901	86	47
	902	83	49
	903	89	47
	904	83	46
	905	86	48
	906	84	48
	907	81	47
	908	85	48
	909	84	46
	910	79	47
	911	83	49
	912	84	44
	913	81	49
	914	81	45
	915	82	50
	916	77	48
	917	81	48
	918	81	47
	919	80	47
	920	77	47
	921	79	46
	922	79	50
	923	81	48
	924	80	44
	925	75	48
	926	80	44
	927	77	45
	928	73	47
	929	79	48
	930	77	46
	931	77	51
	932	71	43
	933	73	46
	934	75	48
	935	73	45
	936	76	43
	937	71	48
	938	73	44
	939	74	46
	940	69	45
	941	70	46
	942	71	46
	943	70	47
	944	72	45
	945	73	48
	946	72	45
	947	72	45
	948	71	46
	949	70	45
	950	68	52
	951	68	48
	952	69	48
	953	69	43
	954	70	46
	955	72	47
	956	68	46
	957	70	48
	958	67	47
	959	64	45
	960	63	44
	961	67	46
	962	64	45
	963	64	46
	964	65	46
	965	68	45
	966	61	43
	967	62	44
	968	62	46
	969	64	46
	970	60	46
	971	66	47
	972	61	45
	973	64	46
	974	62	43
	975	61	42
	976	63	46
	977	56	46
	978	57	44
	979	56	43
	980	56	46
	981	60	45
	982	55	42
	983	55	45
	984	58	45
	985	55	48
	986	55	44
	987	55	46
	988	56	44
	989	56	45
	990	51	46
	991	53	46
	992	51	45
	993	52	45
	994	49	45
	995	55	39
	996	52	47
	997	55	49
	998	50	43
	999	51	46
	1000	51	45
	1001	49	45
	1002	50	44
	1003	49	46
	1004	47	43
	1005	47	45
	1006	50	42
	1007	49	45
	1008	50	42
	1009	48	42
	1010	48	44
	1011	47	43
	1012	46	45
	1013	47	45
	1014	47	47
	1015	50	43
	1016	46	48
	1017	45	43
	1018	49	43
	1019	51	45
	1020	44	44
	1021	47	44
	1022	46	43
	1023	48	43
	1024	47	41
	1025	46	41
	1026	48	43
	1027	48	41
	1028	47	43
	1029	48	41
	1030	48	41
	1031	46	44
	1032	46	42
	1033	47	43
	1034	44	43
	1035	47	42
	1036	47	42
	1037	44	43
	1038	47	42
	1039	42	45
	1040	45	43
	1041	46	44
	1042	41	43
	1043	45	43
	1044	43	48
	1045	45	42
	1046	44	39
	1047	44	44
	1048	43	48
	1049	44	44
	1050	41	42
	1051	43	42
	1052	44	40
	1053	44	44
	1054	44	42
	1055	41	49
	1056	40	44
	1057	42	43
	1058	41	42
	1059	45	44
	1060	41	43
	1061	42	44
	1062	42	44
	1063	43	40
	1064	38	43
	1065	43	40
	1066	43	42
	1067	42	45
	1068	43	42
	1069	42	41
	1070	40	41
	1071	42	46
	1072	41	44
	1073	41	41
	1074	42	41
	1075	40	44
	1076	40	42
	1077	50	44
	1078	42	45
	1079	42	43
	1080	41	44
	1081	42	40
	1082	42	44
	1083	43	41
	1084	41	41
	1085	42	38
	1086	38	46
	1087	41	42
	1088	40	42
	1089	42	40
	1090	41	42
	1091	40	45
	1092	39	40
	1093	41	42
	1094	39	43
	1095	40	44
	1096	38	46
	1097	39	43
	1098	40	44
	1099	41	41
	1100	40	43
	1101	42	39
	1102	38	42
	1103	42	40
	1104	39	42
	1105	38	46
	1106	41	42
	1107	41	43
	1108	38	45
	1109	38	45
	1110	40	49
	1111	38	44
	1112	41	42
	1113	43	43
	1114	40	42
	1115	42	42
	1116	39	41
	1117	42	43
	1118	42	41
	1119	39	41
	1120	41	44
	1121	41	42
	1122	37	41
	1123	39	44
	1124	37	42
	1125	43	44
	1126	42	43
	1127	41	42
	1128	37	41
	1129	38	43
	1130	43	43
	1131	38	45
	1132	41	39
	1133	41	44
	1134	39	40
	1135	40	43
	1136	39	48
	1137	40	41
	1138	41	39
	1139	38	43
	1140	42	43
	1141	41	42
	1142	39	45
	1143	39	43
	1144	39	43
	1145	40	45
	1146	39	41
	1147	42	42
	1148	39	42
	1149	40	43
	1150	39	41
	1151	38	43
	1152	39	41
	1153	38	41
	1154	39	41
	1155	39	41
	1156	36	43
	1157	41	44
	1158	38	44
	1159	36	40
	1160	39	44
	1161	38	41
	1162	38	42
	1163	38	44
	1164	38	42
	1165	42	40
	1166	36	43
	1167	38	43
	1168	38	44
	1169	37	43
	1170	36	44
	1171	39	45
	1172	39	45
	1173	35	44
	1174	38	43
	1175	37	45
	1176	40	41
	1177	39	44
	1178	38	43
	1179	41	41
	1180	39	42
	1181	39	40
	1182	39	40
	1183	42	42
	1184	39	43
	1185	40	41
	1186	36	43
	1187	36	44
	1188	37	41
	1189	38	42
	1190	35	42
	1191	38	41
	1192	39	41
	1193	37	44
	1194	36	42
	1195	39	40
	1196	39	42
	1197	40	45
	1198	38	39
	1199	37	41
	1200	38	41
	1201	38	43
	1202	39	43
	1203	38	43
	1204	38	40
	1205	40	42
	1206	40	43
	1207	40	39
	1208	39	41
	1209	36	44
	1210	39	42
	1211	42	42
	1212	38	43
	1213	39	41
	1214	37	43
	1215	41	43
	1216	37	44
	1217	36	45
	1218	35	40
	1219	41	41
	1220	38	41
	1221	39	46
	1222	34	42
	1223	34	43
	1224	37	41
	1225	36	42
	1226	36	44
	1227	33	41
	1228	35	43
	1229	35	42
	1230	37	38
	1231	39	44
	1232	35	42
	1233	38	42
	1234	35	43
	1235	39	43
	1236	39	40
	1237	38	41
	1238	38	44
	1239	37	42
	1240	37	40
	1241	38	44
	1242	39	46
	1243	35	42
	1244	38	39
	1245	37	42
	1246	35	41
	1247	38	41
	1248	36	42
	1249	38	42
	1250	37	42
	1251	37	42
	1252	38	40
	1253	38	41
	1254	36	39
	1255	39	40
	1256	38	43
	1257	36	42
	1258	40	43
	1259	36	39
	1260	35	44
	1261	38	43
	1262	36	44
	1263	36	43
	1264	35	41
	1265	37	44
	1266	46	42
	1267	45	40
	1268	35	41
	1269	37	41
	1270	34	43
	1271	39	44
	1272	37	44
	1273	35	44
	1274	34	43
	1275	39	47
	1276	35	41
	1277	37	40
	1278	35	42
	1279	37	43
	1280	35	44
	1281	39	42
	1282	33	45
	1283	38	43
	1284	35	44
	1285	34	44
	1286	38	44
	1287	35	43
	1288	38	39
	1289	36	41
	1290	35	41
	1291	38	45
	1292	36	40
	1293	38	40
	1294	36	43
	1295	37	42
	1296	36	40
	1297	37	43
	1298	33	45
	1299	39	45
	1300	37	45
	1301	38	43
	1302	36	41
	1303	37	44
	1304	34	41
	1305	36	44
	1306	37	42
	1307	34	42
	1308	33	40
	1309	36	44
	1310	36	39
	1311	39	44
	1312	34	43
	1313	34	43
	1314	35	43
	1315	37	41
	1316	34	42
	1317	35	42
	1318	33	43
	1319	33	43
	1320	35	43
	1321	33	42
	1322	34	41
	1323	37	41
	1324	36	41
	1325	36	44
	1326	35	43
	1327	37	42
	1328	38	45
	1329	36	41
	1330	36	39
	1331	38	45
	1332	33	42
	1333	36	42
	1334	37	46
	1335	34	42
	1336	36	39
	1337	34	40
	1338	34	42
	1339	33	40
	1340	35	43
	1341	33	43
	1342	33	41
	1343	36	41
	1344	35	38
	1345	34	43
	1346	33	41
	1347	35	40
	1348	33	41
	1349	34	44
	1350	34	40
	1351	34	45
	1352	31	42
	1353	35	41
	1354	31	42
	1355	36	44
	1356	33	41
	1357	32	42
	1358	33	41
	1359	34	43
	1360	31	42
	1361	35	43
	1362	34	42
	1363	35	47
	1364	32	43
	1365	35	44
	1366	34	42
	1367	33	42
	1368	34	44
	1369	33	42
	1370	34	42
	1371	33	42
	1372	38	45
	1373	34	42
	1374	31	43
	1375	36	42
	1376	34	41
	1377	34	47
	1378	32	38
	1379	35	42
	1380	33	42
	1381	40	44
	1382	32	41
	1383	33	44
	1384	34	42
	1385	32	42
	1386	33	40
	1387	34	41
	1388	33	40
	1389	35	43
	1390	34	40
	1391	35	43
	1392	33	39
	1393	31	45
	1394	30	41
	1395	37	44
	1396	34	44
	1397	34	41
	1398	31	41
	1399	32	44
	1400	33	41
	1401	32	41
	1402	32	38
	1403	35	41
	1404	33	39
	1405	34	43
	1406	35	42
	1407	34	41
	1408	30	40
	1409	36	38
	1410	31	43
	1411	33	44
	1412	32	41
	1413	31	43
	1414	35	43
	1415	31	44
	1416	31	40
	1417	33	41
	1418	34	42
	1419	32	44
	1420	31	43
	1421	33	40
	1422	32	43
	1423	34	42
	1424	30	42
	1425	33	43
	1426	31	41
	1427	33	41
	1428	31	41
	1429	35	44
	1430	32	40
	1431	31	42
	1432	32	42
	1433	33	39
	1434	34	41
	1435	33	42
	1436	30	41
	1437	33	42
	1438	29	43
	1439	30	42
	1440	33	42
	1441	32	40
	1442	29	42
	1443	32	42
	1444	30	42
	1445	32	41
	1446	31	43
	1447	34	41
	1448	32	40
	1449	31	44
	1450	31	37
	1451	30	45
	1452	29	41
	1453	32	41
	1454	31	42
	1455	32	43
	1456	32	42
	1457	32	41
	1458	29	41
	1459	30	42
	1460	32	42
	1461	32	40
	1462	33	44
	1463	31	43
	1464	30	42
	1465	33	43
	1466	31	43
	1467	32	41
	1468	31	42
	1469	31	44
	1470	28	40
	1471	30	42
	1472	28	42
	1473	31	44
	1474	29	45
	1475	33	42
	1476	28	42
	1477	29	39
	1478	28	41
	1479	31	43
	1480	29	41
	1481	29	41
	1482	32	41
	1483	29	42
	1484	27	40
	1485	28	44
	1486	32	44
	1487	31	46
	1488	30	39
	1489	30	41
	1490	26	44
	1491	31	42
	1492	28	42
	1493	30	41
	1494	29	45
	1495	28	42
	1496	28	43
	1497	30	41
	1498	27	40
	1499	33	43
	1500	28	42
	1501	30	43
	1502	30	41
	1503	29	45
	1504	28	41
	1505	28	42
	1506	30	39
	1507	29	41
	1508	28	42
	1509	27	42
	1510	29	42
	1511	29	41
	1512	30	40
	1513	29	42
	1514	29	40
	1515	27	42
	1516	26	41
	1517	31	41
	1518	31	42
	1519	28	43
	1520	28	42
	1521	28	40
	1522	30	39
	1523	29	45
	1524	29	40
	1525	29	37
	1526	31	37
	1527	28	41
	1528	30	41
	1529	27	43
	1530	29	38
	1531	35	42
	1532	26	43
	1533	31	41
	1534	31	42
	1535	29	44
	1536	26	41
	1537	29	41
	1538	30	42
	1539	30	43
	1540	30	42
	1541	29	42
	1542	27	37
	1543	31	44
	1544	27	41
	1545	26	44
	1546	29	41
	1547	30	42
	1548	26	41
	1549	27	43
	1550	29	40
	1551	28	45
	1552	27	41
	1553	32	40
	1554	28	41
	1555	31	42
	1556	30	44
	1557	31	44
	1558	29	44
	1559	32	42
	1560	31	41
	1561	32	41
	1562	33	42
	1563	31	43
	1564	29	40
	1565	33	45
	1566	36	42
	1567	35	40
	1568	34	41
	1569	35	42
	1570	32	42
	1571	34	54
	1572	35	41
	1573	38	43
	1574	35	42
	1575	36	43
	1576	35	43
	1577	35	44
	1578	38	42
	1579	40	45
	1580	39	44
	1581	35	41
	1582	38	43
	1583	40	42
	1584	38	42
	1585	39	45
	1586	38	44
	1587	38	42
	1588	39	44
	1589	36	45
	1590	37	40
	1591	38	45
	1592	37	46
	1593	39	39
	1594	38	42
	1595	36	43
	1596	37	41
	1597	43	43
	1598	39	43
	1599	40	46
	1600	40	46
	1601	39	42
	1602	37	44
	1603	41	41
	1604	39	45
	1605	41	45
	1606	35	43
	1607	41	44
	1608	41	42
	1609	39	43
	1610	36	41
	1611	37	43
	1612	39	39
	1613	39	46
	1614	37	41
	1615	37	45
	1616	34	41
	1617	39	40
	1618	38	42
	1619	38	43
	1620	38	44
	1621	35	43
	1622	37	44
	1623	35	41
	1624	42	43
	1625	39	42
	1626	37	43
	1627	39	44
	1628	37	43
	1629	36	44
	1630	39	40
	1631	37	43
	1632	41	43
	1633	41	42
	1634	35	47
	1635	38	43
	1636	38	40
	1637	37	47
	1638	40	44
	1639	36	43
	1640	35	42
	1641	37	43
	1642	35	42
	1643	39	44
	1644	33	40
	1645	40	44
	1646	44	43
	1647	39	42
	1648	37	43
	1649	39	44
	1650	38	41
	1651	37	42
	1652	37	40
	1653	38	43
	1654	38	44
	1655	42	41
	1656	36	42
	1657	39	42
	1658	37	43
	1659	37	43
	1660	37	41
	1661	35	43
	1662	36	43
	1663	40	44
	1664	37	41
	1665	36	43
	1666	37	42
	1667	36	45
	1668	36	45
	1669	36	42
	1670	37	41
	1671	38	39
	1672	38	43
	1673	40	44
	1674	37	43
	1675	36	42
	1676	39	41
	1677	36	42
	1678	35	41
	1679	36	45
	1680	35	42
	1681	36	44
	1682	33	41
	1683	35	42
	1684	32	42
	1685	33	42
	1686	35	44
	1687	35	44
	1688	35	42
	1689	34	43
	1690	30	41
	1691	33	42
	1692	31	43
	1693	30	42
	1694	33	41
	1695	31	43
	1696	27	42
	1697	31	44
	1698	29	39
	1699	30	43
	1700	27	43
	1701	25	42
	1702	26	40
	1703	26	41
	1704	23	42
	1705	29	39
	1706	24	40
	1707	25	39
	1708	26	42
	1709	29	42
	1710	25	45
	1711	29	42
	1712	26	41
	1713	26	41
	1714	26	40
	1715	29	41
	1716	25	40
	1717	25	41
	1718	25	44
	1719	24	40
	1720	24	40
	1721	24	41
	1722	25	40
	1723	24	41
	1724	25	39
	1725	26	42
	1726	31	41
	1727	26	42
	1728	25	40
	1729	25	41
	1730	26	38
	1731	24	41
	1732	24	40
	1733	24	41
	1734	24	42
	1735	25	40
	1736	24	40
	1737	25	44
	1738	24	40
	1739	27	38
	1740	24	39
	1741	23	41
	1742	23	42
	1743	27	42
	1744	23	39
	1745	27	39
	1746	24	41
	1747	27	42
	1748	26	39
	1749	24	40
	1750	27	41
	1751	22	39
	1752	25	40
	1753	25	43
	1754	23	40
	1755	26	41
	1756	22	37
	1757	25	38
	1758	23	41
	1759	22	42
	1760	23	44
	1761	24	41
	1762	26	41
	1763	25	45
	1764	23	41
	1765	23	41
	1766	25	41
	1767	25	40
	1768	22	39
	1769	27	43
	1770	24	36
	1771	23	43
	1772	23	40
	1773	21	39
	1774	24	41
	1775	22	44
	1776	21	43
	1777	22	38
	1778	23	42
	1779	21	39
	1780	22	42
	1781	22	42
	1782	25	41
	1783	24	37
	1784	24	39
	1785	23	40
	1786	23	41
	1787	24	40
	1788	22	41
	1789	26	42
	1790	22	40
	1791	25	42
	1792	22	42
	1793	23	37
	1794	24	39
	1795	23	41
	1796	26	40
	1797	23	38
	1798	23	36
	1799	23	38
	1800	21	41
	1801	20	40
	1802	23	41
	1803	24	43
	1804	21	40
	1805	22	39
	1806	22	41
	1807	26	39
	1808	22	39
	1809	25	41
	1810	20	40
	1811	24	39
	1812	22	41
	1813	22	42
	1814	23	41
	1815	23	42
	1816	23	44
	1817	22	41
	1818	21	43
	1819	25	40
	1820	23	42
	1821	24	42
	1822	23	40
	1823	24	40
	1824	22	40
	1825	24	42
	1826	21	40
	1827	23	42
	1828	24	40
	1829	23	40
	1830	20	40
	1831	22	39
	1832	20	40
	1833	24	40
	1834	21	41
	1835	23	39
	1836	22	43
	1837	25	42
	1838	19	40
	1839	23	39
	1840	23	41
	1841	21	40
	1842	25	42
	1843	20	40
	1844	23	39
	1845	24	41
	1846	20	40
	1847	23	43
	1848	23	41
	1849	23	42
	1850	23	39
	1851	22	41
	1852	21	41
	1853	26	37
	1854	20	35
	1855	23	39
	1856	22	40
	1857	24	42
	1858	21	40
	1859	25	40
	1860	21	39
	1861	23	39
	1862	25	38
	1863	22	41
	1864	23	39
	1865	22	39
	1866	21	39
	1867	22	40
	1868	20	40
	1869	24	42
	1870	20	40
	1871	22	38
	1872	21	45
	1873	22	41
	1874	24	40
	1875	24	39
	1876	21	40
	1877	19	43
	1878	22	40
	1879	25	42
	1880	25	42
	1881	21	38
	1882	21	40
	1883	23	38
	1884	23	40
	1885	24	39
	1886	23	39
	1887	25	43
	1888	24	41
	1889	23	40
	1890	24	41
	1891	22	43
	1892	23	39
	1893	23	40
	1894	21	40
	1895	22	40
	1896	23	39
	1897	20	41
	1898	24	42
	1899	24	41
	1900	22	42
	1901	27	42
	1902	23	39
	1903	23	40
	1904	23	40
	1905	23	38
	1906	23	41
	1907	32	40
	1908	21	37
	1909	24	40
	1910	19	38
	1911	23	41
	1912	25	39
	1913	23	39
	1914	25	42
	1915	25	43
	1916	22	40
	1917	22	40
	1918	25	38
	1919	23	40
	1920	24	39
	1921	21	44
	1922	22	38
	1923	25	38
	1924	22	39
	1925	21	42
	1926	21	43
	1927	23	39
	1928	22	39
	1929	23	40
	1930	20	40
	1931	25	39
	1932	22	40
	1933	21	40
	1934	21	40
	1935	25	42
	1936	20	40
	1937	25	41
	1938	21	40
	1939	22	37
	1940	25	42
	1941	22	42
	1942	23	40
	1943	23	37
	1944	21	40
	1945	23	41
	1946	22	40
	1947	21	43
	1948	23	40
	1949	19	43
	1950	24	43
	1951	23	43
	1952	25	39
	1953	25	40
	1954	23	40
	1955	21	38
	1956	22	40
	1957	22	41
	1958	21	39
	1959	23	42
	1960	23	41
	1961	23	40
	1962	21	41
	1963	22	42
	1964	19	42
	1965	24	41
	1966	23	41
	1967	23	39
	1968	23	41
	1969	21	45
	1970	25	43
	1971	19	40
	1972	22	38
	1973	22	40
	1974	22	39
	1975	22	40
	1976	19	40
	1977	23	40
	1978	21	40
	1979	25	39
	1980	21	39
	1981	24	42
	1982	21	42
	1983	19	38
	1984	19	38
	1985	23	42
	1986	24	42
	1987	21	42
	1988	22	42
	1989	20	39
	1990	22	40
	1991	21	40
	1992	20	39
	1993	22	39
	1994	20	38
	1995	22	42
	1996	20	41
	1997	21	41
	1998	21	41
	1999	24	39
	2000	18	39
	2001	22	42
	2002	23	39
	2003	21	41
	2004	21	43
	2005	24	44
	2006	22	40
	2007	23	39
	2008	21	38
	2009	23	38
	2010	22	43
	2011	21	42
	2012	22	41
	2013	22	40
	2014	22	43
	2015	22	40
	2016	17	42
	2017	21	39
	2018	23	40
	2019	20	37
	2020	22	40
	2021	21	41
	2022	19	42
	2023	21	41
	2024	20	42
	2025	23	39
	2026	18	40
	2027	23	41
	2028	18	41
	2029	21	40
	2030	21	42
	2031	21	42
	2032	23	41
	2033	22	41
	2034	19	41
	2035	21	40
	2036	22	38
	2037	22	40
	2038	19	41
	2039	21	41
	2040	19	41
	2041	24	42
	2042	20	37
	2043	21	41
	2044	20	42
	2045	21	41
	2046	21	44
	2047	19	38
	2048	20	40
	2049	22	43
	2050	19	38
	2051	22	40
	2052	21	39
	2053	20	40
	2054	20	38
	2055	18	43
	2056	20	39
	2057	23	38
	2058	20	37
	2059	19	41
	2060	20	40
	2061	17	41
	2062	17	40
	2063	22	39
	2064	18	41
	2065	19	41
	2066	21	43
	2067	20	40
	2068	20	40
	2069	19	39
	2070	19	41
	2071	22	38
	2072	20	39
	2073	20	42
	2074	17	41
	2075	23	42
	2076	22	40
	2077	22	38
	2078	20	42
	2079	25	40
	2080	23	42
	2081	20	41
	2082	21	40
	2083	19	40
	2084	21	40
	2085	21	39
	2086	21	41
	2087	20	40
	2088	19	40
	2089	20	40
	2090	18	40
	2091	24	42
	2092	19	40
	2093	20	40
	2094	20	39
	2095	21	43
	2096	23	38
	2097	20	42
	2098	18	39
	2099	21	41
	2100	22	43
	2101	19	39
	2102	17	38
	2103	23	41
	2104	22	39
	2105	23	38
	2106	19	40
	2107	21	40
	2108	22	40
	2109	21	43
	2110	21	41
	2111	21	40
	2112	18	42
	2113	18	38
	2114	21	40
	2115	19	41
	2116	19	42
	2117	19	40
	2118	18	39
	2119	21	38
	2120	19	39
	2121	21	40
	2122	19	40
	2123	22	40
	2124	21	43
	2125	21	41
	2126	21	38
	2127	20	39
	2128	21	38
	2129	23	43
	2130	25	41
	2131	22	40
	2132	20	40
	2133	21	41
	2134	19	38
	2135	21	39
	2136	19	38
	2137	20	41
	2138	17	43
	2139	22	39
	2140	20	40
	2141	21	43
	2142	22	39
	2143	24	41
	2144	21	40
	2145	20	40
	2146	20	38
	2147	19	42
	2148	19	40
	2149	20	41
	2150	20	38
	2151	22	39
	2152	21	38
	2153	21	41
	2154	21	42
	2155	22	41
	2156	17	38
	2157	21	39
	2158	21	40
	2159	20	39
	2160	19	39
	2161	22	40
	2162	19	40
	2163	21	39
	2164	20	40
	2165	21	41
	2166	19	38
	2167	20	43
	2168	20	39
	2169	22	39
	2170	20	59
	2171	19	38
	2172	16	41
	2173	20	38
	2174	17	40
	2175	20	38
	2176	20	38
	2177	19	40
	2178	17	42
	2179	19	41
	2180	20	38
	2181	23	39
	2182	22	38
	2183	20	41
	2184	22	39
	2185	18	41
	2186	20	40
	2187	20	44
	2188	20	40
	2189	22	40
	2190	20	39
	2191	21	40
	2192	20	41
	2193	19	39
	2194	20	47
	2195	20	43
	2196	18	40
	2197	21	39
	2198	20	40
	2199	18	42
	2200	21	40
	2201	21	41
	2202	20	40
	2203	22	39
	2204	19	39
	2205	25	41
	2206	19	41
	2207	20	41
	2208	22	40
	2209	20	41
	2210	22	40
	2211	19	39
	2212	18	39
	2213	19	39
	2214	19	39
	2215	21	42
	2216	20	39
	2217	20	41
	2218	20	42
	2219	20	42
	2220	21	38
	2221	20	43
	2222	21	40
	2223	21	41
	2224	18	41
	2225	21	39
	2226	19	41
	2227	18	42
	2228	19	38
	2229	19	40
	2230	20	38
	2231	23	37
	2232	17	38
	2233	21	39
	2234	19	40
	2235	23	42
	2236	20	38
	2237	23	40
	2238	20	39
	2239	21	45
	2240	22	41
	2241	19	38
	2242	21	40
	2243	22	41
	2244	21	41
	2245	20	39
	2246	19	40
	2247	23	40
	2248	18	38
	2249	19	42
	2250	18	41
	2251	20	39
	2252	18	38
	2253	21	38
	2254	20	38
	2255	20	41
	2256	20	40
	2257	19	39
	2258	19	39
	2259	20	39
	2260	20	40
	2261	22	40
	2262	19	39
	2263	20	40
	2264	20	42
	2265	18	41
	2266	18	40
	2267	22	39
	2268	22	40
	2269	21	40
	2270	19	41
	2271	18	39
	2272	18	41
	2273	20	39
	2274	21	36
	2275	21	43
	2276	19	40
	2277	19	41
	2278	21	41
	2279	20	41
	2280	21	38
	2281	23	41
	2282	22	40
	2283	20	41
	2284	18	41
	2285	20	36
	2286	19	41
	2287	22	41
	2288	18	40
	2289	21	42
	2290	18	39
	2291	18	44
	2292	20	38
	2293	22	42
	2294	22	36
	2295	23	40
	2296	17	38
	2297	21	44
	2298	19	43
	2299	22	40
	2300	21	39
	2301	21	40
	2302	16	37
	2303	20	40
	2304	20	41
	2305	20	39
	2306	20	37
	2307	21	41
	2308	17	39
	2309	20	42
	2310	21	40
	2311	21	39
	2312	20	41
	2313	19	42
	2314	19	39
	2315	18	37
	2316	20	36
	2317	21	40
	2318	17	41
	2319	18	41
	2320	22	40
	2321	23	38
	2322	18	37
	2323	20	40
	2324	21	38
	2325	20	40
	2326	20	42
	2327	23	40
	2328	17	38
	2329	20	39
	2330	21	38
	2331	19	41
	2332	18	37
	2333	21	40
	2334	18	38
	2335	18	38
	2336	16	39
	2337	20	38
	2338	21	40
	2339	20	39
	2340	21	38
	2341	19	40
	2342	19	43
	2343	20	41
	2344	19	39
	2345	20	38
	2346	17	40
	2347	19	42
	2348	21	39
	2349	21	42
	2350	21	39
	2351	22	41
	2352	20	40
	2353	21	40
	2354	21	37
	2355	19	40
	2356	20	38
	2357	21	38
	2358	20	39
	2359	22	38
	2360	16	39
	2361	20	42
	2362	17	39
	2363	22	43
	2364	18	40
	2365	21	40
	2366	19	40
	2367	18	41
	2368	21	41
	2369	18	40
	2370	21	40
	2371	22	39
	2372	22	44
	2373	20	40
	2374	19	39
	2375	21	40
	2376	18	42
	2377	19	40
	2378	19	39
	2379	23	42
	2380	21	38
	2381	19	41
	2382	19	41
	2383	21	41
	2384	21	37
	2385	20	40
	2386	19	40
	2387	21	40
	2388	22	39
	2389	20	40
	2390	19	39
	2391	22	37
	2392	20	38
	2393	22	41
	2394	22	41
	2395	21	40
	2396	20	38
	2397	19	39
	2398	23	38
	2399	21	38
	2400	20	43
	2401	19	42
	2402	19	38
	2403	26	40
	2404	20	39
	2405	19	40
	2406	20	39
	2407	23	43
	2408	19	40
	2409	17	39
	2410	20	41
	2411	23	40
	2412	22	39
	2413	22	39
	2414	19	38
	2415	23	40
	2416	21	39
	2417	20	46
	2418	23	39
	2419	22	39
	2420	21	37
	2421	24	39
	2422	19	39
	2423	20	40
	2424	18	39
	2425	22	39
	2426	19	38
	2427	23	44
	2428	19	40
	2429	21	39
	2430	19	39
	2431	21	40
	2432	20	40
	2433	20	42
	2434	18	38
	2435	19	41
	2436	20	38
	2437	21	41
	2438	19	42
	2439	20	38
	2440	18	40
	2441	20	38
	2442	18	41
	2443	22	39
	2444	18	40
	2445	21	40
	2446	21	37
	2447	20	38
	2448	18	41
	2449	20	41
	2450	19	39
	2451	20	40
	2452	18	40
	2453	20	42
	2454	19	38
	2455	20	41
	2456	20	40
	2457	20	40
	2458	20	42
	2459	18	38
	2460	21	42
	2461	18	40
	2462	23	40
	2463	20	39
	2464	21	46
	2465	20	40
	2466	20	39
	2467	22	42
	2468	19	37
	2469	20	40
	2470	18	42
	2471	23	40
	2472	18	41
	2473	21	43
	2474	19	39
	2475	21	42
	2476	18	42
	2477	21	44
	2478	18	39
	2479	21	38
	2480	19	42
	2481	18	43
	2482	21	41
	2483	20	39
	2484	18	40
	2485	22	40
	2486	20	40
	2487	20	42
	2488	18	39
	2489	19	39
	2490	20	40
	2491	20	40
	2492	18	40
	2493	19	41
	2494	20	36
	2495	19	44
	2496	22	39
	2497	19	36
	2498	19	42
	2499	18	41
	2500	20	38
	2501	22	41
	2502	22	39
	2503	19	40
	2504	21	39
	2505	22	39
	2506	18	41
	2507	21	42
	2508	17	40
	2509	21	41
	2510	21	40
	2511	21	41
	2512	21	41
	2513	19	42
	2514	19	40
	2515	21	39
	2516	20	39
	2517	23	38
	2518	21	40
	2519	22	39
	2520	19	39
	2521	21	40
	2522	19	39
	2523	20	39
	2524	20	41
	2525	20	40
	2526	21	37
	2527	22	38
	2528	19	38
	2529	22	41
	2530	21	38
	2531	20	38
	2532	20	39
	2533	22	41
	2534	17	39
	2535	20	40
	2536	21	40
	2537	23	39
	2538	19	40
	2539	19	39
	2540	20	39
	2541	24	43
	2542	19	40
	2543	19	39
	2544	23	38
	2545	21	38
	2546	22	41
	2547	20	37
	2548	20	39
	2549	20	40
	2550	20	40
	2551	19	38
	2552	17	39
	2553	19	39
	2554	19	39
	2555	20	42
	2556	21	38
	2557	22	42
	2558	21	38
	2559	19	38
	2560	19	39
	2561	22	42
	2562	22	38
	2563	21	40
	2564	19	38
	2565	20	40
	2566	19	42
	2567	22	46
	2568	21	40
	2569	21	41
	2570	18	42
	2571	21	40
	2572	21	41
	2573	20	39
	2574	17	41
	2575	22	42
	2576	19	41
	2577	21	39
	2578	21	39
	2579	20	38
	2580	18	36
	2581	22	39
	2582	18	42
	2583	21	40
	2584	20	42
	2585	21	40
	2586	19	39
	2587	20	41
	2588	20	38
	2589	19	41
	2590	21	41
	2591	20	39
	2592	17	39
	2593	19	39
	2594	20	39
	2595	20	41
	2596	21	38
	2597	18	41
	2598	18	39
	2599	21	40
	2600	20	40
	2601	21	43
	2602	17	36
	2603	20	41
	2604	19	41
	2605	20	41
	2606	20	40
	2607	19	36
	2608	19	38
	2609	18	37
	2610	19	41
	2611	19	39
	2612	20	37
	2613	19	41
	2614	19	39
	2615	20	40
	2616	20	41
	2617	21	43
	2618	21	41
	2619	20	38
	2620	17	37
	2621	22	40
	2622	22	41
	2623	19	38
	2624	17	41
	2625	18	39
	2626	25	38
	2627	20	38
	2628	19	41
	2629	18	38
	2630	19	38
	2631	18	42
	2632	18	42
	2633	21	39
	2634	18	38
	2635	19	41
	2636	21	40
	2637	19	39
	2638	17	41
	2639	19	39
	2640	20	39
	2641	23	39
	2642	20	41
	2643	17	39
	2644	18	38
	2645	24	40
	2646	20	39
	2647	20	42
	2648	19	39
	2649	19	40
	2650	21	38
	2651	21	41
	2652	19	39
	2653	19	39
	2654	21	39
	2655	20	39
	2656	23	39
	2657	19	39
	2658	19	39
	2659	20	41
	2660	22	39
	2661	23	42
	2662	22	39
	2663	19	42
	2664	18	41
	2665	19	44
	2666	20	38
	2667	19	40
	2668	19	39
	2669	17	39
	2670	18	40
	2671	21	39
	2672	17	37
	2673	22	41
	2674	19	40
	2675	19	39
	2676	19	40
	2677	21	35
	2678	19	37
	2679	20	42
	2680	18	38
	2681	19	41
	2682	18	40
	2683	18	38
	2684	18	39
	2685	17	42
	2686	20	40
	2687	19	40
	2688	20	37
	2689	20	37
	2690	20	38
	2691	24	41
	2692	19	41
	2693	19	38
	2694	20	41
	2695	22	41
	2696	20	43
	2697	20	39
	2698	19	39
	2699	20	42
	2700	21	38
	2701	22	43
	2702	19	40
	2703	19	41
	2704	19	36
	2705	20	37
	2706	17	40
	2707	19	41
	2708	20	40
	2709	22	42
	2710	20	39
	2711	21	40
	2712	19	34
	2713	21	39
	2714	20	39
	2715	21	39
	2716	17	38
	2717	18	38
	2718	21	39
	2719	22	39
	2720	20	37
	2721	26	40
	2722	19	38
	2723	20	40
	2724	17	40
	2725	19	41
	2726	23	39
	2727	19	42
	2728	19	41
	2729	20	40
	2730	21	42
	2731	21	40
	2732	19	40
	2733	20	40
	2734	22	41
	2735	19	42
	2736	20	38
	2737	18	39
	2738	18	40
	2739	23	39
	2740	17	39
	2741	20	41
	2742	20	37
	2743	21	38
	2744	17	41
	2745	18	39
	2746	22	39
	2747	22	40
	2748	18	39
	2749	21	42
	2750	20	42
	2751	21	41
	2752	17	38
	2753	21	38
	2754	19	38
	2755	19	42
	2756	19	39
	2757	20	40
	2758	20	38
	2759	19	42
	2760	18	38
	2761	20	41
	2762	20	40
	2763	19	39
	2764	19	41
	2765	22	40
	2766	20	41
	2767	20	39
	2768	22	38
	2769	20	39
	2770	19	39
	2771	21	41
	2772	18	40
	2773	22	39
	2774	17	36
	2775	20	41
	2776	15	42
	2777	18	41
	2778	19	42
	2779	20	39
	2780	19	42
	2781	20	38
	2782	18	40
	2783	24	35
	2784	17	40
	2785	20	42
	2786	20	40
	2787	20	41
	2788	17	36
	2789	21	40
	2790	18	39
	2791	20	41
	2792	22	39
	2793	20	41
	2794	19	42
	2795	21	39
	2796	19	37
	2797	19	39
	2798	20	41
	2799	19	41
	2800	19	41
	2801	19	42
	2802	19	45
	2803	21	40
	2804	20	41
	2805	21	42
	2806	20	36
	2807	20	41
	2808	20	40
	2809	21	40
	2810	21	42
	2811	21	41
	2812	22	42
	2813	20	40
	2814	21	42
	2815	21	40
	2816	19	38
	2817	20	39
	2818	20	42
	2819	18	43
	2820	21	40
	2821	21	41
	2822	18	39
	2823	19	40
	2824	20	39
	2825	22	39
	2826	19	39
	2827	19	41
	2828	20	38
	2829	19	41
	2830	18	36
	2831	22	39
	2832	19	36
	2833	20	35
	2834	16	41
	2835	19	41
	2836	19	40
	2837	21	39
	2838	19	39
	2839	19	43
	2840	19	41
	2841	17	41
	2842	20	38
	2843	21	41
	2844	20	40
	2845	22	41
	2846	20	35
	2847	21	42
	2848	20	40
	2849	18	38
	2850	21	41
	2851	21	36
	2852	21	38
	2853	23	41
	2854	18	39
	2855	19	41
	2856	19	41
	2857	19	39
	2858	20	41
	2859	21	44
	2860	21	38
	2861	20	38
	2862	19	42
	2863	20	41
	2864	19	36
	2865	21	37
	2866	17	36
	2867	19	39
	2868	18	39
	2869	22	43
	2870	23	40
	2871	19	35
	2872	20	38
	2873	19	42
	2874	20	40
	2875	21	41
	2876	20	40
	2877	18	41
	2878	19	41
	2879	18	43
	2880	18	41
	2881	17	41
	2882	19	34
	2883	21	40
	2884	18	40
	2885	21	42
	2886	18	39
	2887	20	39
	2888	17	42
	2889	43	39
	2890	20	43
	2891	20	41
	2892	19	39
	2893	20	40
	2894	19	37
	2895	19	39
	2896	18	42
	2897	23	39
	2898	20	38
	2899	23	41
	2900	17	37
	2901	19	39
	2902	20	39
	2903	22	40
	2904	20	41
	2905	21	41
	2906	17	38
	2907	18	38
	2908	19	39
	2909	20	39
	2910	21	41
	2911	21	45
	2912	18	41
	2913	21	41
	2914	17	41
	2915	20	40
	2916	20	41
	2917	20	41
	2918	18	41
	2919	19	39
	2920	25	42
	2921	20	42
	2922	21	40
	2923	20	40
	2924	23	42
	2925	21	39
	2926	19	39
	2927	19	38
	2928	19	39
	2929	22	38
	2930	18	40
	2931	18	41
	2932	20	39
	2933	21	40
	2934	19	41
	2935	20	39
	2936	20	40
	2937	22	38
	2938	21	38
	2939	20	42
	2940	17	39
	2941	20	40
	2942	20	38
	2943	20	38
	2944	21	41
	2945	20	41
	2946	18	36
	2947	21	40
	2948	17	41
	2949	20	38
	2950	18	40
	2951	19	39
	2952	18	40
	2953	19	41
	2954	21	38
	2955	19	41
	2956	21	35
	2957	21	38
	2958	20	40
	2959	21	39
	2960	21	41
	2961	20	42
	2962	22	40
	2963	21	38
	2964	18	40
	2965	18	39
	2966	18	39
	2967	20	41
	2968	22	40
	2969	23	43
	2970	21	38
	2971	18	40
	2972	20	36
	2973	21	39
	2974	21	40
	2975	20	39
	2976	19	40
	2977	21	41
	2978	21	39
	2979	21	41
	2980	19	39
	2981	21	40
	2982	18	40
	2983	20	39
	2984	18	40
	2985	19	39
	2986	19	41
	2987	17	41
	2988	19	43
	2989	19	37
	2990	19	41
	2991	18	38
	2992	17	37
	2993	22	39
	2994	19	37
	2995	18	41
	2996	19	42
	2997	23	40
	2998	25	41
	2999	21	40
	3000	19	36
	3001	19	38
	3002	22	37
	3003	20	40
	3004	19	41
	3005	16	39
	3006	22	38
	3007	18	43
	3008	21	42
	3009	21	41
	3010	19	42
	3011	21	38
	3012	16	41
	3013	20	41
	3014	19	39
	3015	18	38
	3016	18	41
	3017	20	39
	3018	17	38
	3019	20	38
	3020	21	40
	3021	22	39
	3022	22	39
	3023	21	40
	3024	21	38
	3025	22	42
	3026	19	37
	3027	21	40
	3028	19	38
	3029	19	39
	3030	21	38
	3031	20	39
	3032	18	38
	3033	20	40
	3034	19	39
	3035	17	42
	3036	21	39
	3037	21	41
	3038	18	39
	3039	21	40
	3040	20	37
	3041	20	40
	3042	19	40
	3043	23	40
	3044	18	41
	3045	20	39
	3046	18	40
	3047	20	40
	3048	19	40
	3049	20	37
	3050	21	39
	3051	16	40
	3052	21	39
	3053	19	41
	3054	20	38
	3055	21	38
	3056	21	41
	3057	21	39
	3058	20	39
	3059	21	41
	3060	19	38
	3061	20	38
	3062	20	41
	3063	21	41
	3064	20	39
	3065	19	39
	3066	22	37
	3067	22	38
	3068	19	40
	3069	20	36
	3070	20	37
	3071	19	40
	3072	21	39
	3073	21	39
	3074	19	38
	3075	20	40
	3076	18	39
	3077	20	42
	3078	18	40
	3079	20	43
	3080	21	38
	3081	20	42
	3082	20	38
	3083	21	40
	3084	18	41
	3085	20	40
	3086	20	36
	3087	21	40
	3088	19	37
	3089	20	38
	3090	20	41
	3091	24	39
	3092	20	39
	3093	20	41
	3094	21	40
	3095	21	38
	3096	19	39
	3097	20	39
	3098	19	38
	3099	18	42
	3100	18	42
	3101	20	41
	3102	19	38
	3103	21	40
	3104	17	40
	3105	20	40
	3106	17	42
	3107	22	39
	3108	19	43
	3109	19	41
	3110	17	39
	3111	20	41
	3112	21	41
	3113	17	39
	3114	21	40
	3115	21	38
	3116	19	39
	3117	20	40
	3118	19	39
	3119	20	39
	3120	19	39
	3121	20	40
	3122	20	41
	3123	22	41
	3124	18	36
	3125	20	41
	3126	20	39
	3127	20	39
	3128	21	41
	3129	18	39
	3130	18	39
	3131	24	41
	3132	19	36
	3133	21	42
	3134	20	38
	3135	20	39
	3136	21	39
	3137	21	41
	3138	17	40
	3139	20	41
	3140	17	39
	3141	19	40
	3142	18	41
	3143	18	40
	3144	19	40
	3145	20	38
	3146	22	37
	3147	22	40
	3148	19	41
	3149	19	39
	3150	19	37
	3151	22	41
	3152	19	37
	3153	20	42
	3154	19	41
	3155	17	40
	3156	17	42
	3157	21	39
	3158	19	39
	3159	20	38
	3160	20	40
	3161	19	39
	3162	20	40
	3163	20	40
	3164	20	41
	3165	20	40
	3166	19	36
	3167	22	39
	3168	18	40
	3169	19	40
	3170	18	36
	3171	23	44
	3172	21	38
	3173	21	41
	3174	17	39
	3175	19	38
	3176	19	43
	3177	20	39
	3178	19	39
	3179	21	40
	3180	21	39
	3181	23	38
	3182	19	40
	3183	21	40
	3184	19	41
	3185	28	44
	3186	19	39
	3187	21	42
	3188	20	38
	3189	20	37
	3190	21	38
	3191	23	41
	3192	19	39
	3193	21	39
	3194	18	38
	3195	23	36
	3196	20	40
	3197	21	39
	3198	22	40
	3199	21	40
	3200	21	38
	3201	21	39
	3202	17	41
	3203	19	39
	3204	19	40
	3205	19	44
	3206	21	40
	3207	20	44
	3208	18	39
	3209	20	40
	3210	18	42
	3211	21	42
	3212	19	37
	3213	21	42
	3214	17	39
	3215	20	38
	3216	19	38
	3217	21	42
	3218	21	40
	3219	20	41
	3220	20	38
	3221	18	39
	3222	20	40
	3223	20	46
	3224	20	41
	3225	22	40
	3226	20	38
	3227	17	41
	3228	20	38
	3229	20	39
	3230	19	39
	3231	21	39
	3232	20	38
	3233	21	41
	3234	15	39
	3235	22	43
	3236	21	41
	3237	20	40
	3238	19	38
	3239	22	41
	3240	20	40
	3241	19	43
	3242	20	36
	3243	22	40
	3244	19	38
	3245	19	41
	3246	19	43
	3247	22	41
	3248	20	41
	3249	19	37
	3250	18	39
	3251	20	43
	3252	17	39
	3253	21	38
	3254	17	39
	3255	21	42
	3256	21	36
	3257	18	41
	3258	18	36
	3259	18	37
	3260	18	38
	3261	20	41
	3262	19	39
	3263	21	38
	3264	17	39
	3265	24	41
	3266	18	40
	3267	22	40
	3268	19	42
	3269	20	40
	3270	20	40
	3271	19	41
	3272	22	37
	3273	22	38
	3274	20	36
	3275	21	40
	3276	19	40
	3277	21	42
	3278	21	37
	3279	20	40
	3280	18	38
	3281	23	41
	3282	21	40
	3283	20	39
	3284	19	39
	3285	25	39
	3286	19	40
	3287	20	41
	3288	18	39
	3289	19	41
	3290	19	38
	3291	19	41
	3292	18	39
	3293	21	39
	3294	18	41
	3295	20	40
	3296	21	39
	3297	20	40
	3298	18	40
	3299	21	40
	3300	22	40
	3301	22	40
	3302	18	40
	3303	18	41
	3304	20	38
	3305	21	41
	3306	17	39
	3307	19	37
	3308	20	40
	3309	20	41
	3310	21	39
	3311	21	41
	3312	16	39
	3313	19	39
	3314	17	40
	3315	21	40
	3316	22	39
	3317	23	41
	3318	20	38
	3319	19	40
	3320	19	39
	3321	18	39
	3322	22	43
	3323	21	40
	3324	17	37
	3325	21	41
	3326	22	40
	3327	20	40
	3328	20	38
	3329	20	41
	3330	19	40
	3331	21	41
	3332	23	41
	3333	20	39
	3334	19	37
	3335	20	42
	3336	18	40
	3337	22	41
	3338	20	40
	3339	20	40
	3340	19	40
	3341	20	40
	3342	20	41
	3343	20	41
	3344	20	39
	3345	18	39
	3346	19	40
	3347	24	41
	3348	17	38
	3349	19	41
	3350	18	41
	3351	18	39
	3352	20	42
	3353	19	39
	3354	21	38
	3355	23	40
	3356	19	39
	3357	20	42
	3358	20	40
	3359	19	39
	3360	18	39
	3361	21	37
	3362	19	43
	3363	21	41
	3364	19	39
	3365	19	44
	3366	20	37
	3367	18	40
	3368	19	37
	3369	20	40
	3370	18	39
	3371	22	41
	3372	21	40
	3373	18	39
	3374	20	41
	3375	21	38
	3376	20	38
	3377	23	37
	3378	19	40
	3379	17	41
	3380	21	40
	3381	20	40
	3382	21	37
	3383	20	37
	3384	17	36
	3385	20	42
	3386	19	40
	3387	20	38
	3388	20	41
	3389	20	42
	3390	21	40
	3391	18	42
	3392	19	41
	3393	19	41
	3394	23	41
	3395	20	41
	3396	21	39
	3397	21	40
	3398	18	36
	3399	19	42
	3400	19	40
	3401	18	39
	3402	19	39
	3403	19	37
	3404	17	37
	3405	19	42
	3406	17	41
	3407	20	39
	3408	20	40
	3409	21	37
	3410	19	40
	3411	20	40
	3412	17	40
	3413	21	41
	3414	18	38
	3415	21	40
	3416	21	37
	3417	20	39
	3418	21	37
	3419	21	40
	3420	20	41
	3421	19	40
	3422	22	42
	3423	19	41
	3424	20	39
	3425	22	42
	3426	20	38
	3427	19	41
	3428	19	41
	3429	21	39
	3430	18	41
	3431	18	39
	3432	20	38
	3433	20	38
	3434	19	39
	3435	22	40
	3436	19	38
	3437	19	42
	3438	19	35
	3439	19	39
	3440	19	43
	3441	22	41
	3442	20	39
	3443	17	40
	3444	19	40
	3445	19	39
	3446	23	40
	3447	19	38
	3448	20	42
	3449	21	40
	3450	20	37
	3451	19	38
	3452	20	37
	3453	20	41
	3454	19	39
	3455	24	42
	3456	20	40
	3457	20	39
	3458	19	41
	3459	21	39
	3460	22	39
	3461	19	42
	3462	17	42
	3463	20	38
	3464	19	38
	3465	19	40
	3466	20	40
	3467	18	40
	3468	19	38
	3469	22	39
	3470	19	41
	3471	18	41
	3472	18	45
	3473	18	39
	3474	21	36
	3475	21	42
	3476	18	39
	3477	19	40
	3478	19	43
	3479	20	37
	3480	18	38
	3481	21	39
	3482	19	39
	3483	19	43
	3484	17	37
	3485	21	39
	3486	19	40
	3487	18	39
	3488	19	39
	3489	20	40
	3490	20	38
	3491	20	45
	3492	18	37
	3493	20	40
	3494	19	39
	3495	20	38
	3496	20	38
	3497	19	39
	3498	17	41
	3499	20	40
	3500	19	39
	3501	20	36
	3502	18	39
	3503	19	39
	3504	17	41
	3505	21	40
	3506	20	38
	3507	20	36
	3508	19	36
	3509	20	41
	3510	20	39
	3511	21	39
	3512	19	36
	3513	20	40
	3514	19	42
	3515	20	37
	3516	19	39
	3517	18	39
	3518	18	40
	3519	22	41
	3520	20	40
	3521	19	41
	3522	17	37
	3523	20	41
	3524	19	41
	3525	19	43
	3526	19	40
	3527	20	38
	3528	20	38
	3529	19	38
	3530	18	37
	3531	20	40
	3532	19	38
	3533	21	42
	3534	18	37
	3535	20	40
	3536	18	37
	3537	20	41
	3538	19	37
	3539	21	40
	3540	20	44
	3541	21	40
	3542	20	39
	3543	20	38
	3544	19	39
	3545	23	41
	3546	19	41
	3547	21	39
	3548	21	37
	3549	21	40
	3550	22	44
	3551	19	43
	3552	19	41
	3553	21	39
	3554	20	40
	3555	19	40
	3556	19	37
	3557	21	40
	3558	20	39
	3559	20	43
	3560	20	39
	3561	19	40
	3562	20	37
	3563	21	39
	3564	21	38
	3565	20	37
	3566	19	39
	3567	20	41
	3568	19	40
	3569	21	41
	3570	21	37
	3571	19	38
	3572	21	39
	3573	18	41
	3574	21	39
	3575	18	37
	3576	17	38
	3577	19	41
	3578	19	38
	3579	22	40
	3580	20	38
	3581	22	39
	3582	19	38
	3583	27	40
	3584	20	38
	3585	20	41
	3586	23	38
	3587	20	37
	3588	21	40
	3589	20	41
	3590	20	39
	3591	20	37
	3592	21	37
	3593	22	38
	3594	18	42
	3595	21	40
	3596	20	39
	3597	22	40
	3598	19	38
	3599	21	40
	3600	20	40
	3601	20	40
	3602	18	41
	3603	22	37
	3604	20	39
	3605	20	37
	3606	20	39
	3607	20	38
	3608	19	39
	3609	20	39
	3610	21	39
	3611	23	41
	3612	21	39
	3613	21	39
	3614	19	41
	3615	20	41
	3616	18	39
	3617	20	41
	3618	19	40
	3619	20	40
	3620	20	38
	3621	19	37
	3622	20	37
	3623	18	40
	3624	20	38
	3625	20	38
	3626	16	38
	3627	19	39
	3628	17	41
	3629	20	40
	3630	16	39
	3631	18	38
	3632	19	39
	3633	19	38
	3634	19	40
	3635	19	39
	3636	17	38
	3637	21	39
	3638	19	40
	3639	22	39
	3640	18	39
	3641	20	39
	3642	19	39
	3643	20	41
	3644	17	40
	3645	21	42
	3646	20	37
	3647	20	41
	3648	19	40
	3649	21	40
	3650	17	40
	3651	19	41
	3652	18	38
	3653	20	39
	3654	18	38
	3655	17	39
	3656	19	39
	3657	18	40
	3658	19	39
	3659	22	39
	3660	21	38
	3661	16	38
	3662	19	38
	3663	20	42
	3664	21	37
	3665	20	42
	3666	18	38
	3667	23	38
	3668	19	39
	3669	18	41
	3670	19	38
	3671	20	40
	3672	21	36
	3673	20	39
	3674	19	37
	3675	18	39
	3676	20	39
	3677	19	40
	3678	19	38
	3679	21	39
	3680	18	40
	3681	21	41
	3682	21	40
	3683	22	37
	3684	20	37
	3685	22	42
	3686	18	39
	3687	19	39
	3688	18	36
	3689	19	39
	3690	20	38
	3691	19	40
	3692	20	41
	3693	22	41
	3694	14	38
	3695	19	41
	3696	20	38
	3697	20	39
	3698	19	41
	3699	20	39
	3700	24	37
	3701	21	40
	3702	18	40
	3703	18	39
	3704	19	38
	3705	19	40
	3706	20	40
	3707	19	41
	3708	18	39
	3709	19	43
	3710	19	38
	3711	21	39
	3712	18	36
	3713	19	39
	3714	18	39
	3715	20	40
	3716	19	38
	3717	19	37
	3718	18	38
	3719	18	39
	3720	20	39
	3721	19	39
	3722	19	40
	3723	19	38
