	0	174	378
	1	188	382
	2	188	372
	3	196	380
	4	180	376
	5	195	386
	6	176	377
	7	187	384
	8	184	384
	9	185	383
	10	184	381
	11	188	386
	12	190	377
	13	180	383
	14	180	370
	15	181	383
	16	184	377
	17	192	377
	18	183	381
	19	191	381
	20	180	375
	21	190	376
	22	187	376
	23	184	372
	24	183	382
	25	189	391
	26	213	401
	27	214	418
	28	203	410
	29	201	407
	30	217	407
	31	218	422
	32	211	397
	33	207	420
	34	210	400
	35	224	406
	36	210	404
	37	212	406
	38	198	411
	39	214	416
	40	202	403
	41	210	419
	42	211	404
	43	210	423
	44	216	410
	45	223	413
	46	217	403
	47	206	413
	48	220	395
	49	226	410
	50	193	399
	51	225	426
	52	201	411
	53	218	417
	54	215	400
	55	222	420
	56	218	412
	57	209	413
	58	213	405
	59	222	419
	60	227	416
	61	225	415
	62	236	419
	63	213	422
	64	213	424
	65	232	419
	66	231	412
	67	222	421
	68	215	429
	69	233	429
	70	210	419
	71	226	427
	72	220	417
	73	227	421
	74	210	435
	75	236	435
	76	214	430
	77	235	416
	78	225	418
	79	234	428
	80	222	416
	81	231	428
	82	223	411
	83	219	453
	84	224	421
	85	224	427
	86	232	425
	87	238	430
	88	212	418
	89	218	416
	90	226	414
	91	237	423
	92	219	417
	93	226	430
	94	223	441
	95	231	413
	96	216	495
	97	221	433
	98	229	423
	99	231	426
	100	226	414
	101	232	416
	102	225	417
	103	216	437
	104	236	424
	105	227	419
	106	234	413
	107	227	415
	108	225	418
	109	250	441
	110	222	421
	111	226	425
	112	234	414
	113	223	427
	114	217	416
	115	239	427
	116	217	410
	117	247	424
	118	227	426
	119	233	440
	120	214	414
	121	236	423
	122	218	421
	123	238	448
	124	229	410
	125	232	433
	126	239	414
	127	240	417
	128	231	406
	129	225	436
	130	215	425
	131	231	440
	132	224	419
	133	227	411
	134	236	415
	135	250	427
	136	292	414
	137	245	432
	138	231	440
	139	238	423
	140	222	406
	141	285	414
	142	244	418
	143	252	424
	144	216	425
	145	223	423
	146	238	411
	147	233	430
	148	239	451
	149	230	432
	150	228	425
	151	248	426
	152	228	411
	153	239	422
	154	234	424
	155	247	437
	156	233	419
	157	245	434
	158	236	431
	159	240	431
	160	234	440
	161	234	424
	162	231	437
	163	253	437
	164	238	415
	165	233	446
	166	244	429
	167	236	448
	168	232	427
	169	249	427
	170	249	426
	171	229	448
	172	243	420
	173	248	423
	174	235	437
	175	228	438
	176	221	425
	177	238	432
	178	237	431
	179	229	434
	180	235	419
	181	245	422
	182	222	428
	183	244	437
	184	230	418
	185	234	432
	186	228	434
	187	240	437
	188	227	425
	189	245	416
	190	245	423
	191	229	444
	192	246	419
	193	247	441
	194	231	427
	195	231	417
	196	237	431
	197	257	426
	198	234	413
	199	253	437
	200	231	428
	201	254	435
	202	246	430
	203	249	428
	204	236	430
	205	257	424
	206	224	418
	207	243	421
	208	226	424
	209	268	433
	210	243	446
	211	236	445
	212	228	428
	213	253	427
	214	223	433
	215	249	433
	216	237	420
	217	255	446
	218	231	438
	219	236	500
	220	233	426
	221	228	437
	222	225	431
	223	267	434
	224	231	431
	225	243	438
	226	228	419
	227	228	434
	228	230	434
	229	248	431
	230	244	437
	231	250	440
	232	231	418
	233	237	421
	234	249	425
	235	240	424
	236	241	433
	237	249	430
	238	238	424
	239	236	432
	240	233	417
	241	233	443
	242	228	436
	243	242	434
	244	240	426
	245	239	442
	246	223	435
	247	243	432
	248	234	435
	249	248	446
	250	238	420
	251	253	456
	252	235	429
	253	231	430
	254	233	422
	255	254	455
	256	223	429
	257	254	440
	258	222	440
	259	250	447
	260	236	421
	261	230	429
	262	227	433
	263	234	439
	264	226	428
	265	229	452
	266	218	428
	267	237	436
	268	232	422
	269	232	440
	270	215	418
	271	234	431
	272	216	424
	273	239	428
	274	234	434
	275	243	454
	276	217	432
	277	236	428
	278	221	431
	279	230	437
	280	227	424
	281	232	425
	282	224	430
	283	240	425
	284	232	419
	285	241	434
	286	231	434
	287	248	424
	288	226	433
	289	228	424
	290	265	421
	291	236	415
	292	220	444
	293	226	426
	294	218	442
	295	230	430
	296	221	426
	297	229	444
	298	299	432
	299	228	431
	300	228	430
	301	241	431
	302	223	425
	303	245	434
	304	212	423
	305	230	440
	306	225	428
	307	248	431
	308	221	435
	309	236	434
	310	228	423
	311	240	431
	312	228	430
	313	216	432
	314	219	426
	315	226	434
	316	228	425
	317	232	436
	318	229	426
	319	234	437
	320	236	421
	321	231	453
	322	227	438
	323	220	430
	324	223	410
	325	233	417
	326	218	425
	327	233	433
	328	219	428
	329	226	431
	330	220	424
	331	239	443
	332	237	407
	333	240	455
	334	237	420
	335	237	426
	336	213	420
	337	219	455
	338	231	418
	339	252	438
	340	218	426
	341	226	435
	342	215	417
	343	245	446
	344	219	409
	345	239	424
	346	235	436
	347	226	412
	348	214	423
	349	250	419
	350	224	423
	351	229	440
	352	219	421
	353	238	432
	354	217	420
	355	235	427
	356	218	423
	357	220	424
	358	233	425
	359	230	415
	360	232	413
	361	232	427
	362	239	426
	363	251	428
	364	229	422
	365	228	430
	366	224	438
	367	231	431
	368	227	440
	369	228	429
	370	234	424
	371	244	423
	372	213	422
	373	240	423
	374	229	437
	375	233	430
	376	230	412
	377	243	426
	378	227	425
	379	243	425
	380	216	424
	381	225	409
	382	223	422
	383	238	452
	384	228	445
	385	241	430
	386	236	413
	387	239	417
	388	216	430
	389	246	434
	390	222	423
	391	248	436
	392	221	426
	393	232	441
	394	233	425
	395	246	427
	396	227	439
	397	236	437
	398	233	437
	399	237	476
	400	229	431
	401	243	429
	402	248	422
	403	236	435
	404	226	434
	405	255	417
	406	236	427
	407	247	423
	408	227	420
	409	227	438
	410	235	430
	411	246	439
	412	236	416
	413	238	434
	414	235	443
	415	225	440
	416	230	417
	417	241	439
	418	239	437
	419	244	420
	420	231	418
	421	224	429
	422	240	424
	423	247	435
	424	240	430
	425	242	449
	426	227	436
	427	228	453
	428	226	424
	429	238	441
	430	230	430
	431	254	466
	432	237	438
	433	256	441
	434	234	443
	435	242	445
	436	240	425
	437	247	424
	438	234	424
	439	244	437
	440	240	438
	441	239	444
	442	234	436
	443	242	441
	444	238	415
	445	245	442
	446	228	427
	447	247	439
	448	235	415
	449	247	430
	450	239	431
	451	264	424
	452	318	425
	453	251	433
	454	246	436
	455	239	434
	456	253	430
	457	241	430
	458	231	439
	459	243	443
	460	238	433
	461	245	445
	462	231	428
	463	243	449
	464	242	427
	465	243	442
	466	251	446
	467	259	437
	468	232	425
	469	251	432
	470	237	422
	471	259	445
	472	244	430
	473	257	450
	474	272	436
	475	257	433
	476	248	443
	477	242	441
	478	244	437
	479	257	437
	480	247	444
	481	237	443
	482	228	437
	483	262	438
	484	236	431
	485	244	429
	486	246	446
	487	247	448
	488	241	437
	489	248	433
	490	256	437
	491	257	443
	492	256	438
	493	244	434
	494	238	431
	495	247	444
	496	253	425
	497	262	434
	498	240	420
	499	243	432
	500	239	415
	501	271	442
	502	242	434
	503	253	433
	504	260	435
	505	243	434
	506	265	439
	507	247	459
	508	233	422
	509	263	432
	510	242	454
	511	260	450
	512	255	448
	513	261	445
	514	254	424
	515	255	439
	516	230	454
	517	266	465
	518	245	451
	519	257	449
	520	242	442
	521	255	465
	522	253	440
	523	249	465
	524	246	439
	525	245	446
	526	253	441
	527	254	467
	528	250	438
	529	267	449
	530	248	453
	531	263	466
	532	249	443
	533	272	453
	534	256	439
	535	257	446
	536	249	448
	537	263	450
	538	253	454
	539	267	455
	540	262	440
	541	257	449
	542	240	436
	543	267	455
	544	253	449
	545	263	455
	546	258	452
	547	280	452
	548	279	439
	549	252	451
	550	257	446
	551	269	453
	552	265	451
	553	263	451
	554	259	443
	555	265	458
	556	269	456
	557	264	506
	558	268	451
	559	269	462
	560	258	447
	561	275	450
	562	271	439
	563	266	463
	564	265	438
	565	277	456
	566	270	463
	567	276	473
	568	268	453
	569	266	466
	570	266	471
	571	292	474
	572	277	436
	573	265	442
	574	257	445
	575	267	463
	576	271	445
	577	266	478
	578	257	446
	579	273	469
	580	277	452
	581	282	453
	582	270	449
	583	283	466
	584	269	472
	585	273	471
	586	287	467
	587	289	484
	588	279	449
	589	280	467
	590	276	465
	591	291	468
	592	280	457
	593	277	473
	594	269	456
	595	287	468
	596	272	457
	597	280	458
	598	290	461
	599	291	474
	600	281	445
	601	284	467
	602	273	465
	603	282	477
	604	278	472
	605	276	472
	606	290	449
	607	293	473
	608	274	473
	609	285	474
	610	285	457
	611	293	462
	612	278	489
	613	284	479
	614	295	464
	615	297	477
	616	281	468
	617	299	478
	618	289	477
	619	293	488
	620	284	462
	621	292	469
	622	288	472
	623	301	477
	624	281	461
	625	298	472
	626	299	477
	627	303	486
	628	300	470
	629	306	486
	630	289	477
	631	310	473
	632	284	482
	633	300	486
	634	299	472
	635	304	499
	636	309	477
	637	309	479
	638	299	507
	639	303	492
	640	298	468
	641	293	471
	642	300	486
	643	314	485
	644	301	482
	645	298	478
	646	298	476
	647	318	492
	648	308	469
	649	304	494
	650	301	471
	651	336	485
	652	300	481
	653	313	486
	654	282	485
	655	306	481
	656	303	481
	657	330	484
	658	299	476
	659	304	498
	660	316	484
	661	324	497
	662	298	487
	663	316	489
	664	305	494
	665	340	493
	666	325	477
	667	316	494
	668	305	499
	669	304	491
	670	304	490
	671	307	501
	672	317	495
	673	328	504
	674	315	509
	675	318	504
	676	313	498
	677	318	506
	678	314	487
	679	322	508
	680	318	490
	681	315	511
	682	316	485
	683	311	513
	684	312	486
	685	333	509
	686	311	493
	687	324	516
	688	320	476
	689	319	496
	690	327	495
	691	320	493
	692	311	490
	693	334	503
	694	323	510
	695	321	500
	696	317	496
	697	331	507
	698	314	498
	699	335	506
	700	309	492
	701	333	498
	702	329	479
	703	334	484
	704	319	497
	705	311	491
	706	326	510
	707	332	497
	708	395	487
	709	329	500
	710	322	504
	711	333	504
	712	318	503
	713	314	501
	714	321	498
	715	336	523
	716	334	514
	717	329	509
	718	328	507
	719	329	504
	720	331	498
	721	340	502
	722	333	503
	723	323	505
	724	326	504
	725	339	500
	726	344	497
	727	326	504
	728	324	497
	729	339	506
	730	339	496
	731	322	506
	732	325	491
	733	328	514
	734	328	495
	735	341	516
	736	332	504
	737	332	502
	738	334	502
	739	324	531
	740	322	508
	741	331	515
	742	327	510
	743	325	520
	744	321	523
	745	338	502
	746	321	527
	747	336	512
	748	331	503
	749	338	513
	750	314	516
	751	325	500
	752	330	493
	753	318	510
	754	320	500
	755	326	503
	756	329	492
	757	322	503
	758	329	508
	759	352	520
	760	320	495
	761	324	505
	762	320	523
	763	345	522
	764	313	497
	765	324	487
	766	334	492
	767	320	510
	768	322	505
	769	331	506
	770	312	508
	771	337	511
	772	344	501
	773	334	507
	774	310	500
	775	339	502
	776	392	482
	777	328	507
	778	317	500
	779	328	497
	780	316	503
	781	341	503
	782	320	499
	783	328	505
	784	308	497
	785	340	504
	786	312	503
	787	321	507
	788	324	496
	789	330	503
	790	318	509
	791	346	517
	792	314	484
	793	330	512
	794	312	499
	795	318	498
	796	318	486
	797	319	506
	798	308	494
	799	340	498
	800	317	489
	801	317	495
	802	313	500
	803	326	562
	804	312	493
	805	333	492
	806	320	497
	807	330	494
	808	295	525
	809	330	491
	810	316	482
	811	327	507
	812	313	488
	813	310	491
	814	305	494
	815	324	479
	816	315	481
	817	306	488
	818	296	482
	819	330	492
	820	316	471
	821	298	494
	822	309	475
	823	314	505
	824	287	487
	825	293	491
	826	308	479
	827	320	502
	828	308	501
	829	305	492
	830	302	480
	831	311	482
	832	299	479
	833	310	476
	834	316	489
	835	282	486
	836	289	483
	837	313	470
	838	297	475
	839	299	496
	840	299	467
	841	287	491
	842	301	468
	843	298	481
	844	298	461
	845	299	472
	846	296	464
	847	304	484
	848	284	473
	849	311	480
	850	282	477
	851	289	486
	852	273	474
	853	287	490
	854	293	476
	855	294	483
	856	273	468
	857	307	471
	858	287	470
	859	299	478
	860	281	481
	861	283	489
	862	292	476
	863	279	479
	864	277	484
	865	289	471
	866	298	464
	867	283	488
	868	284	480
	869	285	485
	870	273	477
	871	292	484
	872	271	470
	873	266	485
	874	273	465
	875	292	477
	876	278	462
	877	289	468
	878	267	460
	879	303	470
	880	276	462
	881	284	486
	882	272	476
	883	275	480
	884	292	459
	885	291	467
	886	263	459
	887	295	464
	888	281	463
	889	274	479
	890	273	485
	891	275	478
	892	284	451
	893	279	499
	894	273	460
	895	277	463
	896	275	511
	897	277	472
	898	278	454
	899	287	479
	900	274	477
	901	285	460
	902	277	466
	903	274	456
	904	259	448
	905	278	477
	906	269	452
	907	278	458
	908	265	454
	909	259	444
	910	269	457
	911	270	462
	912	268	450
	913	265	462
	914	266	457
	915	273	463
	916	252	466
	917	274	470
	918	269	454
	919	295	461
	920	261	449
	921	276	446
	922	269	456
	923	276	480
	924	263	435
	925	260	471
	926	272	441
	927	270	448
	928	258	463
	929	271	451
	930	264	457
	931	275	484
	932	246	446
	933	268	460
	934	259	454
	935	261	445
	936	276	441
	937	268	459
	938	248	450
	939	254	461
	940	265	443
	941	263	462
	942	258	444
	943	248	450
	944	259	446
	945	276	466
	946	247	439
	947	272	444
	948	263	434
	949	274	432
	950	251	534
	951	258	457
	952	263	459
	953	257	456
	954	258	432
	955	263	438
	956	248	436
	957	273	455
	958	245	443
	959	273	459
	960	249	440
	961	264	439
	962	259	447
	963	255	446
	964	238	443
	965	253	435
	966	228	441
	967	249	438
	968	262	440
	969	260	441
	970	259	448
	971	256	435
	972	244	448
	973	259	463
	974	251	441
	975	248	435
	976	249	450
	977	238	437
	978	255	443
	979	249	445
	980	238	453
	981	249	452
	982	241	435
	983	263	443
	984	252	435
	985	248	449
	986	239	433
	987	254	444
	988	243	445
	989	255	451
	990	230	431
	991	247	444
	992	232	435
	993	239	469
	994	240	443
	995	247	435
	996	225	444
	997	264	447
	998	234	432
	999	238	439
	1000	263	437
	1001	252	443
	1002	234	440
	1003	241	438
	1004	249	431
	1005	245	440
	1006	232	432
	1007	248	436
	1008	226	436
	1009	236	438
	1010	246	432
	1011	241	433
	1012	236	434
	1013	239	439
	1014	240	433
	1015	247	438
	1016	244	446
	1017	234	426
	1018	242	415
	1019	250	436
	1020	229	437
	1021	244	438
	1022	242	445
	1023	248	430
	1024	233	415
	1025	244	430
	1026	229	436
	1027	261	425
	1028	244	425
	1029	241	433
	1030	229	414
	1031	237	453
	1032	219	430
	1033	246	423
	1034	220	425
	1035	244	418
	1036	230	421
	1037	235	448
	1038	240	423
	1039	233	419
	1040	227	425
	1041	230	418
	1042	227	417
	1043	232	430
	1044	228	477
	1045	244	443
	1046	220	427
	1047	236	430
	1048	231	441
	1049	237	428
	1050	218	433
	1051	238	433
	1052	240	427
	1053	235	424
	1054	231	433
	1055	231	485
	1056	218	427
	1057	242	436
	1058	228	420
	1059	243	442
	1060	219	430
	1061	235	432
	1062	222	422
	1063	241	422
	1064	225	426
	1065	228	430
	1066	237	422
	1067	245	422
	1068	230	423
	1069	236	429
	1070	225	429
	1071	234	435
	1072	215	420
	1073	234	409
	1074	232	420
	1075	240	407
	1076	224	416
	1077	294	445
	1078	236	415
	1079	250	430
	1080	226	431
	1081	234	427
	1082	228	427
	1083	233	431
	1084	232	422
	1085	241	423
	1086	219	434
	1087	231	424
	1088	237	411
	1089	236	417
	1090	222	424
	1091	233	435
	1092	216	414
	1093	233	426
	1094	228	422
	1095	233	432
	1096	230	430
	1097	229	420
	1098	220	425
	1099	239	425
	1100	229	429
	1101	234	430
	1102	218	412
	1103	240	428
	1104	222	419
	1105	233	424
	1106	238	422
	1107	231	426
	1108	236	434
	1109	243	432
	1110	233	465
	1111	237	423
	1112	237	407
	1113	243	421
	1114	233	424
	1115	239	422
	1116	227	411
	1117	223	436
	1118	226	417
	1119	236	413
	1120	229	438
	1121	239	431
	1122	223	420
	1123	236	428
	1124	231	415
	1125	234	419
	1126	228	433
	1127	231	419
	1128	229	421
	1129	230	428
	1130	239	429
	1131	226	438
	1132	238	430
	1133	235	428
	1134	217	415
	1135	232	423
	1136	227	464
	1137	242	427
	1138	233	409
	1139	233	439
	1140	250	421
	1141	235	407
	1142	231	424
	1143	231	424
	1144	215	420
	1145	225	422
	1146	213	416
	1147	257	420
	1148	227	415
	1149	228	430
	1150	241	409
	1151	232	430
	1152	213	424
	1153	214	433
	1154	236	416
	1155	239	421
	1156	213	424
	1157	239	427
	1158	219	419
	1159	235	415
	1160	223	422
	1161	247	426
	1162	222	409
	1163	227	461
	1164	224	419
	1165	236	417
	1166	227	413
	1167	238	421
	1168	226	430
	1169	234	432
	1170	220	419
	1171	243	422
	1172	228	413
	1173	224	419
	1174	224	415
	1175	228	430
	1176	240	413
	1177	238	422
	1178	229	402
	1179	233	409
	1180	226	428
	1181	219	417
	1182	250	415
	1183	240	428
	1184	236	420
	1185	232	425
	1186	220	420
	1187	219	407
	1188	226	418
	1189	228	419
	1190	230	426
	1191	225	427
	1192	236	417
	1193	214	434
	1194	218	415
	1195	246	422
	1196	243	418
	1197	227	440
	1198	236	410
	1199	233	424
	1200	235	409
	1201	238	414
	1202	237	419
	1203	237	422
	1204	240	425
	1205	236	429
	1206	244	410
	1207	248	421
	1208	219	418
	1209	238	419
	1210	216	414
	1211	245	427
	1212	216	419
	1213	237	418
	1214	214	416
	1215	246	417
	1216	212	415
	1217	228	421
	1218	227	408
	1219	218	412
	1220	224	415
	1221	255	430
	1222	231	412
	1223	233	430
	1224	227	408
	1225	244	427
	1226	223	427
	1227	225	428
	1228	224	418
	1229	235	439
	1230	224	412
	1231	228	412
	1232	217	414
	1233	237	415
	1234	227	420
	1235	225	429
	1236	228	410
	1237	235	420
	1238	222	415
	1239	233	426
	1240	214	410
	1241	234	438
	1242	235	415
	1243	226	427
	1244	219	413
	1245	223	423
	1246	220	420
	1247	242	431
	1248	229	420
	1249	244	422
	1250	235	404
	1251	234	421
	1252	224	426
	1253	229	421
	1254	223	417
	1255	226	423
	1256	219	423
	1257	231	419
	1258	230	411
	1259	233	415
	1260	238	418
	1261	228	432
	1262	237	439
	1263	229	425
	1264	223	405
	1265	230	418
	1266	290	433
	1267	298	411
	1268	219	410
	1269	241	416
	1270	206	413
	1271	232	427
	1272	213	424
	1273	232	427
	1274	224	422
	1275	242	474
	1276	224	423
	1277	243	418
	1278	230	426
	1279	232	418
	1280	227	410
	1281	239	428
	1282	224	419
	1283	238	423
	1284	228	425
	1285	233	422
	1286	231	417
	1287	231	417
	1288	223	407
	1289	228	419
	1290	229	423
	1291	237	427
	1292	229	412
	1293	237	426
	1294	221	420
	1295	244	421
	1296	232	425
	1297	228	422
	1298	224	420
	1299	239	414
	1300	228	421
	1301	234	427
	1302	218	399
	1303	232	439
	1304	217	407
	1305	238	426
	1306	223	436
	1307	233	420
	1308	218	404
	1309	226	429
	1310	230	408
	1311	235	425
	1312	216	421
	1313	239	428
	1314	237	414
	1315	242	428
	1316	234	413
	1317	227	419
	1318	218	416
	1319	230	419
	1320	220	424
	1321	236	422
	1322	224	424
	1323	234	417
	1324	230	429
	1325	229	427
	1326	227	425
	1327	231	419
	1328	231	429
	1329	230	419
	1330	229	421
	1331	259	432
	1332	226	414
	1333	239	424
	1334	233	416
	1335	240	438
	1336	210	414
	1337	222	421
	1338	217	421
	1339	216	420
	1340	238	420
	1341	233	438
	1342	226	419
	1343	245	419
	1344	221	402
	1345	232	411
	1346	235	423
	1347	225	423
	1348	218	405
	1349	229	425
	1350	222	411
	1351	227	431
	1352	226	417
	1353	225	426
	1354	225	418
	1355	243	426
	1356	219	413
	1357	231	426
	1358	227	434
	1359	234	434
	1360	222	416
	1361	237	420
	1362	218	408
	1363	221	428
	1364	213	427
	1365	231	422
	1366	220	414
	1367	227	428
	1368	221	423
	1369	234	417
	1370	227	418
	1371	239	406
	1372	284	418
	1373	225	417
	1374	220	420
	1375	234	418
	1376	226	404
	1377	231	421
	1378	211	411
	1379	235	419
	1380	228	418
	1381	310	421
	1382	228	413
	1383	235	416
	1384	220	417
	1385	223	418
	1386	236	423
	1387	232	422
	1388	227	407
	1389	224	417
	1390	219	416
	1391	233	421
	1392	212	399
	1393	228	438
	1394	208	419
	1395	225	429
	1396	224	428
	1397	220	416
	1398	215	412
	1399	234	430
	1400	225	420
	1401	238	430
	1402	225	411
	1403	228	423
	1404	229	409
	1405	243	417
	1406	229	408
	1407	232	425
	1408	224	407
	1409	235	411
	1410	229	435
	1411	240	415
	1412	220	425
	1413	246	419
	1414	227	420
	1415	248	432
	1416	222	421
	1417	221	402
	1418	227	409
	1419	246	425
	1420	214	412
	1421	223	422
	1422	221	418
	1423	226	419
	1424	223	426
	1425	229	421
	1426	221	415
	1427	227	427
	1428	214	417
	1429	223	423
	1430	224	424
	1431	230	420
	1432	205	417
	1433	235	413
	1434	219	422
	1435	238	420
	1436	221	417
	1437	232	412
	1438	224	429
	1439	232	418
	1440	224	411
	1441	230	406
	1442	229	411
	1443	226	416
	1444	232	420
	1445	234	410
	1446	210	411
	1447	248	421
	1448	220	406
	1449	231	429
	1450	231	415
	1451	221	429
	1452	211	421
	1453	226	423
	1454	226	421
	1455	231	435
	1456	218	409
	1457	228	420
	1458	240	411
	1459	224	425
	1460	225	415
	1461	220	416
	1462	224	418
	1463	241	428
	1464	223	403
	1465	232	404
	1466	228	417
	1467	219	418
	1468	216	421
	1469	235	423
	1470	212	415
	1471	218	427
	1472	222	404
	1473	222	428
	1474	229	419
	1475	254	417
	1476	220	419
	1477	226	412
	1478	223	419
	1479	236	411
	1480	223	406
	1481	233	409
	1482	223	397
	1483	232	422
	1484	210	410
	1485	216	414
	1486	234	414
	1487	226	429
	1488	213	399
	1489	230	419
	1490	210	414
	1491	242	410
	1492	230	415
	1493	225	424
	1494	228	416
	1495	232	430
	1496	214	411
	1497	243	425
	1498	213	401
	1499	233	423
	1500	217	422
	1501	222	427
	1502	222	407
	1503	233	423
	1504	227	412
	1505	221	418
	1506	221	408
	1507	232	433
	1508	213	412
	1509	230	419
	1510	213	418
	1511	233	412
	1512	222	410
	1513	232	419
	1514	211	406
	1515	229	423
	1516	213	407
	1517	229	416
	1518	220	409
	1519	219	418
	1520	237	406
	1521	223	411
	1522	227	415
	1523	228	414
	1524	211	418
	1525	233	403
	1526	217	412
	1527	237	417
	1528	231	418
	1529	224	425
	1530	230	416
	1531	298	430
	1532	205	417
	1533	238	415
	1534	220	409
	1535	219	426
	1536	222	419
	1537	222	414
	1538	228	416
	1539	231	418
	1540	212	410
	1541	231	427
	1542	223	421
	1543	244	417
	1544	223	419
	1545	225	425
	1546	216	406
	1547	221	429
	1548	209	418
	1549	225	421
	1550	225	419
	1551	222	421
	1552	227	420
	1553	235	414
	1554	220	403
	1555	234	422
	1556	220	433
	1557	227	416
	1558	228	465
	1559	231	416
	1560	213	409
	1561	237	410
	1562	228	422
	1563	232	431
	1564	223	414
	1565	249	428
	1566	233	404
	1567	238	428
	1568	231	419
	1569	239	433
	1570	231	417
	1571	243	509
	1572	225	413
	1573	228	428
	1574	232	420
	1575	246	424
	1576	242	435
	1577	242	432
	1578	239	437
	1579	234	423
	1580	226	410
	1581	243	421
	1582	237	428
	1583	245	445
	1584	246	418
	1585	262	434
	1586	247	430
	1587	245	430
	1588	227	423
	1589	247	431
	1590	247	414
	1591	240	426
	1592	226	423
	1593	254	422
	1594	233	421
	1595	248	438
	1596	235	420
	1597	301	424
	1598	247	427
	1599	246	455
	1600	231	428
	1601	243	427
	1602	230	428
	1603	239	420
	1604	229	434
	1605	242	433
	1606	232	419
	1607	240	432
	1608	227	421
	1609	251	434
	1610	230	434
	1611	240	437
	1612	232	420
	1613	243	437
	1614	253	412
	1615	232	426
	1616	233	424
	1617	248	428
	1618	229	409
	1619	246	427
	1620	233	425
	1621	235	440
	1622	239	430
	1623	229	419
	1624	255	421
	1625	251	430
	1626	242	423
	1627	246	432
	1628	231	423
	1629	240	429
	1630	229	424
	1631	236	437
	1632	236	417
	1633	250	430
	1634	226	434
	1635	253	438
	1636	231	415
	1637	232	431
	1638	230	425
	1639	244	435
	1640	229	417
	1641	242	434
	1642	218	419
	1643	259	422
	1644	227	424
	1645	254	430
	1646	295	417
	1647	240	430
	1648	236	425
	1649	248	435
	1650	241	428
	1651	229	430
	1652	229	423
	1653	254	438
	1654	241	427
	1655	265	424
	1656	223	418
	1657	249	438
	1658	235	423
	1659	248	429
	1660	236	424
	1661	239	426
	1662	236	432
	1663	255	422
	1664	235	423
	1665	250	434
	1666	248	424
	1667	257	426
	1668	228	427
	1669	237	427
	1670	218	426
	1671	253	415
	1672	215	419
	1673	258	420
	1674	230	405
	1675	239	434
	1676	246	413
	1677	249	425
	1678	238	415
	1679	238	428
	1680	241	415
	1681	237	440
	1682	236	437
	1683	244	424
	1684	228	429
	1685	233	429
	1686	232	411
	1687	256	432
	1688	238	426
	1689	242	427
	1690	217	418
	1691	232	421
	1692	212	426
	1693	234	434
	1694	234	422
	1695	227	429
	1696	217	429
	1697	221	434
	1698	227	410
	1699	238	411
	1700	217	412
	1701	222	416
	1702	214	421
	1703	225	406
	1704	210	421
	1705	251	411
	1706	214	408
	1707	225	409
	1708	214	409
	1709	219	410
	1710	219	405
	1711	217	414
	1712	201	403
	1713	213	414
	1714	212	411
	1715	245	413
	1716	214	401
	1717	216	409
	1718	215	403
	1719	213	412
	1720	210	389
	1721	222	407
	1722	219	407
	1723	217	415
	1724	203	400
	1725	211	419
	1726	273	397
	1727	217	418
	1728	226	403
	1729	210	410
	1730	211	394
	1731	220	420
	1732	217	399
	1733	207	414
	1734	210	407
	1735	214	408
	1736	211	421
	1737	225	412
	1738	214	406
	1739	225	402
	1740	225	397
	1741	217	405
	1742	221	406
	1743	228	410
	1744	216	400
	1745	210	414
	1746	206	401
	1747	222	406
	1748	224	408
	1749	220	411
	1750	212	404
	1751	219	408
	1752	198	398
	1753	220	409
	1754	202	411
	1755	219	411
	1756	205	405
	1757	210	415
	1758	211	408
	1759	211	410
	1760	208	427
	1761	213	408
	1762	215	414
	1763	218	405
	1764	210	402
	1765	219	419
	1766	207	399
	1767	220	405
	1768	203	395
	1769	211	415
	1770	206	396
	1771	218	412
	1772	208	402
	1773	213	411
	1774	215	401
	1775	211	411
	1776	207	418
	1777	215	402
	1778	226	400
	1779	227	402
	1780	214	408
	1781	211	422
	1782	218	407
	1783	212	402
	1784	209	406
	1785	215	412
	1786	204	399
	1787	213	403
	1788	216	417
	1789	216	411
	1790	205	395
	1791	217	407
	1792	202	402
	1793	211	406
	1794	208	404
	1795	206	416
	1796	214	404
	1797	213	400
	1798	200	398
	1799	220	403
	1800	200	393
	1801	213	407
	1802	200	408
	1803	221	417
	1804	210	398
	1805	207	400
	1806	200	414
	1807	221	398
	1808	198	404
	1809	216	405
	1810	209	394
	1811	217	408
	1812	206	413
	1813	217	398
	1814	198	404
	1815	209	404
	1816	206	407
	1817	213	412
	1818	209	401
	1819	220	408
	1820	201	401
	1821	207	412
	1822	190	408
	1823	217	412
	1824	205	394
	1825	202	419
	1826	208	401
	1827	204	417
	1828	210	402
	1829	204	407
	1830	197	414
	1831	214	410
	1832	201	403
	1833	218	397
	1834	201	407
	1835	240	404
	1836	201	396
	1837	212	410
	1838	208	393
	1839	214	409
	1840	203	389
	1841	208	418
	1842	213	416
	1843	211	406
	1844	201	392
	1845	211	409
	1846	201	396
	1847	214	411
	1848	210	404
	1849	217	410
	1850	198	396
	1851	212	405
	1852	202	417
	1853	218	396
	1854	204	397
	1855	203	407
	1856	209	396
	1857	225	415
	1858	215	399
	1859	217	404
	1860	197	392
	1861	212	402
	1862	228	403
	1863	216	417
	1864	203	404
	1865	220	410
	1866	206	400
	1867	210	396
	1868	198	408
	1869	207	410
	1870	200	407
	1871	218	409
	1872	218	397
	1873	207	400
	1874	205	404
	1875	215	402
	1876	204	401
	1877	214	407
	1878	207	388
	1879	226	412
	1880	217	399
	1881	215	396
	1882	202	394
	1883	221	397
	1884	208	393
	1885	219	412
	1886	208	402
	1887	204	419
	1888	208	388
	1889	215	398
	1890	203	401
	1891	214	417
	1892	204	404
	1893	219	409
	1894	197	409
	1895	214	419
	1896	202	403
	1897	204	418
	1898	215	397
	1899	214	404
	1900	201	414
	1901	216	395
	1902	193	400
	1903	215	403
	1904	218	400
	1905	210	409
	1906	207	402
	1907	289	405
	1908	206	394
	1909	223	410
	1910	207	385
	1911	215	412
	1912	204	406
	1913	205	400
	1914	210	410
	1915	202	408
	1916	211	396
	1917	209	403
	1918	216	390
	1919	203	402
	1920	198	403
	1921	213	456
	1922	205	405
	1923	220	399
	1924	207	397
	1925	220	406
	1926	204	404
	1927	213	402
	1928	208	398
	1929	217	411
	1930	200	390
	1931	214	404
	1932	207	391
	1933	208	409
	1934	202	400
	1935	218	407
	1936	201	394
	1937	215	404
	1938	196	409
	1939	211	397
	1940	209	398
	1941	204	411
	1942	207	391
	1943	210	405
	1944	204	390
	1945	211	413
	1946	208	394
	1947	209	399
	1948	209	404
	1949	206	413
	1950	203	416
	1951	214	402
	1952	204	392
	1953	218	403
	1954	214	399
	1955	219	415
	1956	212	394
	1957	205	403
	1958	197	395
	1959	211	400
	1960	206	404
	1961	209	403
	1962	199	393
	1963	221	421
	1964	201	397
	1965	207	398
	1966	204	401
	1967	221	397
	1968	215	392
	1969	213	418
	1970	203	414
	1971	203	405
	1972	199	402
	1973	211	402
	1974	211	395
	1975	209	404
	1976	195	400
	1977	215	399
	1978	208	410
	1979	216	404
	1980	205	395
	1981	213	401
	1982	212	392
	1983	208	401
	1984	213	396
	1985	211	421
	1986	196	394
	1987	209	406
	1988	203	406
	1989	214	409
	1990	210	401
	1991	205	407
	1992	207	394
	1993	208	408
	1994	196	396
	1995	213	406
	1996	204	393
	1997	214	403
	1998	206	398
	1999	210	416
	2000	201	401
	2001	200	404
	2002	209	395
	2003	210	400
	2004	210	418
	2005	207	419
	2006	203	403
	2007	215	407
	2008	202	401
	2009	215	399
	2010	202	393
	2011	210	409
	2012	206	418
	2013	208	408
	2014	203	423
	2015	216	405
	2016	201	407
	2017	204	404
	2018	202	401
	2019	211	396
	2020	209	402
	2021	218	403
	2022	203	399
	2023	212	396
	2024	203	399
	2025	208	403
	2026	194	408
	2027	214	406
	2028	198	404
	2029	215	406
	2030	200	392
	2031	217	414
	2032	197	396
	2033	219	406
	2034	204	387
	2035	214	414
	2036	198	401
	2037	215	411
	2038	203	405
	2039	206	413
	2040	213	405
	2041	216	407
	2042	206	393
	2043	206	409
	2044	196	403
	2045	210	393
	2046	208	413
	2047	207	399
	2048	196	404
	2049	205	410
	2050	203	389
	2051	207	398
	2052	201	400
	2053	210	398
	2054	199	408
	2055	205	406
	2056	204	397
	2057	208	400
	2058	197	387
	2059	202	408
	2060	197	392
	2061	209	406
	2062	198	401
	2063	213	404
	2064	192	403
	2065	213	401
	2066	208	389
	2067	213	409
	2068	205	401
	2069	209	402
	2070	196	390
	2071	203	413
	2072	194	399
	2073	202	404
	2074	195	394
	2075	202	409
	2076	204	399
	2077	209	405
	2078	189	408
	2079	219	408
	2080	207	399
	2081	198	403
	2082	188	401
	2083	215	405
	2084	197	400
	2085	209	403
	2086	202	397
	2087	212	398
	2088	200	393
	2089	200	408
	2090	194	393
	2091	208	406
	2092	199	386
	2093	214	405
	2094	213	400
	2095	206	412
	2096	198	393
	2097	206	402
	2098	197	397
	2099	198	405
	2100	200	395
	2101	206	420
	2102	194	391
	2103	213	407
	2104	205	397
	2105	212	396
	2106	201	407
	2107	207	394
	2108	198	382
	2109	201	401
	2110	195	392
	2111	225	401
	2112	191	386
	2113	214	396
	2114	214	401
	2115	203	408
	2116	202	404
	2117	208	406
	2118	196	402
	2119	211	403
	2120	198	391
	2121	219	395
	2122	193	417
	2123	217	417
	2124	200	413
	2125	212	402
	2126	196	394
	2127	200	411
	2128	207	392
	2129	203	405
	2130	196	401
	2131	208	405
	2132	193	413
	2133	209	409
	2134	198	391
	2135	199	394
	2136	200	387
	2137	204	402
	2138	199	402
	2139	213	394
	2140	201	406
	2141	219	402
	2142	204	389
	2143	205	399
	2144	189	398
	2145	217	404
	2146	202	405
	2147	208	403
	2148	213	394
	2149	208	412
	2150	203	387
	2151	220	401
	2152	191	411
	2153	212	398
	2154	207	393
	2155	206	403
	2156	190	399
	2157	211	392
	2158	197	388
	2159	202	394
	2160	206	388
	2161	204	395
	2162	199	399
	2163	213	396
	2164	206	394
	2165	209	403
	2166	200	402
	2167	205	402
	2168	187	397
	2169	207	404
	2170	201	592
	2171	220	399
	2172	200	397
	2173	209	393
	2174	210	397
	2175	209	398
	2176	207	402
	2177	210	398
	2178	190	401
	2179	210	395
	2180	203	393
	2181	204	405
	2182	201	390
	2183	221	399
	2184	204	391
	2185	203	399
	2186	187	397
	2187	214	399
	2188	193	384
	2189	211	397
	2190	195	391
	2191	201	410
	2192	202	404
	2193	210	398
	2194	197	461
	2195	204	402
	2196	196	399
	2197	206	399
	2198	189	400
	2199	206	403
	2200	194	392
	2201	208	407
	2202	198	404
	2203	217	404
	2204	194	390
	2205	302	400
	2206	202	390
	2207	201	403
	2208	195	397
	2209	217	400
	2210	205	401
	2211	208	397
	2212	197	395
	2213	206	404
	2214	198	395
	2215	204	402
	2216	196	404
	2217	213	401
	2218	205	404
	2219	207	409
	2220	194	389
	2221	207	407
	2222	194	389
	2223	215	404
	2224	199	395
	2225	209	398
	2226	200	386
	2227	208	398
	2228	205	389
	2229	197	395
	2230	193	399
	2231	221	406
	2232	200	393
	2233	199	405
	2234	200	401
	2235	209	405
	2236	192	390
	2237	216	389
	2238	192	388
	2239	212	430
	2240	198	392
	2241	204	403
	2242	200	398
	2243	212	409
	2244	211	392
	2245	214	399
	2246	199	397
	2247	220	397
	2248	207	387
	2249	211	401
	2250	203	395
	2251	206	402
	2252	197	388
	2253	211	404
	2254	198	390
	2255	209	400
	2256	205	386
	2257	206	406
	2258	205	392
	2259	203	400
	2260	198	395
	2261	209	393
	2262	208	388
	2263	198	408
	2264	202	401
	2265	212	402
	2266	199	389
	2267	206	406
	2268	211	395
	2269	201	396
	2270	197	393
	2271	213	399
	2272	195	405
	2273	207	402
	2274	212	387
	2275	208	404
	2276	197	399
	2277	202	411
	2278	192	397
	2279	200	406
	2280	200	390
	2281	202	396
	2282	213	391
	2283	209	406
	2284	194	399
	2285	213	393
	2286	203	392
	2287	210	402
	2288	204	390
	2289	207	403
	2290	199	400
	2291	205	410
	2292	197	397
	2293	207	405
	2294	210	394
	2295	203	410
	2296	195	390
	2297	205	398
	2298	202	402
	2299	216	398
	2300	204	389
	2301	201	394
	2302	203	389
	2303	209	397
	2304	198	409
	2305	205	405
	2306	197	408
	2307	207	409
	2308	185	393
	2309	203	399
	2310	192	388
	2311	211	402
	2312	194	391
	2313	209	400
	2314	193	395
	2315	203	412
	2316	193	386
	2317	205	400
	2318	197	395
	2319	198	396
	2320	202	398
	2321	219	393
	2322	201	389
	2323	221	397
	2324	200	394
	2325	210	404
	2326	195	386
	2327	205	402
	2328	191	401
	2329	216	404
	2330	214	391
	2331	202	402
	2332	196	393
	2333	206	399
	2334	198	399
	2335	207	404
	2336	199	400
	2337	200	399
	2338	202	390
	2339	210	406
	2340	198	397
	2341	192	394
	2342	188	401
	2343	203	408
	2344	188	400
	2345	211	392
	2346	196	399
	2347	213	396
	2348	192	397
	2349	207	390
	2350	188	392
	2351	200	406
	2352	188	394
	2353	207	408
	2354	194	399
	2355	213	395
	2356	193	402
	2357	204	391
	2358	193	399
	2359	196	401
	2360	195	394
	2361	203	402
	2362	194	396
	2363	207	411
	2364	198	398
	2365	214	406
	2366	191	399
	2367	207	404
	2368	198	394
	2369	205	407
	2370	200	398
	2371	212	396
	2372	202	395
	2373	208	405
	2374	196	388
	2375	213	399
	2376	196	393
	2377	211	395
	2378	189	401
	2379	207	409
	2380	192	390
	2381	205	407
	2382	214	397
	2383	210	402
	2384	203	406
	2385	203	407
	2386	198	401
	2387	209	401
	2388	202	386
	2389	202	399
	2390	198	407
	2391	204	411
	2392	195	396
	2393	206	402
	2394	202	385
	2395	202	391
	2396	203	391
	2397	201	414
	2398	198	406
	2399	202	404
	2400	194	416
	2401	203	400
	2402	198	397
	2403	276	409
	2404	204	401
	2405	207	397
	2406	197	393
	2407	206	400
	2408	202	402
	2409	202	397
	2410	194	399
	2411	219	403
	2412	206	403
	2413	212	412
	2414	191	389
	2415	220	402
	2416	193	398
	2417	208	441
	2418	211	403
	2419	209	407
	2420	199	388
	2421	225	407
	2422	196	391
	2423	205	411
	2424	192	397
	2425	222	397
	2426	186	389
	2427	218	418
	2428	197	403
	2429	212	401
	2430	196	405
	2431	223	401
	2432	199	402
	2433	209	422
	2434	200	403
	2435	198	403
	2436	200	390
	2437	208	407
	2438	196	398
	2439	211	407
	2440	199	387
	2441	192	404
	2442	205	392
	2443	203	400
	2444	196	395
	2445	194	396
	2446	211	392
	2447	203	403
	2448	189	396
	2449	195	395
	2450	200	403
	2451	209	404
	2452	211	395
	2453	209	410
	2454	205	406
	2455	206	412
	2456	200	393
	2457	208	404
	2458	206	398
	2459	207	404
	2460	199	393
	2461	207	415
	2462	200	401
	2463	207	389
	2464	203	440
	2465	202	393
	2466	204	390
	2467	207	410
	2468	201	384
	2469	203	405
	2470	195	406
	2471	203	398
	2472	201	391
	2473	199	415
	2474	206	398
	2475	203	400
	2476	199	391
	2477	201	411
	2478	192	395
	2479	202	401
	2480	201	400
	2481	214	411
	2482	195	403
	2483	199	402
	2484	191	402
	2485	214	400
	2486	191	400
	2487	194	403
	2488	193	395
	2489	207	400
	2490	199	398
	2491	205	408
	2492	192	394
	2493	203	399
	2494	196	391
	2495	209	421
	2496	193	397
	2497	200	401
	2498	187	391
	2499	204	409
	2500	196	395
	2501	199	397
	2502	215	395
	2503	202	394
	2504	208	387
	2505	200	399
	2506	195	400
	2507	212	413
	2508	202	398
	2509	207	405
	2510	205	403
	2511	215	401
	2512	204	403
	2513	206	424
	2514	196	390
	2515	196	398
	2516	201	402
	2517	206	402
	2518	202	403
	2519	214	395
	2520	202	389
	2521	208	392
	2522	189	406
	2523	208	402
	2524	194	403
	2525	209	405
	2526	202	397
	2527	205	407
	2528	195	396
	2529	209	394
	2530	192	393
	2531	207	404
	2532	193	390
	2533	194	398
	2534	194	397
	2535	215	403
	2536	199	400
	2537	218	404
	2538	201	394
	2539	203	410
	2540	205	391
	2541	205	406
	2542	200	389
	2543	212	398
	2544	201	386
	2545	204	400
	2546	198	390
	2547	200	405
	2548	200	402
	2549	203	398
	2550	204	391
	2551	204	403
	2552	192	399
	2553	205	402
	2554	195	393
	2555	208	404
	2556	191	398
	2557	208	401
	2558	196	393
	2559	216	407
	2560	189	395
	2561	203	396
	2562	204	394
	2563	219	396
	2564	204	386
	2565	197	391
	2566	199	386
	2567	219	458
	2568	203	406
	2569	202	398
	2570	203	387
	2571	217	395
	2572	197	392
	2573	201	400
	2574	193	394
	2575	213	397
	2576	197	391
	2577	208	396
	2578	202	392
	2579	209	405
	2580	201	387
	2581	208	397
	2582	190	404
	2583	200	402
	2584	195	387
	2585	203	405
	2586	193	397
	2587	195	407
	2588	202	395
	2589	216	397
	2590	204	394
	2591	215	406
	2592	196	391
	2593	200	398
	2594	191	399
	2595	210	400
	2596	199	398
	2597	204	399
	2598	194	395
	2599	206	402
	2600	196	399
	2601	211	403
	2602	197	396
	2603	200	399
	2604	204	392
	2605	204	400
	2606	199	407
	2607	205	394
	2608	197	403
	2609	205	397
	2610	192	406
	2611	195	388
	2612	196	403
	2613	196	399
	2614	190	391
	2615	219	414
	2616	189	386
	2617	203	409
	2618	191	390
	2619	208	406
	2620	191	393
	2621	206	398
	2622	198	404
	2623	206	392
	2624	199	395
	2625	206	399
	2626	269	394
	2627	203	394
	2628	191	393
	2629	199	399
	2630	201	394
	2631	200	406
	2632	202	382
	2633	209	411
	2634	193	388
	2635	207	403
	2636	196	401
	2637	205	401
	2638	194	386
	2639	204	400
	2640	200	393
	2641	210	413
	2642	198	401
	2643	206	409
	2644	193	385
	2645	215	410
	2646	205	400
	2647	205	397
	2648	190	398
	2649	194	405
	2650	190	408
	2651	206	400
	2652	203	396
	2653	204	400
	2654	217	392
	2655	205	405
	2656	206	393
	2657	208	401
	2658	196	381
	2659	206	399
	2660	208	399
	2661	198	391
	2662	202	401
	2663	209	402
	2664	190	395
	2665	212	402
	2666	194	393
	2667	210	394
	2668	199	404
	2669	210	399
	2670	187	389
	2671	213	416
	2672	194	393
	2673	212	408
	2674	204	391
	2675	195	407
	2676	200	397
	2677	194	417
	2678	191	386
	2679	205	403
	2680	197	395
	2681	204	397
	2682	195	394
	2683	209	407
	2684	193	392
	2685	207	403
	2686	199	391
	2687	199	390
	2688	201	388
	2689	208	399
	2690	193	388
	2691	210	401
	2692	208	392
	2693	201	399
	2694	188	392
	2695	204	391
	2696	198	396
	2697	205	405
	2698	198	390
	2699	211	412
	2700	198	399
	2701	201	394
	2702	192	403
	2703	211	405
	2704	199	400
	2705	213	400
	2706	196	395
	2707	206	392
	2708	200	400
	2709	206	393
	2710	202	393
	2711	218	422
	2712	205	391
	2713	213	405
	2714	206	405
	2715	215	399
	2716	195	391
	2717	197	400
	2718	200	393
	2719	214	411
	2720	196	393
	2721	266	397
	2722	199	398
	2723	207	406
	2724	186	391
	2725	208	418
	2726	243	394
	2727	200	401
	2728	193	403
	2729	202	414
	2730	193	392
	2731	206	417
	2732	194	382
	2733	205	399
	2734	196	408
	2735	206	393
	2736	197	391
	2737	202	402
	2738	203	394
	2739	206	408
	2740	194	406
	2741	201	404
	2742	203	404
	2743	209	397
	2744	205	405
	2745	192	397
	2746	204	395
	2747	222	391
	2748	194	410
	2749	209	399
	2750	204	390
	2751	200	410
	2752	202	386
	2753	205	387
	2754	193	390
	2755	208	397
	2756	200	392
	2757	212	405
	2758	199	393
	2759	210	388
	2760	184	381
	2761	197	406
	2762	194	406
	2763	224	400
	2764	190	395
	2765	216	398
	2766	191	393
	2767	212	394
	2768	198	400
	2769	203	397
	2770	203	400
	2771	217	406
	2772	191	391
	2773	212	395
	2774	197	396
	2775	211	391
	2776	200	394
	2777	197	401
	2778	195	392
	2779	209	398
	2780	208	407
	2781	211	400
	2782	196	399
	2783	269	404
	2784	195	393
	2785	199	401
	2786	211	409
	2787	209	397
	2788	205	396
	2789	197	400
	2790	208	390
	2791	206	404
	2792	203	397
	2793	195	390
	2794	202	398
	2795	207	397
	2796	199	395
	2797	215	410
	2798	192	400
	2799	205	398
	2800	202	397
	2801	211	409
	2802	206	447
	2803	210	402
	2804	197	390
	2805	208	400
	2806	199	400
	2807	201	401
	2808	204	401
	2809	214	403
	2810	193	408
	2811	203	408
	2812	196	407
	2813	211	408
	2814	196	407
	2815	206	402
	2816	196	396
	2817	207	401
	2818	196	395
	2819	214	404
	2820	206	389
	2821	210	400
	2822	198	392
	2823	205	402
	2824	203	394
	2825	208	398
	2826	199	397
	2827	211	398
	2828	197	394
	2829	210	403
	2830	207	382
	2831	261	403
	2832	197	394
	2833	198	400
	2834	199	394
	2835	207	402
	2836	201	394
	2837	207	412
	2838	213	388
	2839	202	399
	2840	198	405
	2841	199	395
	2842	199	386
	2843	203	400
	2844	196	391
	2845	202	405
	2846	207	386
	2847	205	397
	2848	195	392
	2849	201	402
	2850	188	395
	2851	209	406
	2852	199	395
	2853	221	399
	2854	197	389
	2855	209	411
	2856	201	395
	2857	203	397
	2858	183	386
	2859	229	409
	2860	198	401
	2861	224	401
	2862	198	388
	2863	197	392
	2864	209	385
	2865	202	397
	2866	193	401
	2867	197	395
	2868	193	400
	2869	214	409
	2870	214	383
	2871	197	401
	2872	201	387
	2873	207	397
	2874	192	400
	2875	211	405
	2876	200	387
	2877	200	401
	2878	198	411
	2879	201	399
	2880	201	397
	2881	201	398
	2882	198	393
	2883	218	407
	2884	190	388
	2885	200	402
	2886	193	389
	2887	209	392
	2888	193	397
	2889	368	407
	2890	207	392
	2891	203	413
	2892	204	400
	2893	208	399
	2894	203	395
	2895	212	399
	2896	190	396
	2897	199	402
	2898	215	404
	2899	210	406
	2900	196	404
	2901	212	400
	2902	187	394
	2903	195	398
	2904	195	398
	2905	197	407
	2906	194	410
	2907	202	396
	2908	192	397
	2909	202	398
	2910	195	390
	2911	206	447
	2912	204	390
	2913	208	404
	2914	194	425
	2915	204	397
	2916	194	388
	2917	198	394
	2918	207	396
	2919	212	395
	2920	252	398
	2921	210	402
	2922	196	393
	2923	205	413
	2924	204	394
	2925	205	402
	2926	195	396
	2927	198	402
	2928	209	385
	2929	197	410
	2930	194	401
	2931	203	401
	2932	197	397
	2933	207	400
	2934	203	401
	2935	204	396
	2936	188	409
	2937	197	397
	2938	188	409
	2939	211	402
	2940	196	395
	2941	209	397
	2942	198	394
	2943	205	404
	2944	189	406
	2945	206	397
	2946	199	391
	2947	208	400
	2948	209	397
	2949	206	395
	2950	192	393
	2951	207	402
	2952	190	396
	2953	211	408
	2954	197	400
	2955	200	403
	2956	204	393
	2957	213	404
	2958	201	405
	2959	222	401
	2960	191	402
	2961	203	405
	2962	207	397
	2963	205	403
	2964	188	393
	2965	203	405
	2966	207	399
	2967	199	410
	2968	204	389
	2969	203	415
	2970	194	399
	2971	212	395
	2972	192	402
	2973	215	391
	2974	189	391
	2975	205	409
	2976	195	390
	2977	204	400
	2978	196	394
	2979	206	405
	2980	201	393
	2981	212	405
	2982	190	385
	2983	210	409
	2984	199	396
	2985	202	399
	2986	194	403
	2987	203	396
	2988	194	391
	2989	212	397
	2990	196	391
	2991	201	395
	2992	202	390
	2993	206	399
	2994	196	392
	2995	207	405
	2996	195	393
	2997	217	399
	2998	230	403
	2999	217	401
	3000	194	392
	3001	195	397
	3002	209	392
	3003	211	403
	3004	206	415
	3005	206	395
	3006	204	397
	3007	211	404
	3008	189	393
	3009	197	405
	3010	206	396
	3011	202	397
	3012	202	396
	3013	193	401
	3014	197	405
	3015	209	403
	3016	201	389
	3017	215	404
	3018	195	390
	3019	208	399
	3020	192	397
	3021	211	401
	3022	193	398
	3023	205	403
	3024	193	402
	3025	201	401
	3026	200	402
	3027	214	407
	3028	194	391
	3029	216	398
	3030	187	396
	3031	212	411
	3032	197	396
	3033	214	406
	3034	198	393
	3035	209	407
	3036	199	384
	3037	203	398
	3038	200	394
	3039	202	395
	3040	198	392
	3041	207	413
	3042	199	403
	3043	207	393
	3044	194	399
	3045	196	401
	3046	199	400
	3047	197	394
	3048	189	388
	3049	214	410
	3050	203	398
	3051	216	405
	3052	194	394
	3053	204	411
	3054	191	394
	3055	193	403
	3056	211	390
	3057	216	405
	3058	203	394
	3059	208	403
	3060	199	396
	3061	205	400
	3062	201	398
	3063	214	413
	3064	189	399
	3065	202	405
	3066	187	403
	3067	201	405
	3068	208	388
	3069	202	410
	3070	199	398
	3071	207	405
	3072	192	391
	3073	199	410
	3074	198	390
	3075	208	403
	3076	205	396
	3077	198	416
	3078	194	397
	3079	207	397
	3080	198	394
	3081	208	405
	3082	199	390
	3083	219	417
	3084	197	406
	3085	211	399
	3086	200	391
	3087	205	406
	3088	198	383
	3089	207	401
	3090	195	404
	3091	210	405
	3092	205	400
	3093	196	403
	3094	200	393
	3095	217	393
	3096	200	397
	3097	205	402
	3098	186	394
	3099	206	397
	3100	193	399
	3101	206	400
	3102	196	400
	3103	203	404
	3104	188	397
	3105	208	398
	3106	196	398
	3107	202	403
	3108	193	392
	3109	203	409
	3110	196	392
	3111	194	405
	3112	191	407
	3113	199	401
	3114	194	398
	3115	206	408
	3116	196	391
	3117	209	406
	3118	199	394
	3119	200	400
	3120	193	399
	3121	200	405
	3122	206	397
	3123	208	416
	3124	195	389
	3125	198	402
	3126	190	401
	3127	212	405
	3128	188	394
	3129	200	389
	3130	188	407
	3131	211	392
	3132	195	392
	3133	212	404
	3134	184	395
	3135	200	408
	3136	208	402
	3137	203	404
	3138	199	399
	3139	201	401
	3140	197	395
	3141	199	407
	3142	206	392
	3143	205	400
	3144	196	404
	3145	205	390
	3146	230	387
	3147	198	411
	3148	191	389
	3149	208	400
	3150	198	386
	3151	219	396
	3152	199	395
	3153	211	406
	3154	195	393
	3155	204	400
	3156	206	405
	3157	207	399
	3158	192	410
	3159	202	395
	3160	190	398
	3161	208	407
	3162	194	386
	3163	209	406
	3164	190	398
	3165	209	401
	3166	204	393
	3167	214	409
	3168	197	395
	3169	205	398
	3170	207	394
	3171	203	415
	3172	199	396
	3173	215	398
	3174	205	390
	3175	203	407
	3176	197	395
	3177	210	397
	3178	197	397
	3179	213	399
	3180	200	391
	3181	209	408
	3182	206	388
	3183	203	408
	3184	198	396
	3185	251	406
	3186	201	399
	3187	206	399
	3188	191	384
	3189	212	397
	3190	190	406
	3191	216	396
	3192	196	401
	3193	203	411
	3194	196	396
	3195	216	393
	3196	195	401
	3197	202	391
	3198	201	390
	3199	204	394
	3200	212	389
	3201	204	400
	3202	196	391
	3203	204	392
	3204	197	396
	3205	204	408
	3206	198	387
	3207	207	404
	3208	196	399
	3209	203	401
	3210	184	400
	3211	216	413
	3212	190	399
	3213	220	415
	3214	201	394
	3215	212	404
	3216	191	401
	3217	212	400
	3218	207	398
	3219	210	397
	3220	201	397
	3221	197	404
	3222	196	385
	3223	217	454
	3224	198	390
	3225	207	406
	3226	196	400
	3227	198	415
	3228	197	393
	3229	214	409
	3230	196	400
	3231	221	392
	3232	197	394
	3233	200	414
	3234	197	398
	3235	197	411
	3236	203	398
	3237	208	389
	3238	188	395
	3239	211	407
	3240	207	393
	3241	213	440
	3242	184	396
	3243	206	411
	3244	203	391
	3245	200	409
	3246	203	422
	3247	216	393
	3248	201	397
	3249	200	399
	3250	194	392
	3251	200	406
	3252	205	388
	3253	209	401
	3254	192	400
	3255	207	408
	3256	200	399
	3257	204	406
	3258	191	392
	3259	203	400
	3260	199	389
	3261	208	403
	3262	194	397
	3263	212	403
	3264	191	399
	3265	200	396
	3266	192	399
	3267	205	403
	3268	206	396
	3269	204	404
	3270	199	397
	3271	210	401
	3272	197	394
	3273	216	403
	3274	193	403
	3275	216	400
	3276	194	402
	3277	205	398
	3278	196	392
	3279	201	405
	3280	194	394
	3281	207	401
	3282	210	397
	3283	204	401
	3284	193	407
	3285	259	400
	3286	195	392
	3287	207	411
	3288	199	385
	3289	204	401
	3290	197	392
	3291	213	407
	3292	194	397
	3293	216	403
	3294	188	401
	3295	214	392
	3296	199	394
	3297	205	389
	3298	195	394
	3299	213	400
	3300	193	395
	3301	200	390
	3302	204	387
	3303	208	394
	3304	198	405
	3305	207	396
	3306	189	386
	3307	198	407
	3308	195	395
	3309	197	396
	3310	185	396
	3311	206	396
	3312	190	394
	3313	199	409
	3314	193	406
	3315	201	407
	3316	200	386
	3317	204	409
	3318	193	399
	3319	204	397
	3320	195	393
	3321	213	399
	3322	212	380
	3323	213	396
	3324	195	391
	3325	200	403
	3326	202	389
	3327	195	403
	3328	199	390
	3329	209	399
	3330	197	392
	3331	205	397
	3332	201	399
	3333	210	408
	3334	198	398
	3335	199	408
	3336	201	396
	3337	198	405
	3338	191	391
	3339	213	401
	3340	187	390
	3341	198	407
	3342	200	399
	3343	206	399
	3344	189	398
	3345	208	392
	3346	201	398
	3347	223	399
	3348	207	402
	3349	201	398
	3350	193	398
	3351	201	390
	3352	199	401
	3353	204	393
	3354	187	384
	3355	214	398
	3356	187	399
	3357	205	397
	3358	199	393
	3359	207	406
	3360	194	395
	3361	205	401
	3362	204	396
	3363	197	393
	3364	206	389
	3365	199	397
	3366	203	385
	3367	204	405
	3368	198	391
	3369	206	396
	3370	196	395
	3371	211	400
	3372	187	391
	3373	200	404
	3374	199	396
	3375	209	402
	3376	192	387
	3377	207	394
	3378	191	395
	3379	201	406
	3380	199	391
	3381	207	405
	3382	202	393
	3383	203	405
	3384	199	388
	3385	223	403
	3386	198	404
	3387	210	402
	3388	202	401
	3389	202	394
	3390	196	406
	3391	209	399
	3392	191	392
	3393	200	399
	3394	204	392
	3395	212	398
	3396	205	392
	3397	197	399
	3398	196	381
	3399	204	413
	3400	194	403
	3401	197	400
	3402	192	399
	3403	207	396
	3404	201	396
	3405	208	411
	3406	196	390
	3407	211	403
	3408	193	400
	3409	208	398
	3410	198	395
	3411	209	403
	3412	201	384
	3413	195	401
	3414	198	387
	3415	217	396
	3416	195	390
	3417	198	400
	3418	192	389
	3419	206	403
	3420	195	389
	3421	203	394
	3422	202	406
	3423	208	417
	3424	194	395
	3425	201	394
	3426	199	390
	3427	194	394
	3428	192	396
	3429	210	400
	3430	198	394
	3431	206	401
	3432	202	388
	3433	199	402
	3434	193	399
	3435	212	402
	3436	191	392
	3437	199	422
	3438	197	383
	3439	203	405
	3440	201	398
	3441	212	392
	3442	197	393
	3443	197	394
	3444	194	389
	3445	206	405
	3446	202	404
	3447	199	390
	3448	199	389
	3449	210	397
	3450	206	395
	3451	193	413
	3452	196	386
	3453	213	400
	3454	193	396
	3455	216	408
	3456	188	392
	3457	199	397
	3458	199	402
	3459	212	400
	3460	209	391
	3461	204	421
	3462	195	412
	3463	212	400
	3464	205	404
	3465	200	402
	3466	190	400
	3467	203	410
	3468	195	393
	3469	205	396
	3470	194	398
	3471	207	399
	3472	204	457
	3473	205	402
	3474	200	388
	3475	212	394
	3476	189	392
	3477	204	406
	3478	200	444
	3479	210	398
	3480	195	394
	3481	206	392
	3482	193	396
	3483	204	404
	3484	195	398
	3485	200	410
	3486	200	394
	3487	202	403
	3488	209	386
	3489	205	397
	3490	206	394
	3491	199	408
	3492	205	384
	3493	199	399
	3494	204	395
	3495	206	393
	3496	195	392
	3497	206	396
	3498	195	402
	3499	208	403
	3500	196	412
	3501	199	395
	3502	191	395
	3503	209	406
	3504	194	398
	3505	207	396
	3506	194	388
	3507	200	397
	3508	200	397
	3509	204	400
	3510	201	388
	3511	205	402
	3512	196	379
	3513	202	399
	3514	204	390
	3515	212	405
	3516	201	390
	3517	207	396
	3518	188	385
	3519	204	402
	3520	193	396
	3521	188	401
	3522	194	400
	3523	209	388
	3524	196	386
	3525	209	408
	3526	207	394
	3527	203	402
	3528	196	399
	3529	195	401
	3530	202	387
	3531	200	409
	3532	197	395
	3533	209	401
	3534	200	394
	3535	208	407
	3536	200	398
	3537	207	415
	3538	193	388
	3539	207	398
	3540	195	441
	3541	200	396
	3542	200	393
	3543	211	397
	3544	194	385
	3545	198	404
	3546	198	388
	3547	206	397
	3548	189	401
	3549	210	399
	3550	234	436
	3551	196	399
	3552	199	389
	3553	210	407
	3554	193	397
	3555	215	424
	3556	204	388
	3557	202	403
	3558	194	395
	3559	210	411
	3560	198	389
	3561	212	394
	3562	210	395
	3563	206	408
	3564	199	395
	3565	207	404
	3566	193	390
	3567	197	393
	3568	188	407
	3569	201	409
	3570	214	401
	3571	205	412
	3572	196	385
	3573	202	401
	3574	194	392
	3575	196	392
	3576	197	383
	3577	205	405
	3578	195	387
	3579	204	420
	3580	183	389
	3581	202	407
	3582	203	397
	3583	246	404
	3584	190	398
	3585	202	399
	3586	206	404
	3587	205	399
	3588	193	402
	3589	203	398
	3590	203	396
	3591	199	401
	3592	196	386
	3593	212	396
	3594	196	405
	3595	196	401
	3596	194	401
	3597	203	407
	3598	193	385
	3599	211	408
	3600	204	401
	3601	208	399
	3602	196	393
	3603	210	403
	3604	200	390
	3605	201	401
	3606	202	391
	3607	201	401
	3608	189	396
	3609	204	407
	3610	196	397
	3611	209	417
	3612	199	394
	3613	197	396
	3614	188	401
	3615	202	395
	3616	187	395
	3617	202	401
	3618	191	397
	3619	201	405
	3620	186	390
	3621	203	400
	3622	202	395
	3623	201	404
	3624	195	397
	3625	203	399
	3626	190	395
	3627	210	393
	3628	195	391
	3629	206	396
	3630	195	385
	3631	199	404
	3632	201	395
	3633	209	400
	3634	202	400
	3635	208	418
	3636	197	389
	3637	217	412
	3638	202	394
	3639	212	406
	3640	197	399
	3641	203	403
	3642	194	399
	3643	206	404
	3644	191	390
	3645	202	397
	3646	199	386
	3647	202	403
	3648	197	402
	3649	200	403
	3650	186	386
	3651	206	403
	3652	199	392
	3653	197	397
	3654	201	395
	3655	204	402
	3656	190	406
	3657	206	402
	3658	196	389
	3659	198	394
	3660	197	393
	3661	198	398
	3662	193	402
	3663	212	407
	3664	197	392
	3665	199	397
	3666	192	401
	3667	213	400
	3668	192	405
	3669	202	414
	3670	195	385
	3671	209	401
	3672	198	388
	3673	195	400
	3674	194	395
	3675	199	403
	3676	194	393
	3677	202	395
	3678	193	392
	3679	197	398
	3680	192	391
	3681	204	395
	3682	210	397
	3683	203	400
	3684	197	391
	3685	200	405
	3686	189	388
	3687	204	401
	3688	196	400
	3689	196	396
	3690	190	387
	3691	204	405
	3692	206	401
	3693	198	406
	3694	191	390
	3695	211	409
	3696	203	394
	3697	208	400
	3698	194	403
	3699	212	398
	3700	236	393
	3701	204	389
	3702	193	401
	3703	199	406
	3704	191	401
	3705	208	397
	3706	190	400
	3707	204	396
	3708	206	382
	3709	193	404
	3710	193	394
	3711	202	403
	3712	197	389
	3713	218	392
	3714	184	392
	3715	199	394
	3716	185	389
	3717	197	395
	3718	195	391
	3719	197	395
	3720	200	399
	3721	198	400
	3722	185	392
	3723	195	390
