	0	186	377
	1	176	386
	2	191	379
	3	184	389
	4	181	373
	5	183	384
	6	173	380
	7	194	387
	8	179	380
	9	181	386
	10	173	373
	11	189	386
	12	184	378
	13	183	384
	14	185	382
	15	187	394
	16	180	389
	17	179	384
	18	175	384
	19	185	388
	20	168	389
	21	174	387
	22	177	379
	23	189	385
	24	179	371
	25	191	386
	26	205	399
	27	212	413
	28	204	402
	29	202	411
	30	212	405
	31	213	427
	32	208	407
	33	204	413
	34	208	401
	35	217	397
	36	213	407
	37	214	414
	38	209	403
	39	221	417
	40	197	405
	41	214	409
	42	213	406
	43	208	427
	44	205	414
	45	213	408
	46	208	396
	47	204	416
	48	210	396
	49	221	400
	50	203	401
	51	212	429
	52	206	415
	53	225	419
	54	217	407
	55	221	419
	56	207	411
	57	206	413
	58	211	417
	59	220	420
	60	220	405
	61	231	418
	62	232	416
	63	227	421
	64	225	424
	65	224	425
	66	238	411
	67	229	416
	68	215	419
	69	246	423
	70	224	424
	71	224	431
	72	217	411
	73	240	427
	74	204	426
	75	241	439
	76	208	427
	77	235	424
	78	230	422
	79	228	425
	80	212	415
	81	227	435
	82	223	417
	83	230	448
	84	223	420
	85	221	422
	86	235	425
	87	239	432
	88	216	423
	89	225	416
	90	222	421
	91	241	423
	92	223	411
	93	223	440
	94	221	443
	95	231	423
	96	211	499
	97	220	427
	98	229	424
	99	228	444
	100	222	420
	101	230	420
	102	229	414
	103	230	430
	104	232	420
	105	235	414
	106	226	431
	107	234	427
	108	214	417
	109	248	430
	110	208	417
	111	240	423
	112	235	417
	113	220	437
	114	221	414
	115	237	432
	116	219	410
	117	250	415
	118	231	418
	119	235	443
	120	222	412
	121	231	430
	122	223	417
	123	243	437
	124	233	422
	125	231	421
	126	234	411
	127	233	416
	128	236	408
	129	227	430
	130	209	427
	131	233	446
	132	220	413
	133	235	412
	134	235	414
	135	247	435
	136	293	415
	137	245	421
	138	232	443
	139	239	422
	140	225	407
	141	282	423
	142	252	418
	143	251	425
	144	230	417
	145	232	418
	146	237	414
	147	226	428
	148	241	444
	149	230	436
	150	230	429
	151	240	427
	152	229	407
	153	240	422
	154	227	414
	155	240	420
	156	230	418
	157	251	427
	158	226	427
	159	253	425
	160	230	437
	161	234	428
	162	241	439
	163	251	435
	164	225	411
	165	223	431
	166	234	414
	167	233	443
	168	220	412
	169	254	433
	170	238	426
	171	234	434
	172	235	421
	173	246	426
	174	232	435
	175	227	444
	176	228	420
	177	231	419
	178	240	433
	179	230	423
	180	236	413
	181	235	421
	182	225	421
	183	241	423
	184	234	416
	185	233	426
	186	215	421
	187	241	437
	188	232	409
	189	254	409
	190	240	420
	191	233	436
	192	240	425
	193	242	436
	194	223	410
	195	232	412
	196	242	413
	197	251	407
	198	227	409
	199	255	424
	200	233	417
	201	255	434
	202	251	410
	203	252	418
	204	231	420
	205	252	424
	206	234	412
	207	242	412
	208	233	410
	209	248	412
	210	238	438
	211	233	427
	212	224	415
	213	254	422
	214	216	424
	215	240	424
	216	240	404
	217	249	432
	218	246	426
	219	237	498
	220	229	422
	221	226	436
	222	235	425
	223	258	413
	224	230	415
	225	230	432
	226	229	419
	227	231	426
	228	231	420
	229	253	411
	230	243	435
	231	238	426
	232	226	415
	233	234	421
	234	251	409
	235	239	419
	236	238	419
	237	249	412
	238	238	420
	239	234	421
	240	238	410
	241	239	444
	242	226	430
	243	250	427
	244	252	418
	245	239	429
	246	218	427
	247	230	426
	248	230	426
	249	242	435
	250	242	413
	251	259	430
	252	229	412
	253	221	428
	254	233	419
	255	255	446
	256	225	420
	257	257	429
	258	233	420
	259	249	437
	260	236	408
	261	239	436
	262	245	421
	263	239	439
	264	218	416
	265	230	435
	266	225	429
	267	251	430
	268	233	410
	269	233	431
	270	226	420
	271	245	422
	272	230	420
	273	237	422
	274	242	411
	275	256	442
	276	232	420
	277	252	435
	278	236	419
	279	242	430
	280	229	409
	281	241	418
	282	235	429
	283	247	422
	284	232	419
	285	255	425
	286	224	425
	287	240	426
	288	239	433
	289	235	413
	290	273	415
	291	252	418
	292	226	434
	293	232	415
	294	226	442
	295	246	433
	296	236	424
	297	247	441
	298	307	412
	299	237	434
	300	235	429
	301	257	435
	302	244	431
	303	256	425
	304	225	422
	305	246	427
	306	243	418
	307	259	427
	308	237	437
	309	255	443
	310	244	419
	311	247	432
	312	245	427
	313	228	433
	314	233	414
	315	242	432
	316	246	418
	317	251	439
	318	247	427
	319	239	427
	320	244	412
	321	249	433
	322	253	442
	323	248	422
	324	248	413
	325	252	414
	326	237	414
	327	252	424
	328	236	423
	329	243	443
	330	235	429
	331	264	447
	332	259	406
	333	260	453
	334	254	428
	335	259	431
	336	240	414
	337	236	455
	338	252	423
	339	274	443
	340	243	424
	341	242	432
	342	249	427
	343	264	429
	344	245	413
	345	272	426
	346	264	438
	347	255	418
	348	241	414
	349	271	415
	350	254	420
	351	260	449
	352	247	422
	353	256	443
	354	247	416
	355	262	418
	356	249	427
	357	249	427
	358	254	429
	359	265	426
	360	251	415
	361	252	430
	362	258	426
	363	283	421
	364	248	415
	365	256	442
	366	254	437
	367	256	436
	368	258	440
	369	272	422
	370	267	429
	371	277	423
	372	256	413
	373	280	426
	374	271	433
	375	266	437
	376	262	407
	377	278	429
	378	260	429
	379	293	432
	380	267	425
	381	265	419
	382	260	425
	383	282	441
	384	264	434
	385	290	432
	386	277	412
	387	282	421
	388	266	426
	389	302	436
	390	272	421
	391	286	439
	392	266	423
	393	274	442
	394	276	435
	395	296	434
	396	272	441
	397	271	431
	398	277	429
	399	281	480
	400	277	430
	401	289	419
	402	282	427
	403	281	441
	404	275	430
	405	295	423
	406	284	422
	407	299	436
	408	279	420
	409	281	440
	410	286	438
	411	297	442
	412	287	425
	413	289	436
	414	300	437
	415	289	447
	416	282	420
	417	288	430
	418	299	426
	419	305	435
	420	292	419
	421	298	432
	422	304	429
	423	300	445
	424	313	430
	425	307	446
	426	297	433
	427	298	456
	428	299	430
	429	313	444
	430	296	436
	431	313	470
	432	304	425
	433	325	438
	434	311	446
	435	308	443
	436	306	427
	437	309	439
	438	309	432
	439	313	447
	440	316	433
	441	313	455
	442	321	432
	443	318	442
	444	311	419
	445	324	447
	446	316	423
	447	333	434
	448	324	427
	449	335	427
	450	322	437
	451	352	439
	452	408	428
	453	343	437
	454	346	435
	455	336	441
	456	346	435
	457	345	439
	458	340	437
	459	347	450
	460	333	445
	461	352	443
	462	336	432
	463	355	450
	464	357	438
	465	357	451
	466	364	441
	467	375	438
	468	362	439
	469	376	440
	470	370	436
	471	380	460
	472	366	440
	473	387	450
	474	390	447
	475	380	432
	476	379	455
	477	378	459
	478	391	450
	479	396	449
	480	390	441
	481	381	442
	482	378	439
	483	392	452
	484	381	443
	485	391	448
	486	393	446
	487	398	454
	488	400	446
	489	417	439
	490	417	444
	491	418	458
	492	410	446
	493	418	445
	494	412	440
	495	422	452
	496	429	425
	497	432	443
	498	413	436
	499	417	441
	500	433	427
	501	444	461
	502	433	445
	503	435	444
	504	436	445
	505	440	445
	506	456	450
	507	452	475
	508	426	433
	509	461	446
	510	440	456
	511	448	461
	512	462	460
	513	463	471
	514	463	439
	515	452	455
	516	437	466
	517	477	478
	518	457	451
	519	474	457
	520	456	453
	521	467	472
	522	460	452
	523	474	472
	524	475	458
	525	486	453
	526	493	454
	527	494	477
	528	482	456
	529	503	463
	530	497	455
	531	500	487
	532	492	461
	533	529	468
	534	509	462
	535	516	473
	536	501	469
	537	527	458
	538	506	466
	539	533	465
	540	535	461
	541	520	463
	542	515	452
	543	538	482
	544	533	461
	545	544	467
	546	538	464
	547	568	468
	548	567	464
	549	541	485
	550	559	466
	551	562	470
	552	566	464
	553	578	481
	554	557	461
	555	573	472
	556	566	480
	557	588	528
	558	593	462
	559	592	475
	560	592	465
	561	591	479
	562	605	464
	563	609	474
	564	595	460
	565	624	475
	566	621	487
	567	622	492
	568	627	473
	569	630	486
	570	632	487
	571	646	492
	572	647	462
	573	648	466
	574	633	472
	575	640	483
	576	651	479
	577	652	506
	578	655	474
	579	670	489
	580	682	471
	581	682	486
	582	682	470
	583	683	504
	584	681	489
	585	701	486
	586	703	495
	587	715	500
	588	705	470
	589	720	491
	590	704	487
	591	729	498
	592	732	486
	593	727	494
	594	743	486
	595	737	495
	596	729	485
	597	751	489
	598	749	484
	599	760	507
	600	753	477
	601	759	489
	602	757	496
	603	775	514
	604	771	493
	605	775	497
	606	787	477
	607	788	508
	608	794	497
	609	789	489
	610	812	474
	611	811	491
	612	801	517
	613	821	493
	614	826	497
	615	831	509
	616	817	505
	617	833	513
	618	833	501
	619	833	526
	620	824	490
	621	853	503
	622	853	507
	623	869	510
	624	851	495
	625	868	516
	626	869	512
	627	874	512
	628	870	508
	629	881	515
	630	877	517
	631	898	515
	632	881	520
	633	907	527
	634	887	523
	635	903	534
	636	901	516
	637	921	514
	638	912	538
	639	919	529
	640	912	520
	641	919	526
	642	923	518
	643	938	529
	644	936	526
	645	931	520
	646	933	523
	647	957	515
	648	945	513
	649	950	534
	650	960	514
	651	989	528
	652	968	520
	653	977	531
	654	954	530
	655	965	511
	656	977	524
	657	996	534
	658	993	519
	659	987	545
	660	1009	521
	661	1000	537
	662	996	536
	663	1013	539
	664	1009	522
	665	1046	533
	666	1024	538
	667	1030	540
	668	1022	544
	669	1023	545
	670	1044	539
	671	1027	545
	672	1054	546
	673	1058	551
	674	1045	564
	675	1062	565
	676	1066	555
	677	1076	569
	678	1070	541
	679	1088	566
	680	1066	540
	681	1077	562
	682	1102	548
	683	1082	572
	684	1098	545
	685	1098	553
	686	1095	556
	687	1112	560
	688	1119	536
	689	1117	560
	690	1121	554
	691	1118	561
	692	1130	542
	693	1122	563
	694	1124	566
	695	1123	554
	696	1127	551
	697	1152	571
	698	1147	551
	699	1160	559
	700	1146	561
	701	1161	551
	702	1152	546
	703	1164	557
	704	1161	562
	705	1148	554
	706	1177	566
	707	1192	559
	708	1259	552
	709	1192	558
	710	1187	566
	711	1196	573
	712	1188	558
	713	1187	566
	714	1193	558
	715	1203	583
	716	1212	579
	717	1205	566
	718	1211	571
	719	1214	570
	720	1208	570
	721	1234	565
	722	1224	564
	723	1212	576
	724	1220	573
	725	1229	566
	726	1241	559
	727	1226	560
	728	1229	561
	729	1243	573
	730	1244	565
	731	1238	587
	732	1240	567
	733	1249	567
	734	1226	573
	735	1246	569
	736	1255	577
	737	1257	568
	738	1253	579
	739	1248	598
	740	1250	581
	741	1242	581
	742	1257	572
	743	1252	585
	744	1241	579
	745	1261	583
	746	1249	600
	747	1266	581
	748	1267	575
	749	1272	582
	750	1236	580
	751	1257	588
	752	1256	568
	753	1253	588
	754	1253	565
	755	1260	568
	756	1257	565
	757	1269	582
	758	1259	588
	759	1277	585
	760	1250	568
	761	1260	562
	762	1237	578
	763	1268	587
	764	1240	570
	765	1257	568
	766	1261	563
	767	1255	578
	768	1247	572
	769	1261	579
	770	1248	562
	771	1266	591
	772	1270	576
	773	1262	578
	774	1237	568
	775	1276	565
	776	1328	553
	777	1242	574
	778	1241	570
	779	1244	575
	780	1232	575
	781	1265	566
	782	1260	571
	783	1248	580
	784	1244	561
	785	1253	570
	786	1241	576
	787	1248	569
	788	1242	560
	789	1238	570
	790	1232	567
	791	1261	584
	792	1219	565
	793	1227	577
	794	1220	552
	795	1221	557
	796	1224	552
	797	1222	570
	798	1214	555
	799	1236	551
	800	1205	569
	801	1211	567
	802	1196	568
	803	1209	638
	804	1200	547
	805	1212	558
	806	1188	560
	807	1202	570
	808	1181	600
	809	1208	540
	810	1191	539
	811	1199	554
	812	1172	550
	813	1179	544
	814	1158	553
	815	1173	551
	816	1168	552
	817	1157	543
	818	1135	536
	819	1159	545
	820	1156	535
	821	1149	555
	822	1154	534
	823	1159	564
	824	1113	555
	825	1130	550
	826	1137	544
	827	1131	549
	828	1133	561
	829	1114	550
	830	1109	549
	831	1134	551
	832	1115	542
	833	1113	532
	834	1118	539
	835	1084	547
	836	1097	539
	837	1099	527
	838	1074	525
	839	1065	538
	840	1084	512
	841	1075	548
	842	1077	521
	843	1070	537
	844	1075	509
	845	1071	520
	846	1069	520
	847	1064	544
	848	1065	514
	849	1072	536
	850	1042	524
	851	1054	526
	852	1039	524
	853	1039	540
	854	1058	527
	855	1053	530
	856	1032	516
	857	1048	535
	858	1032	520
	859	1051	516
	860	1029	514
	861	1034	531
	862	1048	514
	863	1032	517
	864	1020	533
	865	1041	518
	866	1051	515
	867	1019	527
	868	1006	531
	869	1007	535
	870	989	523
	871	1003	540
	872	969	510
	873	985	535
	874	977	513
	875	981	521
	876	989	513
	877	992	521
	878	966	505
	879	1001	523
	880	973	514
	881	984	517
	882	979	502
	883	975	512
	884	977	505
	885	969	506
	886	932	507
	887	984	515
	888	948	501
	889	940	510
	890	934	523
	891	937	536
	892	931	503
	893	940	528
	894	937	504
	895	946	512
	896	932	544
	897	925	505
	898	921	496
	899	943	508
	900	915	514
	901	933	490
	902	920	505
	903	894	488
	904	887	498
	905	902	503
	906	893	482
	907	901	493
	908	897	485
	909	893	486
	910	874	487
	911	875	484
	912	874	478
	913	861	504
	914	876	494
	915	868	496
	916	838	504
	917	855	495
	918	849	484
	919	864	494
	920	837	481
	921	846	496
	922	841	494
	923	838	511
	924	820	474
	925	818	505
	926	826	478
	927	823	488
	928	797	489
	929	814	492
	930	813	477
	931	803	507
	932	780	475
	933	804	487
	934	776	484
	935	781	477
	936	784	469
	937	778	472
	938	759	475
	939	766	480
	940	767	478
	941	770	485
	942	748	479
	943	733	493
	944	754	466
	945	764	485
	946	743	476
	947	754	480
	948	752	465
	949	741	473
	950	738	552
	951	728	478
	952	724	478
	953	720	482
	954	731	473
	955	732	468
	956	710	468
	957	716	474
	958	696	476
	959	713	479
	960	701	473
	961	718	475
	962	711	476
	963	693	472
	964	684	457
	965	680	477
	966	678	453
	967	683	471
	968	659	459
	969	670	468
	970	670	481
	971	658	467
	972	633	481
	973	652	476
	974	648	452
	975	629	460
	976	628	478
	977	611	456
	978	600	458
	979	612	462
	980	599	474
	981	598	476
	982	595	453
	983	604	473
	984	593	461
	985	590	467
	986	573	449
	987	579	465
	988	573	464
	989	565	480
	990	543	468
	991	553	448
	992	525	456
	993	531	478
	994	542	456
	995	538	450
	996	519	472
	997	546	473
	998	524	453
	999	529	457
	1000	544	447
	1001	529	465
	1002	524	451
	1003	528	446
	1004	523	457
	1005	534	452
	1006	510	443
	1007	524	459
	1008	500	448
	1009	504	446
	1010	521	441
	1011	499	445
	1012	495	445
	1013	507	451
	1014	507	439
	1015	510	445
	1016	493	460
	1017	491	439
	1018	507	437
	1019	516	447
	1020	504	447
	1021	492	443
	1022	486	447
	1023	511	451
	1024	492	430
	1025	499	440
	1026	478	454
	1027	505	444
	1028	489	433
	1029	479	440
	1030	479	428
	1031	484	459
	1032	460	436
	1033	485	428
	1034	456	423
	1035	488	442
	1036	478	427
	1037	472	448
	1038	465	434
	1039	479	444
	1040	468	436
	1041	463	433
	1042	465	423
	1043	473	430
	1044	462	484
	1045	476	445
	1046	463	443
	1047	453	444
	1048	464	454
	1049	470	431
	1050	449	438
	1051	453	438
	1052	465	428
	1053	452	430
	1054	453	440
	1055	465	502
	1056	442	421
	1057	456	432
	1058	446	429
	1059	468	464
	1060	434	439
	1061	452	457
	1062	438	425
	1063	459	430
	1064	438	438
	1065	436	431
	1066	448	429
	1067	450	434
	1068	430	443
	1069	449	426
	1070	431	431
	1071	435	426
	1072	426	427
	1073	437	422
	1074	432	428
	1075	444	426
	1076	439	430
	1077	509	446
	1078	437	423
	1079	452	434
	1080	441	431
	1081	440	419
	1082	429	441
	1083	441	436
	1084	423	434
	1085	447	425
	1086	420	453
	1087	439	430
	1088	430	423
	1089	438	428
	1090	421	430
	1091	431	442
	1092	413	419
	1093	438	440
	1094	431	432
	1095	437	435
	1096	425	436
	1097	421	445
	1098	424	439
	1099	444	433
	1100	427	438
	1101	436	438
	1102	410	426
	1103	432	427
	1104	416	436
	1105	418	432
	1106	427	423
	1107	421	425
	1108	426	435
	1109	425	449
	1110	420	486
	1111	417	442
	1112	429	420
	1113	449	427
	1114	426	434
	1115	420	431
	1116	426	419
	1117	420	428
	1118	417	436
	1119	432	432
	1120	420	446
	1121	430	440
	1122	403	428
	1123	422	437
	1124	410	422
	1125	420	426
	1126	412	443
	1127	427	431
	1128	405	427
	1129	414	427
	1130	424	439
	1131	420	443
	1132	416	437
	1133	419	431
	1134	402	416
	1135	411	428
	1136	407	481
	1137	418	430
	1138	418	416
	1139	421	449
	1140	434	427
	1141	417	422
	1142	400	423
	1143	419	435
	1144	411	435
	1145	405	423
	1146	391	422
	1147	448	435
	1148	408	419
	1149	400	439
	1150	410	425
	1151	411	442
	1152	398	431
	1153	391	440
	1154	413	413
	1155	426	426
	1156	397	432
	1157	407	427
	1158	406	426
	1159	423	421
	1160	393	429
	1161	414	434
	1162	406	417
	1163	398	461
	1164	401	419
	1165	415	431
	1166	403	400
	1167	407	428
	1168	394	433
	1169	405	433
	1170	407	428
	1171	420	428
	1172	401	434
	1173	391	436
	1174	392	433
	1175	395	435
	1176	397	432
	1177	402	434
	1178	402	417
	1179	418	431
	1180	398	434
	1181	395	432
	1182	415	418
	1183	412	438
	1184	395	426
	1185	406	424
	1186	385	425
	1187	387	432
	1188	390	435
	1189	393	428
	1190	401	428
	1191	402	426
	1192	401	414
	1193	393	434
	1194	386	431
	1195	402	431
	1196	412	422
	1197	403	440
	1198	405	417
	1199	408	438
	1200	401	416
	1201	408	422
	1202	395	432
	1203	392	432
	1204	401	425
	1205	406	421
	1206	392	422
	1207	413	430
	1208	389	411
	1209	407	417
	1210	387	434
	1211	400	429
	1212	372	421
	1213	410	427
	1214	388	423
	1215	412	413
	1216	369	427
	1217	385	428
	1218	388	416
	1219	391	420
	1220	393	421
	1221	396	431
	1222	387	423
	1223	393	452
	1224	382	414
	1225	403	422
	1226	370	423
	1227	378	424
	1228	371	430
	1229	386	439
	1230	389	417
	1231	388	420
	1232	376	414
	1233	406	428
	1234	377	413
	1235	390	440
	1236	392	411
	1237	394	434
	1238	387	415
	1239	388	430
	1240	373	415
	1241	381	441
	1242	388	421
	1243	387	423
	1244	383	421
	1245	385	421
	1246	373	417
	1247	406	435
	1248	386	428
	1249	395	416
	1250	385	417
	1251	397	424
	1252	386	426
	1253	383	419
	1254	373	423
	1255	386	419
	1256	370	428
	1257	383	431
	1258	391	415
	1259	382	417
	1260	387	419
	1261	385	435
	1262	380	428
	1263	388	429
	1264	381	411
	1265	392	433
	1266	452	425
	1267	443	422
	1268	382	415
	1269	389	411
	1270	362	414
	1271	388	429
	1272	367	429
	1273	385	430
	1274	383	422
	1275	394	476
	1276	371	424
	1277	395	415
	1278	384	432
	1279	378	434
	1280	375	419
	1281	379	428
	1282	381	425
	1283	384	428
	1284	362	421
	1285	373	436
	1286	376	420
	1287	381	422
	1288	368	405
	1289	374	416
	1290	366	422
	1291	388	437
	1292	374	414
	1293	380	429
	1294	350	434
	1295	380	415
	1296	374	419
	1297	368	424
	1298	367	432
	1299	381	425
	1300	368	430
	1301	368	434
	1302	361	421
	1303	373	441
	1304	363	417
	1305	385	430
	1306	357	423
	1307	370	428
	1308	356	412
	1309	364	431
	1310	367	409
	1311	376	435
	1312	368	419
	1313	375	423
	1314	378	420
	1315	365	425
	1316	378	421
	1317	374	419
	1318	355	432
	1319	374	424
	1320	361	431
	1321	370	426
	1322	364	428
	1323	377	419
	1324	365	423
	1325	373	432
	1326	351	426
	1327	365	437
	1328	369	444
	1329	354	423
	1330	364	424
	1331	385	441
	1332	347	423
	1333	365	418
	1334	359	428
	1335	362	429
	1336	340	420
	1337	359	429
	1338	352	417
	1339	349	424
	1340	360	419
	1341	370	445
	1342	354	423
	1343	372	419
	1344	352	401
	1345	357	429
	1346	364	420
	1347	350	427
	1348	346	407
	1349	362	423
	1350	355	418
	1351	353	432
	1352	344	409
	1353	350	417
	1354	336	429
	1355	362	432
	1356	355	416
	1357	351	430
	1358	350	430
	1359	361	424
	1360	351	415
	1361	363	422
	1362	333	424
	1363	348	434
	1364	343	418
	1365	354	431
	1366	349	419
	1367	336	431
	1368	335	424
	1369	357	424
	1370	343	423
	1371	363	417
	1372	408	436
	1373	346	425
	1374	334	428
	1375	354	424
	1376	344	406
	1377	346	435
	1378	341	419
	1379	345	429
	1380	346	413
	1381	421	417
	1382	339	411
	1383	351	426
	1384	338	415
	1385	342	425
	1386	342	415
	1387	346	424
	1388	342	409
	1389	342	420
	1390	332	425
	1391	350	429
	1392	337	414
	1393	337	445
	1394	331	424
	1395	348	423
	1396	338	430
	1397	349	433
	1398	326	408
	1399	343	433
	1400	337	412
	1401	341	431
	1402	339	415
	1403	348	427
	1404	344	422
	1405	348	417
	1406	322	420
	1407	333	412
	1408	327	404
	1409	343	405
	1410	335	433
	1411	344	421
	1412	330	435
	1413	335	430
	1414	337	415
	1415	357	426
	1416	329	419
	1417	328	415
	1418	337	414
	1419	350	422
	1420	317	415
	1421	324	431
	1422	332	429
	1423	343	423
	1424	322	415
	1425	334	425
	1426	318	418
	1427	344	424
	1428	318	430
	1429	325	430
	1430	325	420
	1431	337	423
	1432	329	421
	1433	351	422
	1434	330	427
	1435	343	421
	1436	328	422
	1437	335	425
	1438	321	428
	1439	325	423
	1440	322	411
	1441	331	421
	1442	331	421
	1443	321	418
	1444	323	420
	1445	327	409
	1446	309	424
	1447	343	422
	1448	316	411
	1449	336	432
	1450	317	413
	1451	325	425
	1452	298	418
	1453	325	430
	1454	316	430
	1455	326	443
	1456	311	410
	1457	321	423
	1458	324	407
	1459	311	421
	1460	325	416
	1461	306	420
	1462	321	424
	1463	338	434
	1464	318	420
	1465	323	416
	1466	299	415
	1467	306	421
	1468	312	421
	1469	326	419
	1470	303	415
	1471	312	433
	1472	313	403
	1473	305	427
	1474	315	419
	1475	341	425
	1476	309	418
	1477	317	410
	1478	301	410
	1479	301	414
	1480	311	416
	1481	317	406
	1482	309	416
	1483	303	421
	1484	296	412
	1485	306	417
	1486	310	411
	1487	321	422
	1488	298	406
	1489	315	415
	1490	295	417
	1491	311	426
	1492	306	420
	1493	308	421
	1494	305	416
	1495	306	433
	1496	303	415
	1497	313	427
	1498	294	408
	1499	318	420
	1500	296	427
	1501	308	427
	1502	303	414
	1503	316	422
	1504	303	412
	1505	298	411
	1506	294	410
	1507	321	421
	1508	294	406
	1509	308	423
	1510	297	418
	1511	315	417
	1512	297	404
	1513	316	418
	1514	279	407
	1515	301	408
	1516	288	409
	1517	297	420
	1518	297	421
	1519	295	413
	1520	310	415
	1521	298	401
	1522	306	411
	1523	299	421
	1524	284	409
	1525	305	418
	1526	299	403
	1527	310	423
	1528	312	412
	1529	298	429
	1530	292	409
	1531	376	423
	1532	281	428
	1533	312	418
	1534	286	416
	1535	308	422
	1536	294	403
	1537	295	411
	1538	295	420
	1539	298	424
	1540	296	411
	1541	301	433
	1542	300	406
	1543	314	418
	1544	299	411
	1545	298	422
	1546	291	416
	1547	304	433
	1548	299	406
	1549	308	413
	1550	288	415
	1551	299	420
	1552	298	425
	1553	302	418
	1554	297	403
	1555	319	418
	1556	314	434
	1557	319	409
	1558	318	456
	1559	330	422
	1560	310	411
	1561	341	414
	1562	329	416
	1563	346	440
	1564	336	414
	1565	354	423
	1566	354	415
	1567	353	434
	1568	361	420
	1569	380	429
	1570	364	409
	1571	377	495
	1572	361	423
	1573	375	431
	1574	379	433
	1575	389	442
	1576	388	435
	1577	391	434
	1578	392	438
	1579	394	438
	1580	396	421
	1581	399	439
	1582	405	428
	1583	405	445
	1584	406	425
	1585	412	437
	1586	405	440
	1587	401	435
	1588	390	422
	1589	407	435
	1590	404	425
	1591	395	426
	1592	391	429
	1593	407	422
	1594	396	416
	1595	418	448
	1596	388	420
	1597	454	430
	1598	395	429
	1599	406	454
	1600	391	435
	1601	411	433
	1602	383	439
	1603	394	414
	1604	392	425
	1605	409	434
	1606	389	417
	1607	397	439
	1608	390	439
	1609	418	442
	1610	380	426
	1611	401	439
	1612	382	418
	1613	401	445
	1614	400	420
	1615	399	443
	1616	387	422
	1617	401	432
	1618	382	405
	1619	404	441
	1620	390	424
	1621	394	444
	1622	395	432
	1623	380	432
	1624	399	433
	1625	401	436
	1626	397	429
	1627	397	432
	1628	377	430
	1629	388	428
	1630	381	430
	1631	386	449
	1632	387	413
	1633	389	430
	1634	371	430
	1635	404	445
	1636	375	426
	1637	371	452
	1638	370	439
	1639	382	444
	1640	389	422
	1641	386	436
	1642	363	417
	1643	392	427
	1644	369	431
	1645	403	430
	1646	453	425
	1647	392	430
	1648	375	431
	1649	382	445
	1650	376	429
	1651	372	443
	1652	381	424
	1653	385	451
	1654	381	427
	1655	415	432
	1656	361	416
	1657	395	442
	1658	374	436
	1659	389	431
	1660	380	443
	1661	384	428
	1662	375	418
	1663	396	426
	1664	370	439
	1665	383	433
	1666	391	428
	1667	401	431
	1668	360	425
	1669	372	433
	1670	366	436
	1671	384	428
	1672	353	427
	1673	399	422
	1674	370	409
	1675	377	444
	1676	370	415
	1677	368	421
	1678	365	424
	1679	380	432
	1680	362	420
	1681	356	435
	1682	354	419
	1683	358	418
	1684	345	436
	1685	353	427
	1686	337	432
	1687	364	449
	1688	331	424
	1689	338	421
	1690	308	422
	1691	332	428
	1692	301	429
	1693	317	444
	1694	313	420
	1695	304	431
	1696	295	424
	1697	295	422
	1698	289	420
	1699	309	423
	1700	287	420
	1701	284	420
	1702	268	417
	1703	269	408
	1704	256	413
	1705	302	407
	1706	262	394
	1707	268	411
	1708	246	407
	1709	255	415
	1710	258	406
	1711	253	406
	1712	249	401
	1713	250	415
	1714	266	420
	1715	291	418
	1716	244	406
	1717	259	402
	1718	260	411
	1719	257	418
	1720	247	410
	1721	255	416
	1722	249	411
	1723	249	420
	1724	241	401
	1725	250	408
	1726	309	398
	1727	254	418
	1728	262	400
	1729	248	417
	1730	254	398
	1731	254	424
	1732	262	410
	1733	252	406
	1734	255	411
	1735	247	412
	1736	244	412
	1737	249	408
	1738	242	408
	1739	261	415
	1740	252	396
	1741	250	411
	1742	241	406
	1743	256	410
	1744	240	394
	1745	240	417
	1746	242	402
	1747	251	411
	1748	256	405
	1749	255	418
	1750	244	410
	1751	261	406
	1752	247	402
	1753	254	405
	1754	232	409
	1755	259	406
	1756	238	409
	1757	251	407
	1758	245	401
	1759	246	416
	1760	247	417
	1761	239	408
	1762	241	415
	1763	241	420
	1764	236	412
	1765	246	416
	1766	243	409
	1767	249	406
	1768	245	393
	1769	239	426
	1770	235	400
	1771	245	415
	1772	236	398
	1773	236	419
	1774	241	408
	1775	235	408
	1776	232	402
	1777	246	409
	1778	251	402
	1779	256	408
	1780	246	399
	1781	238	421
	1782	248	409
	1783	236	401
	1784	242	405
	1785	241	415
	1786	231	408
	1787	237	417
	1788	240	404
	1789	249	409
	1790	244	408
	1791	249	411
	1792	226	405
	1793	235	412
	1794	227	402
	1795	220	419
	1796	230	402
	1797	242	407
	1798	226	390
	1799	237	411
	1800	221	397
	1801	240	408
	1802	227	402
	1803	249	418
	1804	237	406
	1805	248	395
	1806	225	412
	1807	257	407
	1808	222	411
	1809	240	406
	1810	234	392
	1811	237	394
	1812	231	413
	1813	236	424
	1814	228	411
	1815	224	419
	1816	215	413
	1817	232	405
	1818	232	397
	1819	246	416
	1820	219	414
	1821	218	417
	1822	222	403
	1823	244	407
	1824	227	401
	1825	229	415
	1826	230	405
	1827	214	418
	1828	228	409
	1829	230	410
	1830	235	409
	1831	236	412
	1832	226	401
	1833	229	405
	1834	211	396
	1835	249	403
	1836	219	396
	1837	241	411
	1838	236	404
	1839	240	402
	1840	224	398
	1841	225	423
	1842	224	414
	1843	230	397
	1844	226	399
	1845	227	418
	1846	222	405
	1847	229	405
	1848	229	414
	1849	232	411
	1850	222	398
	1851	248	395
	1852	224	404
	1853	240	406
	1854	218	392
	1855	220	411
	1856	218	404
	1857	245	412
	1858	223	399
	1859	226	411
	1860	212	393
	1861	223	409
	1862	245	400
	1863	244	411
	1864	234	408
	1865	236	406
	1866	220	405
	1867	235	408
	1868	218	411
	1869	220	410
	1870	211	403
	1871	222	407
	1872	235	398
	1873	217	412
	1874	221	406
	1875	236	400
	1876	217	408
	1877	231	409
	1878	237	396
	1879	242	410
	1880	240	403
	1881	233	393
	1882	227	396
	1883	243	399
	1884	235	401
	1885	236	417
	1886	220	382
	1887	224	431
	1888	220	390
	1889	233	399
	1890	227	416
	1891	233	413
	1892	220	397
	1893	231	399
	1894	212	405
	1895	230	417
	1896	213	411
	1897	215	412
	1898	234	403
	1899	230	413
	1900	218	405
	1901	239	400
	1902	222	408
	1903	243	405
	1904	241	397
	1905	239	409
	1906	220	411
	1907	305	411
	1908	223	393
	1909	231	400
	1910	228	405
	1911	232	415
	1912	222	412
	1913	220	401
	1914	230	400
	1915	226	402
	1916	232	402
	1917	233	400
	1918	239	404
	1919	226	416
	1920	224	397
	1921	214	463
	1922	227	405
	1923	240	420
	1924	225	410
	1925	218	413
	1926	216	415
	1927	225	400
	1928	223	401
	1929	229	419
	1930	226	408
	1931	228	406
	1932	223	400
	1933	220	412
	1934	208	407
	1935	243	415
	1936	223	399
	1937	231	407
	1938	213	407
	1939	228	409
	1940	228	400
	1941	228	411
	1942	226	395
	1943	231	419
	1944	224	395
	1945	217	406
	1946	210	396
	1947	223	410
	1948	217	401
	1949	221	405
	1950	216	414
	1951	223	410
	1952	216	408
	1953	235	415
	1954	230	404
	1955	225	405
	1956	230	407
	1957	232	409
	1958	219	391
	1959	220	409
	1960	215	399
	1961	229	407
	1962	216	396
	1963	235	420
	1964	213	401
	1965	218	414
	1966	219	415
	1967	241	404
	1968	222	397
	1969	228	415
	1970	219	417
	1971	225	408
	1972	219	404
	1973	225	403
	1974	223	405
	1975	220	403
	1976	212	402
	1977	234	404
	1978	224	415
	1979	229	407
	1980	207	399
	1981	227	408
	1982	227	404
	1983	230	404
	1984	217	390
	1985	222	417
	1986	207	401
	1987	229	417
	1988	209	418
	1989	226	397
	1990	224	407
	1991	225	401
	1992	218	401
	1993	217	416
	1994	205	393
	1995	224	409
	1996	212	401
	1997	230	403
	1998	220	412
	1999	228	410
	2000	206	399
	2001	210	408
	2002	227	402
	2003	221	406
	2004	221	424
	2005	217	414
	2006	205	404
	2007	217	405
	2008	210	408
	2009	222	395
	2010	202	397
	2011	201	405
	2012	201	418
	2013	211	411
	2014	205	421
	2015	219	399
	2016	207	404
	2017	214	407
	2018	207	389
	2019	211	402
	2020	212	403
	2021	222	406
	2022	208	413
	2023	210	389
	2024	216	417
	2025	211	406
	2026	197	411
	2027	214	415
	2028	199	399
	2029	223	404
	2030	208	404
	2031	222	419
	2032	206	393
	2033	211	413
	2034	198	388
	2035	208	407
	2036	201	398
	2037	210	404
	2038	197	414
	2039	202	407
	2040	211	394
	2041	221	411
	2042	210	404
	2043	211	404
	2044	193	408
	2045	206	404
	2046	200	416
	2047	210	393
	2048	204	408
	2049	209	405
	2050	204	397
	2051	202	404
	2052	197	395
	2053	207	397
	2054	205	405
	2055	204	414
	2056	212	407
	2057	208	397
	2058	195	396
	2059	206	409
	2060	208	403
	2061	217	403
	2062	195	402
	2063	208	406
	2064	199	398
	2065	200	404
	2066	201	388
	2067	207	404
	2068	200	393
	2069	211	409
	2070	208	395
	2071	197	425
	2072	196	398
	2073	210	404
	2074	203	395
	2075	211	404
	2076	198	401
	2077	218	396
	2078	193	407
	2079	218	403
	2080	201	403
	2081	204	398
	2082	205	400
	2083	201	404
	2084	198	393
	2085	207	414
	2086	198	395
	2087	208	399
	2088	206	385
	2089	202	402
	2090	191	397
	2091	209	407
	2092	202	395
	2093	204	412
	2094	211	400
	2095	206	411
	2096	198	408
	2097	211	400
	2098	196	399
	2099	198	406
	2100	200	401
	2101	201	420
	2102	194	397
	2103	216	407
	2104	195	395
	2105	215	404
	2106	199	401
	2107	205	397
	2108	204	399
	2109	206	403
	2110	194	393
	2111	206	402
	2112	200	392
	2113	210	401
	2114	205	403
	2115	204	413
	2116	200	401
	2117	200	406
	2118	194	400
	2119	204	409
	2120	197	398
	2121	224	407
	2122	194	412
	2123	218	414
	2124	193	402
	2125	204	406
	2126	194	403
	2127	198	406
	2128	201	393
	2129	199	416
	2130	207	400
	2131	201	410
	2132	196	401
	2133	201	400
	2134	196	402
	2135	201	397
	2136	201	397
	2137	208	410
	2138	205	396
	2139	209	404
	2140	197	409
	2141	223	403
	2142	206	400
	2143	210	410
	2144	197	407
	2145	218	395
	2146	207	400
	2147	208	406
	2148	203	398
	2149	204	402
	2150	201	394
	2151	213	404
	2152	206	402
	2153	213	401
	2154	206	401
	2155	206	401
	2156	192	401
	2157	213	396
	2158	199	383
	2159	212	409
	2160	201	399
	2161	209	395
	2162	191	396
	2163	209	404
	2164	198	388
	2165	214	406
	2166	200	403
	2167	203	399
	2168	185	395
	2169	194	402
	2170	193	582
	2171	208	399
	2172	203	395
	2173	204	394
	2174	200	400
	2175	205	409
	2176	195	406
	2177	200	407
	2178	187	398
	2179	212	398
	2180	197	402
	2181	205	403
	2182	207	399
	2183	216	399
	2184	195	394
	2185	206	411
	2186	197	405
	2187	220	397
	2188	192	390
	2189	202	404
	2190	192	398
	2191	201	416
	2192	190	412
	2193	205	397
	2194	201	465
	2195	205	404
	2196	193	389
	2197	194	404
	2198	193	403
	2199	209	413
	2200	197	395
	2201	208	407
	2202	189	401
	2203	209	410
	2204	195	385
	2205	290	402
	2206	186	393
	2207	209	402
	2208	196	395
	2209	212	398
	2210	197	393
	2211	207	402
	2212	191	397
	2213	210	410
	2214	192	396
	2215	215	404
	2216	199	394
	2217	209	396
	2218	196	401
	2219	209	413
	2220	190	393
	2221	209	406
	2222	194	403
	2223	207	404
	2224	194	390
	2225	210	402
	2226	200	397
	2227	205	396
	2228	192	393
	2229	191	397
	2230	194	391
	2231	212	409
	2232	198	388
	2233	201	396
	2234	201	404
	2235	201	415
	2236	184	396
	2237	223	397
	2238	188	394
	2239	216	440
	2240	206	399
	2241	206	395
	2242	198	392
	2243	207	401
	2244	207	394
	2245	209	399
	2246	200	412
	2247	222	410
	2248	209	396
	2249	206	400
	2250	203	389
	2251	202	412
	2252	196	391
	2253	214	402
	2254	207	396
	2255	213	399
	2256	202	398
	2257	218	402
	2258	198	385
	2259	209	396
	2260	204	400
	2261	212	400
	2262	193	399
	2263	196	402
	2264	198	393
	2265	206	405
	2266	203	394
	2267	204	408
	2268	196	406
	2269	205	410
	2270	191	395
	2271	204	407
	2272	197	409
	2273	206	401
	2274	214	392
	2275	205	414
	2276	200	395
	2277	201	407
	2278	191	395
	2279	204	402
	2280	206	401
	2281	199	401
	2282	209	400
	2283	207	412
	2284	196	395
	2285	209	399
	2286	201	398
	2287	215	396
	2288	200	401
	2289	200	408
	2290	198	400
	2291	202	408
	2292	212	396
	2293	206	397
	2294	203	398
	2295	199	417
	2296	187	393
	2297	212	401
	2298	194	414
	2299	213	402
	2300	200	398
	2301	200	399
	2302	193	399
	2303	206	405
	2304	193	406
	2305	207	415
	2306	205	399
	2307	211	403
	2308	194	392
	2309	203	406
	2310	195	403
	2311	213	403
	2312	191	393
	2313	209	397
	2314	185	400
	2315	201	410
	2316	200	394
	2317	203	410
	2318	191	405
	2319	202	396
	2320	197	406
	2321	222	404
	2322	197	386
	2323	210	400
	2324	198	392
	2325	211	400
	2326	195	395
	2327	209	390
	2328	201	397
	2329	213	407
	2330	209	390
	2331	210	401
	2332	204	396
	2333	219	400
	2334	192	402
	2335	201	394
	2336	189	392
	2337	201	397
	2338	207	389
	2339	205	412
	2340	197	402
	2341	203	405
	2342	189	393
	2343	195	408
	2344	191	393
	2345	213	403
	2346	192	391
	2347	206	398
	2348	190	400
	2349	203	403
	2350	189	387
	2351	205	411
	2352	197	396
	2353	208	397
	2354	186	402
	2355	202	397
	2356	194	393
	2357	202	395
	2358	189	397
	2359	200	396
	2360	193	392
	2361	194	399
	2362	181	396
	2363	198	410
	2364	196	394
	2365	220	406
	2366	208	396
	2367	204	408
	2368	202	395
	2369	208	402
	2370	212	403
	2371	219	393
	2372	205	398
	2373	198	409
	2374	186	397
	2375	212	409
	2376	184	384
	2377	204	394
	2378	184	390
	2379	215	404
	2380	193	398
	2381	199	399
	2382	196	395
	2383	209	413
	2384	195	393
	2385	201	392
	2386	195	398
	2387	203	394
	2388	198	398
	2389	213	395
	2390	197	392
	2391	207	411
	2392	207	395
	2393	207	405
	2394	192	390
	2395	202	412
	2396	204	398
	2397	209	419
	2398	193	402
	2399	210	410
	2400	189	429
	2401	205	404
	2402	185	399
	2403	273	413
	2404	204	388
	2405	204	395
	2406	204	389
	2407	200	409
	2408	196	406
	2409	209	408
	2410	196	400
	2411	212	405
	2412	196	406
	2413	208	410
	2414	189	390
	2415	211	400
	2416	196	399
	2417	203	451
	2418	200	400
	2419	209	397
	2420	196	397
	2421	212	404
	2422	194	390
	2423	199	416
	2424	191	396
	2425	217	400
	2426	189	395
	2427	210	414
	2428	193	395
	2429	203	410
	2430	200	392
	2431	210	399
	2432	196	406
	2433	201	431
	2434	200	402
	2435	197	405
	2436	198	393
	2437	209	408
	2438	202	402
	2439	214	406
	2440	196	393
	2441	196	408
	2442	193	392
	2443	215	398
	2444	189	397
	2445	200	398
	2446	201	391
	2447	196	393
	2448	191	399
	2449	204	404
	2450	198	398
	2451	206	406
	2452	208	394
	2453	203	401
	2454	189	403
	2455	199	407
	2456	199	394
	2457	207	407
	2458	200	407
	2459	214	405
	2460	192	395
	2461	201	413
	2462	206	397
	2463	208	404
	2464	201	441
	2465	190	397
	2466	202	400
	2467	205	414
	2468	200	391
	2469	211	406
	2470	199	405
	2471	197	409
	2472	185	392
	2473	204	409
	2474	204	398
	2475	209	403
	2476	190	405
	2477	199	411
	2478	202	398
	2479	199	398
	2480	190	405
	2481	204	418
	2482	197	398
	2483	199	405
	2484	195	394
	2485	208	402
	2486	191	398
	2487	195	409
	2488	191	407
	2489	204	386
	2490	191	401
	2491	204	406
	2492	189	394
	2493	197	409
	2494	196	398
	2495	201	409
	2496	197	401
	2497	207	403
	2498	197	404
	2499	200	418
	2500	194	395
	2501	197	416
	2502	199	404
	2503	194	409
	2504	206	409
	2505	201	396
	2506	194	406
	2507	201	417
	2508	197	396
	2509	203	400
	2510	203	404
	2511	204	404
	2512	198	401
	2513	202	426
	2514	201	393
	2515	201	396
	2516	202	397
	2517	215	401
	2518	205	404
	2519	210	412
	2520	190	399
	2521	198	402
	2522	191	399
	2523	209	405
	2524	199	406
	2525	199	398
	2526	194	400
	2527	193	400
	2528	195	394
	2529	207	398
	2530	197	405
	2531	204	394
	2532	197	391
	2533	207	400
	2534	193	395
	2535	214	412
	2536	198	398
	2537	217	408
	2538	191	394
	2539	201	405
	2540	199	396
	2541	199	420
	2542	196	393
	2543	211	397
	2544	195	394
	2545	200	399
	2546	197	394
	2547	196	409
	2548	200	404
	2549	198	401
	2550	202	385
	2551	196	402
	2552	192	400
	2553	202	407
	2554	194	394
	2555	208	413
	2556	191	389
	2557	213	408
	2558	192	401
	2559	208	414
	2560	194	388
	2561	198	397
	2562	216	398
	2563	209	399
	2564	197	393
	2565	199	395
	2566	195	401
	2567	217	456
	2568	202	394
	2569	197	403
	2570	194	396
	2571	220	405
	2572	196	390
	2573	198	400
	2574	199	394
	2575	218	399
	2576	194	396
	2577	203	406
	2578	195	387
	2579	204	409
	2580	196	392
	2581	202	401
	2582	195	414
	2583	202	404
	2584	195	405
	2585	201	398
	2586	192	397
	2587	204	409
	2588	187	396
	2589	210	395
	2590	210	398
	2591	209	396
	2592	197	392
	2593	203	401
	2594	196	402
	2595	208	409
	2596	206	393
	2597	196	404
	2598	194	404
	2599	208	397
	2600	177	399
	2601	205	396
	2602	195	392
	2603	210	401
	2604	196	394
	2605	204	397
	2606	183	401
	2607	204	398
	2608	185	391
	2609	211	398
	2610	186	405
	2611	196	395
	2612	196	394
	2613	213	398
	2614	195	395
	2615	223	408
	2616	196	390
	2617	204	410
	2618	189	388
	2619	205	400
	2620	181	400
	2621	202	409
	2622	192	412
	2623	205	408
	2624	200	407
	2625	208	400
	2626	255	393
	2627	199	401
	2628	200	391
	2629	198	401
	2630	211	391
	2631	188	405
	2632	198	400
	2633	201	416
	2634	197	386
	2635	206	397
	2636	198	384
	2637	200	402
	2638	192	391
	2639	199	391
	2640	194	391
	2641	212	406
	2642	190	397
	2643	196	408
	2644	192	403
	2645	201	402
	2646	198	396
	2647	207	401
	2648	193	391
	2649	200	396
	2650	189	407
	2651	204	398
	2652	193	395
	2653	199	409
	2654	199	393
	2655	213	405
	2656	194	401
	2657	204	402
	2658	196	398
	2659	206	398
	2660	198	393
	2661	209	401
	2662	212	396
	2663	213	407
	2664	192	382
	2665	205	401
	2666	200	386
	2667	211	397
	2668	207	394
	2669	205	399
	2670	185	398
	2671	207	410
	2672	189	387
	2673	207	410
	2674	199	406
	2675	182	417
	2676	191	398
	2677	197	404
	2678	185	394
	2679	199	399
	2680	203	394
	2681	203	399
	2682	194	397
	2683	211	411
	2684	195	389
	2685	206	401
	2686	200	392
	2687	201	406
	2688	197	391
	2689	206	399
	2690	194	391
	2691	211	402
	2692	199	405
	2693	206	393
	2694	202	392
	2695	200	391
	2696	192	401
	2697	199	402
	2698	196	397
	2699	210	409
	2700	204	389
	2701	209	403
	2702	192	408
	2703	201	404
	2704	193	403
	2705	210	394
	2706	196	404
	2707	211	405
	2708	201	392
	2709	203	398
	2710	193	397
	2711	200	413
	2712	192	387
	2713	214	400
	2714	197	391
	2715	211	403
	2716	189	396
	2717	201	397
	2718	187	398
	2719	203	415
	2720	196	390
	2721	265	399
	2722	193	395
	2723	199	400
	2724	193	394
	2725	209	413
	2726	236	391
	2727	206	398
	2728	195	403
	2729	201	408
	2730	189	396
	2731	201	413
	2732	190	394
	2733	204	400
	2734	196	410
	2735	210	400
	2736	198	394
	2737	199	406
	2738	208	392
	2739	202	402
	2740	200	398
	2741	210	408
	2742	197	399
	2743	200	397
	2744	192	408
	2745	200	405
	2746	204	396
	2747	224	399
	2748	194	401
	2749	203	394
	2750	186	406
	2751	210	409
	2752	203	391
	2753	204	401
	2754	194	397
	2755	197	411
	2756	185	392
	2757	195	397
	2758	192	388
	2759	214	407
	2760	195	383
	2761	216	408
	2762	180	405
	2763	220	401
	2764	182	391
	2765	200	392
	2766	191	395
	2767	210	406
	2768	191	395
	2769	206	390
	2770	194	390
	2771	212	408
	2772	191	386
	2773	208	410
	2774	199	390
	2775	205	395
	2776	190	390
	2777	206	409
	2778	195	395
	2779	202	402
	2780	197	404
	2781	208	401
	2782	182	393
	2783	261	405
	2784	187	407
	2785	199	405
	2786	214	393
	2787	210	410
	2788	200	398
	2789	195	397
	2790	194	392
	2791	199	398
	2792	193	398
	2793	199	401
	2794	199	392
	2795	211	400
	2796	199	395
	2797	204	398
	2798	202	394
	2799	200	408
	2800	191	398
	2801	207	415
	2802	194	447
	2803	203	404
	2804	191	392
	2805	205	403
	2806	204	389
	2807	200	398
	2808	209	400
	2809	208	402
	2810	191	409
	2811	202	425
	2812	196	408
	2813	206	414
	2814	190	408
	2815	209	403
	2816	198	400
	2817	204	409
	2818	205	397
	2819	210	409
	2820	200	388
	2821	208	398
	2822	200	404
	2823	209	392
	2824	196	384
	2825	213	395
	2826	197	390
	2827	220	410
	2828	195	385
	2829	207	390
	2830	204	395
	2831	258	405
	2832	203	389
	2833	199	401
	2834	199	392
	2835	206	400
	2836	197	403
	2837	198	415
	2838	208	393
	2839	199	400
	2840	199	397
	2841	197	402
	2842	186	394
	2843	205	404
	2844	185	407
	2845	200	410
	2846	204	392
	2847	207	405
	2848	201	394
	2849	199	398
	2850	192	396
	2851	200	400
	2852	200	397
	2853	209	391
	2854	195	395
	2855	198	400
	2856	191	390
	2857	201	392
	2858	190	393
	2859	212	420
	2860	192	394
	2861	220	392
	2862	188	397
	2863	196	405
	2864	197	395
	2865	198	401
	2866	195	388
	2867	199	397
	2868	186	398
	2869	209	412
	2870	218	385
	2871	204	411
	2872	196	388
	2873	203	392
	2874	189	399
	2875	202	407
	2876	192	392
	2877	196	409
	2878	204	411
	2879	203	396
	2880	198	398
	2881	203	404
	2882	188	388
	2883	213	390
	2884	192	390
	2885	210	410
	2886	198	395
	2887	211	391
	2888	207	394
	2889	360	405
	2890	200	393
	2891	206	422
	2892	202	407
	2893	214	408
	2894	196	392
	2895	206	394
	2896	190	403
	2897	187	399
	2898	204	405
	2899	206	420
	2900	190	397
	2901	203	400
	2902	186	396
	2903	198	401
	2904	195	401
	2905	191	415
	2906	187	396
	2907	198	398
	2908	197	393
	2909	202	398
	2910	193	402
	2911	203	440
	2912	199	392
	2913	202	402
	2914	191	427
	2915	192	398
	2916	190	395
	2917	200	390
	2918	205	394
	2919	209	398
	2920	250	398
	2921	205	405
	2922	197	398
	2923	198	404
	2924	204	386
	2925	199	402
	2926	205	392
	2927	203	405
	2928	197	396
	2929	197	417
	2930	201	398
	2931	196	397
	2932	207	396
	2933	200	401
	2934	195	404
	2935	192	404
	2936	189	412
	2937	200	394
	2938	196	394
	2939	205	414
	2940	185	392
	2941	206	397
	2942	189	399
	2943	203	399
	2944	198	406
	2945	199	395
	2946	200	389
	2947	209	395
	2948	200	395
	2949	202	399
	2950	189	393
	2951	207	416
	2952	192	394
	2953	206	400
	2954	190	395
	2955	199	400
	2956	200	396
	2957	219	399
	2958	207	396
	2959	219	400
	2960	201	405
	2961	201	396
	2962	198	394
	2963	204	398
	2964	204	392
	2965	210	399
	2966	202	402
	2967	204	403
	2968	198	397
	2969	207	418
	2970	197	394
	2971	206	410
	2972	194	393
	2973	206	407
	2974	195	400
	2975	197	398
	2976	189	390
	2977	209	400
	2978	200	393
	2979	204	397
	2980	200	386
	2981	209	388
	2982	188	388
	2983	212	400
	2984	197	399
	2985	201	409
	2986	187	390
	2987	206	403
	2988	194	397
	2989	215	390
	2990	197	401
	2991	204	403
	2992	196	393
	2993	195	399
	2994	190	399
	2995	206	391
	2996	196	383
	2997	210	402
	2998	230	402
	2999	215	406
	3000	201	393
	3001	203	398
	3002	206	392
	3003	217	405
	3004	204	406
	3005	213	404
	3006	194	389
	3007	196	398
	3008	195	387
	3009	194	399
	3010	198	393
	3011	203	394
	3012	190	395
	3013	192	402
	3014	190	403
	3015	207	393
	3016	204	393
	3017	203	407
	3018	198	399
	3019	207	406
	3020	189	400
	3021	208	395
	3022	190	396
	3023	200	403
	3024	194	396
	3025	200	406
	3026	193	397
	3027	201	403
	3028	203	389
	3029	208	398
	3030	196	387
	3031	204	411
	3032	192	399
	3033	208	396
	3034	193	385
	3035	196	403
	3036	199	391
	3037	202	393
	3038	206	395
	3039	203	398
	3040	186	399
	3041	198	403
	3042	199	409
	3043	204	396
	3044	208	394
	3045	205	401
	3046	187	400
	3047	195	394
	3048	194	397
	3049	204	401
	3050	192	391
	3051	214	409
	3052	188	392
	3053	196	400
	3054	196	399
	3055	199	396
	3056	218	400
	3057	208	405
	3058	200	398
	3059	208	400
	3060	192	407
	3061	197	409
	3062	192	400
	3063	204	412
	3064	195	397
	3065	207	409
	3066	185	397
	3067	205	396
	3068	200	389
	3069	207	414
	3070	199	397
	3071	207	392
	3072	191	388
	3073	203	396
	3074	204	391
	3075	212	411
	3076	207	392
	3077	207	409
	3078	198	394
	3079	207	405
	3080	190	403
	3081	209	403
	3082	195	398
	3083	213	409
	3084	188	399
	3085	192	394
	3086	195	391
	3087	199	399
	3088	187	385
	3089	201	400
	3090	199	392
	3091	199	403
	3092	201	404
	3093	190	394
	3094	197	391
	3095	214	401
	3096	195	399
	3097	198	405
	3098	194	379
	3099	195	419
	3100	184	396
	3101	202	398
	3102	194	384
	3103	203	399
	3104	192	391
	3105	205	401
	3106	191	391
	3107	202	401
	3108	192	403
	3109	205	395
	3110	190	389
	3111	206	414
	3112	195	405
	3113	194	409
	3114	200	389
	3115	208	396
	3116	199	387
	3117	218	402
	3118	181	397
	3119	194	402
	3120	188	392
	3121	188	395
	3122	200	392
	3123	202	410
	3124	196	397
	3125	197	399
	3126	189	401
	3127	204	403
	3128	194	404
	3129	207	399
	3130	187	396
	3131	221	406
	3132	195	397
	3133	203	403
	3134	192	389
	3135	208	397
	3136	207	387
	3137	199	408
	3138	201	397
	3139	197	402
	3140	194	391
	3141	194	407
	3142	201	388
	3143	200	405
	3144	186	400
	3145	190	394
	3146	231	392
	3147	199	398
	3148	196	398
	3149	214	404
	3150	209	391
	3151	212	405
	3152	202	400
	3153	197	413
	3154	193	403
	3155	203	399
	3156	196	388
	3157	204	403
	3158	190	405
	3159	193	399
	3160	195	404
	3161	197	405
	3162	199	391
	3163	205	393
	3164	190	396
	3165	207	395
	3166	200	389
	3167	216	398
	3168	202	388
	3169	204	395
	3170	195	399
	3171	203	410
	3172	197	392
	3173	203	405
	3174	198	392
	3175	203	409
	3176	192	388
	3177	207	396
	3178	193	404
	3179	198	395
	3180	194	393
	3181	200	402
	3182	196	392
	3183	209	396
	3184	192	399
	3185	247	402
	3186	188	392
	3187	202	406
	3188	202	395
	3189	215	396
	3190	188	397
	3191	214	393
	3192	189	395
	3193	203	405
	3194	200	385
	3195	209	397
	3196	202	397
	3197	203	401
	3198	195	390
	3199	196	387
	3200	204	380
	3201	205	399
	3202	198	386
	3203	204	399
	3204	196	397
	3205	191	406
	3206	191	393
	3207	205	403
	3208	192	387
	3209	205	401
	3210	193	393
	3211	209	413
	3212	192	389
	3213	216	402
	3214	197	398
	3215	211	399
	3216	197	399
	3217	202	411
	3218	196	401
	3219	199	396
	3220	197	402
	3221	210	399
	3222	197	394
	3223	218	456
	3224	196	386
	3225	205	407
	3226	191	394
	3227	198	401
	3228	198	385
	3229	218	408
	3230	188	395
	3231	206	399
	3232	187	395
	3233	195	401
	3234	196	398
	3235	202	398
	3236	201	390
	3237	202	399
	3238	192	392
	3239	195	404
	3240	200	387
	3241	208	439
	3242	197	393
	3243	205	406
	3244	194	393
	3245	205	404
	3246	194	416
	3247	213	411
	3248	195	395
	3249	203	402
	3250	200	386
	3251	201	407
	3252	197	403
	3253	212	399
	3254	198	407
	3255	203	397
	3256	189	393
	3257	199	402
	3258	190	399
	3259	196	395
	3260	192	380
	3261	207	392
	3262	207	393
	3263	221	409
	3264	196	389
	3265	195	398
	3266	195	393
	3267	206	402
	3268	200	393
	3269	202	408
	3270	184	393
	3271	198	399
	3272	205	392
	3273	209	402
	3274	201	395
	3275	213	410
	3276	205	390
	3277	207	405
	3278	197	392
	3279	204	411
	3280	197	397
	3281	207	399
	3282	214	394
	3283	205	406
	3284	194	399
	3285	246	398
	3286	197	404
	3287	211	412
	3288	192	393
	3289	206	413
	3290	187	394
	3291	197	395
	3292	187	399
	3293	216	392
	3294	193	397
	3295	200	396
	3296	201	393
	3297	198	395
	3298	190	389
	3299	204	399
	3300	193	400
	3301	203	402
	3302	204	383
	3303	205	400
	3304	196	397
	3305	204	395
	3306	189	396
	3307	210	409
	3308	196	395
	3309	193	401
	3310	189	391
	3311	201	391
	3312	185	385
	3313	202	407
	3314	193	404
	3315	193	402
	3316	193	400
	3317	208	408
	3318	194	393
	3319	210	389
	3320	199	389
	3321	218	399
	3322	222	393
	3323	205	403
	3324	191	387
	3325	209	401
	3326	195	396
	3327	198	407
	3328	193	395
	3329	196	403
	3330	192	387
	3331	198	404
	3332	196	405
	3333	205	403
	3334	191	391
	3335	206	411
	3336	187	387
	3337	201	404
	3338	195	397
	3339	211	403
	3340	197	390
	3341	204	405
	3342	191	401
	3343	195	403
	3344	195	403
	3345	209	393
	3346	199	405
	3347	227	399
	3348	205	395
	3349	198	395
	3350	188	398
	3351	198	396
	3352	192	396
	3353	213	394
	3354	192	389
	3355	211	400
	3356	190	390
	3357	203	400
	3358	201	392
	3359	206	393
	3360	189	389
	3361	212	403
	3362	203	393
	3363	197	397
	3364	198	397
	3365	204	398
	3366	195	393
	3367	207	406
	3368	195	382
	3369	208	396
	3370	195	392
	3371	213	399
	3372	200	382
	3373	212	402
	3374	203	385
	3375	202	402
	3376	201	398
	3377	201	389
	3378	199	396
	3379	206	397
	3380	207	393
	3381	200	400
	3382	193	389
	3383	202	398
	3384	183	385
	3385	218	404
	3386	197	392
	3387	212	396
	3388	200	394
	3389	201	417
	3390	194	403
	3391	202	406
	3392	194	396
	3393	201	401
	3394	195	392
	3395	204	409
	3396	195	400
	3397	200	400
	3398	200	392
	3399	203	397
	3400	189	397
	3401	204	398
	3402	188	402
	3403	198	396
	3404	187	391
	3405	210	401
	3406	192	398
	3407	216	399
	3408	201	388
	3409	212	401
	3410	198	394
	3411	210	396
	3412	193	384
	3413	217	406
	3414	204	383
	3415	211	390
	3416	196	395
	3417	199	390
	3418	199	388
	3419	208	393
	3420	193	390
	3421	203	399
	3422	192	392
	3423	200	408
	3424	194	388
	3425	206	405
	3426	204	389
	3427	203	404
	3428	189	388
	3429	213	396
	3430	190	403
	3431	219	397
	3432	202	393
	3433	207	394
	3434	197	392
	3435	206	406
	3436	197	390
	3437	195	410
	3438	200	390
	3439	204	412
	3440	197	407
	3441	204	404
	3442	198	391
	3443	206	396
	3444	188	384
	3445	199	404
	3446	213	396
	3447	209	395
	3448	200	388
	3449	205	400
	3450	202	392
	3451	208	413
	3452	199	393
	3453	213	396
	3454	191	391
	3455	213	415
	3456	187	394
	3457	207	398
	3458	194	405
	3459	214	394
	3460	203	391
	3461	198	415
	3462	195	395
	3463	210	402
	3464	197	401
	3465	210	407
	3466	193	396
	3467	196	411
	3468	185	397
	3469	203	400
	3470	197	405
	3471	202	403
	3472	199	471
	3473	203	396
	3474	197	390
	3475	203	400
	3476	189	387
	3477	203	409
	3478	198	438
	3479	205	398
	3480	201	393
	3481	212	404
	3482	186	392
	3483	203	409
	3484	187	404
	3485	209	404
	3486	187	389
	3487	205	400
	3488	199	395
	3489	201	401
	3490	200	396
	3491	196	405
	3492	204	389
	3493	196	396
	3494	191	388
	3495	201	397
	3496	180	391
	3497	207	395
	3498	190	387
	3499	216	402
	3500	192	413
	3501	197	403
	3502	191	391
	3503	209	408
	3504	201	401
	3505	202	403
	3506	198	397
	3507	207	398
	3508	190	388
	3509	196	397
	3510	204	398
	3511	207	402
	3512	183	378
	3513	194	383
	3514	197	396
	3515	199	399
	3516	199	388
	3517	214	394
	3518	191	388
	3519	209	397
	3520	191	391
	3521	191	406
	3522	193	400
	3523	207	396
	3524	196	396
	3525	204	405
	3526	204	395
	3527	195	403
	3528	188	387
	3529	190	401
	3530	192	397
	3531	212	414
	3532	189	396
	3533	198	410
	3534	197	387
	3535	196	405
	3536	197	394
	3537	208	413
	3538	200	391
	3539	202	404
	3540	185	435
	3541	199	403
	3542	202	394
	3543	211	391
	3544	198	394
	3545	207	402
	3546	195	389
	3547	201	409
	3548	193	395
	3549	204	405
	3550	238	432
	3551	205	394
	3552	185	395
	3553	197	405
	3554	196	378
	3555	211	422
	3556	197	392
	3557	207	400
	3558	187	391
	3559	206	420
	3560	197	393
	3561	199	401
	3562	205	394
	3563	204	399
	3564	208	407
	3565	210	405
	3566	186	390
	3567	203	407
	3568	181	390
	3569	197	401
	3570	208	382
	3571	206	403
	3572	197	394
	3573	193	408
	3574	190	392
	3575	198	398
	3576	184	390
	3577	213	403
	3578	198	398
	3579	206	412
	3580	195	390
	3581	205	408
	3582	204	397
	3583	245	400
	3584	197	399
	3585	210	403
	3586	203	394
	3587	198	392
	3588	201	387
	3589	201	402
	3590	204	392
	3591	205	404
	3592	196	382
	3593	215	394
	3594	192	397
	3595	206	395
	3596	195	402
	3597	209	402
	3598	188	395
	3599	211	406
	3600	196	390
	3601	201	397
	3602	206	393
	3603	213	395
	3604	199	386
	3605	196	389
	3606	191	381
	3607	200	401
	3608	188	389
	3609	206	399
	3610	192	398
	3611	204	410
	3612	191	401
	3613	195	399
	3614	191	403
	3615	198	390
	3616	203	393
	3617	211	387
	3618	194	399
	3619	194	404
	3620	191	385
	3621	201	410
	3622	204	388
	3623	194	406
	3624	193	390
	3625	205	403
	3626	188	383
	3627	206	403
	3628	190	405
	3629	213	400
	3630	193	394
	3631	206	400
	3632	201	398
	3633	204	400
	3634	194	393
	3635	209	395
	3636	214	386
	3637	215	410
	3638	198	395
	3639	209	406
	3640	199	393
	3641	206	390
	3642	191	385
	3643	209	399
	3644	198	392
	3645	205	408
	3646	189	393
	3647	200	393
	3648	190	391
	3649	209	395
	3650	196	394
	3651	215	410
	3652	194	389
	3653	204	397
	3654	206	396
	3655	195	405
	3656	198	405
	3657	206	405
	3658	193	387
	3659	195	406
	3660	188	390
	3661	210	403
	3662	189	402
	3663	209	404
	3664	201	398
	3665	200	404
	3666	190	391
	3667	218	399
	3668	197	392
	3669	215	397
	3670	210	398
	3671	209	397
	3672	199	391
	3673	200	413
	3674	195	392
	3675	196	402
	3676	199	398
	3677	198	399
	3678	192	395
	3679	203	401
	3680	185	391
	3681	208	400
	3682	205	395
	3683	204	397
	3684	189	389
	3685	195	407
	3686	191	394
	3687	196	402
	3688	197	397
	3689	200	394
	3690	197	406
	3691	209	403
	3692	194	399
	3693	198	411
	3694	197	393
	3695	210	404
	3696	198	391
	3697	205	398
	3698	194	393
	3699	213	405
	3700	234	403
	3701	200	391
	3702	194	397
	3703	209	405
	3704	193	400
	3705	209	398
	3706	195	391
	3707	200	395
	3708	197	394
	3709	203	404
	3710	198	387
	3711	206	393
	3712	193	385
	3713	206	396
	3714	191	381
	3715	197	395
	3716	191	390
	3717	196	393
	3718	184	387
	3719	186	392
	3720	196	398
	3721	205	402
	3722	188	389
	3723	202	390
