	0	16	37
	1	19	39
	2	18	39
	3	22	40
	4	21	37
	5	18	40
	6	17	36
	7	16	38
	8	16	37
	9	19	37
	10	18	38
	11	20	36
	12	18	37
	13	20	39
	14	16	39
	15	17	39
	16	19	38
	17	17	39
	18	19	40
	19	18	39
	20	20	35
	21	17	39
	22	18	38
	23	16	38
	24	18	40
	25	17	40
	26	20	38
	27	20	40
	28	20	40
	29	23	39
	30	21	39
	31	22	42
	32	21	43
	33	19	42
	34	21	42
	35	23	39
	36	22	42
	37	22	42
	38	21	42
	39	21	46
	40	23	43
	41	21	40
	42	23	38
	43	21	41
	44	22	41
	45	22	41
	46	19	40
	47	22	40
	48	22	39
	49	20	40
	50	20	40
	51	22	44
	52	22	38
	53	19	41
	54	22	41
	55	22	42
	56	21	41
	57	21	42
	58	22	41
	59	24	42
	60	22	43
	61	23	40
	62	23	42
	63	21	38
	64	22	40
	65	21	42
	66	23	41
	67	23	41
	68	24	44
	69	24	44
	70	21	41
	71	22	43
	72	21	43
	73	24	43
	74	23	43
	75	25	44
	76	22	42
	77	25	44
	78	25	41
	79	25	43
	80	22	42
	81	22	45
	82	25	43
	83	23	47
	84	22	42
	85	19	43
	86	23	42
	87	23	45
	88	21	43
	89	23	40
	90	23	42
	91	24	39
	92	19	41
	93	23	44
	94	22	45
	95	23	41
	96	22	51
	97	21	45
	98	23	40
	99	25	42
	100	21	43
	101	23	43
	102	24	41
	103	20	44
	104	22	40
	105	22	42
	106	21	43
	107	22	40
	108	21	41
	109	24	44
	110	20	40
	111	22	42
	112	25	42
	113	22	43
	114	25	42
	115	25	43
	116	21	38
	117	22	44
	118	24	43
	119	25	42
	120	21	39
	121	25	41
	122	20	40
	123	25	46
	124	19	42
	125	21	41
	126	21	39
	127	22	38
	128	24	40
	129	23	44
	130	19	40
	131	21	44
	132	22	39
	133	23	41
	134	23	42
	135	26	43
	136	31	41
	137	22	40
	138	19	41
	139	20	41
	140	21	42
	141	29	42
	142	24	41
	143	25	39
	144	22	43
	145	19	44
	146	24	40
	147	24	45
	148	23	44
	149	23	43
	150	21	44
	151	23	45
	152	25	43
	153	23	41
	154	26	43
	155	26	42
	156	21	42
	157	25	43
	158	21	43
	159	21	45
	160	24	41
	161	21	40
	162	21	45
	163	24	43
	164	23	40
	165	21	44
	166	23	41
	167	23	44
	168	25	42
	169	24	43
	170	24	41
	171	23	44
	172	24	43
	173	26	42
	174	26	43
	175	24	45
	176	22	39
	177	26	43
	178	21	46
	179	20	46
	180	24	43
	181	24	41
	182	21	42
	183	24	42
	184	21	44
	185	25	42
	186	21	42
	187	24	42
	188	22	42
	189	24	43
	190	23	43
	191	24	44
	192	22	40
	193	24	44
	194	22	43
	195	20	40
	196	23	44
	197	23	42
	198	20	40
	199	24	44
	200	24	43
	201	24	44
	202	25	42
	203	25	44
	204	22	42
	205	24	43
	206	23	42
	207	26	41
	208	22	41
	209	23	39
	210	24	46
	211	23	42
	212	23	42
	213	28	42
	214	20	46
	215	22	44
	216	24	42
	217	23	44
	218	22	42
	219	24	49
	220	23	44
	221	24	42
	222	22	44
	223	25	42
	224	24	41
	225	25	43
	226	24	43
	227	21	43
	228	24	43
	229	26	43
	230	24	42
	231	26	45
	232	22	42
	233	24	43
	234	25	44
	235	23	41
	236	21	42
	237	26	44
	238	24	41
	239	23	46
	240	23	41
	241	23	46
	242	24	43
	243	23	43
	244	22	44
	245	26	45
	246	23	44
	247	24	45
	248	21	49
	249	20	44
	250	25	38
	251	28	44
	252	24	41
	253	23	42
	254	23	41
	255	22	47
	256	22	41
	257	24	43
	258	22	44
	259	25	44
	260	21	38
	261	27	43
	262	22	43
	263	23	43
	264	21	39
	265	24	44
	266	22	44
	267	24	40
	268	23	42
	269	24	42
	270	23	42
	271	23	42
	272	23	40
	273	22	42
	274	24	44
	275	25	45
	276	20	43
	277	25	44
	278	22	39
	279	26	43
	280	23	40
	281	25	41
	282	22	41
	283	24	42
	284	25	39
	285	25	44
	286	23	42
	287	24	41
	288	25	43
	289	24	40
	290	27	42
	291	24	43
	292	18	44
	293	21	44
	294	22	42
	295	24	44
	296	23	45
	297	25	41
	298	30	42
	299	23	43
	300	23	41
	301	27	43
	302	22	46
	303	23	41
	304	25	42
	305	24	43
	306	26	43
	307	26	43
	308	26	47
	309	24	44
	310	21	41
	311	21	44
	312	22	43
	313	22	43
	314	21	40
	315	22	45
	316	21	43
	317	24	45
	318	25	42
	319	22	44
	320	25	43
	321	23	42
	322	21	46
	323	24	41
	324	26	41
	325	27	43
	326	22	42
	327	24	42
	328	23	43
	329	23	43
	330	26	43
	331	24	44
	332	25	41
	333	27	46
	334	26	42
	335	21	42
	336	23	43
	337	26	45
	338	25	44
	339	26	44
	340	23	42
	341	24	42
	342	24	42
	343	24	41
	344	22	41
	345	27	45
	346	27	47
	347	26	43
	348	21	41
	349	26	43
	350	24	39
	351	26	44
	352	25	41
	353	25	45
	354	24	41
	355	24	42
	356	25	43
	357	26	43
	358	24	44
	359	27	41
	360	22	42
	361	26	44
	362	27	42
	363	30	41
	364	24	39
	365	25	44
	366	24	42
	367	22	41
	368	27	45
	369	25	41
	370	29	43
	371	26	43
	372	24	43
	373	26	41
	374	24	44
	375	26	42
	376	27	41
	377	28	42
	378	28	44
	379	29	43
	380	26	43
	381	27	42
	382	26	41
	383	26	46
	384	28	40
	385	26	44
	386	23	41
	387	27	41
	388	26	44
	389	28	42
	390	25	44
	391	27	43
	392	26	42
	393	27	43
	394	26	44
	395	28	45
	396	29	44
	397	30	43
	398	29	43
	399	26	49
	400	26	42
	401	31	42
	402	28	43
	403	27	44
	404	27	41
	405	27	41
	406	29	43
	407	30	43
	408	26	45
	409	28	43
	410	27	47
	411	29	45
	412	27	42
	413	28	41
	414	29	45
	415	28	45
	416	27	44
	417	29	46
	418	30	43
	419	30	43
	420	29	43
	421	29	44
	422	30	42
	423	30	43
	424	27	45
	425	30	44
	426	28	43
	427	30	46
	428	27	43
	429	27	43
	430	28	43
	431	29	47
	432	30	42
	433	29	45
	434	30	45
	435	31	47
	436	30	44
	437	35	45
	438	29	43
	439	30	42
	440	31	44
	441	31	45
	442	32	46
	443	30	43
	444	30	42
	445	33	43
	446	33	45
	447	31	41
	448	33	41
	449	32	44
	450	31	43
	451	34	45
	452	40	44
	453	33	45
	454	33	45
	455	35	42
	456	36	42
	457	35	44
	458	31	44
	459	33	47
	460	35	44
	461	35	43
	462	34	46
	463	33	45
	464	34	44
	465	33	44
	466	38	45
	467	36	44
	468	33	41
	469	36	43
	470	37	42
	471	39	45
	472	32	41
	473	37	45
	474	39	45
	475	37	44
	476	38	44
	477	35	44
	478	34	45
	479	37	46
	480	39	46
	481	35	43
	482	39	45
	483	38	44
	484	34	45
	485	39	44
	486	37	45
	487	40	45
	488	36	45
	489	38	44
	490	40	46
	491	40	47
	492	39	43
	493	38	44
	494	38	45
	495	37	46
	496	42	44
	497	42	44
	498	41	42
	499	40	43
	500	40	46
	501	44	47
	502	41	45
	503	40	43
	504	43	43
	505	40	43
	506	43	45
	507	43	46
	508	40	43
	509	42	41
	510	41	44
	511	42	47
	512	43	46
	513	44	47
	514	43	45
	515	43	40
	516	43	46
	517	47	46
	518	44	45
	519	45	46
	520	45	44
	521	46	47
	522	44	47
	523	42	49
	524	45	43
	525	45	46
	526	45	45
	527	44	48
	528	46	43
	529	47	46
	530	47	47
	531	49	46
	532	45	44
	533	50	44
	534	47	47
	535	53	46
	536	48	45
	537	47	44
	538	50	46
	539	52	47
	540	50	45
	541	49	46
	542	51	45
	543	48	47
	544	50	43
	545	49	46
	546	47	47
	547	54	42
	548	54	45
	549	56	44
	550	51	44
	551	54	48
	552	53	44
	553	53	47
	554	54	49
	555	52	46
	556	54	45
	557	54	50
	558	56	43
	559	57	47
	560	54	48
	561	58	46
	562	56	47
	563	58	48
	564	56	46
	565	58	46
	566	57	48
	567	59	47
	568	59	48
	569	59	46
	570	58	47
	571	63	48
	572	60	44
	573	61	44
	574	61	46
	575	62	48
	576	63	47
	577	60	50
	578	59	45
	579	63	47
	580	63	45
	581	63	47
	582	59	46
	583	63	47
	584	68	48
	585	63	46
	586	67	47
	587	65	47
	588	66	48
	589	66	47
	590	67	48
	591	68	51
	592	67	47
	593	69	46
	594	70	49
	595	69	48
	596	67	46
	597	67	51
	598	71	47
	599	71	50
	600	71	44
	601	73	46
	602	74	46
	603	72	48
	604	73	48
	605	74	49
	606	73	45
	607	73	47
	608	75	48
	609	73	48
	610	71	47
	611	76	48
	612	73	51
	613	78	49
	614	73	48
	615	77	51
	616	76	49
	617	77	48
	618	78	48
	619	74	50
	620	77	47
	621	77	49
	622	81	47
	623	79	49
	624	79	48
	625	80	48
	626	81	51
	627	80	50
	628	77	50
	629	81	50
	630	81	48
	631	84	53
	632	83	50
	633	82	52
	634	81	50
	635	85	48
	636	82	50
	637	85	51
	638	83	52
	639	85	50
	640	83	50
	641	87	50
	642	87	51
	643	88	51
	644	89	48
	645	86	51
	646	87	52
	647	89	50
	648	87	46
	649	89	53
	650	90	50
	651	94	52
	652	91	52
	653	88	51
	654	91	52
	655	92	50
	656	89	51
	657	92	52
	658	92	50
	659	91	52
	660	93	53
	661	93	50
	662	90	51
	663	94	52
	664	92	51
	665	98	52
	666	96	50
	667	95	54
	668	90	55
	669	93	53
	670	97	50
	671	99	51
	672	99	52
	673	101	53
	674	98	55
	675	100	53
	676	94	51
	677	100	52
	678	99	52
	679	101	54
	680	101	52
	681	103	54
	682	100	52
	683	100	55
	684	104	51
	685	105	55
	686	103	53
	687	102	51
	688	104	52
	689	98	55
	690	107	51
	691	107	54
	692	105	49
	693	104	52
	694	104	53
	695	104	51
	696	101	53
	697	104	52
	698	106	50
	699	109	53
	700	105	54
	701	105	53
	702	108	50
	703	105	52
	704	108	52
	705	109	52
	706	110	51
	707	110	53
	708	115	53
	709	111	52
	710	110	51
	711	112	53
	712	109	53
	713	109	52
	714	110	54
	715	107	55
	716	113	55
	717	113	55
	718	109	54
	719	114	51
	720	117	52
	721	115	53
	722	115	52
	723	111	59
	724	113	52
	725	117	53
	726	113	54
	727	115	53
	728	113	58
	729	116	51
	730	118	53
	731	118	53
	732	113	55
	733	116	52
	734	111	52
	735	116	54
	736	115	54
	737	118	55
	738	117	54
	739	117	54
	740	116	54
	741	113	54
	742	116	53
	743	116	57
	744	116	55
	745	118	52
	746	117	57
	747	118	53
	748	118	53
	749	117	56
	750	114	54
	751	119	54
	752	117	54
	753	117	53
	754	116	54
	755	118	52
	756	117	51
	757	116	55
	758	116	56
	759	122	54
	760	116	52
	761	115	53
	762	115	52
	763	118	57
	764	118	54
	765	118	52
	766	120	56
	767	117	55
	768	114	54
	769	115	53
	770	117	54
	771	117	54
	772	116	53
	773	116	53
	774	115	52
	775	119	50
	776	123	52
	777	117	57
	778	119	55
	779	117	54
	780	113	53
	781	119	52
	782	115	53
	783	118	57
	784	118	52
	785	118	55
	786	117	56
	787	116	55
	788	117	54
	789	118	56
	790	114	53
	791	119	56
	792	114	52
	793	116	57
	794	113	54
	795	117	53
	796	117	51
	797	116	53
	798	115	55
	799	115	55
	800	116	54
	801	113	54
	802	112	52
	803	112	61
	804	112	53
	805	113	52
	806	112	51
	807	114	54
	808	109	58
	809	111	52
	810	107	50
	811	114	52
	812	109	54
	813	109	53
	814	108	52
	815	111	55
	816	109	52
	817	109	54
	818	107	52
	819	109	52
	820	106	50
	821	106	51
	822	112	51
	823	109	52
	824	106	51
	825	104	51
	826	107	51
	827	106	53
	828	106	52
	829	102	55
	830	104	47
	831	105	51
	832	103	51
	833	105	51
	834	106	50
	835	101	51
	836	105	51
	837	105	49
	838	102	50
	839	100	49
	840	98	51
	841	100	53
	842	103	50
	843	101	49
	844	102	49
	845	98	52
	846	100	49
	847	99	51
	848	99	50
	849	99	54
	850	97	51
	851	97	52
	852	96	50
	853	97	50
	854	99	48
	855	98	50
	856	93	49
	857	97	49
	858	101	51
	859	100	46
	860	97	49
	861	95	50
	862	97	49
	863	94	54
	864	97	51
	865	97	47
	866	95	48
	867	96	51
	868	94	48
	869	94	52
	870	92	49
	871	90	50
	872	92	51
	873	95	51
	874	90	50
	875	92	49
	876	91	49
	877	94	48
	878	95	50
	879	95	48
	880	89	48
	881	95	50
	882	92	50
	883	92	50
	884	90	49
	885	91	47
	886	87	49
	887	91	50
	888	89	48
	889	88	50
	890	89	50
	891	88	52
	892	88	48
	893	91	48
	894	87	47
	895	89	49
	896	86	52
	897	86	50
	898	87	49
	899	88	50
	900	83	51
	901	87	50
	902	85	50
	903	86	48
	904	82	47
	905	83	51
	906	86	48
	907	85	46
	908	83	47
	909	84	48
	910	81	48
	911	83	48
	912	81	48
	913	83	48
	914	81	50
	915	84	47
	916	78	49
	917	80	48
	918	80	48
	919	82	48
	920	78	45
	921	80	47
	922	81	45
	923	77	50
	924	79	45
	925	76	49
	926	76	49
	927	80	46
	928	78	48
	929	77	49
	930	75	49
	931	74	49
	932	74	49
	933	75	49
	934	74	49
	935	72	46
	936	72	42
	937	75	49
	938	72	47
	939	72	47
	940	73	45
	941	69	48
	942	70	48
	943	71	49
	944	71	47
	945	70	46
	946	68	50
	947	71	50
	948	68	47
	949	69	45
	950	68	53
	951	69	46
	952	68	48
	953	70	47
	954	70	43
	955	69	47
	956	67	45
	957	68	45
	958	66	46
	959	66	50
	960	67	44
	961	64	47
	962	69	45
	963	64	46
	964	62	47
	965	64	44
	966	64	44
	967	66	44
	968	64	46
	969	62	46
	970	62	44
	971	64	46
	972	61	48
	973	63	49
	974	59	43
	975	61	49
	976	58	47
	977	60	46
	978	59	47
	979	59	47
	980	56	48
	981	58	46
	982	57	46
	983	60	45
	984	55	45
	985	55	44
	986	55	45
	987	55	45
	988	54	47
	989	53	47
	990	53	45
	991	53	43
	992	52	44
	993	52	47
	994	50	44
	995	51	45
	996	49	43
	997	51	45
	998	50	43
	999	52	43
	1000	50	45
	1001	51	44
	1002	52	45
	1003	50	44
	1004	49	43
	1005	50	45
	1006	49	44
	1007	51	46
	1008	48	43
	1009	49	48
	1010	48	44
	1011	46	44
	1012	47	45
	1013	47	44
	1014	46	44
	1015	48	43
	1016	46	44
	1017	45	43
	1018	46	44
	1019	50	40
	1020	46	43
	1021	47	45
	1022	45	46
	1023	50	45
	1024	44	43
	1025	49	43
	1026	45	46
	1027	53	45
	1028	46	42
	1029	47	43
	1030	47	44
	1031	46	44
	1032	45	42
	1033	48	45
	1034	45	44
	1035	42	43
	1036	45	39
	1037	41	44
	1038	43	45
	1039	43	43
	1040	46	45
	1041	47	40
	1042	43	44
	1043	46	41
	1044	47	49
	1045	45	46
	1046	44	43
	1047	44	44
	1048	44	44
	1049	43	42
	1050	43	45
	1051	42	44
	1052	48	42
	1053	45	37
	1054	40	44
	1055	45	50
	1056	41	43
	1057	43	43
	1058	46	44
	1059	42	46
	1060	41	44
	1061	41	41
	1062	42	40
	1063	44	41
	1064	42	43
	1065	42	44
	1066	46	46
	1067	44	43
	1068	45	44
	1069	43	43
	1070	40	42
	1071	44	41
	1072	42	43
	1073	42	40
	1074	40	39
	1075	38	42
	1076	39	42
	1077	49	45
	1078	41	42
	1079	43	43
	1080	41	42
	1081	42	42
	1082	43	42
	1083	41	43
	1084	39	44
	1085	43	41
	1086	43	45
	1087	41	41
	1088	41	41
	1089	40	42
	1090	41	41
	1091	41	42
	1092	39	42
	1093	38	42
	1094	42	41
	1095	41	43
	1096	41	44
	1097	41	44
	1098	41	43
	1099	42	41
	1100	39	46
	1101	41	43
	1102	39	43
	1103	43	42
	1104	38	41
	1105	44	44
	1106	41	42
	1107	41	40
	1108	38	43
	1109	38	43
	1110	40	48
	1111	40	42
	1112	39	43
	1113	40	41
	1114	39	44
	1115	40	42
	1116	40	39
	1117	40	43
	1118	42	43
	1119	39	43
	1120	41	43
	1121	39	44
	1122	38	43
	1123	37	40
	1124	39	43
	1125	40	43
	1126	38	46
	1127	40	44
	1128	39	42
	1129	38	42
	1130	42	45
	1131	40	44
	1132	39	45
	1133	42	41
	1134	35	43
	1135	41	46
	1136	41	49
	1137	41	44
	1138	40	40
	1139	39	44
	1140	40	43
	1141	39	41
	1142	39	41
	1143	40	43
	1144	41	42
	1145	36	42
	1146	39	43
	1147	40	41
	1148	38	41
	1149	37	43
	1150	41	42
	1151	37	44
	1152	39	43
	1153	37	42
	1154	40	42
	1155	41	43
	1156	38	41
	1157	39	42
	1158	40	44
	1159	38	41
	1160	38	42
	1161	43	44
	1162	41	43
	1163	38	48
	1164	39	43
	1165	39	39
	1166	38	40
	1167	40	42
	1168	37	43
	1169	41	45
	1170	40	44
	1171	44	43
	1172	38	42
	1173	33	46
	1174	42	43
	1175	40	43
	1176	39	41
	1177	37	43
	1178	38	42
	1179	37	42
	1180	36	42
	1181	39	43
	1182	41	41
	1183	40	43
	1184	37	42
	1185	37	42
	1186	37	44
	1187	39	42
	1188	36	43
	1189	38	41
	1190	39	40
	1191	39	41
	1192	39	41
	1193	36	43
	1194	36	44
	1195	42	44
	1196	40	43
	1197	40	43
	1198	36	41
	1199	38	44
	1200	37	43
	1201	39	43
	1202	38	41
	1203	37	46
	1204	37	44
	1205	38	43
	1206	38	43
	1207	37	43
	1208	36	41
	1209	40	38
	1210	37	43
	1211	38	43
	1212	35	44
	1213	38	43
	1214	37	43
	1215	39	40
	1216	36	46
	1217	38	43
	1218	41	40
	1219	37	39
	1220	37	41
	1221	37	42
	1222	36	41
	1223	38	44
	1224	36	42
	1225	38	43
	1226	37	42
	1227	34	41
	1228	37	41
	1229	39	46
	1230	39	42
	1231	37	41
	1232	34	42
	1233	39	41
	1234	39	38
	1235	38	43
	1236	38	40
	1237	36	41
	1238	35	42
	1239	35	41
	1240	37	42
	1241	37	43
	1242	36	41
	1243	37	41
	1244	35	43
	1245	38	41
	1246	37	45
	1247	38	44
	1248	37	41
	1249	35	42
	1250	37	39
	1251	37	45
	1252	35	41
	1253	40	42
	1254	36	41
	1255	38	44
	1256	40	44
	1257	36	43
	1258	38	41
	1259	36	40
	1260	36	43
	1261	37	46
	1262	33	47
	1263	37	43
	1264	35	43
	1265	38	41
	1266	41	45
	1267	45	43
	1268	38	39
	1269	35	40
	1270	36	42
	1271	35	42
	1272	34	45
	1273	38	42
	1274	37	42
	1275	39	47
	1276	35	41
	1277	36	41
	1278	36	42
	1279	35	41
	1280	36	43
	1281	38	43
	1282	37	38
	1283	38	42
	1284	36	42
	1285	35	41
	1286	36	42
	1287	36	42
	1288	34	40
	1289	36	41
	1290	36	42
	1291	35	44
	1292	36	45
	1293	36	43
	1294	34	44
	1295	39	41
	1296	34	44
	1297	33	43
	1298	34	41
	1299	37	40
	1300	34	42
	1301	35	42
	1302	35	41
	1303	33	44
	1304	34	42
	1305	38	40
	1306	35	43
	1307	34	42
	1308	33	42
	1309	35	46
	1310	35	42
	1311	36	40
	1312	33	42
	1313	37	43
	1314	36	43
	1315	34	43
	1316	36	42
	1317	37	41
	1318	33	46
	1319	37	42
	1320	37	43
	1321	34	44
	1322	34	40
	1323	38	42
	1324	34	44
	1325	37	43
	1326	35	44
	1327	39	44
	1328	39	42
	1329	37	45
	1330	33	43
	1331	39	43
	1332	34	39
	1333	34	43
	1334	34	42
	1335	35	44
	1336	31	43
	1337	32	44
	1338	33	41
	1339	32	41
	1340	36	45
	1341	33	45
	1342	34	44
	1343	35	43
	1344	30	41
	1345	34	42
	1346	34	41
	1347	34	43
	1348	34	40
	1349	32	42
	1350	34	44
	1351	35	40
	1352	35	43
	1353	35	42
	1354	32	42
	1355	36	46
	1356	34	42
	1357	33	43
	1358	31	45
	1359	33	42
	1360	33	39
	1361	33	40
	1362	33	44
	1363	32	43
	1364	31	44
	1365	36	45
	1366	32	38
	1367	32	42
	1368	33	43
	1369	32	42
	1370	32	42
	1371	34	42
	1372	39	45
	1373	30	41
	1374	32	43
	1375	34	40
	1376	32	40
	1377	32	40
	1378	31	42
	1379	34	40
	1380	33	42
	1381	43	43
	1382	32	41
	1383	34	42
	1384	34	43
	1385	33	44
	1386	31	41
	1387	33	42
	1388	34	41
	1389	32	44
	1390	30	43
	1391	34	43
	1392	32	43
	1393	34	43
	1394	30	44
	1395	33	41
	1396	32	43
	1397	31	43
	1398	31	40
	1399	34	45
	1400	32	42
	1401	31	44
	1402	32	41
	1403	35	41
	1404	34	43
	1405	34	43
	1406	31	43
	1407	34	43
	1408	32	40
	1409	33	40
	1410	33	42
	1411	33	39
	1412	33	45
	1413	35	44
	1414	31	41
	1415	35	43
	1416	33	39
	1417	30	41
	1418	30	39
	1419	34	40
	1420	29	41
	1421	31	43
	1422	31	42
	1423	32	43
	1424	31	43
	1425	33	44
	1426	31	41
	1427	33	42
	1428	30	42
	1429	33	41
	1430	30	40
	1431	32	38
	1432	33	41
	1433	33	44
	1434	31	44
	1435	31	41
	1436	28	41
	1437	30	41
	1438	31	43
	1439	31	44
	1440	29	42
	1441	32	39
	1442	30	44
	1443	33	43
	1444	32	39
	1445	31	40
	1446	31	42
	1447	33	40
	1448	32	41
	1449	32	43
	1450	31	41
	1451	29	40
	1452	28	45
	1453	29	44
	1454	29	41
	1455	32	45
	1456	27	40
	1457	30	41
	1458	32	41
	1459	31	41
	1460	31	41
	1461	28	40
	1462	29	41
	1463	34	46
	1464	29	39
	1465	31	40
	1466	27	40
	1467	28	40
	1468	33	42
	1469	31	44
	1470	27	43
	1471	30	42
	1472	32	40
	1473	32	43
	1474	30	42
	1475	31	42
	1476	30	40
	1477	32	40
	1478	29	43
	1479	31	42
	1480	31	42
	1481	29	42
	1482	32	39
	1483	31	42
	1484	30	42
	1485	31	41
	1486	27	41
	1487	31	43
	1488	30	38
	1489	33	43
	1490	27	42
	1491	29	44
	1492	31	39
	1493	30	42
	1494	29	39
	1495	29	42
	1496	31	43
	1497	31	44
	1498	28	43
	1499	31	43
	1500	27	42
	1501	28	43
	1502	27	41
	1503	30	43
	1504	31	38
	1505	30	43
	1506	28	41
	1507	31	42
	1508	29	38
	1509	29	42
	1510	30	44
	1511	30	44
	1512	28	41
	1513	31	42
	1514	29	41
	1515	30	41
	1516	30	37
	1517	30	43
	1518	26	43
	1519	28	43
	1520	31	42
	1521	30	40
	1522	29	46
	1523	28	45
	1524	28	42
	1525	28	40
	1526	29	41
	1527	28	41
	1528	31	42
	1529	29	41
	1530	30	42
	1531	39	40
	1532	27	44
	1533	31	45
	1534	27	39
	1535	29	42
	1536	30	42
	1537	28	41
	1538	27	42
	1539	27	42
	1540	26	38
	1541	31	43
	1542	28	41
	1543	28	42
	1544	28	41
	1545	27	43
	1546	26	40
	1547	30	43
	1548	26	43
	1549	29	41
	1550	29	43
	1551	26	43
	1552	30	45
	1553	29	42
	1554	27	42
	1555	29	39
	1556	30	41
	1557	29	43
	1558	32	47
	1559	30	42
	1560	31	42
	1561	32	43
	1562	30	40
	1563	35	46
	1564	31	42
	1565	33	44
	1566	32	43
	1567	33	42
	1568	32	43
	1569	38	44
	1570	32	40
	1571	37	51
	1572	35	44
	1573	34	45
	1574	35	42
	1575	35	42
	1576	33	44
	1577	37	45
	1578	36	46
	1579	39	42
	1580	37	43
	1581	36	48
	1582	35	43
	1583	37	48
	1584	39	42
	1585	40	43
	1586	38	46
	1587	35	42
	1588	37	44
	1589	41	43
	1590	37	41
	1591	39	39
	1592	36	42
	1593	39	43
	1594	39	42
	1595	39	47
	1596	36	42
	1597	44	43
	1598	39	43
	1599	41	45
	1600	36	44
	1601	38	43
	1602	39	43
	1603	36	42
	1604	36	44
	1605	37	45
	1606	37	44
	1607	35	44
	1608	35	42
	1609	43	43
	1610	35	45
	1611	38	45
	1612	36	42
	1613	36	44
	1614	38	42
	1615	35	47
	1616	37	43
	1617	39	42
	1618	35	41
	1619	37	44
	1620	37	45
	1621	35	41
	1622	39	43
	1623	38	44
	1624	38	43
	1625	39	44
	1626	37	44
	1627	38	43
	1628	36	43
	1629	37	43
	1630	37	46
	1631	39	45
	1632	36	43
	1633	36	44
	1634	33	41
	1635	36	47
	1636	38	41
	1637	33	45
	1638	34	43
	1639	39	44
	1640	35	45
	1641	37	44
	1642	33	42
	1643	36	45
	1644	35	43
	1645	37	43
	1646	40	40
	1647	38	44
	1648	33	42
	1649	37	47
	1650	38	42
	1651	33	42
	1652	37	43
	1653	37	44
	1654	35	43
	1655	41	43
	1656	34	44
	1657	35	45
	1658	37	44
	1659	38	42
	1660	37	44
	1661	36	42
	1662	37	46
	1663	37	42
	1664	39	41
	1665	37	44
	1666	38	43
	1667	40	45
	1668	35	41
	1669	37	43
	1670	33	43
	1671	38	44
	1672	36	45
	1673	38	43
	1674	33	42
	1675	35	45
	1676	38	42
	1677	37	41
	1678	36	45
	1679	35	42
	1680	35	43
	1681	35	42
	1682	32	43
	1683	34	40
	1684	33	41
	1685	31	44
	1686	36	43
	1687	38	45
	1688	34	40
	1689	33	42
	1690	29	44
	1691	33	41
	1692	30	45
	1693	31	44
	1694	31	40
	1695	32	43
	1696	29	44
	1697	33	43
	1698	29	41
	1699	29	41
	1700	27	42
	1701	28	42
	1702	25	41
	1703	28	42
	1704	24	43
	1705	30	43
	1706	27	40
	1707	24	43
	1708	24	41
	1709	24	40
	1710	25	40
	1711	25	42
	1712	23	42
	1713	25	40
	1714	27	39
	1715	27	42
	1716	21	41
	1717	23	39
	1718	25	42
	1719	22	43
	1720	22	43
	1721	24	40
	1722	25	41
	1723	23	43
	1724	24	40
	1725	24	42
	1726	29	39
	1727	24	42
	1728	24	40
	1729	25	39
	1730	22	39
	1731	25	39
	1732	24	44
	1733	26	41
	1734	23	38
	1735	25	39
	1736	24	38
	1737	25	38
	1738	22	42
	1739	25	43
	1740	24	41
	1741	25	44
	1742	26	39
	1743	24	40
	1744	24	38
	1745	23	42
	1746	24	39
	1747	25	41
	1748	26	39
	1749	26	42
	1750	25	40
	1751	26	37
	1752	24	37
	1753	26	40
	1754	21	40
	1755	23	43
	1756	21	40
	1757	21	42
	1758	22	39
	1759	23	41
	1760	23	41
	1761	24	41
	1762	24	42
	1763	23	38
	1764	22	42
	1765	25	42
	1766	23	38
	1767	24	43
	1768	23	39
	1769	20	43
	1770	22	43
	1771	25	42
	1772	22	41
	1773	22	42
	1774	22	40
	1775	22	41
	1776	22	42
	1777	23	40
	1778	23	38
	1779	24	41
	1780	21	39
	1781	24	42
	1782	26	42
	1783	21	40
	1784	24	42
	1785	25	39
	1786	23	39
	1787	24	41
	1788	21	43
	1789	24	41
	1790	22	39
	1791	25	42
	1792	23	42
	1793	21	37
	1794	22	40
	1795	21	44
	1796	24	40
	1797	20	38
	1798	22	40
	1799	22	39
	1800	23	38
	1801	24	41
	1802	21	42
	1803	25	40
	1804	24	44
	1805	25	40
	1806	23	41
	1807	23	40
	1808	19	39
	1809	22	43
	1810	24	38
	1811	25	41
	1812	22	41
	1813	20	40
	1814	20	39
	1815	22	43
	1816	19	41
	1817	24	41
	1818	20	40
	1819	24	41
	1820	23	42
	1821	23	37
	1822	20	38
	1823	23	40
	1824	23	39
	1825	23	43
	1826	23	41
	1827	20	41
	1828	21	39
	1829	21	42
	1830	21	43
	1831	24	40
	1832	20	40
	1833	22	39
	1834	22	40
	1835	24	44
	1836	22	41
	1837	22	41
	1838	24	39
	1839	23	41
	1840	21	38
	1841	20	42
	1842	19	42
	1843	23	39
	1844	23	41
	1845	23	42
	1846	19	41
	1847	23	41
	1848	23	40
	1849	24	42
	1850	19	40
	1851	21	41
	1852	23	41
	1853	22	39
	1854	19	39
	1855	20	40
	1856	23	40
	1857	25	38
	1858	22	40
	1859	21	41
	1860	22	40
	1861	23	42
	1862	24	39
	1863	23	40
	1864	22	40
	1865	24	42
	1866	21	38
	1867	23	41
	1868	22	40
	1869	22	42
	1870	19	40
	1871	22	40
	1872	25	41
	1873	20	39
	1874	22	39
	1875	22	39
	1876	20	42
	1877	23	39
	1878	22	38
	1879	25	41
	1880	22	41
	1881	20	41
	1882	21	36
	1883	23	38
	1884	23	39
	1885	22	43
	1886	17	39
	1887	21	43
	1888	22	38
	1889	20	40
	1890	24	40
	1891	22	41
	1892	23	39
	1893	24	42
	1894	24	41
	1895	23	44
	1896	21	39
	1897	23	41
	1898	23	41
	1899	24	43
	1900	21	40
	1901	25	41
	1902	20	40
	1903	25	40
	1904	26	41
	1905	22	40
	1906	17	42
	1907	31	42
	1908	21	40
	1909	23	41
	1910	21	40
	1911	22	42
	1912	22	41
	1913	22	38
	1914	21	40
	1915	20	44
	1916	24	40
	1917	22	38
	1918	25	37
	1919	22	41
	1920	22	40
	1921	21	47
	1922	22	40
	1923	23	39
	1924	21	39
	1925	20	39
	1926	19	43
	1927	21	41
	1928	19	39
	1929	20	42
	1930	21	41
	1931	21	41
	1932	21	40
	1933	21	39
	1934	20	41
	1935	23	44
	1936	20	40
	1937	22	41
	1938	22	41
	1939	19	41
	1940	22	37
	1941	21	42
	1942	19	40
	1943	22	41
	1944	19	40
	1945	22	43
	1946	19	39
	1947	21	40
	1948	21	41
	1949	23	39
	1950	23	42
	1951	23	42
	1952	21	40
	1953	17	39
	1954	21	37
	1955	22	41
	1956	21	39
	1957	22	39
	1958	18	40
	1959	20	41
	1960	21	39
	1961	23	43
	1962	22	39
	1963	21	43
	1964	19	42
	1965	22	41
	1966	20	40
	1967	21	40
	1968	22	36
	1969	20	41
	1970	18	41
	1971	24	40
	1972	20	42
	1973	22	42
	1974	23	37
	1975	22	40
	1976	19	39
	1977	25	40
	1978	21	44
	1979	22	39
	1980	21	39
	1981	22	39
	1982	22	37
	1983	20	42
	1984	21	40
	1985	19	42
	1986	21	39
	1987	20	42
	1988	20	40
	1989	21	40
	1990	20	43
	1991	22	38
	1992	20	39
	1993	21	43
	1994	19	39
	1995	20	40
	1996	23	40
	1997	20	39
	1998	20	41
	1999	23	39
	2000	22	39
	2001	18	39
	2002	23	42
	2003	21	40
	2004	20	43
	2005	23	41
	2006	19	38
	2007	19	42
	2008	20	42
	2009	21	41
	2010	22	41
	2011	19	40
	2012	20	41
	2013	20	42
	2014	20	42
	2015	24	41
	2016	21	39
	2017	20	38
	2018	19	38
	2019	22	41
	2020	19	41
	2021	21	39
	2022	17	39
	2023	22	39
	2024	20	42
	2025	20	43
	2026	20	41
	2027	22	40
	2028	19	38
	2029	21	40
	2030	23	39
	2031	19	39
	2032	19	39
	2033	20	42
	2034	21	40
	2035	21	39
	2036	20	38
	2037	20	39
	2038	18	43
	2039	21	41
	2040	18	42
	2041	22	40
	2042	20	39
	2043	20	41
	2044	19	43
	2045	20	41
	2046	20	42
	2047	20	40
	2048	20	39
	2049	20	39
	2050	21	39
	2051	22	38
	2052	20	39
	2053	21	38
	2054	19	43
	2055	23	41
	2056	19	41
	2057	22	41
	2058	20	39
	2059	20	40
	2060	21	41
	2061	18	41
	2062	19	41
	2063	20	41
	2064	19	37
	2065	18	40
	2066	17	37
	2067	22	41
	2068	21	39
	2069	21	37
	2070	21	40
	2071	22	40
	2072	22	42
	2073	22	40
	2074	22	41
	2075	20	42
	2076	17	39
	2077	21	40
	2078	19	40
	2079	22	40
	2080	22	39
	2081	19	39
	2082	18	41
	2083	23	39
	2084	20	38
	2085	20	39
	2086	19	40
	2087	18	41
	2088	18	40
	2089	21	40
	2090	19	41
	2091	22	40
	2092	19	39
	2093	21	38
	2094	22	39
	2095	22	41
	2096	19	38
	2097	19	39
	2098	18	39
	2099	22	42
	2100	21	40
	2101	22	40
	2102	19	38
	2103	20	42
	2104	18	39
	2105	21	39
	2106	17	39
	2107	19	39
	2108	20	41
	2109	16	39
	2110	17	38
	2111	24	39
	2112	19	37
	2113	22	37
	2114	21	41
	2115	19	41
	2116	17	41
	2117	17	41
	2118	17	41
	2119	19	41
	2120	20	41
	2121	23	39
	2122	19	40
	2123	19	41
	2124	18	42
	2125	21	38
	2126	19	37
	2127	19	40
	2128	21	38
	2129	20	42
	2130	18	41
	2131	18	40
	2132	16	40
	2133	21	40
	2134	18	39
	2135	20	41
	2136	19	40
	2137	19	43
	2138	19	41
	2139	21	42
	2140	20	42
	2141	20	40
	2142	18	40
	2143	19	40
	2144	17	39
	2145	21	39
	2146	20	39
	2147	20	39
	2148	21	39
	2149	18	39
	2150	20	42
	2151	20	41
	2152	20	44
	2153	21	44
	2154	22	41
	2155	19	38
	2156	18	38
	2157	21	41
	2158	21	41
	2159	19	40
	2160	17	40
	2161	20	39
	2162	17	40
	2163	23	40
	2164	20	39
	2165	19	41
	2166	19	37
	2167	22	39
	2168	19	38
	2169	19	42
	2170	19	58
	2171	20	42
	2172	21	38
	2173	23	40
	2174	18	38
	2175	18	41
	2176	19	42
	2177	19	39
	2178	20	40
	2179	21	41
	2180	18	40
	2181	19	39
	2182	19	37
	2183	21	40
	2184	20	38
	2185	21	42
	2186	20	40
	2187	19	43
	2188	18	39
	2189	18	40
	2190	18	38
	2191	21	41
	2192	19	41
	2193	19	41
	2194	20	45
	2195	17	39
	2196	19	40
	2197	19	38
	2198	19	39
	2199	20	38
	2200	20	40
	2201	18	41
	2202	19	41
	2203	22	40
	2204	18	38
	2205	22	38
	2206	20	38
	2207	20	41
	2208	21	38
	2209	21	37
	2210	19	38
	2211	21	41
	2212	18	39
	2213	19	41
	2214	18	40
	2215	20	40
	2216	17	42
	2217	20	39
	2218	16	41
	2219	19	38
	2220	19	37
	2221	17	41
	2222	19	40
	2223	19	41
	2224	18	40
	2225	20	40
	2226	17	37
	2227	18	39
	2228	18	39
	2229	19	41
	2230	21	41
	2231	23	38
	2232	16	36
	2233	19	40
	2234	18	41
	2235	16	40
	2236	21	41
	2237	23	39
	2238	18	40
	2239	21	42
	2240	21	38
	2241	19	40
	2242	19	40
	2243	19	41
	2244	20	40
	2245	21	41
	2246	18	42
	2247	20	41
	2248	19	39
	2249	21	41
	2250	17	42
	2251	18	38
	2252	19	38
	2253	19	39
	2254	19	40
	2255	19	39
	2256	19	38
	2257	21	41
	2258	18	40
	2259	19	39
	2260	18	38
	2261	18	38
	2262	19	38
	2263	20	42
	2264	21	40
	2265	18	40
	2266	16	40
	2267	19	41
	2268	18	42
	2269	20	37
	2270	20	40
	2271	20	40
	2272	19	41
	2273	20	41
	2274	18	38
	2275	19	43
	2276	19	42
	2277	21	42
	2278	18	39
	2279	22	43
	2280	21	37
	2281	20	40
	2282	20	42
	2283	19	41
	2284	20	41
	2285	19	40
	2286	21	39
	2287	18	39
	2288	19	38
	2289	18	37
	2290	19	39
	2291	19	40
	2292	20	38
	2293	21	39
	2294	19	40
	2295	23	42
	2296	18	40
	2297	18	40
	2298	21	42
	2299	20	41
	2300	17	41
	2301	19	40
	2302	17	39
	2303	21	40
	2304	18	41
	2305	19	42
	2306	20	38
	2307	20	37
	2308	18	39
	2309	22	39
	2310	20	40
	2311	21	41
	2312	20	40
	2313	20	41
	2314	22	37
	2315	20	41
	2316	16	38
	2317	19	39
	2318	21	37
	2319	19	38
	2320	20	40
	2321	20	38
	2322	18	38
	2323	23	37
	2324	19	39
	2325	22	40
	2326	18	39
	2327	21	44
	2328	19	40
	2329	22	39
	2330	21	41
	2331	22	40
	2332	20	40
	2333	18	41
	2334	19	39
	2335	21	39
	2336	19	38
	2337	22	40
	2338	17	40
	2339	21	42
	2340	17	40
	2341	19	41
	2342	19	43
	2343	21	40
	2344	19	38
	2345	20	38
	2346	20	38
	2347	17	41
	2348	19	40
	2349	19	36
	2350	19	36
	2351	20	41
	2352	18	39
	2353	19	41
	2354	20	40
	2355	17	40
	2356	19	40
	2357	21	39
	2358	18	38
	2359	19	41
	2360	19	39
	2361	20	40
	2362	19	41
	2363	19	41
	2364	19	39
	2365	20	38
	2366	21	37
	2367	19	42
	2368	19	41
	2369	19	40
	2370	22	40
	2371	21	39
	2372	19	40
	2373	21	40
	2374	21	39
	2375	20	43
	2376	20	40
	2377	20	41
	2378	19	37
	2379	21	39
	2380	18	37
	2381	21	40
	2382	19	39
	2383	21	40
	2384	17	40
	2385	19	39
	2386	17	39
	2387	21	39
	2388	17	38
	2389	21	41
	2390	19	40
	2391	23	43
	2392	19	39
	2393	18	39
	2394	19	38
	2395	22	40
	2396	19	40
	2397	19	36
	2398	18	38
	2399	18	40
	2400	16	41
	2401	18	43
	2402	19	41
	2403	26	39
	2404	19	37
	2405	19	39
	2406	19	39
	2407	21	40
	2408	16	39
	2409	20	37
	2410	18	41
	2411	20	39
	2412	17	41
	2413	18	39
	2414	18	37
	2415	22	39
	2416	17	39
	2417	21	46
	2418	18	40
	2419	21	39
	2420	19	37
	2421	21	39
	2422	19	38
	2423	18	40
	2424	17	39
	2425	20	39
	2426	21	40
	2427	21	41
	2428	20	39
	2429	19	38
	2430	19	40
	2431	19	39
	2432	19	39
	2433	19	42
	2434	18	39
	2435	21	41
	2436	19	39
	2437	21	39
	2438	17	39
	2439	18	40
	2440	19	39
	2441	19	40
	2442	17	40
	2443	20	37
	2444	15	40
	2445	20	39
	2446	20	39
	2447	20	40
	2448	17	38
	2449	19	37
	2450	18	40
	2451	19	42
	2452	18	41
	2453	20	44
	2454	19	37
	2455	20	42
	2456	18	38
	2457	18	40
	2458	22	40
	2459	19	39
	2460	20	39
	2461	17	41
	2462	19	37
	2463	17	39
	2464	17	44
	2465	18	40
	2466	21	39
	2467	22	43
	2468	22	41
	2469	19	40
	2470	17	39
	2471	19	41
	2472	18	39
	2473	18	40
	2474	20	37
	2475	19	40
	2476	19	39
	2477	17	40
	2478	17	36
	2479	20	37
	2480	19	44
	2481	21	41
	2482	17	40
	2483	19	38
	2484	15	38
	2485	17	39
	2486	19	40
	2487	17	40
	2488	20	37
	2489	19	39
	2490	19	39
	2491	19	40
	2492	19	38
	2493	21	41
	2494	21	37
	2495	20	39
	2496	19	38
	2497	19	39
	2498	18	41
	2499	19	45
	2500	19	40
	2501	17	43
	2502	20	40
	2503	19	42
	2504	21	36
	2505	19	39
	2506	19	39
	2507	19	42
	2508	20	41
	2509	21	42
	2510	20	38
	2511	19	41
	2512	19	40
	2513	22	43
	2514	20	39
	2515	20	40
	2516	19	40
	2517	18	37
	2518	19	40
	2519	22	39
	2520	21	43
	2521	20	39
	2522	19	40
	2523	20	39
	2524	19	39
	2525	21	37
	2526	20	40
	2527	21	39
	2528	19	36
	2529	18	40
	2530	20	39
	2531	20	40
	2532	18	39
	2533	20	40
	2534	20	40
	2535	20	40
	2536	19	40
	2537	20	38
	2538	21	38
	2539	17	41
	2540	21	41
	2541	19	40
	2542	20	39
	2543	19	39
	2544	19	38
	2545	19	40
	2546	19	40
	2547	19	40
	2548	17	40
	2549	18	38
	2550	19	42
	2551	20	42
	2552	20	40
	2553	19	41
	2554	19	39
	2555	20	40
	2556	21	41
	2557	21	38
	2558	18	39
	2559	21	38
	2560	19	38
	2561	21	38
	2562	20	39
	2563	20	41
	2564	19	37
	2565	20	40
	2566	21	40
	2567	21	45
	2568	20	39
	2569	19	40
	2570	20	42
	2571	20	40
	2572	20	39
	2573	17	38
	2574	19	42
	2575	20	38
	2576	20	40
	2577	21	42
	2578	22	37
	2579	21	41
	2580	21	37
	2581	20	41
	2582	18	41
	2583	19	40
	2584	21	40
	2585	20	39
	2586	18	38
	2587	19	37
	2588	17	39
	2589	19	39
	2590	20	40
	2591	21	41
	2592	20	39
	2593	19	39
	2594	22	41
	2595	17	42
	2596	20	38
	2597	19	39
	2598	21	42
	2599	20	43
	2600	19	40
	2601	21	37
	2602	18	41
	2603	20	39
	2604	18	39
	2605	22	41
	2606	19	38
	2607	18	39
	2608	20	38
	2609	18	38
	2610	17	38
	2611	21	41
	2612	21	37
	2613	21	39
	2614	17	37
	2615	19	41
	2616	19	36
	2617	19	40
	2618	17	39
	2619	20	39
	2620	19	40
	2621	19	40
	2622	19	39
	2623	21	39
	2624	21	37
	2625	20	40
	2626	26	41
	2627	20	39
	2628	18	39
	2629	21	38
	2630	21	37
	2631	18	40
	2632	19	40
	2633	19	43
	2634	18	39
	2635	21	39
	2636	19	38
	2637	19	37
	2638	16	39
	2639	19	39
	2640	19	41
	2641	19	41
	2642	17	40
	2643	18	37
	2644	21	38
	2645	19	41
	2646	20	37
	2647	18	40
	2648	17	38
	2649	19	40
	2650	20	39
	2651	19	38
	2652	18	38
	2653	19	42
	2654	20	39
	2655	21	38
	2656	19	39
	2657	20	43
	2658	18	39
	2659	23	42
	2660	20	39
	2661	19	38
	2662	19	41
	2663	21	40
	2664	19	40
	2665	19	40
	2666	19	37
	2667	18	38
	2668	19	39
	2669	21	39
	2670	18	40
	2671	19	44
	2672	20	35
	2673	20	39
	2674	17	39
	2675	23	42
	2676	19	40
	2677	18	40
	2678	19	37
	2679	19	38
	2680	19	40
	2681	20	40
	2682	19	39
	2683	20	40
	2684	19	39
	2685	22	42
	2686	20	37
	2687	19	41
	2688	20	38
	2689	22	39
	2690	19	39
	2691	20	39
	2692	19	40
	2693	18	39
	2694	18	37
	2695	20	42
	2696	19	43
	2697	18	43
	2698	19	41
	2699	21	39
	2700	19	36
	2701	20	40
	2702	18	39
	2703	22	42
	2704	18	39
	2705	19	40
	2706	18	41
	2707	20	39
	2708	20	37
	2709	23	41
	2710	19	39
	2711	20	41
	2712	21	39
	2713	19	39
	2714	20	39
	2715	21	39
	2716	20	39
	2717	19	40
	2718	19	41
	2719	21	42
	2720	19	38
	2721	25	39
	2722	18	39
	2723	20	40
	2724	19	41
	2725	22	43
	2726	25	39
	2727	20	38
	2728	20	41
	2729	20	41
	2730	18	41
	2731	21	40
	2732	21	41
	2733	20	42
	2734	21	41
	2735	21	36
	2736	21	38
	2737	21	37
	2738	18	39
	2739	22	44
	2740	20	39
	2741	21	41
	2742	20	39
	2743	19	41
	2744	20	41
	2745	18	42
	2746	19	38
	2747	18	38
	2748	19	41
	2749	22	40
	2750	23	43
	2751	21	43
	2752	19	39
	2753	22	41
	2754	20	39
	2755	21	39
	2756	18	39
	2757	21	41
	2758	17	39
	2759	22	41
	2760	19	40
	2761	21	44
	2762	20	40
	2763	24	40
	2764	18	39
	2765	21	39
	2766	18	40
	2767	20	40
	2768	17	40
	2769	19	37
	2770	19	38
	2771	21	41
	2772	19	39
	2773	21	42
	2774	21	40
	2775	20	41
	2776	20	41
	2777	20	40
	2778	21	40
	2779	21	39
	2780	18	41
	2781	21	40
	2782	17	40
	2783	24	38
	2784	19	40
	2785	20	42
	2786	20	38
	2787	22	43
	2788	19	42
	2789	20	42
	2790	21	40
	2791	16	40
	2792	19	39
	2793	19	43
	2794	19	40
	2795	23	42
	2796	20	38
	2797	19	37
	2798	20	39
	2799	20	40
	2800	18	40
	2801	19	44
	2802	21	48
	2803	19	40
	2804	18	39
	2805	20	40
	2806	21	40
	2807	20	39
	2808	19	40
	2809	18	40
	2810	19	37
	2811	18	41
	2812	21	39
	2813	19	43
	2814	20	40
	2815	19	41
	2816	19	38
	2817	23	39
	2818	19	38
	2819	19	44
	2820	18	41
	2821	17	42
	2822	20	40
	2823	20	40
	2824	17	39
	2825	20	39
	2826	18	38
	2827	22	39
	2828	20	38
	2829	22	40
	2830	19	38
	2831	23	40
	2832	19	39
	2833	17	39
	2834	19	40
	2835	20	44
	2836	20	40
	2837	18	41
	2838	22	41
	2839	21	39
	2840	19	40
	2841	18	39
	2842	18	42
	2843	22	41
	2844	17	41
	2845	19	41
	2846	21	38
	2847	21	42
	2848	21	41
	2849	20	42
	2850	19	42
	2851	19	44
	2852	18	41
	2853	22	41
	2854	18	41
	2855	21	41
	2856	18	40
	2857	19	42
	2858	17	41
	2859	22	43
	2860	18	41
	2861	22	38
	2862	17	43
	2863	20	42
	2864	21	40
	2865	18	41
	2866	18	38
	2867	23	39
	2868	19	39
	2869	21	41
	2870	19	40
	2871	18	36
	2872	19	39
	2873	20	41
	2874	23	40
	2875	19	40
	2876	16	39
	2877	17	40
	2878	18	42
	2879	18	40
	2880	17	38
	2881	19	40
	2882	19	39
	2883	22	41
	2884	20	39
	2885	20	44
	2886	20	40
	2887	21	41
	2888	20	39
	2889	41	39
	2890	19	39
	2891	18	41
	2892	19	42
	2893	21	39
	2894	19	40
	2895	19	39
	2896	13	38
	2897	20	40
	2898	20	40
	2899	20	40
	2900	20	41
	2901	21	42
	2902	19	40
	2903	18	41
	2904	18	39
	2905	17	41
	2906	18	38
	2907	19	41
	2908	19	41
	2909	20	40
	2910	19	38
	2911	18	46
	2912	18	41
	2913	20	42
	2914	19	44
	2915	18	39
	2916	19	41
	2917	17	39
	2918	22	41
	2919	19	42
	2920	26	39
	2921	20	40
	2922	19	41
	2923	20	38
	2924	22	40
	2925	19	42
	2926	20	38
	2927	20	41
	2928	20	42
	2929	19	40
	2930	21	41
	2931	19	39
	2932	21	42
	2933	20	40
	2934	19	38
	2935	19	40
	2936	19	42
	2937	18	39
	2938	18	41
	2939	21	43
	2940	19	40
	2941	20	38
	2942	17	40
	2943	18	41
	2944	20	40
	2945	19	43
	2946	19	39
	2947	20	41
	2948	20	42
	2949	19	40
	2950	20	39
	2951	22	41
	2952	20	41
	2953	20	44
	2954	19	38
	2955	22	38
	2956	19	42
	2957	22	39
	2958	21	41
	2959	22	42
	2960	19	40
	2961	20	42
	2962	20	42
	2963	22	38
	2964	19	41
	2965	20	40
	2966	23	40
	2967	21	40
	2968	19	40
	2969	19	41
	2970	19	39
	2971	19	41
	2972	17	39
	2973	19	42
	2974	19	38
	2975	21	41
	2976	18	40
	2977	21	41
	2978	20	42
	2979	21	41
	2980	18	38
	2981	18	41
	2982	17	39
	2983	20	39
	2984	18	42
	2985	20	39
	2986	19	38
	2987	20	40
	2988	19	40
	2989	21	38
	2990	18	38
	2991	20	44
	2992	20	37
	2993	18	41
	2994	18	42
	2995	20	36
	2996	21	41
	2997	21	41
	2998	24	40
	2999	19	39
	3000	17	38
	3001	19	40
	3002	21	41
	3003	25	43
	3004	18	42
	3005	21	41
	3006	20	39
	3007	19	40
	3008	17	40
	3009	22	41
	3010	19	43
	3011	18	41
	3012	19	38
	3013	20	39
	3014	17	39
	3015	17	42
	3016	22	42
	3017	20	41
	3018	18	39
	3019	20	40
	3020	17	41
	3021	21	38
	3022	18	40
	3023	18	42
	3024	20	40
	3025	19	41
	3026	18	39
	3027	21	36
	3028	19	38
	3029	22	40
	3030	19	39
	3031	20	43
	3032	17	37
	3033	20	40
	3034	20	36
	3035	19	39
	3036	18	41
	3037	20	42
	3038	18	37
	3039	19	40
	3040	18	40
	3041	21	44
	3042	20	41
	3043	19	39
	3044	19	40
	3045	19	41
	3046	19	39
	3047	18	39
	3048	20	39
	3049	17	37
	3050	19	39
	3051	20	42
	3052	19	39
	3053	19	40
	3054	21	39
	3055	20	37
	3056	19	39
	3057	18	43
	3058	20	41
	3059	19	43
	3060	20	41
	3061	18	40
	3062	20	40
	3063	18	42
	3064	16	38
	3065	18	40
	3066	18	41
	3067	21	41
	3068	19	40
	3069	19	41
	3070	20	40
	3071	19	41
	3072	21	39
	3073	20	40
	3074	19	38
	3075	20	41
	3076	21	37
	3077	20	42
	3078	17	39
	3079	21	40
	3080	19	40
	3081	22	39
	3082	20	35
	3083	21	42
	3084	19	37
	3085	18	39
	3086	18	39
	3087	21	41
	3088	17	42
	3089	20	39
	3090	19	39
	3091	21	41
	3092	21	39
	3093	19	43
	3094	19	38
	3095	20	39
	3096	20	41
	3097	23	40
	3098	19	39
	3099	19	43
	3100	17	39
	3101	19	40
	3102	19	39
	3103	19	40
	3104	19	41
	3105	15	42
	3106	21	42
	3107	18	41
	3108	20	44
	3109	22	38
	3110	20	41
	3111	21	40
	3112	19	40
	3113	19	40
	3114	17	40
	3115	21	42
	3116	18	40
	3117	23	40
	3118	19	39
	3119	21	39
	3120	19	40
	3121	21	40
	3122	18	41
	3123	20	41
	3124	18	40
	3125	18	41
	3126	19	41
	3127	19	40
	3128	17	42
	3129	20	39
	3130	19	37
	3131	21	41
	3132	19	39
	3133	19	41
	3134	18	40
	3135	20	39
	3136	21	38
	3137	17	41
	3138	18	40
	3139	21	42
	3140	18	39
	3141	16	38
	3142	19	44
	3143	19	41
	3144	16	39
	3145	21	39
	3146	23	38
	3147	18	37
	3148	17	38
	3149	19	40
	3150	19	39
	3151	21	42
	3152	20	39
	3153	22	42
	3154	20	40
	3155	18	40
	3156	22	41
	3157	21	39
	3158	19	43
	3159	22	42
	3160	18	39
	3161	19	41
	3162	19	42
	3163	19	39
	3164	19	42
	3165	19	39
	3166	20	41
	3167	19	40
	3168	20	39
	3169	19	39
	3170	21	39
	3171	18	45
	3172	18	40
	3173	21	41
	3174	19	41
	3175	19	43
	3176	22	41
	3177	20	38
	3178	18	38
	3179	23	38
	3180	19	39
	3181	22	40
	3182	19	39
	3183	22	40
	3184	19	40
	3185	26	43
	3186	20	37
	3187	20	41
	3188	19	39
	3189	19	38
	3190	21	40
	3191	21	41
	3192	20	41
	3193	20	39
	3194	21	38
	3195	24	37
	3196	18	41
	3197	21	42
	3198	18	40
	3199	19	41
	3200	18	38
	3201	18	41
	3202	15	40
	3203	19	39
	3204	18	40
	3205	19	43
	3206	18	38
	3207	19	40
	3208	17	37
	3209	17	42
	3210	19	41
	3211	21	39
	3212	18	39
	3213	21	42
	3214	19	40
	3215	21	38
	3216	20	41
	3217	19	43
	3218	19	41
	3219	18	40
	3220	21	40
	3221	20	41
	3222	19	39
	3223	21	44
	3224	16	38
	3225	19	41
	3226	20	39
	3227	21	40
	3228	19	39
	3229	22	41
	3230	19	41
	3231	21	40
	3232	19	39
	3233	17	42
	3234	19	41
	3235	21	39
	3236	23	39
	3237	19	40
	3238	19	38
	3239	19	40
	3240	19	41
	3241	20	44
	3242	19	37
	3243	16	40
	3244	18	36
	3245	19	39
	3246	18	43
	3247	21	41
	3248	20	38
	3249	17	40
	3250	19	38
	3251	19	42
	3252	19	40
	3253	19	39
	3254	17	39
	3255	20	40
	3256	18	40
	3257	20	40
	3258	18	39
	3259	20	40
	3260	18	40
	3261	20	41
	3262	18	43
	3263	20	43
	3264	18	40
	3265	19	41
	3266	20	39
	3267	21	40
	3268	19	42
	3269	19	42
	3270	19	37
	3271	19	38
	3272	21	39
	3273	21	40
	3274	19	42
	3275	23	41
	3276	19	40
	3277	22	42
	3278	18	40
	3279	20	41
	3280	20	41
	3281	19	42
	3282	22	40
	3283	20	40
	3284	17	39
	3285	24	39
	3286	19	39
	3287	22	43
	3288	19	39
	3289	18	42
	3290	16	38
	3291	20	40
	3292	18	38
	3293	21	41
	3294	18	40
	3295	21	41
	3296	19	41
	3297	17	40
	3298	22	39
	3299	19	39
	3300	19	42
	3301	20	40
	3302	18	39
	3303	18	39
	3304	19	38
	3305	21	41
	3306	17	42
	3307	21	40
	3308	18	37
	3309	18	41
	3310	20	40
	3311	19	42
	3312	20	35
	3313	19	40
	3314	19	39
	3315	19	41
	3316	20	40
	3317	19	40
	3318	17	38
	3319	22	39
	3320	21	39
	3321	20	38
	3322	20	40
	3323	19	38
	3324	19	37
	3325	21	39
	3326	22	39
	3327	19	39
	3328	20	41
	3329	18	41
	3330	17	43
	3331	20	43
	3332	20	37
	3333	22	37
	3334	19	39
	3335	19	39
	3336	18	39
	3337	20	41
	3338	19	37
	3339	20	40
	3340	20	43
	3341	22	38
	3342	17	42
	3343	19	40
	3344	19	39
	3345	20	40
	3346	21	41
	3347	22	40
	3348	18	38
	3349	22	39
	3350	19	38
	3351	20	40
	3352	19	39
	3353	17	40
	3354	17	39
	3355	22	40
	3356	16	38
	3357	20	39
	3358	17	38
	3359	18	38
	3360	22	41
	3361	19	41
	3362	23	38
	3363	19	40
	3364	18	42
	3365	22	42
	3366	17	38
	3367	20	38
	3368	19	38
	3369	19	39
	3370	19	39
	3371	21	41
	3372	20	38
	3373	17	41
	3374	20	42
	3375	19	40
	3376	18	39
	3377	20	38
	3378	15	39
	3379	20	40
	3380	20	39
	3381	21	39
	3382	20	40
	3383	20	37
	3384	18	37
	3385	23	42
	3386	20	40
	3387	21	44
	3388	20	41
	3389	19	39
	3390	21	41
	3391	21	43
	3392	20	38
	3393	20	41
	3394	20	42
	3395	18	41
	3396	20	40
	3397	21	37
	3398	18	39
	3399	19	37
	3400	19	42
	3401	20	41
	3402	17	41
	3403	23	40
	3404	20	37
	3405	22	42
	3406	18	42
	3407	19	39
	3408	18	41
	3409	21	39
	3410	20	38
	3411	18	41
	3412	19	40
	3413	20	39
	3414	19	39
	3415	22	38
	3416	18	41
	3417	18	42
	3418	19	38
	3419	21	40
	3420	19	39
	3421	19	41
	3422	20	38
	3423	21	44
	3424	21	38
	3425	23	41
	3426	20	38
	3427	18	41
	3428	19	41
	3429	22	40
	3430	18	39
	3431	22	39
	3432	17	40
	3433	23	39
	3434	19	41
	3435	22	41
	3436	18	39
	3437	19	40
	3438	22	38
	3439	21	42
	3440	18	41
	3441	22	40
	3442	19	40
	3443	19	37
	3444	20	38
	3445	18	40
	3446	19	40
	3447	19	37
	3448	19	41
	3449	20	39
	3450	19	39
	3451	17	41
	3452	19	37
	3453	20	39
	3454	21	43
	3455	20	41
	3456	20	39
	3457	23	39
	3458	20	38
	3459	21	38
	3460	22	39
	3461	20	41
	3462	19	39
	3463	23	39
	3464	21	40
	3465	22	40
	3466	18	41
	3467	21	38
	3468	19	40
	3469	20	40
	3470	21	39
	3471	20	40
	3472	17	47
	3473	17	39
	3474	17	40
	3475	22	39
	3476	18	39
	3477	21	40
	3478	18	42
	3479	21	39
	3480	18	39
	3481	20	41
	3482	17	39
	3483	20	42
	3484	17	40
	3485	18	41
	3486	19	41
	3487	19	40
	3488	20	39
	3489	20	39
	3490	19	40
	3491	19	39
	3492	21	39
	3493	19	41
	3494	20	40
	3495	21	40
	3496	20	35
	3497	23	39
	3498	20	40
	3499	23	38
	3500	19	42
	3501	19	37
	3502	22	40
	3503	18	41
	3504	19	39
	3505	18	43
	3506	21	37
	3507	17	38
	3508	19	40
	3509	19	39
	3510	20	38
	3511	24	39
	3512	16	39
	3513	19	40
	3514	20	42
	3515	20	40
	3516	20	37
	3517	22	39
	3518	18	40
	3519	19	41
	3520	17	40
	3521	18	40
	3522	21	39
	3523	22	39
	3524	18	39
	3525	22	44
	3526	18	41
	3527	19	40
	3528	19	37
	3529	19	39
	3530	18	39
	3531	22	40
	3532	19	39
	3533	21	41
	3534	19	41
	3535	21	40
	3536	19	39
	3537	20	42
	3538	20	39
	3539	18	38
	3540	18	45
	3541	19	39
	3542	21	38
	3543	22	41
	3544	19	36
	3545	19	40
	3546	19	39
	3547	19	40
	3548	19	40
	3549	24	41
	3550	23	44
	3551	19	40
	3552	19	42
	3553	21	39
	3554	21	41
	3555	21	41
	3556	21	40
	3557	18	38
	3558	20	41
	3559	20	41
	3560	16	39
	3561	22	41
	3562	19	36
	3563	18	39
	3564	21	36
	3565	20	41
	3566	19	41
	3567	22	42
	3568	20	42
	3569	22	41
	3570	22	37
	3571	21	39
	3572	17	39
	3573	17	40
	3574	20	41
	3575	21	40
	3576	17	36
	3577	19	39
	3578	20	38
	3579	16	40
	3580	18	39
	3581	22	41
	3582	20	39
	3583	26	43
	3584	18	39
	3585	18	39
	3586	22	41
	3587	20	41
	3588	18	40
	3589	22	39
	3590	19	40
	3591	21	39
	3592	17	38
	3593	20	40
	3594	22	39
	3595	20	39
	3596	20	41
	3597	19	43
	3598	16	38
	3599	20	40
	3600	19	40
	3601	17	40
	3602	17	42
	3603	24	39
	3604	18	38
	3605	21	40
	3606	18	38
	3607	20	39
	3608	21	40
	3609	22	39
	3610	19	40
	3611	23	41
	3612	18	39
	3613	20	40
	3614	23	42
	3615	18	41
	3616	17	40
	3617	19	41
	3618	21	40
	3619	20	38
	3620	18	37
	3621	19	38
	3622	19	38
	3623	21	40
	3624	17	40
	3625	20	39
	3626	17	40
	3627	22	38
	3628	20	41
	3629	21	42
	3630	17	41
	3631	18	40
	3632	18	39
	3633	22	39
	3634	22	39
	3635	23	43
	3636	21	37
	3637	19	39
	3638	20	41
	3639	22	42
	3640	19	38
	3641	20	39
	3642	20	39
	3643	19	40
	3644	18	38
	3645	19	42
	3646	19	39
	3647	21	41
	3648	21	41
	3649	20	38
	3650	20	39
	3651	23	40
	3652	18	39
	3653	22	38
	3654	19	38
	3655	18	40
	3656	17	38
	3657	21	39
	3658	20	38
	3659	18	38
	3660	18	41
	3661	20	39
	3662	20	37
	3663	20	41
	3664	19	40
	3665	21	40
	3666	21	38
	3667	22	40
	3668	17	39
	3669	19	39
	3670	19	37
	3671	19	40
	3672	21	39
	3673	21	39
	3674	19	40
	3675	18	42
	3676	19	39
	3677	18	41
	3678	21	41
	3679	18	41
	3680	19	40
	3681	21	38
	3682	20	39
	3683	17	41
	3684	19	39
	3685	17	39
	3686	18	39
	3687	24	37
	3688	21	39
	3689	17	40
	3690	20	37
	3691	17	42
	3692	21	43
	3693	20	39
	3694	18	40
	3695	19	38
	3696	18	39
	3697	19	41
	3698	17	39
	3699	23	42
	3700	23	38
	3701	19	40
	3702	16	39
	3703	22	40
	3704	19	40
	3705	18	39
	3706	17	38
	3707	20	42
	3708	19	39
	3709	17	43
	3710	18	41
	3711	19	39
	3712	20	40
	3713	21	41
	3714	18	39
	3715	19	39
	3716	16	39
	3717	18	41
	3718	17	40
	3719	16	38
	3720	19	39
	3721	19	39
	3722	18	41
	3723	19	40
