	0	182	380
	1	191	389
	2	178	378
	3	186	389
	4	182	375
	5	189	381
	6	186	382
	7	186	391
	8	174	377
	9	187	390
	10	177	380
	11	192	377
	12	187	380
	13	190	385
	14	189	381
	15	191	391
	16	178	381
	17	189	381
	18	187	377
	19	196	381
	20	184	375
	21	185	392
	22	185	376
	23	184	391
	24	189	376
	25	191	381
	26	216	408
	27	214	410
	28	203	411
	29	217	417
	30	213	407
	31	208	429
	32	217	401
	33	215	416
	34	211	404
	35	221	403
	36	216	408
	37	217	415
	38	205	399
	39	214	419
	40	211	407
	41	203	414
	42	207	415
	43	212	428
	44	208	412
	45	220	404
	46	212	405
	47	211	421
	48	210	396
	49	211	413
	50	203	401
	51	224	414
	52	208	410
	53	224	412
	54	214	398
	55	217	423
	56	208	408
	57	215	412
	58	220	414
	59	224	417
	60	219	414
	61	216	414
	62	223	420
	63	229	423
	64	220	447
	65	234	417
	66	228	403
	67	230	418
	68	217	431
	69	244	425
	70	230	414
	71	220	431
	72	219	428
	73	235	436
	74	212	422
	75	235	444
	76	210	430
	77	241	426
	78	228	419
	79	238	430
	80	213	422
	81	232	425
	82	212	417
	83	226	447
	84	234	425
	85	232	423
	86	239	426
	87	227	440
	88	220	418
	89	228	422
	90	226	418
	91	240	430
	92	221	409
	93	227	447
	94	224	447
	95	228	427
	96	220	507
	97	227	430
	98	231	435
	99	233	437
	100	218	423
	101	238	419
	102	229	420
	103	231	432
	104	240	422
	105	235	421
	106	226	423
	107	233	420
	108	206	417
	109	249	448
	110	232	421
	111	240	425
	112	233	426
	113	234	434
	114	223	413
	115	244	433
	116	215	405
	117	250	417
	118	236	425
	119	240	429
	120	227	421
	121	228	420
	122	223	425
	123	246	445
	124	236	424
	125	230	423
	126	235	414
	127	232	429
	128	230	412
	129	231	437
	130	222	423
	131	232	432
	132	222	419
	133	223	414
	134	234	415
	135	240	434
	136	294	422
	137	245	421
	138	232	452
	139	234	427
	140	224	412
	141	291	431
	142	250	420
	143	258	411
	144	230	423
	145	237	421
	146	252	410
	147	226	433
	148	233	440
	149	232	433
	150	233	427
	151	249	426
	152	220	421
	153	238	427
	154	238	421
	155	237	444
	156	218	429
	157	243	417
	158	238	431
	159	239	435
	160	223	431
	161	234	436
	162	229	428
	163	266	430
	164	239	406
	165	233	438
	166	248	429
	167	231	443
	168	236	413
	169	257	430
	170	240	430
	171	238	440
	172	237	426
	173	233	427
	174	237	437
	175	238	438
	176	225	423
	177	236	424
	178	242	425
	179	225	421
	180	239	416
	181	242	429
	182	225	423
	183	241	433
	184	236	426
	185	232	427
	186	222	425
	187	244	442
	188	231	417
	189	237	411
	190	240	431
	191	239	434
	192	233	427
	193	241	434
	194	223	415
	195	228	422
	196	242	427
	197	263	412
	198	232	418
	199	255	434
	200	232	413
	201	254	437
	202	255	428
	203	257	426
	204	237	424
	205	255	423
	206	236	415
	207	249	414
	208	240	421
	209	268	434
	210	250	447
	211	247	435
	212	223	420
	213	257	424
	214	231	423
	215	242	428
	216	254	416
	217	249	440
	218	237	420
	219	238	508
	220	228	416
	221	229	439
	222	237	428
	223	266	422
	224	232	431
	225	244	430
	226	229	419
	227	230	431
	228	230	428
	229	255	421
	230	249	430
	231	248	438
	232	228	423
	233	244	423
	234	244	419
	235	243	424
	236	245	428
	237	251	421
	238	245	419
	239	237	431
	240	237	415
	241	241	449
	242	232	421
	243	257	414
	244	248	423
	245	233	434
	246	224	431
	247	238	428
	248	239	431
	249	241	440
	250	250	412
	251	256	442
	252	236	427
	253	234	428
	254	246	421
	255	268	448
	256	222	415
	257	263	434
	258	235	438
	259	256	442
	260	233	413
	261	243	436
	262	237	432
	263	244	447
	264	230	432
	265	230	449
	266	224	430
	267	250	436
	268	239	428
	269	242	435
	270	237	418
	271	238	425
	272	235	412
	273	239	426
	274	248	423
	275	265	449
	276	227	419
	277	253	428
	278	232	420
	279	239	434
	280	241	410
	281	243	424
	282	242	436
	283	259	424
	284	249	426
	285	252	434
	286	239	423
	287	263	424
	288	250	434
	289	240	421
	290	272	419
	291	243	419
	292	228	435
	293	233	425
	294	231	449
	295	248	437
	296	245	427
	297	252	441
	298	311	414
	299	245	427
	300	242	426
	301	265	429
	302	249	443
	303	259	431
	304	239	431
	305	236	429
	306	232	423
	307	259	440
	308	239	439
	309	257	444
	310	243	429
	311	253	438
	312	242	437
	313	233	432
	314	231	425
	315	245	435
	316	250	426
	317	256	435
	318	249	434
	319	248	439
	320	248	427
	321	251	444
	322	253	445
	323	251	433
	324	251	411
	325	253	428
	326	238	420
	327	257	439
	328	247	431
	329	246	440
	330	250	438
	331	274	445
	332	260	420
	333	269	467
	334	262	425
	335	262	436
	336	241	426
	337	248	444
	338	242	425
	339	275	452
	340	243	422
	341	251	442
	342	245	421
	343	275	447
	344	252	409
	345	267	429
	346	265	441
	347	254	417
	348	245	414
	349	268	428
	350	249	430
	351	253	454
	352	239	430
	353	261	453
	354	245	429
	355	257	424
	356	244	440
	357	257	438
	358	264	438
	359	262	433
	360	260	420
	361	254	435
	362	270	441
	363	280	438
	364	249	417
	365	266	442
	366	259	431
	367	256	438
	368	252	439
	369	267	433
	370	269	443
	371	275	427
	372	256	429
	373	273	437
	374	274	440
	375	265	438
	376	267	423
	377	281	437
	378	256	432
	379	278	441
	380	270	424
	381	272	431
	382	262	427
	383	279	448
	384	268	446
	385	280	433
	386	281	424
	387	296	433
	388	271	427
	389	300	444
	390	269	437
	391	281	447
	392	278	439
	393	278	447
	394	280	438
	395	294	431
	396	278	441
	397	288	446
	398	275	441
	399	285	486
	400	280	426
	401	295	443
	402	293	435
	403	286	438
	404	279	436
	405	304	431
	406	291	427
	407	292	438
	408	286	447
	409	290	447
	410	286	446
	411	291	447
	412	291	428
	413	294	453
	414	293	439
	415	284	454
	416	284	423
	417	292	446
	418	313	443
	419	307	439
	420	304	425
	421	310	448
	422	303	441
	423	303	446
	424	314	449
	425	317	462
	426	310	438
	427	299	463
	428	297	437
	429	304	447
	430	295	438
	431	309	470
	432	301	442
	433	332	459
	434	308	446
	435	319	456
	436	303	427
	437	309	453
	438	308	433
	439	324	446
	440	323	448
	441	322	463
	442	327	462
	443	313	454
	444	326	426
	445	334	445
	446	318	439
	447	339	440
	448	316	441
	449	338	440
	450	327	437
	451	353	447
	452	427	435
	453	342	451
	454	350	431
	455	341	442
	456	351	447
	457	341	448
	458	340	446
	459	351	460
	460	345	452
	461	368	448
	462	336	444
	463	359	443
	464	348	446
	465	356	463
	466	362	461
	467	373	446
	468	358	449
	469	368	451
	470	363	444
	471	380	472
	472	364	443
	473	386	464
	474	395	447
	475	381	445
	476	380	465
	477	385	460
	478	392	455
	479	398	452
	480	397	457
	481	399	448
	482	376	455
	483	404	454
	484	380	454
	485	398	459
	486	398	458
	487	405	454
	488	405	448
	489	414	457
	490	424	453
	491	420	459
	492	409	443
	493	417	450
	494	409	453
	495	415	456
	496	420	440
	497	433	449
	498	409	439
	499	421	449
	500	429	449
	501	448	458
	502	432	457
	503	435	450
	504	443	450
	505	437	462
	506	452	456
	507	449	476
	508	433	439
	509	455	463
	510	437	464
	511	458	469
	512	463	468
	513	460	475
	514	452	454
	515	457	465
	516	453	481
	517	480	480
	518	464	462
	519	487	469
	520	461	464
	521	471	488
	522	468	466
	523	473	474
	524	466	474
	525	483	469
	526	499	464
	527	488	489
	528	488	454
	529	491	474
	530	500	464
	531	504	498
	532	501	468
	533	533	468
	534	504	480
	535	509	473
	536	512	481
	537	520	471
	538	518	471
	539	530	482
	540	530	467
	541	528	471
	542	522	456
	543	540	491
	544	539	465
	545	547	482
	546	550	476
	547	571	473
	548	575	468
	549	552	491
	550	570	477
	551	562	482
	552	568	472
	553	582	481
	554	574	485
	555	574	483
	556	569	483
	557	597	525
	558	590	476
	559	597	491
	560	583	471
	561	603	492
	562	597	481
	563	611	493
	564	608	472
	565	620	491
	566	627	494
	567	626	502
	568	620	488
	569	619	498
	570	622	505
	571	658	498
	572	642	468
	573	637	481
	574	633	489
	575	640	497
	576	665	495
	577	668	518
	578	652	482
	579	675	508
	580	684	488
	581	686	498
	582	672	490
	583	680	516
	584	688	499
	585	695	507
	586	708	502
	587	720	507
	588	703	497
	589	721	503
	590	712	515
	591	734	512
	592	734	494
	593	732	510
	594	738	507
	595	756	502
	596	733	506
	597	753	508
	598	755	498
	599	765	522
	600	766	485
	601	768	504
	602	769	506
	603	771	521
	604	776	516
	605	772	516
	606	796	482
	607	791	511
	608	785	518
	609	795	523
	610	796	507
	611	816	517
	612	799	544
	613	813	525
	614	822	513
	615	841	523
	616	820	519
	617	845	527
	618	828	509
	619	831	529
	620	831	507
	621	847	516
	622	844	532
	623	861	524
	624	856	520
	625	861	526
	626	859	531
	627	878	527
	628	864	526
	629	887	538
	630	884	537
	631	899	534
	632	890	527
	633	902	546
	634	899	543
	635	906	556
	636	903	532
	637	921	543
	638	914	557
	639	933	565
	640	917	537
	641	918	535
	642	924	553
	643	947	551
	644	953	542
	645	940	543
	646	951	545
	647	955	546
	648	962	536
	649	958	565
	650	973	534
	651	993	551
	652	965	534
	653	975	552
	654	955	539
	655	972	554
	656	979	549
	657	1007	550
	658	981	541
	659	1004	568
	660	999	566
	661	1021	565
	662	1005	560
	663	1022	562
	664	1014	559
	665	1044	561
	666	1038	561
	667	1038	562
	668	1021	575
	669	1019	572
	670	1046	558
	671	1045	579
	672	1054	579
	673	1068	583
	674	1041	591
	675	1069	591
	676	1066	572
	677	1075	588
	678	1065	567
	679	1075	577
	680	1081	575
	681	1082	592
	682	1090	570
	683	1091	592
	684	1106	564
	685	1103	584
	686	1092	588
	687	1115	595
	688	1115	561
	689	1111	593
	690	1130	580
	691	1127	591
	692	1119	567
	693	1132	592
	694	1129	608
	695	1130	583
	696	1143	578
	697	1146	599
	698	1147	585
	699	1169	597
	700	1145	594
	701	1165	585
	702	1151	581
	703	1174	592
	704	1167	597
	705	1164	586
	706	1180	593
	707	1186	597
	708	1259	582
	709	1195	591
	710	1187	597
	711	1189	605
	712	1191	594
	713	1190	593
	714	1196	600
	715	1205	609
	716	1209	617
	717	1198	607
	718	1210	602
	719	1215	596
	720	1219	591
	721	1224	595
	722	1225	598
	723	1221	616
	724	1221	604
	725	1243	601
	726	1242	591
	727	1233	600
	728	1243	590
	729	1247	602
	730	1250	592
	731	1228	624
	732	1237	588
	733	1249	609
	734	1230	612
	735	1254	619
	736	1250	609
	737	1265	614
	738	1257	609
	739	1250	629
	740	1238	605
	741	1246	619
	742	1256	604
	743	1255	629
	744	1244	613
	745	1262	618
	746	1262	622
	747	1259	615
	748	1268	606
	749	1271	625
	750	1253	620
	751	1262	613
	752	1255	612
	753	1254	615
	754	1259	606
	755	1272	602
	756	1273	598
	757	1266	618
	758	1263	623
	759	1272	621
	760	1248	604
	761	1262	595
	762	1252	618
	763	1276	634
	764	1234	615
	765	1262	606
	766	1268	615
	767	1261	611
	768	1260	613
	769	1265	619
	770	1252	602
	771	1277	616
	772	1264	618
	773	1263	602
	774	1254	608
	775	1269	606
	776	1333	591
	777	1251	619
	778	1252	604
	779	1245	612
	780	1251	622
	781	1263	612
	782	1253	604
	783	1252	619
	784	1244	601
	785	1263	602
	786	1236	623
	787	1249	620
	788	1247	600
	789	1245	608
	790	1245	599
	791	1268	617
	792	1220	592
	793	1230	616
	794	1215	598
	795	1221	605
	796	1242	593
	797	1228	608
	798	1203	590
	799	1249	590
	800	1222	592
	801	1234	599
	802	1204	598
	803	1213	665
	804	1200	585
	805	1214	583
	806	1191	612
	807	1207	594
	808	1190	634
	809	1210	583
	810	1200	578
	811	1200	593
	812	1185	597
	813	1184	583
	814	1170	596
	815	1184	595
	816	1167	568
	817	1161	579
	818	1147	566
	819	1171	573
	820	1164	570
	821	1151	587
	822	1154	577
	823	1149	597
	824	1123	583
	825	1134	576
	826	1142	575
	827	1144	577
	828	1130	595
	829	1128	587
	830	1118	576
	831	1132	579
	832	1110	564
	833	1121	571
	834	1126	566
	835	1088	572
	836	1096	560
	837	1100	560
	838	1081	551
	839	1068	559
	840	1079	556
	841	1065	576
	842	1084	563
	843	1075	560
	844	1083	552
	845	1071	550
	846	1068	552
	847	1081	572
	848	1067	549
	849	1080	568
	850	1050	544
	851	1052	572
	852	1040	549
	853	1055	564
	854	1055	560
	855	1056	560
	856	1035	536
	857	1054	556
	858	1050	555
	859	1049	548
	860	1045	543
	861	1043	552
	862	1040	548
	863	1043	559
	864	1018	553
	865	1040	548
	866	1054	550
	867	1033	549
	868	1019	553
	869	1014	555
	870	995	538
	871	1010	561
	872	983	533
	873	997	568
	874	985	536
	875	997	550
	876	985	541
	877	981	543
	878	968	541
	879	999	549
	880	977	545
	881	986	541
	882	983	532
	883	973	538
	884	981	526
	885	973	531
	886	945	532
	887	970	547
	888	956	521
	889	957	542
	890	932	558
	891	930	559
	892	933	514
	893	948	564
	894	942	528
	895	943	526
	896	931	566
	897	925	526
	898	922	529
	899	933	525
	900	922	541
	901	934	512
	902	920	517
	903	906	505
	904	899	510
	905	902	531
	906	905	511
	907	901	521
	908	903	511
	909	895	508
	910	877	503
	911	888	508
	912	875	508
	913	871	515
	914	869	527
	915	868	520
	916	844	519
	917	849	518
	918	852	514
	919	870	519
	920	847	502
	921	853	505
	922	843	508
	923	840	536
	924	829	482
	925	830	525
	926	832	500
	927	838	511
	928	807	505
	929	832	504
	930	818	504
	931	806	522
	932	784	499
	933	803	507
	934	784	504
	935	779	498
	936	793	486
	937	771	502
	938	769	506
	939	765	502
	940	763	493
	941	767	523
	942	760	494
	943	736	506
	944	755	491
	945	763	507
	946	741	483
	947	768	491
	948	749	488
	949	749	482
	950	732	566
	951	728	489
	952	748	500
	953	718	488
	954	729	488
	955	739	486
	956	715	490
	957	724	501
	958	702	485
	959	719	490
	960	706	486
	961	721	490
	962	703	492
	963	700	487
	964	689	478
	965	685	479
	966	667	471
	967	678	478
	968	683	489
	969	667	482
	970	667	491
	971	660	474
	972	645	497
	973	648	486
	974	646	470
	975	637	483
	976	634	484
	977	617	478
	978	614	467
	979	614	473
	980	605	487
	981	593	494
	982	596	473
	983	612	486
	984	582	472
	985	594	479
	986	579	472
	987	583	480
	988	567	480
	989	571	481
	990	548	474
	991	552	464
	992	535	463
	993	540	496
	994	536	460
	995	547	467
	996	524	475
	997	562	483
	998	542	459
	999	532	469
	1000	552	457
	1001	532	474
	1002	533	466
	1003	537	466
	1004	529	467
	1005	530	457
	1006	520	462
	1007	525	470
	1008	503	458
	1009	511	456
	1010	522	457
	1011	519	454
	1012	508	459
	1013	506	465
	1014	514	446
	1015	522	464
	1016	503	462
	1017	495	465
	1018	500	454
	1019	518	458
	1020	508	467
	1021	512	461
	1022	484	458
	1023	510	446
	1024	495	446
	1025	501	442
	1026	491	464
	1027	511	451
	1028	488	443
	1029	483	446
	1030	474	441
	1031	488	462
	1032	472	443
	1033	506	445
	1034	469	436
	1035	486	457
	1036	484	440
	1037	472	465
	1038	478	454
	1039	479	442
	1040	473	454
	1041	472	445
	1042	461	441
	1043	473	442
	1044	464	503
	1045	481	453
	1046	467	443
	1047	460	461
	1048	467	459
	1049	466	457
	1050	447	442
	1051	460	458
	1052	467	442
	1053	455	435
	1054	462	446
	1055	473	508
	1056	436	446
	1057	458	443
	1058	458	442
	1059	467	462
	1060	437	455
	1061	454	451
	1062	436	435
	1063	467	441
	1064	438	450
	1065	446	447
	1066	446	445
	1067	452	457
	1068	439	432
	1069	446	452
	1070	428	436
	1071	448	450
	1072	419	439
	1073	437	438
	1074	426	432
	1075	451	436
	1076	443	438
	1077	512	451
	1078	451	452
	1079	455	454
	1080	435	447
	1081	440	441
	1082	422	446
	1083	435	451
	1084	421	444
	1085	450	437
	1086	417	456
	1087	435	443
	1088	433	424
	1089	432	437
	1090	423	423
	1091	438	457
	1092	417	429
	1093	440	450
	1094	429	444
	1095	437	445
	1096	430	449
	1097	433	434
	1098	434	445
	1099	444	446
	1100	426	447
	1101	433	460
	1102	413	428
	1103	433	442
	1104	417	434
	1105	425	441
	1106	440	430
	1107	418	442
	1108	427	443
	1109	426	458
	1110	431	480
	1111	423	440
	1112	430	427
	1113	440	431
	1114	424	448
	1115	422	438
	1116	430	434
	1117	419	441
	1118	417	443
	1119	438	426
	1120	422	440
	1121	433	456
	1122	414	434
	1123	412	442
	1124	414	428
	1125	427	433
	1126	417	457
	1127	423	441
	1128	414	439
	1129	418	435
	1130	431	460
	1131	417	457
	1132	419	453
	1133	431	439
	1134	404	430
	1135	423	441
	1136	409	489
	1137	419	444
	1138	415	430
	1139	419	460
	1140	434	432
	1141	415	437
	1142	410	439
	1143	417	449
	1144	415	437
	1145	412	437
	1146	405	428
	1147	435	443
	1148	415	432
	1149	404	443
	1150	423	434
	1151	414	445
	1152	400	432
	1153	397	448
	1154	418	439
	1155	426	440
	1156	404	439
	1157	419	436
	1158	408	443
	1159	414	438
	1160	407	436
	1161	416	450
	1162	408	425
	1163	403	465
	1164	403	444
	1165	410	432
	1166	411	424
	1167	406	438
	1168	399	449
	1169	404	439
	1170	401	445
	1171	432	444
	1172	395	443
	1173	402	436
	1174	390	437
	1175	401	448
	1176	401	439
	1177	405	439
	1178	396	429
	1179	410	427
	1180	396	437
	1181	389	439
	1182	417	413
	1183	408	435
	1184	401	448
	1185	407	435
	1186	385	446
	1187	400	436
	1188	394	434
	1189	401	440
	1190	412	443
	1191	398	442
	1192	403	422
	1193	391	449
	1194	393	432
	1195	406	446
	1196	415	438
	1197	395	455
	1198	403	427
	1199	411	448
	1200	406	419
	1201	407	436
	1202	392	444
	1203	393	435
	1204	406	438
	1205	424	439
	1206	395	432
	1207	413	438
	1208	382	417
	1209	413	434
	1210	390	438
	1211	402	439
	1212	378	441
	1213	393	447
	1214	383	435
	1215	408	430
	1216	380	436
	1217	396	438
	1218	389	430
	1219	393	427
	1220	384	431
	1221	404	453
	1222	390	437
	1223	404	453
	1224	378	430
	1225	404	442
	1226	374	437
	1227	386	439
	1228	381	431
	1229	395	462
	1230	390	423
	1231	392	437
	1232	382	431
	1233	411	437
	1234	380	437
	1235	394	449
	1236	392	419
	1237	393	434
	1238	389	438
	1239	381	436
	1240	384	432
	1241	391	448
	1242	391	442
	1243	383	437
	1244	378	432
	1245	384	428
	1246	372	419
	1247	398	450
	1248	379	431
	1249	408	435
	1250	391	428
	1251	395	440
	1252	380	433
	1253	385	442
	1254	379	436
	1255	388	431
	1256	375	443
	1257	386	439
	1258	400	435
	1259	378	427
	1260	398	437
	1261	392	454
	1262	379	439
	1263	389	445
	1264	376	425
	1265	387	443
	1266	450	431
	1267	454	433
	1268	375	424
	1269	392	437
	1270	366	439
	1271	395	445
	1272	373	433
	1273	381	444
	1274	385	438
	1275	390	481
	1276	375	436
	1277	397	429
	1278	380	433
	1279	382	436
	1280	366	416
	1281	380	437
	1282	383	442
	1283	396	438
	1284	369	438
	1285	371	443
	1286	375	437
	1287	379	435
	1288	373	420
	1289	372	430
	1290	371	436
	1291	380	443
	1292	372	427
	1293	386	425
	1294	365	432
	1295	402	434
	1296	384	441
	1297	377	439
	1298	372	444
	1299	388	441
	1300	376	430
	1301	370	439
	1302	371	430
	1303	371	447
	1304	369	433
	1305	387	451
	1306	366	430
	1307	371	447
	1308	352	419
	1309	367	440
	1310	372	430
	1311	368	432
	1312	356	425
	1313	375	437
	1314	376	438
	1315	374	437
	1316	377	429
	1317	368	426
	1318	361	433
	1319	369	442
	1320	357	440
	1321	375	448
	1322	362	432
	1323	367	431
	1324	364	426
	1325	372	439
	1326	356	437
	1327	359	454
	1328	365	448
	1329	366	433
	1330	367	433
	1331	387	445
	1332	351	433
	1333	372	438
	1334	365	445
	1335	378	438
	1336	354	433
	1337	359	433
	1338	352	432
	1339	351	440
	1340	368	428
	1341	364	458
	1342	355	423
	1343	379	433
	1344	338	415
	1345	359	434
	1346	359	431
	1347	354	439
	1348	345	426
	1349	368	427
	1350	359	439
	1351	350	450
	1352	345	422
	1353	358	438
	1354	343	439
	1355	370	448
	1356	357	428
	1357	351	436
	1358	350	436
	1359	360	444
	1360	352	435
	1361	355	434
	1362	343	428
	1363	346	449
	1364	336	437
	1365	358	442
	1366	346	432
	1367	346	440
	1368	346	439
	1369	357	423
	1370	348	436
	1371	369	428
	1372	410	437
	1373	343	435
	1374	339	438
	1375	360	445
	1376	343	421
	1377	352	450
	1378	339	413
	1379	350	444
	1380	345	419
	1381	424	426
	1382	337	436
	1383	353	442
	1384	329	426
	1385	346	435
	1386	345	430
	1387	362	424
	1388	344	423
	1389	345	435
	1390	341	436
	1391	359	440
	1392	323	422
	1393	345	458
	1394	330	438
	1395	345	446
	1396	341	441
	1397	338	434
	1398	323	420
	1399	345	446
	1400	344	420
	1401	349	430
	1402	344	430
	1403	346	434
	1404	353	433
	1405	346	431
	1406	331	420
	1407	349	431
	1408	332	420
	1409	348	426
	1410	341	443
	1411	344	430
	1412	344	436
	1413	346	441
	1414	340	432
	1415	357	450
	1416	328	435
	1417	329	423
	1418	331	429
	1419	354	440
	1420	329	432
	1421	330	433
	1422	332	441
	1423	339	439
	1424	328	436
	1425	348	436
	1426	326	434
	1427	336	435
	1428	320	439
	1429	337	439
	1430	326	436
	1431	340	437
	1432	325	425
	1433	349	443
	1434	337	436
	1435	340	428
	1436	325	445
	1437	331	434
	1438	329	442
	1439	334	435
	1440	326	427
	1441	332	433
	1442	342	438
	1443	329	430
	1444	322	429
	1445	329	429
	1446	312	429
	1447	345	431
	1448	327	416
	1449	330	450
	1450	320	425
	1451	326	443
	1452	311	427
	1453	328	435
	1454	325	433
	1455	333	453
	1456	301	427
	1457	328	423
	1458	330	433
	1459	325	436
	1460	321	424
	1461	313	430
	1462	327	432
	1463	332	447
	1464	318	420
	1465	330	435
	1466	303	432
	1467	312	428
	1468	325	429
	1469	319	430
	1470	314	423
	1471	312	440
	1472	316	421
	1473	313	435
	1474	319	433
	1475	347	423
	1476	307	422
	1477	315	418
	1478	307	425
	1479	313	425
	1480	318	413
	1481	308	419
	1482	319	416
	1483	316	431
	1484	302	418
	1485	316	433
	1486	310	423
	1487	323	441
	1488	297	417
	1489	319	423
	1490	292	429
	1491	319	429
	1492	303	434
	1493	313	437
	1494	314	436
	1495	305	442
	1496	304	425
	1497	316	423
	1498	298	410
	1499	322	434
	1500	307	434
	1501	303	433
	1502	308	422
	1503	308	433
	1504	302	415
	1505	308	429
	1506	297	425
	1507	317	443
	1508	291	434
	1509	298	433
	1510	295	431
	1511	317	427
	1512	303	414
	1513	299	419
	1514	295	427
	1515	307	431
	1516	294	427
	1517	312	420
	1518	295	416
	1519	302	427
	1520	315	419
	1521	301	416
	1522	301	429
	1523	304	434
	1524	297	426
	1525	313	420
	1526	300	412
	1527	307	424
	1528	313	422
	1529	301	435
	1530	299	420
	1531	376	432
	1532	289	421
	1533	316	426
	1534	295	428
	1535	300	432
	1536	292	408
	1537	298	433
	1538	296	416
	1539	304	430
	1540	296	420
	1541	310	446
	1542	306	425
	1543	326	428
	1544	292	423
	1545	293	435
	1546	308	422
	1547	308	438
	1548	297	426
	1549	296	423
	1550	290	433
	1551	302	437
	1552	309	427
	1553	316	422
	1554	304	418
	1555	326	433
	1556	308	426
	1557	321	427
	1558	332	464
	1559	342	424
	1560	317	415
	1561	344	415
	1562	341	426
	1563	352	443
	1564	350	429
	1565	357	427
	1566	353	429
	1567	362	425
	1568	361	433
	1569	375	438
	1570	378	426
	1571	381	524
	1572	358	431
	1573	366	448
	1574	381	443
	1575	391	447
	1576	383	443
	1577	392	456
	1578	395	454
	1579	399	456
	1580	401	433
	1581	398	452
	1582	406	458
	1583	404	461
	1584	413	456
	1585	428	453
	1586	406	465
	1587	417	453
	1588	390	453
	1589	415	442
	1590	401	433
	1591	396	458
	1592	397	448
	1593	406	452
	1594	399	435
	1595	409	464
	1596	393	436
	1597	463	450
	1598	407	450
	1599	406	474
	1600	387	463
	1601	407	444
	1602	392	459
	1603	402	441
	1604	395	454
	1605	404	460
	1606	388	447
	1607	392	469
	1608	397	451
	1609	413	461
	1610	379	438
	1611	398	469
	1612	386	438
	1613	400	458
	1614	398	437
	1615	391	450
	1616	391	442
	1617	401	450
	1618	383	444
	1619	411	453
	1620	394	453
	1621	396	455
	1622	391	457
	1623	381	443
	1624	400	446
	1625	397	458
	1626	386	459
	1627	403	451
	1628	372	448
	1629	385	460
	1630	392	451
	1631	399	472
	1632	395	448
	1633	398	450
	1634	376	460
	1635	402	462
	1636	382	442
	1637	381	466
	1638	379	462
	1639	393	464
	1640	391	459
	1641	389	451
	1642	372	440
	1643	388	456
	1644	376	438
	1645	399	445
	1646	450	450
	1647	400	445
	1648	372	451
	1649	397	463
	1650	392	455
	1651	379	457
	1652	380	452
	1653	400	460
	1654	387	450
	1655	413	442
	1656	367	444
	1657	400	451
	1658	383	445
	1659	391	451
	1660	382	448
	1661	388	453
	1662	387	453
	1663	402	447
	1664	376	445
	1665	386	452
	1666	389	453
	1667	399	449
	1668	363	444
	1669	388	448
	1670	373	454
	1671	398	439
	1672	369	451
	1673	406	435
	1674	369	438
	1675	380	451
	1676	380	439
	1677	380	445
	1678	374	440
	1679	383	453
	1680	366	442
	1681	360	450
	1682	354	446
	1683	359	440
	1684	359	442
	1685	352	440
	1686	343	445
	1687	357	465
	1688	337	443
	1689	346	446
	1690	315	436
	1691	333	440
	1692	302	452
	1693	310	449
	1694	312	437
	1695	309	451
	1696	295	438
	1697	307	458
	1698	292	431
	1699	303	433
	1700	277	423
	1701	287	445
	1702	275	424
	1703	278	434
	1704	267	428
	1705	294	415
	1706	272	410
	1707	269	416
	1708	254	407
	1709	266	424
	1710	265	423
	1711	266	409
	1712	255	406
	1713	249	421
	1714	262	421
	1715	293	419
	1716	254	408
	1717	256	416
	1718	257	419
	1719	251	429
	1720	259	404
	1721	258	428
	1722	268	413
	1723	253	415
	1724	245	413
	1725	260	422
	1726	314	409
	1727	264	422
	1728	272	406
	1729	255	418
	1730	248	410
	1731	252	427
	1732	260	410
	1733	253	420
	1734	249	416
	1735	247	417
	1736	249	418
	1737	260	416
	1738	250	414
	1739	255	412
	1740	262	401
	1741	251	415
	1742	247	403
	1743	270	422
	1744	247	415
	1745	250	411
	1746	241	414
	1747	256	421
	1748	260	422
	1749	267	416
	1750	243	417
	1751	250	418
	1752	248	406
	1753	257	417
	1754	251	416
	1755	255	419
	1756	243	408
	1757	251	404
	1758	247	409
	1759	246	417
	1760	237	429
	1761	245	414
	1762	245	435
	1763	255	412
	1764	243	409
	1765	259	424
	1766	247	415
	1767	241	417
	1768	231	406
	1769	244	427
	1770	243	408
	1771	249	423
	1772	237	407
	1773	236	416
	1774	237	414
	1775	242	421
	1776	240	410
	1777	252	421
	1778	246	408
	1779	255	412
	1780	236	412
	1781	237	425
	1782	261	410
	1783	239	402
	1784	250	417
	1785	234	418
	1786	221	416
	1787	238	419
	1788	248	415
	1789	245	422
	1790	241	406
	1791	255	419
	1792	233	410
	1793	239	417
	1794	228	408
	1795	233	427
	1796	237	414
	1797	233	413
	1798	231	404
	1799	251	406
	1800	227	405
	1801	239	417
	1802	224	415
	1803	249	421
	1804	235	405
	1805	240	398
	1806	229	418
	1807	244	415
	1808	227	407
	1809	241	420
	1810	235	408
	1811	244	402
	1812	221	414
	1813	235	416
	1814	228	408
	1815	232	417
	1816	224	414
	1817	232	425
	1818	239	410
	1819	249	419
	1820	233	418
	1821	235	422
	1822	221	408
	1823	243	414
	1824	232	400
	1825	234	418
	1826	241	405
	1827	231	425
	1828	233	410
	1829	237	434
	1830	229	415
	1831	239	422
	1832	231	411
	1833	235	409
	1834	228	409
	1835	247	415
	1836	221	405
	1837	233	410
	1838	228	411
	1839	232	404
	1840	222	406
	1841	235	417
	1842	237	407
	1843	234	416
	1844	227	392
	1845	233	409
	1846	224	410
	1847	228	411
	1848	234	405
	1849	240	415
	1850	213	404
	1851	235	414
	1852	222	422
	1853	239	404
	1854	216	396
	1855	231	414
	1856	233	408
	1857	255	408
	1858	226	407
	1859	234	407
	1860	223	408
	1861	231	401
	1862	246	404
	1863	239	411
	1864	236	411
	1865	240	420
	1866	228	407
	1867	222	412
	1868	223	398
	1869	228	418
	1870	212	421
	1871	226	398
	1872	242	401
	1873	221	410
	1874	225	407
	1875	233	402
	1876	221	412
	1877	238	406
	1878	231	400
	1879	240	412
	1880	239	416
	1881	232	404
	1882	230	392
	1883	242	414
	1884	229	403
	1885	224	413
	1886	220	402
	1887	232	412
	1888	237	386
	1889	246	408
	1890	225	415
	1891	236	411
	1892	226	412
	1893	237	402
	1894	218	416
	1895	230	423
	1896	234	402
	1897	223	419
	1898	240	412
	1899	240	417
	1900	227	408
	1901	248	409
	1902	223	396
	1903	238	413
	1904	238	404
	1905	240	410
	1906	223	416
	1907	310	402
	1908	219	404
	1909	240	405
	1910	235	404
	1911	237	418
	1912	227	405
	1913	226	410
	1914	224	408
	1915	237	414
	1916	238	411
	1917	242	411
	1918	243	406
	1919	229	415
	1920	227	406
	1921	228	467
	1922	223	412
	1923	238	411
	1924	225	408
	1925	229	412
	1926	225	413
	1927	234	406
	1928	232	408
	1929	240	419
	1930	228	409
	1931	231	402
	1932	220	398
	1933	227	415
	1934	226	400
	1935	236	421
	1936	218	399
	1937	234	423
	1938	213	409
	1939	234	415
	1940	235	399
	1941	230	417
	1942	222	404
	1943	234	409
	1944	222	402
	1945	236	414
	1946	229	401
	1947	230	411
	1948	225	405
	1949	222	416
	1950	223	417
	1951	231	412
	1952	224	402
	1953	240	414
	1954	234	392
	1955	233	422
	1956	227	400
	1957	226	411
	1958	211	404
	1959	236	410
	1960	219	411
	1961	230	404
	1962	221	397
	1963	240	412
	1964	214	410
	1965	226	406
	1966	227	414
	1967	244	406
	1968	231	400
	1969	238	429
	1970	223	416
	1971	228	421
	1972	226	405
	1973	232	412
	1974	229	402
	1975	221	412
	1976	216	406
	1977	228	403
	1978	221	424
	1979	223	404
	1980	217	404
	1981	225	398
	1982	227	409
	1983	228	409
	1984	219	401
	1985	232	428
	1986	218	409
	1987	230	416
	1988	211	413
	1989	226	413
	1990	225	413
	1991	217	407
	1992	222	401
	1993	232	412
	1994	217	410
	1995	220	419
	1996	216	406
	1997	230	406
	1998	220	405
	1999	230	418
	2000	213	403
	2001	214	417
	2002	229	402
	2003	213	413
	2004	215	434
	2005	217	429
	2006	211	400
	2007	215	420
	2008	214	402
	2009	223	411
	2010	208	397
	2011	211	420
	2012	212	418
	2013	218	412
	2014	216	422
	2015	221	410
	2016	204	415
	2017	213	401
	2018	208	406
	2019	217	400
	2020	204	402
	2021	227	413
	2022	215	404
	2023	214	400
	2024	217	405
	2025	212	402
	2026	192	406
	2027	220	412
	2028	213	402
	2029	224	406
	2030	216	417
	2031	212	424
	2032	203	400
	2033	221	405
	2034	205	398
	2035	205	406
	2036	197	412
	2037	212	400
	2038	202	403
	2039	208	417
	2040	210	398
	2041	219	418
	2042	204	399
	2043	213	419
	2044	196	410
	2045	212	398
	2046	208	413
	2047	208	410
	2048	208	405
	2049	206	412
	2050	204	408
	2051	211	398
	2052	192	404
	2053	212	415
	2054	201	412
	2055	211	407
	2056	205	400
	2057	201	397
	2058	203	398
	2059	200	405
	2060	199	393
	2061	213	412
	2062	198	398
	2063	212	405
	2064	190	402
	2065	206	408
	2066	202	395
	2067	218	410
	2068	204	404
	2069	208	399
	2070	197	402
	2071	204	411
	2072	200	405
	2073	199	405
	2074	204	396
	2075	212	408
	2076	209	397
	2077	221	404
	2078	194	409
	2079	219	405
	2080	208	399
	2081	211	408
	2082	203	407
	2083	220	407
	2084	201	401
	2085	209	408
	2086	198	402
	2087	204	399
	2088	198	389
	2089	210	404
	2090	196	397
	2091	211	395
	2092	202	392
	2093	212	406
	2094	212	391
	2095	213	418
	2096	195	410
	2097	211	402
	2098	199	396
	2099	205	415
	2100	203	402
	2101	209	408
	2102	208	405
	2103	211	415
	2104	199	402
	2105	218	396
	2106	206	410
	2107	214	397
	2108	201	397
	2109	197	396
	2110	202	396
	2111	229	407
	2112	202	405
	2113	218	404
	2114	211	396
	2115	207	421
	2116	199	397
	2117	207	412
	2118	199	408
	2119	208	401
	2120	211	394
	2121	223	399
	2122	196	419
	2123	209	414
	2124	201	412
	2125	209	403
	2126	205	403
	2127	192	412
	2128	199	400
	2129	204	414
	2130	211	405
	2131	212	410
	2132	189	404
	2133	208	417
	2134	202	389
	2135	207	403
	2136	203	397
	2137	205	408
	2138	196	405
	2139	209	407
	2140	206	415
	2141	220	406
	2142	201	397
	2143	215	401
	2144	201	410
	2145	230	404
	2146	209	402
	2147	213	406
	2148	213	389
	2149	207	406
	2150	204	403
	2151	216	406
	2152	210	401
	2153	215	407
	2154	205	403
	2155	206	406
	2156	196	407
	2157	219	404
	2158	202	391
	2159	200	403
	2160	197	394
	2161	210	403
	2162	204	404
	2163	206	404
	2164	201	404
	2165	206	408
	2166	200	393
	2167	208	396
	2168	196	394
	2169	203	401
	2170	206	596
	2171	214	400
	2172	204	393
	2173	206	404
	2174	200	399
	2175	213	391
	2176	202	402
	2177	199	406
	2178	197	405
	2179	221	402
	2180	201	398
	2181	207	404
	2182	195	398
	2183	215	407
	2184	208	404
	2185	202	402
	2186	188	391
	2187	207	408
	2188	195	392
	2189	207	401
	2190	200	391
	2191	208	419
	2192	204	404
	2193	204	409
	2194	198	462
	2195	212	409
	2196	199	404
	2197	207	408
	2198	198	400
	2199	208	398
	2200	200	394
	2201	210	414
	2202	200	402
	2203	207	407
	2204	197	400
	2205	298	411
	2206	198	391
	2207	203	401
	2208	196	394
	2209	214	408
	2210	209	393
	2211	212	399
	2212	200	401
	2213	209	400
	2214	194	404
	2215	212	404
	2216	197	395
	2217	210	409
	2218	199	401
	2219	207	403
	2220	194	388
	2221	209	405
	2222	201	400
	2223	217	412
	2224	192	397
	2225	208	411
	2226	196	394
	2227	214	405
	2228	200	386
	2229	195	397
	2230	202	399
	2231	212	404
	2232	192	402
	2233	209	407
	2234	212	408
	2235	200	405
	2236	199	403
	2237	222	394
	2238	203	403
	2239	206	428
	2240	200	396
	2241	206	403
	2242	202	404
	2243	211	415
	2244	209	398
	2245	193	408
	2246	198	399
	2247	224	396
	2248	208	390
	2249	212	407
	2250	202	396
	2251	205	404
	2252	199	401
	2253	210	407
	2254	197	391
	2255	199	403
	2256	206	395
	2257	216	407
	2258	209	398
	2259	211	400
	2260	199	394
	2261	211	409
	2262	197	391
	2263	203	404
	2264	202	392
	2265	208	409
	2266	209	392
	2267	202	408
	2268	206	395
	2269	206	394
	2270	197	403
	2271	215	413
	2272	196	410
	2273	206	402
	2274	215	392
	2275	217	410
	2276	208	402
	2277	207	407
	2278	204	407
	2279	208	409
	2280	194	398
	2281	198	401
	2282	212	399
	2283	202	406
	2284	202	410
	2285	208	394
	2286	205	398
	2287	212	396
	2288	198	402
	2289	202	413
	2290	190	410
	2291	219	404
	2292	214	397
	2293	214	402
	2294	209	397
	2295	206	414
	2296	196	391
	2297	220	405
	2298	208	404
	2299	219	404
	2300	206	400
	2301	208	399
	2302	197	405
	2303	212	411
	2304	203	408
	2305	206	411
	2306	202	404
	2307	217	401
	2308	195	402
	2309	208	401
	2310	200	397
	2311	214	411
	2312	204	389
	2313	206	403
	2314	191	387
	2315	203	408
	2316	200	386
	2317	208	393
	2318	199	392
	2319	197	409
	2320	205	402
	2321	221	394
	2322	200	402
	2323	217	398
	2324	200	400
	2325	235	398
	2326	202	380
	2327	206	399
	2328	199	405
	2329	219	409
	2330	223	400
	2331	214	396
	2332	206	394
	2333	210	407
	2334	192	392
	2335	209	404
	2336	197	390
	2337	207	402
	2338	204	389
	2339	203	414
	2340	200	397
	2341	208	409
	2342	200	401
	2343	203	409
	2344	202	393
	2345	217	393
	2346	203	393
	2347	214	404
	2348	200	404
	2349	205	398
	2350	201	394
	2351	200	414
	2352	200	398
	2353	210	401
	2354	192	404
	2355	203	404
	2356	204	395
	2357	203	395
	2358	186	386
	2359	206	396
	2360	194	400
	2361	200	405
	2362	197	407
	2363	209	405
	2364	201	395
	2365	222	394
	2366	200	395
	2367	207	401
	2368	200	395
	2369	208	403
	2370	208	398
	2371	208	399
	2372	199	392
	2373	204	408
	2374	199	393
	2375	209	402
	2376	200	391
	2377	219	399
	2378	200	394
	2379	214	398
	2380	199	395
	2381	211	409
	2382	210	406
	2383	219	407
	2384	200	399
	2385	205	404
	2386	201	404
	2387	218	406
	2388	200	388
	2389	210	397
	2390	201	387
	2391	213	407
	2392	204	396
	2393	209	406
	2394	201	384
	2395	205	397
	2396	206	400
	2397	206	413
	2398	204	404
	2399	208	404
	2400	206	424
	2401	199	400
	2402	188	397
	2403	280	414
	2404	207	389
	2405	203	410
	2406	203	385
	2407	201	402
	2408	202	403
	2409	201	398
	2410	206	396
	2411	208	409
	2412	198	406
	2413	207	404
	2414	193	395
	2415	216	395
	2416	192	402
	2417	213	445
	2418	204	405
	2419	221	395
	2420	207	391
	2421	218	413
	2422	198	385
	2423	206	410
	2424	194	390
	2425	216	404
	2426	188	404
	2427	210	418
	2428	187	395
	2429	206	403
	2430	191	401
	2431	210	404
	2432	195	397
	2433	207	418
	2434	206	403
	2435	212	404
	2436	206	393
	2437	208	415
	2438	202	394
	2439	211	402
	2440	197	392
	2441	197	401
	2442	201	398
	2443	209	397
	2444	189	391
	2445	200	401
	2446	211	387
	2447	204	398
	2448	197	402
	2449	196	393
	2450	201	400
	2451	208	403
	2452	203	392
	2453	201	401
	2454	204	402
	2455	206	405
	2456	212	396
	2457	196	406
	2458	202	396
	2459	207	405
	2460	202	394
	2461	202	420
	2462	209	397
	2463	208	402
	2464	201	446
	2465	197	405
	2466	207	398
	2467	199	409
	2468	197	398
	2469	207	403
	2470	196	403
	2471	202	400
	2472	206	399
	2473	203	411
	2474	212	406
	2475	206	409
	2476	209	393
	2477	203	414
	2478	200	403
	2479	193	400
	2480	208	400
	2481	223	414
	2482	203	395
	2483	198	399
	2484	184	391
	2485	211	398
	2486	194	401
	2487	204	393
	2488	193	393
	2489	203	398
	2490	188	411
	2491	196	401
	2492	196	394
	2493	207	408
	2494	202	395
	2495	212	422
	2496	195	397
	2497	200	405
	2498	203	389
	2499	199	411
	2500	202	404
	2501	201	406
	2502	209	397
	2503	201	408
	2504	208	399
	2505	208	406
	2506	202	404
	2507	202	410
	2508	201	399
	2509	204	419
	2510	200	400
	2511	208	412
	2512	195	398
	2513	207	425
	2514	205	393
	2515	213	395
	2516	202	400
	2517	211	406
	2518	209	408
	2519	213	408
	2520	196	410
	2521	200	394
	2522	197	406
	2523	200	405
	2524	199	402
	2525	201	392
	2526	212	399
	2527	207	401
	2528	199	389
	2529	212	404
	2530	193	392
	2531	210	401
	2532	204	392
	2533	202	405
	2534	196	389
	2535	214	417
	2536	211	406
	2537	217	415
	2538	196	398
	2539	204	407
	2540	191	401
	2541	207	403
	2542	201	401
	2543	205	403
	2544	197	386
	2545	202	404
	2546	201	396
	2547	196	406
	2548	201	396
	2549	208	400
	2550	207	393
	2551	212	417
	2552	191	392
	2553	210	410
	2554	201	400
	2555	215	410
	2556	198	396
	2557	209	407
	2558	195	398
	2559	210	408
	2560	197	398
	2561	203	393
	2562	211	396
	2563	211	399
	2564	202	393
	2565	199	404
	2566	202	402
	2567	220	450
	2568	204	395
	2569	207	413
	2570	191	396
	2571	227	402
	2572	199	393
	2573	202	392
	2574	194	400
	2575	213	404
	2576	197	404
	2577	206	395
	2578	195	392
	2579	211	403
	2580	201	396
	2581	209	409
	2582	192	406
	2583	197	401
	2584	196	394
	2585	206	413
	2586	192	400
	2587	204	415
	2588	202	398
	2589	216	404
	2590	199	390
	2591	206	407
	2592	192	396
	2593	214	390
	2594	205	397
	2595	208	405
	2596	194	395
	2597	208	403
	2598	196	391
	2599	208	403
	2600	199	395
	2601	206	398
	2602	191	398
	2603	206	413
	2604	203	396
	2605	215	406
	2606	198	399
	2607	207	399
	2608	198	400
	2609	199	394
	2610	191	407
	2611	206	397
	2612	207	394
	2613	214	400
	2614	206	399
	2615	218	422
	2616	193	398
	2617	206	405
	2618	188	390
	2619	212	407
	2620	193	396
	2621	201	405
	2622	194	403
	2623	207	398
	2624	198	394
	2625	207	398
	2626	265	406
	2627	216	398
	2628	208	397
	2629	201	403
	2630	210	393
	2631	198	400
	2632	209	397
	2633	204	417
	2634	197	398
	2635	203	410
	2636	195	395
	2637	206	415
	2638	193	395
	2639	207	393
	2640	200	393
	2641	223	414
	2642	187	396
	2643	212	409
	2644	203	403
	2645	209	404
	2646	201	397
	2647	201	406
	2648	200	395
	2649	199	403
	2650	195	402
	2651	210	400
	2652	194	399
	2653	207	409
	2654	197	387
	2655	206	406
	2656	202	389
	2657	208	402
	2658	212	396
	2659	201	398
	2660	205	392
	2661	203	395
	2662	206	404
	2663	207	411
	2664	199	396
	2665	208	402
	2666	198	391
	2667	209	396
	2668	193	407
	2669	202	402
	2670	188	400
	2671	212	415
	2672	193	385
	2673	201	403
	2674	194	397
	2675	199	415
	2676	195	388
	2677	196	414
	2678	188	394
	2679	208	403
	2680	202	404
	2681	199	395
	2682	193	400
	2683	210	408
	2684	197	399
	2685	215	397
	2686	198	392
	2687	210	395
	2688	199	393
	2689	210	391
	2690	192	389
	2691	209	395
	2692	208	400
	2693	204	401
	2694	194	395
	2695	200	394
	2696	195	390
	2697	198	411
	2698	205	394
	2699	220	407
	2700	203	396
	2701	207	403
	2702	200	394
	2703	210	407
	2704	205	396
	2705	218	397
	2706	202	399
	2707	212	401
	2708	199	387
	2709	200	405
	2710	196	392
	2711	203	424
	2712	201	398
	2713	208	404
	2714	205	403
	2715	206	397
	2716	195	386
	2717	215	403
	2718	195	395
	2719	204	408
	2720	195	390
	2721	268	395
	2722	202	393
	2723	206	400
	2724	187	390
	2725	209	414
	2726	240	395
	2727	212	405
	2728	197	404
	2729	201	416
	2730	192	392
	2731	200	409
	2732	199	390
	2733	209	393
	2734	187	397
	2735	208	400
	2736	204	393
	2737	202	403
	2738	201	398
	2739	211	417
	2740	201	410
	2741	199	404
	2742	192	400
	2743	214	409
	2744	204	405
	2745	202	402
	2746	204	402
	2747	220	390
	2748	195	406
	2749	205	411
	2750	203	393
	2751	205	411
	2752	202	398
	2753	205	387
	2754	197	398
	2755	206	405
	2756	200	401
	2757	211	407
	2758	187	401
	2759	203	398
	2760	193	400
	2761	207	404
	2762	193	408
	2763	218	406
	2764	190	389
	2765	201	401
	2766	185	384
	2767	203	400
	2768	197	388
	2769	211	402
	2770	202	396
	2771	210	405
	2772	195	391
	2773	209	402
	2774	200	402
	2775	207	400
	2776	193	400
	2777	197	417
	2778	202	390
	2779	214	404
	2780	203	402
	2781	206	403
	2782	194	397
	2783	268	406
	2784	193	400
	2785	200	401
	2786	215	399
	2787	204	405
	2788	198	406
	2789	203	402
	2790	204	403
	2791	202	401
	2792	199	408
	2793	197	393
	2794	204	395
	2795	207	402
	2796	202	396
	2797	206	403
	2798	199	398
	2799	202	401
	2800	200	398
	2801	206	420
	2802	193	445
	2803	197	413
	2804	181	403
	2805	202	402
	2806	196	400
	2807	193	400
	2808	213	405
	2809	202	402
	2810	196	409
	2811	198	417
	2812	201	411
	2813	204	397
	2814	197	408
	2815	201	401
	2816	195	397
	2817	205	404
	2818	205	399
	2819	214	406
	2820	198	391
	2821	209	403
	2822	199	393
	2823	203	402
	2824	197	392
	2825	204	392
	2826	196	396
	2827	214	406
	2828	201	386
	2829	212	401
	2830	206	392
	2831	246	403
	2832	198	390
	2833	207	396
	2834	196	401
	2835	207	408
	2836	202	392
	2837	200	425
	2838	210	394
	2839	205	403
	2840	203	386
	2841	195	400
	2842	194	380
	2843	197	403
	2844	186	393
	2845	204	409
	2846	206	393
	2847	209	398
	2848	192	399
	2849	201	394
	2850	198	400
	2851	203	395
	2852	193	402
	2853	219	402
	2854	202	405
	2855	200	411
	2856	200	394
	2857	207	404
	2858	199	388
	2859	215	412
	2860	199	392
	2861	220	402
	2862	198	383
	2863	207	399
	2864	200	393
	2865	203	405
	2866	196	399
	2867	211	402
	2868	196	399
	2869	213	404
	2870	219	397
	2871	198	393
	2872	192	386
	2873	212	407
	2874	185	397
	2875	208	408
	2876	195	391
	2877	200	406
	2878	197	402
	2879	200	399
	2880	193	404
	2881	200	411
	2882	193	397
	2883	216	400
	2884	196	401
	2885	206	400
	2886	198	395
	2887	210	399
	2888	198	395
	2889	359	399
	2890	208	396
	2891	205	417
	2892	206	391
	2893	211	400
	2894	198	385
	2895	207	405
	2896	195	401
	2897	194	400
	2898	198	400
	2899	211	405
	2900	192	401
	2901	208	406
	2902	195	401
	2903	207	394
	2904	206	403
	2905	203	402
	2906	197	398
	2907	205	396
	2908	201	401
	2909	204	404
	2910	190	391
	2911	208	437
	2912	209	392
	2913	202	401
	2914	195	433
	2915	202	410
	2916	203	400
	2917	206	397
	2918	203	399
	2919	217	386
	2920	244	393
	2921	210	403
	2922	191	394
	2923	209	401
	2924	205	394
	2925	203	395
	2926	199	391
	2927	204	406
	2928	204	387
	2929	200	412
	2930	199	406
	2931	203	408
	2932	194	396
	2933	200	397
	2934	202	397
	2935	209	407
	2936	192	408
	2937	205	391
	2938	196	406
	2939	207	397
	2940	195	396
	2941	208	402
	2942	206	399
	2943	204	406
	2944	201	405
	2945	206	398
	2946	203	389
	2947	206	402
	2948	201	386
	2949	210	403
	2950	193	398
	2951	210	410
	2952	200	399
	2953	208	402
	2954	203	397
	2955	210	405
	2956	205	392
	2957	208	406
	2958	198	402
	2959	219	397
	2960	199	399
	2961	198	408
	2962	202	396
	2963	213	404
	2964	200	393
	2965	204	398
	2966	205	397
	2967	208	411
	2968	194	392
	2969	207	422
	2970	194	392
	2971	203	411
	2972	196	398
	2973	217	400
	2974	191	403
	2975	205	405
	2976	190	396
	2977	207	396
	2978	201	398
	2979	205	397
	2980	204	394
	2981	213	396
	2982	192	385
	2983	204	406
	2984	202	388
	2985	211	401
	2986	199	398
	2987	204	410
	2988	192	397
	2989	214	389
	2990	201	408
	2991	206	397
	2992	204	398
	2993	201	396
	2994	194	396
	2995	203	391
	2996	203	389
	2997	216	395
	2998	237	402
	2999	221	401
	3000	189	390
	3001	211	402
	3002	211	380
	3003	211	395
	3004	202	409
	3005	204	403
	3006	208	394
	3007	203	407
	3008	194	393
	3009	205	388
	3010	186	402
	3011	207	398
	3012	200	406
	3013	201	404
	3014	196	407
	3015	210	400
	3016	208	390
	3017	207	407
	3018	201	396
	3019	217	401
	3020	194	395
	3021	221	411
	3022	201	406
	3023	209	399
	3024	202	403
	3025	213	402
	3026	192	391
	3027	203	397
	3028	198	395
	3029	215	395
	3030	192	391
	3031	202	403
	3032	196	385
	3033	215	398
	3034	200	392
	3035	203	400
	3036	196	393
	3037	206	401
	3038	196	397
	3039	195	398
	3040	197	396
	3041	199	411
	3042	197	396
	3043	207	396
	3044	196	401
	3045	203	392
	3046	198	398
	3047	206	394
	3048	190	391
	3049	209	404
	3050	197	390
	3051	209	409
	3052	189	396
	3053	197	413
	3054	206	393
	3055	201	402
	3056	210	389
	3057	202	412
	3058	201	389
	3059	203	406
	3060	193	411
	3061	204	405
	3062	198	404
	3063	202	402
	3064	193	401
	3065	204	401
	3066	194	398
	3067	208	402
	3068	198	393
	3069	205	412
	3070	203	392
	3071	208	403
	3072	194	397
	3073	199	392
	3074	209	384
	3075	210	416
	3076	218	388
	3077	207	400
	3078	197	402
	3079	201	403
	3080	196	401
	3081	210	390
	3082	200	392
	3083	206	408
	3084	198	403
	3085	216	400
	3086	200	394
	3087	205	406
	3088	210	388
	3089	219	406
	3090	195	401
	3091	205	416
	3092	225	400
	3093	212	391
	3094	202	398
	3095	218	395
	3096	191	400
	3097	211	397
	3098	195	395
	3099	205	411
	3100	201	398
	3101	205	393
	3102	192	399
	3103	208	400
	3104	195	403
	3105	207	395
	3106	196	392
	3107	205	399
	3108	195	400
	3109	200	409
	3110	199	393
	3111	200	417
	3112	195	405
	3113	201	406
	3114	199	398
	3115	206	398
	3116	201	389
	3117	210	397
	3118	190	403
	3119	201	403
	3120	192	396
	3121	198	407
	3122	205	393
	3123	202	406
	3124	199	394
	3125	195	407
	3126	193	394
	3127	203	412
	3128	200	399
	3129	211	394
	3130	195	408
	3131	210	403
	3132	205	386
	3133	214	404
	3134	191	396
	3135	207	400
	3136	208	400
	3137	200	396
	3138	197	393
	3139	201	407
	3140	199	387
	3141	202	397
	3142	206	394
	3143	198	404
	3144	192	396
	3145	199	404
	3146	232	393
	3147	191	408
	3148	196	397
	3149	211	400
	3150	206	394
	3151	221	403
	3152	194	396
	3153	207	409
	3154	193	410
	3155	207	402
	3156	193	401
	3157	203	400
	3158	185	397
	3159	207	397
	3160	207	397
	3161	209	417
	3162	195	396
	3163	208	401
	3164	202	395
	3165	214	406
	3166	217	408
	3167	210	407
	3168	213	389
	3169	212	404
	3170	198	397
	3171	215	405
	3172	197	391
	3173	210	395
	3174	198	393
	3175	215	406
	3176	195	400
	3177	208	403
	3178	203	399
	3179	205	399
	3180	196	397
	3181	204	408
	3182	194	392
	3183	208	400
	3184	206	394
	3185	253	412
	3186	199	397
	3187	211	401
	3188	197	398
	3189	201	394
	3190	191	402
	3191	212	396
	3192	190	396
	3193	207	400
	3194	191	397
	3195	208	405
	3196	197	405
	3197	201	407
	3198	200	391
	3199	211	407
	3200	200	388
	3201	208	406
	3202	191	393
	3203	198	395
	3204	205	401
	3205	214	404
	3206	205	398
	3207	198	405
	3208	205	391
	3209	206	405
	3210	192	403
	3211	215	412
	3212	190	391
	3213	221	405
	3214	197	390
	3215	210	397
	3216	194	393
	3217	206	411
	3218	211	395
	3219	204	393
	3220	204	388
	3221	203	402
	3222	205	396
	3223	219	466
	3224	201	400
	3225	219	403
	3226	204	398
	3227	208	403
	3228	195	399
	3229	207	413
	3230	195	388
	3231	212	395
	3232	193	392
	3233	202	409
	3234	203	389
	3235	194	399
	3236	200	392
	3237	206	400
	3238	191	398
	3239	202	409
	3240	200	396
	3241	215	438
	3242	193	390
	3243	200	409
	3244	206	396
	3245	207	412
	3246	197	431
	3247	212	398
	3248	191	394
	3249	201	392
	3250	193	389
	3251	200	407
	3252	202	385
	3253	210	403
	3254	200	395
	3255	214	400
	3256	194	395
	3257	203	411
	3258	195	400
	3259	202	402
	3260	194	389
	3261	209	399
	3262	202	401
	3263	212	399
	3264	197	396
	3265	208	400
	3266	195	392
	3267	211	403
	3268	193	390
	3269	206	412
	3270	194	385
	3271	203	403
	3272	200	395
	3273	212	398
	3274	196	394
	3275	201	406
	3276	207	395
	3277	203	406
	3278	200	388
	3279	206	409
	3280	194	393
	3281	207	399
	3282	210	387
	3283	205	398
	3284	195	403
	3285	256	404
	3286	204	394
	3287	211	422
	3288	201	397
	3289	198	412
	3290	190	391
	3291	202	404
	3292	184	398
	3293	213	406
	3294	203	400
	3295	201	400
	3296	204	394
	3297	204	390
	3298	194	384
	3299	208	393
	3300	206	393
	3301	197	392
	3302	202	389
	3303	206	398
	3304	206	399
	3305	207	394
	3306	192	392
	3307	204	406
	3308	199	400
	3309	198	406
	3310	198	395
	3311	206	405
	3312	200	388
	3313	208	402
	3314	198	399
	3315	210	396
	3316	204	387
	3317	205	414
	3318	196	398
	3319	210	397
	3320	187	392
	3321	221	407
	3322	219	395
	3323	205	401
	3324	196	386
	3325	206	393
	3326	205	391
	3327	200	410
	3328	190	392
	3329	210	405
	3330	202	390
	3331	209	398
	3332	200	398
	3333	210	405
	3334	211	395
	3335	212	403
	3336	200	394
	3337	206	411
	3338	208	403
	3339	210	398
	3340	196	399
	3341	205	412
	3342	202	403
	3343	203	407
	3344	197	393
	3345	206	390
	3346	204	402
	3347	227	405
	3348	202	391
	3349	207	399
	3350	194	405
	3351	209	393
	3352	202	408
	3353	215	401
	3354	195	389
	3355	214	405
	3356	200	390
	3357	215	404
	3358	204	398
	3359	209	401
	3360	191	393
	3361	212	412
	3362	208	396
	3363	208	399
	3364	204	392
	3365	201	402
	3366	195	390
	3367	204	407
	3368	197	407
	3369	215	402
	3370	201	395
	3371	213	395
	3372	203	401
	3373	203	401
	3374	194	402
	3375	204	396
	3376	194	387
	3377	206	398
	3378	202	391
	3379	203	401
	3380	202	389
	3381	206	398
	3382	200	393
	3383	210	402
	3384	198	391
	3385	213	397
	3386	200	405
	3387	216	403
	3388	203	401
	3389	203	390
	3390	200	394
	3391	209	396
	3392	201	390
	3393	209	391
	3394	204	395
	3395	203	402
	3396	196	391
	3397	208	402
	3398	196	395
	3399	207	398
	3400	191	401
	3401	204	409
	3402	191	400
	3403	205	398
	3404	192	394
	3405	208	404
	3406	200	396
	3407	205	394
	3408	197	396
	3409	204	395
	3410	201	392
	3411	208	395
	3412	197	386
	3413	214	407
	3414	201	398
	3415	220	401
	3416	198	394
	3417	204	397
	3418	199	398
	3419	211	400
	3420	192	382
	3421	200	402
	3422	196	404
	3423	208	406
	3424	198	402
	3425	206	400
	3426	199	387
	3427	207	398
	3428	202	402
	3429	213	404
	3430	193	396
	3431	210	409
	3432	206	395
	3433	207	417
	3434	194	398
	3435	212	409
	3436	193	390
	3437	198	410
	3438	195	388
	3439	202	406
	3440	197	399
	3441	213	403
	3442	202	409
	3443	204	401
	3444	197	394
	3445	201	391
	3446	196	398
	3447	202	398
	3448	192	393
	3449	211	395
	3450	204	398
	3451	198	415
	3452	200	387
	3453	208	400
	3454	199	391
	3455	210	409
	3456	189	385
	3457	210	405
	3458	195	398
	3459	203	393
	3460	197	391
	3461	204	415
	3462	202	419
	3463	218	405
	3464	197	399
	3465	199	406
	3466	194	399
	3467	205	424
	3468	197	395
	3469	207	403
	3470	192	403
	3471	211	405
	3472	198	458
	3473	207	403
	3474	200	393
	3475	207	394
	3476	194	396
	3477	203	401
	3478	202	442
	3479	207	396
	3480	197	397
	3481	214	397
	3482	194	391
	3483	206	407
	3484	189	397
	3485	214	410
	3486	196	386
	3487	203	399
	3488	209	385
	3489	206	412
	3490	192	384
	3491	207	402
	3492	196	394
	3493	200	401
	3494	201	397
	3495	202	396
	3496	197	393
	3497	208	394
	3498	191	396
	3499	215	408
	3500	196	409
	3501	210	385
	3502	191	389
	3503	208	399
	3504	196	406
	3505	204	401
	3506	203	396
	3507	204	397
	3508	196	389
	3509	199	406
	3510	200	387
	3511	201	407
	3512	196	387
	3513	206	405
	3514	197	402
	3515	215	401
	3516	198	393
	3517	213	396
	3518	197	398
	3519	208	402
	3520	199	389
	3521	193	401
	3522	204	404
	3523	218	394
	3524	193	395
	3525	205	413
	3526	198	396
	3527	194	399
	3528	199	392
	3529	209	405
	3530	195	401
	3531	209	418
	3532	194	401
	3533	199	406
	3534	192	393
	3535	195	396
	3536	200	400
	3537	209	414
	3538	196	399
	3539	202	399
	3540	193	437
	3541	203	405
	3542	203	389
	3543	205	400
	3544	194	389
	3545	207	403
	3546	201	397
	3547	206	406
	3548	198	396
	3549	211	403
	3550	239	450
	3551	204	394
	3552	195	395
	3553	203	407
	3554	194	392
	3555	213	423
	3556	198	391
	3557	212	397
	3558	204	395
	3559	209	418
	3560	194	399
	3561	208	403
	3562	208	389
	3563	215	396
	3564	200	404
	3565	201	404
	3566	199	390
	3567	207	397
	3568	185	414
	3569	194	404
	3570	194	404
	3571	207	416
	3572	201	397
	3573	205	403
	3574	205	393
	3575	207	396
	3576	195	384
	3577	204	413
	3578	198	382
	3579	207	417
	3580	197	391
	3581	206	408
	3582	205	400
	3583	247	409
	3584	197	397
	3585	206	399
	3586	199	396
	3587	188	396
	3588	196	400
	3589	202	403
	3590	203	392
	3591	199	407
	3592	194	390
	3593	209	397
	3594	192	394
	3595	206	403
	3596	194	409
	3597	210	411
	3598	194	391
	3599	199	411
	3600	197	387
	3601	208	398
	3602	200	399
	3603	209	397
	3604	193	396
	3605	198	384
	3606	193	389
	3607	198	405
	3608	191	388
	3609	205	409
	3610	197	395
	3611	206	410
	3612	194	400
	3613	208	407
	3614	202	397
	3615	205	395
	3616	190	389
	3617	206	407
	3618	196	401
	3619	208	401
	3620	197	394
	3621	202	399
	3622	201	395
	3623	198	405
	3624	193	395
	3625	202	401
	3626	192	398
	3627	206	390
	3628	192	389
	3629	208	399
	3630	194	391
	3631	207	405
	3632	204	391
	3633	212	410
	3634	197	405
	3635	213	409
	3636	217	384
	3637	218	409
	3638	196	389
	3639	213	400
	3640	197	398
	3641	203	401
	3642	190	390
	3643	194	408
	3644	192	388
	3645	200	407
	3646	193	397
	3647	203	407
	3648	198	391
	3649	207	398
	3650	195	392
	3651	204	417
	3652	201	391
	3653	198	395
	3654	202	398
	3655	195	399
	3656	193	396
	3657	215	402
	3658	196	386
	3659	201	397
	3660	201	401
	3661	203	397
	3662	202	402
	3663	211	405
	3664	200	385
	3665	208	401
	3666	200	397
	3667	216	417
	3668	187	394
	3669	209	405
	3670	204	386
	3671	203	399
	3672	188	391
	3673	202	404
	3674	204	393
	3675	205	404
	3676	198	394
	3677	195	394
	3678	194	388
	3679	199	391
	3680	197	398
	3681	194	400
	3682	202	392
	3683	199	403
	3684	189	388
	3685	203	406
	3686	193	396
	3687	206	410
	3688	200	389
	3689	205	397
	3690	203	388
	3691	209	404
	3692	199	405
	3693	203	402
	3694	194	401
	3695	208	413
	3696	200	400
	3697	208	397
	3698	194	397
	3699	206	409
	3700	232	398
	3701	204	397
	3702	192	392
	3703	214	400
	3704	199	398
	3705	212	405
	3706	197	399
	3707	202	408
	3708	196	395
	3709	197	409
	3710	197	386
	3711	210	393
	3712	186	393
	3713	208	393
	3714	186	391
	3715	197	400
	3716	186	390
	3717	189	392
	3718	195	387
	3719	196	396
	3720	196	392
	3721	204	399
	3722	195	387
	3723	195	394
