	0	17	35
	1	16	38
	2	17	37
	3	18	37
	4	18	40
	5	17	38
	6	15	36
	7	17	38
	8	15	38
	9	17	38
	10	17	38
	11	16	37
	12	17	37
	13	18	37
	14	19	38
	15	21	37
	16	16	38
	17	19	38
	18	19	37
	19	19	38
	20	19	40
	21	19	37
	22	18	38
	23	15	38
	24	18	40
	25	18	37
	26	19	43
	27	21	41
	28	22	39
	29	22	42
	30	18	41
	31	20	40
	32	20	40
	33	19	41
	34	20	38
	35	21	39
	36	19	40
	37	20	39
	38	19	39
	39	20	42
	40	20	39
	41	17	43
	42	18	40
	43	17	41
	44	17	37
	45	20	39
	46	23	38
	47	18	41
	48	21	33
	49	21	42
	50	22	41
	51	22	44
	52	22	43
	53	21	42
	54	21	41
	55	21	46
	56	24	41
	57	19	40
	58	19	42
	59	21	41
	60	20	38
	61	24	38
	62	20	41
	63	22	43
	64	19	42
	65	23	43
	66	22	44
	67	24	41
	68	23	42
	69	23	43
	70	19	42
	71	20	42
	72	20	41
	73	24	43
	74	20	43
	75	22	45
	76	20	42
	77	23	39
	78	20	40
	79	23	42
	80	21	42
	81	23	43
	82	22	40
	83	21	44
	84	23	42
	85	22	44
	86	24	43
	87	23	43
	88	22	41
	89	21	42
	90	22	39
	91	23	40
	92	24	41
	93	23	42
	94	20	42
	95	21	41
	96	20	49
	97	21	43
	98	21	42
	99	21	43
	100	22	41
	101	20	43
	102	21	40
	103	20	43
	104	23	40
	105	20	42
	106	23	40
	107	24	41
	108	21	42
	109	26	42
	110	22	39
	111	25	41
	112	24	42
	113	24	44
	114	23	42
	115	23	45
	116	22	40
	117	23	40
	118	23	45
	119	23	45
	120	21	40
	121	20	44
	122	20	40
	123	21	44
	124	22	42
	125	22	43
	126	22	40
	127	24	42
	128	24	39
	129	21	42
	130	21	43
	131	24	41
	132	24	38
	133	23	44
	134	24	41
	135	23	44
	136	30	41
	137	25	40
	138	21	45
	139	23	43
	140	23	40
	141	29	41
	142	24	38
	143	25	41
	144	23	42
	145	23	40
	146	23	42
	147	20	44
	148	22	44
	149	23	45
	150	24	45
	151	25	42
	152	25	41
	153	24	44
	154	22	41
	155	22	46
	156	20	42
	157	27	42
	158	22	41
	159	22	43
	160	23	44
	161	21	42
	162	22	43
	163	27	44
	164	24	44
	165	23	42
	166	28	42
	167	23	45
	168	23	43
	169	24	43
	170	21	44
	171	25	44
	172	24	41
	173	25	39
	174	21	41
	175	22	43
	176	21	39
	177	26	43
	178	22	44
	179	25	43
	180	25	38
	181	22	43
	182	22	45
	183	24	42
	184	22	45
	185	23	42
	186	21	42
	187	24	43
	188	23	43
	189	23	43
	190	23	43
	191	24	43
	192	20	40
	193	25	45
	194	22	40
	195	20	41
	196	24	42
	197	25	41
	198	21	41
	199	25	44
	200	25	43
	201	27	46
	202	25	43
	203	26	41
	204	22	41
	205	28	42
	206	25	44
	207	25	43
	208	24	43
	209	26	41
	210	24	46
	211	23	42
	212	20	39
	213	25	44
	214	22	41
	215	22	43
	216	23	40
	217	24	41
	218	25	45
	219	26	49
	220	21	41
	221	21	42
	222	23	40
	223	27	39
	224	24	42
	225	23	44
	226	20	42
	227	21	45
	228	23	41
	229	22	42
	230	24	45
	231	21	43
	232	22	42
	233	25	41
	234	24	40
	235	24	41
	236	22	42
	237	25	40
	238	23	42
	239	25	43
	240	25	40
	241	26	45
	242	23	44
	243	26	41
	244	26	42
	245	23	44
	246	24	43
	247	24	44
	248	23	40
	249	23	43
	250	23	40
	251	24	44
	252	22	44
	253	23	44
	254	20	41
	255	27	44
	256	22	41
	257	25	42
	258	24	44
	259	23	44
	260	26	42
	261	24	40
	262	25	42
	263	28	45
	264	22	40
	265	22	43
	266	26	44
	267	24	43
	268	24	42
	269	26	42
	270	20	41
	271	22	39
	272	24	41
	273	23	41
	274	23	42
	275	25	45
	276	22	42
	277	26	42
	278	26	43
	279	22	44
	280	22	41
	281	23	42
	282	23	42
	283	24	43
	284	23	41
	285	25	44
	286	23	42
	287	23	41
	288	25	41
	289	23	42
	290	26	42
	291	22	39
	292	22	46
	293	20	43
	294	22	45
	295	23	44
	296	20	41
	297	25	43
	298	29	43
	299	23	42
	300	22	40
	301	26	43
	302	24	43
	303	25	41
	304	24	40
	305	22	42
	306	25	40
	307	25	44
	308	23	42
	309	26	43
	310	24	44
	311	25	42
	312	24	42
	313	23	43
	314	23	40
	315	23	44
	316	25	44
	317	25	41
	318	23	42
	319	25	44
	320	23	38
	321	26	41
	322	25	45
	323	23	44
	324	23	42
	325	24	39
	326	23	43
	327	25	43
	328	24	43
	329	23	40
	330	21	43
	331	25	42
	332	23	42
	333	26	46
	334	23	40
	335	25	40
	336	24	40
	337	25	45
	338	25	42
	339	25	44
	340	23	42
	341	24	43
	342	25	40
	343	25	44
	344	23	41
	345	25	43
	346	26	40
	347	25	40
	348	23	43
	349	22	39
	350	24	41
	351	24	43
	352	25	37
	353	26	43
	354	22	39
	355	24	45
	356	27	43
	357	26	44
	358	25	45
	359	25	43
	360	25	38
	361	26	42
	362	26	42
	363	30	41
	364	22	40
	365	25	43
	366	25	43
	367	26	46
	368	24	42
	369	25	41
	370	28	43
	371	25	42
	372	24	43
	373	25	45
	374	26	39
	375	27	41
	376	24	44
	377	25	44
	378	26	42
	379	28	41
	380	26	40
	381	26	40
	382	27	42
	383	27	44
	384	26	46
	385	25	45
	386	26	44
	387	28	44
	388	25	42
	389	28	40
	390	23	44
	391	28	42
	392	27	41
	393	26	43
	394	28	43
	395	30	39
	396	28	43
	397	27	44
	398	27	43
	399	25	48
	400	28	42
	401	26	43
	402	27	43
	403	28	44
	404	26	43
	405	29	43
	406	28	42
	407	30	45
	408	26	42
	409	29	44
	410	27	43
	411	27	43
	412	28	42
	413	27	45
	414	27	44
	415	28	43
	416	26	44
	417	27	40
	418	28	41
	419	28	42
	420	31	42
	421	29	45
	422	29	43
	423	30	44
	424	29	42
	425	29	43
	426	30	41
	427	27	48
	428	27	40
	429	29	44
	430	28	44
	431	27	45
	432	31	41
	433	31	42
	434	29	44
	435	31	47
	436	31	43
	437	28	43
	438	30	42
	439	27	42
	440	31	41
	441	32	45
	442	30	43
	443	30	44
	444	29	40
	445	31	44
	446	31	43
	447	32	44
	448	35	44
	449	31	44
	450	31	44
	451	34	44
	452	40	44
	453	35	44
	454	34	42
	455	33	41
	456	35	42
	457	34	43
	458	30	42
	459	35	43
	460	32	42
	461	33	46
	462	33	43
	463	33	44
	464	31	44
	465	36	43
	466	34	45
	467	36	44
	468	34	43
	469	34	43
	470	36	45
	471	36	46
	472	35	44
	473	36	45
	474	37	40
	475	39	42
	476	38	43
	477	35	47
	478	36	42
	479	39	47
	480	38	43
	481	37	43
	482	37	47
	483	39	43
	484	36	45
	485	38	43
	486	38	42
	487	42	45
	488	37	47
	489	38	46
	490	37	43
	491	40	45
	492	38	42
	493	39	44
	494	37	43
	495	40	47
	496	43	44
	497	41	45
	498	37	44
	499	40	44
	500	39	44
	501	44	46
	502	43	43
	503	41	42
	504	44	46
	505	40	43
	506	43	43
	507	43	46
	508	40	42
	509	43	41
	510	42	46
	511	42	45
	512	43	43
	513	46	48
	514	42	46
	515	43	43
	516	46	48
	517	45	46
	518	41	44
	519	42	43
	520	44	42
	521	46	46
	522	44	44
	523	44	44
	524	45	46
	525	46	46
	526	46	46
	527	49	47
	528	43	43
	529	46	45
	530	46	42
	531	47	48
	532	48	45
	533	47	47
	534	48	46
	535	48	48
	536	45	46
	537	51	45
	538	46	44
	539	50	45
	540	52	43
	541	51	48
	542	45	43
	543	50	46
	544	53	45
	545	53	47
	546	52	47
	547	53	47
	548	53	45
	549	50	46
	550	51	44
	551	52	46
	552	52	45
	553	51	46
	554	52	46
	555	53	47
	556	51	44
	557	58	48
	558	56	47
	559	56	47
	560	55	47
	561	53	47
	562	53	47
	563	56	49
	564	55	45
	565	59	47
	566	60	49
	567	57	51
	568	58	44
	569	55	49
	570	57	47
	571	63	48
	572	63	43
	573	60	44
	574	61	47
	575	57	47
	576	62	48
	577	62	49
	578	59	45
	579	59	46
	580	63	46
	581	62	47
	582	63	48
	583	65	48
	584	67	47
	585	66	49
	586	63	45
	587	68	51
	588	66	47
	589	65	46
	590	66	49
	591	69	47
	592	67	46
	593	67	49
	594	69	47
	595	71	48
	596	69	48
	597	70	44
	598	71	49
	599	71	48
	600	70	44
	601	72	49
	602	70	46
	603	71	47
	604	75	51
	605	72	48
	606	72	45
	607	73	49
	608	73	47
	609	72	49
	610	78	49
	611	75	46
	612	76	49
	613	77	47
	614	75	49
	615	82	48
	616	77	47
	617	78	51
	618	77	47
	619	79	49
	620	76	46
	621	80	47
	622	78	49
	623	78	49
	624	78	48
	625	82	50
	626	81	48
	627	80	49
	628	80	49
	629	81	49
	630	84	51
	631	83	49
	632	80	47
	633	85	48
	634	79	49
	635	86	51
	636	85	47
	637	89	49
	638	88	52
	639	89	52
	640	85	45
	641	84	49
	642	84	49
	643	89	50
	644	87	51
	645	87	50
	646	89	47
	647	89	50
	648	86	46
	649	92	51
	650	89	50
	651	93	49
	652	89	47
	653	88	51
	654	89	50
	655	92	51
	656	91	52
	657	94	50
	658	93	52
	659	92	52
	660	96	54
	661	94	51
	662	92	53
	663	94	53
	664	95	52
	665	97	51
	666	95	51
	667	95	50
	668	93	53
	669	92	51
	670	97	51
	671	95	54
	672	98	53
	673	94	55
	674	101	55
	675	99	53
	676	101	51
	677	103	52
	678	99	50
	679	98	55
	680	99	49
	681	102	53
	682	101	53
	683	103	55
	684	100	54
	685	104	54
	686	102	50
	687	103	56
	688	103	50
	689	102	54
	690	105	52
	691	104	49
	692	102	52
	693	104	54
	694	107	54
	695	103	53
	696	103	51
	697	107	51
	698	104	53
	699	107	53
	700	106	54
	701	109	53
	702	109	53
	703	108	51
	704	108	53
	705	109	55
	706	108	53
	707	110	54
	708	117	52
	709	110	53
	710	111	54
	711	109	54
	712	109	52
	713	112	52
	714	110	52
	715	112	56
	716	114	56
	717	112	52
	718	112	54
	719	111	52
	720	114	53
	721	114	52
	722	112	55
	723	113	54
	724	109	55
	725	112	54
	726	115	55
	727	115	53
	728	114	54
	729	114	53
	730	117	53
	731	116	55
	732	112	50
	733	116	54
	734	115	56
	735	115	55
	736	117	54
	737	115	53
	738	116	53
	739	116	59
	740	115	55
	741	116	55
	742	116	53
	743	117	58
	744	112	56
	745	116	52
	746	116	53
	747	117	57
	748	115	54
	749	117	57
	750	115	55
	751	118	56
	752	115	56
	753	116	58
	754	118	57
	755	121	54
	756	114	55
	757	113	56
	758	114	56
	759	122	57
	760	116	54
	761	116	54
	762	116	55
	763	119	57
	764	118	56
	765	114	54
	766	118	52
	767	115	56
	768	113	54
	769	115	54
	770	119	57
	771	114	54
	772	120	52
	773	120	56
	774	118	56
	775	118	55
	776	121	53
	777	114	54
	778	113	52
	779	115	56
	780	118	52
	781	119	53
	782	117	55
	783	112	55
	784	114	55
	785	114	56
	786	114	55
	787	118	54
	788	112	53
	789	117	57
	790	113	57
	791	117	54
	792	114	52
	793	112	53
	794	117	53
	795	113	53
	796	112	51
	797	116	54
	798	111	56
	799	112	57
	800	113	51
	801	112	54
	802	111	53
	803	112	61
	804	111	53
	805	115	53
	806	113	54
	807	114	51
	808	109	59
	809	112	50
	810	109	52
	811	113	54
	812	110	55
	813	112	53
	814	110	51
	815	110	50
	816	112	53
	817	108	53
	818	105	50
	819	109	54
	820	107	50
	821	107	52
	822	107	50
	823	107	54
	824	102	53
	825	106	54
	826	107	51
	827	107	53
	828	107	54
	829	101	50
	830	104	52
	831	106	51
	832	106	51
	833	104	55
	834	103	51
	835	98	50
	836	99	51
	837	103	51
	838	99	51
	839	101	49
	840	100	49
	841	99	54
	842	97	50
	843	100	52
	844	102	52
	845	99	51
	846	97	51
	847	101	51
	848	99	49
	849	101	52
	850	98	49
	851	98	50
	852	98	51
	853	98	52
	854	98	50
	855	98	51
	856	96	46
	857	99	50
	858	96	48
	859	98	50
	860	94	47
	861	94	51
	862	93	50
	863	96	48
	864	97	49
	865	96	51
	866	98	51
	867	97	52
	868	95	52
	869	93	52
	870	90	50
	871	91	51
	872	92	50
	873	89	53
	874	93	49
	875	92	50
	876	91	49
	877	91	51
	878	91	51
	879	96	50
	880	92	47
	881	89	50
	882	91	51
	883	92	51
	884	90	51
	885	90	46
	886	85	48
	887	92	51
	888	90	49
	889	90	49
	890	89	49
	891	86	53
	892	89	49
	893	90	52
	894	87	49
	895	88	48
	896	85	55
	897	88	48
	898	86	50
	899	87	50
	900	85	49
	901	89	48
	902	87	48
	903	83	47
	904	85	47
	905	83	50
	906	88	44
	907	83	49
	908	83	47
	909	85	44
	910	80	47
	911	84	46
	912	85	46
	913	79	48
	914	83	49
	915	83	47
	916	78	48
	917	84	48
	918	78	48
	919	84	47
	920	80	45
	921	77	47
	922	79	46
	923	79	49
	924	77	45
	925	75	49
	926	78	45
	927	77	45
	928	75	51
	929	76	46
	930	74	52
	931	77	49
	932	75	46
	933	76	49
	934	76	47
	935	74	46
	936	74	47
	937	75	46
	938	72	47
	939	71	49
	940	72	43
	941	69	49
	942	69	46
	943	69	47
	944	69	45
	945	73	51
	946	70	45
	947	69	48
	948	70	43
	949	70	47
	950	71	56
	951	69	47
	952	66	49
	953	68	46
	954	67	46
	955	71	46
	956	68	47
	957	67	47
	958	67	45
	959	68	48
	960	66	46
	961	65	47
	962	67	46
	963	64	47
	964	64	46
	965	67	43
	966	63	44
	967	64	45
	968	63	46
	969	65	43
	970	65	47
	971	62	45
	972	62	45
	973	62	48
	974	60	45
	975	60	46
	976	62	45
	977	56	45
	978	56	48
	979	56	46
	980	55	45
	981	57	45
	982	57	45
	983	57	47
	984	58	44
	985	56	44
	986	53	46
	987	54	45
	988	55	43
	989	55	45
	990	52	44
	991	52	44
	992	48	45
	993	49	48
	994	49	43
	995	51	45
	996	50	47
	997	55	48
	998	52	45
	999	49	43
	1000	52	47
	1001	50	44
	1002	51	46
	1003	51	43
	1004	53	43
	1005	48	44
	1006	48	44
	1007	48	45
	1008	47	45
	1009	47	42
	1010	47	45
	1011	49	45
	1012	50	43
	1013	49	46
	1014	48	40
	1015	49	44
	1016	49	44
	1017	45	42
	1018	49	40
	1019	44	41
	1020	46	44
	1021	49	46
	1022	46	43
	1023	50	43
	1024	45	42
	1025	45	44
	1026	46	44
	1027	49	43
	1028	45	42
	1029	47	44
	1030	45	41
	1031	44	44
	1032	46	44
	1033	46	43
	1034	44	43
	1035	44	44
	1036	45	39
	1037	45	43
	1038	46	42
	1039	43	45
	1040	44	43
	1041	44	46
	1042	44	43
	1043	45	42
	1044	45	47
	1045	45	44
	1046	42	42
	1047	43	44
	1048	44	46
	1049	44	44
	1050	43	42
	1051	45	43
	1052	45	40
	1053	42	43
	1054	42	45
	1055	43	48
	1056	42	41
	1057	43	40
	1058	43	42
	1059	45	45
	1060	41	42
	1061	43	41
	1062	41	41
	1063	44	42
	1064	43	44
	1065	41	42
	1066	45	40
	1067	43	43
	1068	44	43
	1069	41	41
	1070	41	44
	1071	41	44
	1072	43	43
	1073	42	41
	1074	39	39
	1075	41	41
	1076	41	44
	1077	50	42
	1078	43	44
	1079	44	43
	1080	40	42
	1081	41	43
	1082	41	42
	1083	42	43
	1084	40	40
	1085	39	42
	1086	40	42
	1087	41	45
	1088	42	40
	1089	41	41
	1090	40	43
	1091	40	43
	1092	36	44
	1093	42	43
	1094	40	41
	1095	41	43
	1096	40	46
	1097	39	43
	1098	39	42
	1099	43	43
	1100	42	43
	1101	40	46
	1102	39	43
	1103	41	42
	1104	39	45
	1105	39	46
	1106	40	42
	1107	42	44
	1108	40	42
	1109	41	44
	1110	41	48
	1111	39	42
	1112	40	43
	1113	42	42
	1114	39	44
	1115	41	44
	1116	43	41
	1117	42	42
	1118	40	44
	1119	41	42
	1120	41	42
	1121	44	45
	1122	39	43
	1123	40	44
	1124	36	41
	1125	41	40
	1126	39	42
	1127	41	40
	1128	39	42
	1129	40	41
	1130	41	43
	1131	38	44
	1132	41	43
	1133	40	45
	1134	41	42
	1135	41	43
	1136	41	47
	1137	40	39
	1138	40	40
	1139	40	47
	1140	42	41
	1141	40	42
	1142	38	45
	1143	39	41
	1144	37	44
	1145	38	42
	1146	38	40
	1147	44	44
	1148	38	39
	1149	39	41
	1150	40	42
	1151	40	46
	1152	37	43
	1153	37	44
	1154	39	40
	1155	42	42
	1156	36	44
	1157	39	45
	1158	39	41
	1159	38	45
	1160	38	43
	1161	39	43
	1162	39	41
	1163	36	43
	1164	39	42
	1165	37	41
	1166	40	40
	1167	41	43
	1168	39	43
	1169	39	44
	1170	38	42
	1171	39	43
	1172	38	43
	1173	37	44
	1174	39	42
	1175	37	42
	1176	37	41
	1177	40	42
	1178	39	41
	1179	37	43
	1180	38	44
	1181	37	44
	1182	41	42
	1183	38	41
	1184	38	40
	1185	41	43
	1186	38	41
	1187	33	41
	1188	39	43
	1189	39	41
	1190	35	45
	1191	39	42
	1192	37	38
	1193	37	44
	1194	36	40
	1195	38	44
	1196	42	41
	1197	38	43
	1198	36	41
	1199	39	44
	1200	39	41
	1201	42	40
	1202	37	45
	1203	39	43
	1204	36	42
	1205	40	43
	1206	38	43
	1207	41	41
	1208	38	39
	1209	37	42
	1210	35	41
	1211	39	42
	1212	36	44
	1213	41	41
	1214	37	42
	1215	38	42
	1216	38	43
	1217	39	42
	1218	37	40
	1219	38	41
	1220	38	43
	1221	39	42
	1222	37	39
	1223	37	45
	1224	38	41
	1225	39	43
	1226	36	41
	1227	36	43
	1228	39	42
	1229	35	43
	1230	38	42
	1231	36	45
	1232	34	41
	1233	37	39
	1234	35	42
	1235	37	45
	1236	32	43
	1237	35	43
	1238	35	42
	1239	38	42
	1240	34	39
	1241	36	43
	1242	37	42
	1243	34	46
	1244	35	44
	1245	37	43
	1246	38	41
	1247	38	45
	1248	34	41
	1249	37	41
	1250	36	41
	1251	39	43
	1252	36	43
	1253	40	43
	1254	35	43
	1255	35	40
	1256	35	42
	1257	35	44
	1258	38	43
	1259	35	42
	1260	37	41
	1261	36	43
	1262	40	43
	1263	36	42
	1264	37	41
	1265	37	45
	1266	42	42
	1267	44	40
	1268	39	39
	1269	37	39
	1270	35	42
	1271	36	40
	1272	35	42
	1273	36	42
	1274	37	44
	1275	36	47
	1276	36	42
	1277	37	42
	1278	37	42
	1279	36	43
	1280	36	41
	1281	38	43
	1282	34	41
	1283	37	41
	1284	35	43
	1285	35	43
	1286	34	41
	1287	35	41
	1288	36	40
	1289	35	40
	1290	35	41
	1291	36	44
	1292	35	42
	1293	35	43
	1294	35	44
	1295	36	41
	1296	35	43
	1297	36	43
	1298	31	43
	1299	36	44
	1300	38	40
	1301	34	43
	1302	35	38
	1303	37	42
	1304	36	41
	1305	36	43
	1306	35	44
	1307	33	43
	1308	34	42
	1309	35	42
	1310	33	41
	1311	37	42
	1312	33	42
	1313	37	40
	1314	36	43
	1315	38	42
	1316	35	39
	1317	33	42
	1318	33	39
	1319	36	44
	1320	37	42
	1321	34	43
	1322	35	43
	1323	35	43
	1324	33	42
	1325	38	43
	1326	34	42
	1327	33	41
	1328	37	45
	1329	34	43
	1330	37	43
	1331	38	40
	1332	32	39
	1333	35	43
	1334	34	42
	1335	35	42
	1336	32	40
	1337	34	42
	1338	31	39
	1339	34	42
	1340	34	42
	1341	34	44
	1342	36	43
	1343	36	41
	1344	31	40
	1345	38	43
	1346	34	43
	1347	35	41
	1348	34	40
	1349	35	43
	1350	34	42
	1351	34	44
	1352	34	39
	1353	31	42
	1354	33	43
	1355	34	44
	1356	32	40
	1357	34	41
	1358	34	43
	1359	35	43
	1360	32	39
	1361	35	42
	1362	34	45
	1363	33	42
	1364	33	42
	1365	35	42
	1366	33	41
	1367	30	42
	1368	34	44
	1369	35	44
	1370	33	43
	1371	32	43
	1372	39	41
	1373	35	41
	1374	32	41
	1375	34	44
	1376	33	41
	1377	35	45
	1378	33	41
	1379	37	41
	1380	33	40
	1381	42	40
	1382	32	42
	1383	37	43
	1384	34	44
	1385	34	44
	1386	31	41
	1387	33	42
	1388	33	41
	1389	33	40
	1390	31	42
	1391	34	44
	1392	28	42
	1393	34	44
	1394	30	44
	1395	31	42
	1396	31	43
	1397	32	41
	1398	30	42
	1399	31	43
	1400	32	43
	1401	34	40
	1402	29	43
	1403	34	44
	1404	35	41
	1405	33	41
	1406	29	38
	1407	33	41
	1408	32	39
	1409	35	41
	1410	32	41
	1411	34	41
	1412	33	42
	1413	32	42
	1414	33	45
	1415	32	41
	1416	33	40
	1417	31	39
	1418	35	42
	1419	33	42
	1420	32	44
	1421	31	41
	1422	33	39
	1423	35	43
	1424	31	44
	1425	33	44
	1426	28	40
	1427	33	43
	1428	30	43
	1429	31	42
	1430	31	42
	1431	30	44
	1432	31	41
	1433	33	43
	1434	31	42
	1435	31	42
	1436	28	41
	1437	34	43
	1438	31	44
	1439	33	45
	1440	29	41
	1441	33	42
	1442	33	42
	1443	31	41
	1444	29	42
	1445	29	42
	1446	31	45
	1447	32	42
	1448	30	41
	1449	33	41
	1450	30	42
	1451	31	45
	1452	28	42
	1453	33	44
	1454	31	42
	1455	33	42
	1456	30	40
	1457	33	40
	1458	30	41
	1459	32	43
	1460	30	40
	1461	29	42
	1462	34	42
	1463	31	42
	1464	33	41
	1465	31	43
	1466	31	43
	1467	28	42
	1468	29	43
	1469	31	42
	1470	28	40
	1471	28	41
	1472	29	40
	1473	31	44
	1474	33	45
	1475	36	42
	1476	30	39
	1477	29	41
	1478	28	41
	1479	32	42
	1480	32	43
	1481	31	42
	1482	31	41
	1483	30	42
	1484	30	44
	1485	32	43
	1486	30	39
	1487	30	43
	1488	32	41
	1489	31	41
	1490	29	39
	1491	31	40
	1492	30	41
	1493	31	43
	1494	28	41
	1495	32	43
	1496	32	41
	1497	30	42
	1498	28	39
	1499	33	39
	1500	28	44
	1501	30	42
	1502	30	41
	1503	31	40
	1504	27	39
	1505	31	41
	1506	28	44
	1507	31	46
	1508	31	43
	1509	30	42
	1510	32	41
	1511	29	43
	1512	29	41
	1513	31	40
	1514	29	40
	1515	29	41
	1516	28	41
	1517	31	43
	1518	29	43
	1519	30	43
	1520	29	38
	1521	30	41
	1522	30	43
	1523	30	44
	1524	28	43
	1525	28	40
	1526	28	40
	1527	30	40
	1528	31	42
	1529	30	42
	1530	29	40
	1531	36	42
	1532	27	39
	1533	32	41
	1534	28	41
	1535	30	42
	1536	29	40
	1537	29	41
	1538	30	39
	1539	28	42
	1540	28	40
	1541	28	44
	1542	28	42
	1543	28	42
	1544	28	41
	1545	27	41
	1546	26	44
	1547	28	42
	1548	29	43
	1549	29	41
	1550	26	43
	1551	27	45
	1552	30	37
	1553	30	42
	1554	28	42
	1555	29	41
	1556	26	41
	1557	29	41
	1558	29	45
	1559	30	40
	1560	30	39
	1561	29	38
	1562	29	40
	1563	31	45
	1564	31	43
	1565	33	44
	1566	34	43
	1567	35	45
	1568	35	41
	1569	38	44
	1570	37	42
	1571	38	52
	1572	33	40
	1573	36	41
	1574	37	43
	1575	37	43
	1576	39	42
	1577	36	43
	1578	38	44
	1579	37	43
	1580	39	42
	1581	40	43
	1582	37	41
	1583	39	43
	1584	38	41
	1585	39	45
	1586	39	42
	1587	40	41
	1588	36	43
	1589	37	41
	1590	38	38
	1591	37	41
	1592	39	42
	1593	39	41
	1594	39	42
	1595	38	41
	1596	36	41
	1597	43	42
	1598	38	43
	1599	39	47
	1600	38	42
	1601	37	40
	1602	39	44
	1603	39	39
	1604	35	41
	1605	39	45
	1606	37	41
	1607	38	44
	1608	38	43
	1609	37	44
	1610	39	42
	1611	38	46
	1612	35	39
	1613	39	46
	1614	38	43
	1615	38	43
	1616	33	40
	1617	39	41
	1618	36	41
	1619	40	42
	1620	39	42
	1621	37	44
	1622	40	41
	1623	35	41
	1624	39	40
	1625	38	44
	1626	34	44
	1627	38	41
	1628	36	44
	1629	37	41
	1630	37	45
	1631	40	45
	1632	38	40
	1633	38	44
	1634	34	41
	1635	35	45
	1636	38	43
	1637	37	42
	1638	38	42
	1639	38	43
	1640	35	43
	1641	37	44
	1642	32	43
	1643	38	43
	1644	37	42
	1645	38	44
	1646	44	44
	1647	38	42
	1648	36	45
	1649	39	44
	1650	35	41
	1651	35	41
	1652	38	41
	1653	38	44
	1654	38	42
	1655	38	41
	1656	34	43
	1657	35	46
	1658	35	42
	1659	38	42
	1660	39	44
	1661	37	43
	1662	34	45
	1663	36	44
	1664	38	42
	1665	38	41
	1666	36	42
	1667	40	43
	1668	33	42
	1669	35	42
	1670	35	43
	1671	37	42
	1672	36	41
	1673	37	42
	1674	35	40
	1675	35	41
	1676	35	38
	1677	37	44
	1678	37	39
	1679	38	41
	1680	35	42
	1681	35	42
	1682	34	44
	1683	37	41
	1684	33	44
	1685	34	39
	1686	36	42
	1687	36	44
	1688	33	39
	1689	33	41
	1690	29	43
	1691	34	43
	1692	28	43
	1693	30	44
	1694	29	42
	1695	29	43
	1696	27	42
	1697	31	44
	1698	27	40
	1699	31	41
	1700	29	43
	1701	26	41
	1702	28	43
	1703	27	40
	1704	27	43
	1705	28	41
	1706	23	41
	1707	25	40
	1708	24	39
	1709	22	41
	1710	27	41
	1711	25	43
	1712	25	42
	1713	23	41
	1714	24	40
	1715	28	42
	1716	24	41
	1717	27	39
	1718	23	39
	1719	23	44
	1720	23	42
	1721	24	42
	1722	27	40
	1723	23	43
	1724	24	40
	1725	26	42
	1726	31	39
	1727	24	41
	1728	25	40
	1729	22	39
	1730	24	39
	1731	24	43
	1732	25	41
	1733	25	41
	1734	24	43
	1735	23	38
	1736	25	42
	1737	24	43
	1738	23	43
	1739	27	43
	1740	25	42
	1741	27	41
	1742	23	39
	1743	26	42
	1744	23	39
	1745	23	43
	1746	20	39
	1747	25	39
	1748	27	40
	1749	25	41
	1750	25	39
	1751	24	39
	1752	20	41
	1753	25	40
	1754	23	42
	1755	25	41
	1756	22	37
	1757	24	40
	1758	23	41
	1759	23	43
	1760	24	43
	1761	23	42
	1762	24	41
	1763	24	41
	1764	24	41
	1765	20	40
	1766	23	40
	1767	22	42
	1768	22	42
	1769	22	43
	1770	24	43
	1771	27	43
	1772	21	39
	1773	24	41
	1774	24	42
	1775	23	40
	1776	24	40
	1777	24	38
	1778	24	38
	1779	23	39
	1780	22	38
	1781	23	40
	1782	26	40
	1783	26	41
	1784	24	39
	1785	21	41
	1786	22	44
	1787	25	43
	1788	22	43
	1789	23	40
	1790	20	38
	1791	24	41
	1792	22	41
	1793	24	40
	1794	23	41
	1795	21	39
	1796	22	40
	1797	25	44
	1798	24	36
	1799	21	41
	1800	22	39
	1801	21	44
	1802	22	41
	1803	25	43
	1804	21	42
	1805	23	41
	1806	19	41
	1807	23	40
	1808	23	40
	1809	24	39
	1810	22	40
	1811	24	38
	1812	22	44
	1813	21	41
	1814	20	42
	1815	23	42
	1816	23	43
	1817	22	43
	1818	20	37
	1819	25	40
	1820	23	40
	1821	23	41
	1822	22	42
	1823	27	41
	1824	23	39
	1825	26	42
	1826	24	39
	1827	21	40
	1828	24	40
	1829	23	42
	1830	21	41
	1831	26	41
	1832	22	38
	1833	23	41
	1834	23	42
	1835	26	40
	1836	21	40
	1837	26	42
	1838	21	38
	1839	20	42
	1840	23	40
	1841	21	39
	1842	22	41
	1843	21	42
	1844	20	39
	1845	21	42
	1846	21	41
	1847	21	37
	1848	21	40
	1849	24	40
	1850	21	38
	1851	25	40
	1852	20	41
	1853	22	41
	1854	19	40
	1855	22	41
	1856	22	40
	1857	23	40
	1858	23	36
	1859	22	40
	1860	22	41
	1861	21	39
	1862	23	37
	1863	22	41
	1864	21	38
	1865	23	43
	1866	20	39
	1867	23	39
	1868	23	40
	1869	21	40
	1870	21	40
	1871	22	40
	1872	26	40
	1873	22	39
	1874	20	40
	1875	23	36
	1876	24	38
	1877	22	39
	1878	24	39
	1879	25	42
	1880	23	41
	1881	25	37
	1882	21	41
	1883	24	39
	1884	21	40
	1885	22	42
	1886	20	37
	1887	21	42
	1888	21	40
	1889	23	41
	1890	24	40
	1891	23	41
	1892	19	42
	1893	22	42
	1894	23	40
	1895	23	39
	1896	21	41
	1897	21	41
	1898	24	42
	1899	24	42
	1900	22	41
	1901	24	39
	1902	22	39
	1903	23	41
	1904	22	40
	1905	21	41
	1906	23	41
	1907	31	41
	1908	21	37
	1909	23	43
	1910	23	39
	1911	25	42
	1912	24	39
	1913	22	42
	1914	21	42
	1915	22	40
	1916	21	38
	1917	22	40
	1918	24	39
	1919	22	42
	1920	24	40
	1921	23	46
	1922	23	40
	1923	20	41
	1924	21	38
	1925	22	42
	1926	22	42
	1927	23	40
	1928	23	41
	1929	24	42
	1930	19	39
	1931	20	38
	1932	21	37
	1933	21	39
	1934	23	42
	1935	23	41
	1936	19	39
	1937	22	39
	1938	21	44
	1939	21	40
	1940	24	38
	1941	21	42
	1942	22	39
	1943	22	41
	1944	21	36
	1945	21	40
	1946	21	41
	1947	21	40
	1948	22	41
	1949	22	39
	1950	20	40
	1951	23	39
	1952	21	39
	1953	21	40
	1954	22	41
	1955	22	41
	1956	22	40
	1957	21	39
	1958	21	38
	1959	20	42
	1960	23	41
	1961	24	40
	1962	21	41
	1963	25	42
	1964	20	40
	1965	21	41
	1966	21	39
	1967	22	37
	1968	23	39
	1969	22	42
	1970	23	42
	1971	23	40
	1972	22	39
	1973	20	39
	1974	21	39
	1975	20	42
	1976	20	40
	1977	24	39
	1978	22	41
	1979	25	40
	1980	21	38
	1981	20	40
	1982	23	40
	1983	22	39
	1984	21	40
	1985	23	42
	1986	20	41
	1987	22	42
	1988	22	41
	1989	23	43
	1990	22	40
	1991	23	39
	1992	22	40
	1993	24	40
	1994	21	40
	1995	20	39
	1996	20	42
	1997	21	41
	1998	21	40
	1999	24	41
	2000	19	36
	2001	21	41
	2002	22	39
	2003	19	39
	2004	23	40
	2005	24	40
	2006	19	41
	2007	23	39
	2008	21	39
	2009	19	40
	2010	20	38
	2011	20	41
	2012	21	39
	2013	19	38
	2014	19	39
	2015	21	40
	2016	20	39
	2017	19	39
	2018	21	39
	2019	21	39
	2020	22	39
	2021	22	40
	2022	20	38
	2023	25	39
	2024	20	39
	2025	21	40
	2026	21	41
	2027	20	41
	2028	20	42
	2029	24	41
	2030	19	39
	2031	20	41
	2032	21	40
	2033	21	41
	2034	19	39
	2035	20	40
	2036	19	39
	2037	19	39
	2038	20	42
	2039	21	40
	2040	21	41
	2041	23	37
	2042	21	41
	2043	20	42
	2044	17	39
	2045	22	40
	2046	18	41
	2047	20	39
	2048	19	37
	2049	19	40
	2050	21	36
	2051	20	42
	2052	19	39
	2053	22	38
	2054	22	41
	2055	23	42
	2056	20	41
	2057	21	40
	2058	22	38
	2059	21	41
	2060	20	42
	2061	21	40
	2062	18	39
	2063	21	39
	2064	21	39
	2065	20	40
	2066	22	36
	2067	18	41
	2068	21	39
	2069	21	38
	2070	18	37
	2071	21	40
	2072	18	41
	2073	20	40
	2074	20	39
	2075	20	39
	2076	19	41
	2077	21	37
	2078	21	40
	2079	24	41
	2080	22	38
	2081	18	42
	2082	20	41
	2083	20	40
	2084	20	39
	2085	21	40
	2086	19	42
	2087	18	42
	2088	19	37
	2089	22	40
	2090	19	38
	2091	20	41
	2092	19	38
	2093	19	41
	2094	20	41
	2095	20	41
	2096	18	38
	2097	22	40
	2098	19	40
	2099	22	38
	2100	22	43
	2101	21	43
	2102	21	38
	2103	22	43
	2104	20	35
	2105	22	39
	2106	21	42
	2107	21	41
	2108	17	41
	2109	20	42
	2110	21	40
	2111	23	39
	2112	20	39
	2113	21	40
	2114	22	43
	2115	19	41
	2116	20	42
	2117	19	43
	2118	21	41
	2119	22	40
	2120	17	38
	2121	20	40
	2122	21	39
	2123	24	43
	2124	21	40
	2125	20	41
	2126	17	39
	2127	21	42
	2128	21	40
	2129	19	42
	2130	20	38
	2131	22	40
	2132	19	39
	2133	19	38
	2134	19	42
	2135	23	42
	2136	18	40
	2137	19	41
	2138	19	40
	2139	22	39
	2140	19	41
	2141	21	42
	2142	19	39
	2143	21	41
	2144	21	39
	2145	21	41
	2146	21	39
	2147	21	40
	2148	20	40
	2149	20	40
	2150	20	40
	2151	21	41
	2152	21	42
	2153	23	42
	2154	20	39
	2155	22	41
	2156	19	40
	2157	20	39
	2158	21	38
	2159	19	38
	2160	19	37
	2161	19	39
	2162	19	37
	2163	22	39
	2164	20	40
	2165	20	42
	2166	17	40
	2167	20	38
	2168	17	42
	2169	21	41
	2170	20	59
	2171	18	41
	2172	21	42
	2173	20	40
	2174	18	38
	2175	20	40
	2176	21	39
	2177	19	40
	2178	19	43
	2179	22	38
	2180	18	39
	2181	22	39
	2182	19	40
	2183	22	41
	2184	22	37
	2185	21	40
	2186	18	43
	2187	21	41
	2188	20	39
	2189	21	41
	2190	19	37
	2191	20	41
	2192	17	40
	2193	20	41
	2194	20	46
	2195	22	38
	2196	19	37
	2197	21	39
	2198	20	40
	2199	19	43
	2200	21	40
	2201	21	40
	2202	18	43
	2203	21	40
	2204	17	39
	2205	23	40
	2206	18	37
	2207	20	38
	2208	20	38
	2209	23	40
	2210	18	37
	2211	21	40
	2212	20	41
	2213	20	42
	2214	18	37
	2215	20	39
	2216	17	39
	2217	22	40
	2218	20	39
	2219	20	40
	2220	19	39
	2221	21	41
	2222	19	39
	2223	21	38
	2224	21	40
	2225	19	40
	2226	20	39
	2227	21	40
	2228	23	40
	2229	21	42
	2230	18	38
	2231	21	39
	2232	17	41
	2233	21	42
	2234	21	40
	2235	16	38
	2236	21	39
	2237	21	42
	2238	21	42
	2239	20	40
	2240	19	39
	2241	19	39
	2242	21	39
	2243	19	40
	2244	20	37
	2245	20	41
	2246	19	41
	2247	23	38
	2248	20	40
	2249	22	40
	2250	18	36
	2251	19	40
	2252	21	37
	2253	20	40
	2254	21	40
	2255	20	38
	2256	21	38
	2257	18	41
	2258	21	36
	2259	21	38
	2260	19	40
	2261	21	41
	2262	22	40
	2263	19	40
	2264	18	38
	2265	19	41
	2266	19	40
	2267	19	39
	2268	20	42
	2269	19	39
	2270	19	39
	2271	17	38
	2272	19	41
	2273	18	38
	2274	22	38
	2275	20	41
	2276	19	40
	2277	19	39
	2278	19	39
	2279	19	40
	2280	17	40
	2281	20	38
	2282	22	41
	2283	19	40
	2284	19	39
	2285	18	41
	2286	20	37
	2287	21	38
	2288	20	41
	2289	19	42
	2290	19	39
	2291	19	41
	2292	22	38
	2293	20	40
	2294	18	40
	2295	21	43
	2296	18	40
	2297	19	43
	2298	19	41
	2299	21	40
	2300	21	38
	2301	19	39
	2302	21	38
	2303	20	41
	2304	20	40
	2305	20	40
	2306	21	41
	2307	22	41
	2308	20	38
	2309	21	40
	2310	18	38
	2311	21	38
	2312	20	41
	2313	20	41
	2314	20	38
	2315	21	41
	2316	19	39
	2317	19	40
	2318	21	40
	2319	21	39
	2320	19	40
	2321	21	38
	2322	18	39
	2323	21	40
	2324	17	39
	2325	21	41
	2326	19	38
	2327	21	37
	2328	20	39
	2329	22	40
	2330	23	40
	2331	19	41
	2332	18	39
	2333	21	40
	2334	17	36
	2335	20	37
	2336	20	38
	2337	20	39
	2338	17	38
	2339	18	42
	2340	21	44
	2341	20	40
	2342	18	40
	2343	21	39
	2344	17	40
	2345	20	38
	2346	20	43
	2347	21	39
	2348	19	41
	2349	19	36
	2350	19	38
	2351	20	41
	2352	21	37
	2353	21	39
	2354	19	39
	2355	21	39
	2356	19	36
	2357	19	42
	2358	18	39
	2359	21	38
	2360	19	40
	2361	20	39
	2362	19	42
	2363	20	41
	2364	21	39
	2365	20	39
	2366	19	42
	2367	19	39
	2368	19	40
	2369	21	39
	2370	19	36
	2371	20	38
	2372	19	40
	2373	22	40
	2374	17	40
	2375	22	41
	2376	16	36
	2377	20	39
	2378	19	41
	2379	21	39
	2380	21	39
	2381	22	40
	2382	19	38
	2383	21	40
	2384	17	40
	2385	22	39
	2386	20	41
	2387	22	39
	2388	17	41
	2389	20	40
	2390	16	37
	2391	19	42
	2392	22	39
	2393	20	37
	2394	18	39
	2395	18	40
	2396	19	39
	2397	18	43
	2398	20	41
	2399	22	40
	2400	18	41
	2401	19	40
	2402	18	39
	2403	25	43
	2404	19	39
	2405	20	40
	2406	19	38
	2407	22	41
	2408	20	39
	2409	18	43
	2410	17	38
	2411	19	41
	2412	19	39
	2413	19	38
	2414	19	39
	2415	20	41
	2416	17	40
	2417	19	43
	2418	20	41
	2419	20	39
	2420	18	40
	2421	21	39
	2422	19	39
	2423	22	40
	2424	18	37
	2425	20	41
	2426	18	40
	2427	22	41
	2428	18	41
	2429	20	39
	2430	19	40
	2431	20	40
	2432	18	38
	2433	19	39
	2434	20	39
	2435	20	38
	2436	18	39
	2437	21	40
	2438	20	38
	2439	21	41
	2440	17	37
	2441	17	39
	2442	19	40
	2443	19	45
	2444	20	40
	2445	20	42
	2446	23	39
	2447	22	41
	2448	20	37
	2449	17	41
	2450	18	39
	2451	20	40
	2452	18	39
	2453	19	38
	2454	17	40
	2455	19	38
	2456	19	40
	2457	22	41
	2458	21	40
	2459	18	39
	2460	18	39
	2461	21	41
	2462	21	39
	2463	21	40
	2464	22	43
	2465	21	39
	2466	22	38
	2467	21	40
	2468	20	39
	2469	20	41
	2470	18	39
	2471	22	40
	2472	20	40
	2473	20	39
	2474	18	41
	2475	19	38
	2476	18	40
	2477	19	41
	2478	18	37
	2479	18	40
	2480	20	41
	2481	23	42
	2482	19	36
	2483	19	37
	2484	20	40
	2485	20	41
	2486	17	39
	2487	19	39
	2488	19	41
	2489	20	37
	2490	18	39
	2491	22	40
	2492	18	39
	2493	19	37
	2494	19	37
	2495	19	40
	2496	20	40
	2497	19	43
	2498	18	40
	2499	21	41
	2500	16	39
	2501	18	43
	2502	20	38
	2503	19	39
	2504	22	39
	2505	20	41
	2506	17	41
	2507	21	40
	2508	18	37
	2509	19	38
	2510	19	40
	2511	21	39
	2512	16	40
	2513	19	43
	2514	19	39
	2515	22	38
	2516	21	37
	2517	21	42
	2518	21	43
	2519	24	39
	2520	21	41
	2521	18	40
	2522	16	40
	2523	20	41
	2524	21	42
	2525	19	39
	2526	20	40
	2527	18	38
	2528	17	38
	2529	19	40
	2530	19	36
	2531	24	40
	2532	19	37
	2533	19	40
	2534	19	40
	2535	21	43
	2536	20	42
	2537	20	41
	2538	19	40
	2539	15	40
	2540	20	39
	2541	20	42
	2542	19	39
	2543	18	38
	2544	18	40
	2545	20	37
	2546	20	40
	2547	20	38
	2548	17	39
	2549	21	41
	2550	21	40
	2551	18	39
	2552	20	40
	2553	21	38
	2554	19	39
	2555	20	43
	2556	18	40
	2557	23	39
	2558	20	38
	2559	21	38
	2560	19	40
	2561	17	41
	2562	18	36
	2563	22	40
	2564	17	38
	2565	20	40
	2566	17	39
	2567	21	46
	2568	19	40
	2569	19	41
	2570	19	38
	2571	19	38
	2572	20	37
	2573	18	37
	2574	18	39
	2575	20	39
	2576	19	40
	2577	20	39
	2578	18	38
	2579	20	38
	2580	20	39
	2581	20	43
	2582	20	44
	2583	18	43
	2584	19	41
	2585	20	40
	2586	19	41
	2587	20	39
	2588	19	38
	2589	22	40
	2590	19	41
	2591	20	40
	2592	17	38
	2593	18	40
	2594	21	41
	2595	20	39
	2596	20	38
	2597	21	42
	2598	19	41
	2599	20	42
	2600	20	40
	2601	21	40
	2602	19	38
	2603	19	41
	2604	22	38
	2605	21	41
	2606	18	39
	2607	21	38
	2608	19	41
	2609	22	40
	2610	18	41
	2611	20	39
	2612	16	40
	2613	19	39
	2614	21	37
	2615	21	40
	2616	23	39
	2617	21	39
	2618	17	41
	2619	23	39
	2620	19	41
	2621	21	39
	2622	21	41
	2623	19	39
	2624	17	39
	2625	19	38
	2626	26	37
	2627	20	40
	2628	18	41
	2629	19	41
	2630	20	37
	2631	19	41
	2632	20	41
	2633	21	41
	2634	20	40
	2635	21	41
	2636	22	39
	2637	22	41
	2638	17	42
	2639	21	41
	2640	19	39
	2641	21	40
	2642	18	39
	2643	20	39
	2644	18	39
	2645	21	39
	2646	17	39
	2647	21	38
	2648	17	40
	2649	20	39
	2650	19	40
	2651	18	39
	2652	19	41
	2653	18	42
	2654	17	40
	2655	22	41
	2656	21	39
	2657	19	42
	2658	19	39
	2659	20	39
	2660	20	40
	2661	20	40
	2662	17	42
	2663	19	42
	2664	18	41
	2665	20	41
	2666	21	41
	2667	19	40
	2668	19	39
	2669	22	39
	2670	19	40
	2671	20	40
	2672	19	39
	2673	21	40
	2674	17	40
	2675	21	43
	2676	21	40
	2677	20	41
	2678	19	40
	2679	19	40
	2680	17	39
	2681	23	40
	2682	19	40
	2683	18	39
	2684	19	38
	2685	19	39
	2686	22	39
	2687	19	42
	2688	21	36
	2689	20	41
	2690	19	39
	2691	21	39
	2692	20	41
	2693	18	41
	2694	20	38
	2695	19	41
	2696	20	39
	2697	19	39
	2698	19	40
	2699	21	43
	2700	21	41
	2701	20	40
	2702	20	41
	2703	22	40
	2704	20	40
	2705	22	40
	2706	19	41
	2707	21	42
	2708	20	38
	2709	20	40
	2710	17	40
	2711	21	42
	2712	18	37
	2713	19	40
	2714	23	38
	2715	18	41
	2716	17	38
	2717	18	40
	2718	19	39
	2719	23	39
	2720	20	39
	2721	26	40
	2722	19	40
	2723	20	40
	2724	18	40
	2725	21	42
	2726	22	39
	2727	18	41
	2728	19	39
	2729	19	45
	2730	20	40
	2731	19	43
	2732	17	41
	2733	21	38
	2734	18	39
	2735	22	38
	2736	20	38
	2737	19	41
	2738	19	41
	2739	23	40
	2740	20	41
	2741	19	39
	2742	19	39
	2743	22	42
	2744	21	40
	2745	20	41
	2746	21	38
	2747	20	41
	2748	20	40
	2749	20	40
	2750	20	42
	2751	19	41
	2752	19	38
	2753	20	42
	2754	18	40
	2755	20	41
	2756	19	39
	2757	20	38
	2758	16	41
	2759	21	40
	2760	17	39
	2761	20	40
	2762	19	41
	2763	19	40
	2764	17	39
	2765	20	39
	2766	17	39
	2767	21	41
	2768	20	35
	2769	20	40
	2770	19	40
	2771	21	38
	2772	19	40
	2773	19	40
	2774	20	39
	2775	21	38
	2776	21	38
	2777	17	41
	2778	21	39
	2779	20	35
	2780	18	40
	2781	21	41
	2782	18	39
	2783	27	42
	2784	21	41
	2785	20	41
	2786	21	39
	2787	23	39
	2788	20	40
	2789	19	40
	2790	20	38
	2791	17	41
	2792	20	40
	2793	20	38
	2794	21	39
	2795	21	39
	2796	21	38
	2797	18	37
	2798	23	39
	2799	20	39
	2800	21	40
	2801	21	42
	2802	15	43
	2803	22	39
	2804	19	40
	2805	20	39
	2806	22	41
	2807	20	39
	2808	18	40
	2809	19	40
	2810	20	37
	2811	19	39
	2812	18	41
	2813	19	42
	2814	17	39
	2815	22	41
	2816	18	38
	2817	20	38
	2818	19	39
	2819	21	41
	2820	18	40
	2821	23	42
	2822	20	37
	2823	23	40
	2824	19	38
	2825	18	40
	2826	21	42
	2827	20	41
	2828	22	38
	2829	19	40
	2830	20	39
	2831	23	37
	2832	19	37
	2833	22	37
	2834	17	39
	2835	19	40
	2836	18	38
	2837	20	38
	2838	24	41
	2839	21	40
	2840	19	40
	2841	18	42
	2842	17	39
	2843	20	40
	2844	19	40
	2845	21	38
	2846	20	40
	2847	21	40
	2848	19	39
	2849	20	39
	2850	18	39
	2851	19	39
	2852	18	37
	2853	21	40
	2854	17	41
	2855	16	41
	2856	17	38
	2857	18	40
	2858	18	39
	2859	22	40
	2860	22	39
	2861	22	39
	2862	18	42
	2863	19	40
	2864	20	39
	2865	20	40
	2866	18	38
	2867	20	40
	2868	17	40
	2869	21	45
	2870	20	39
	2871	19	38
	2872	19	39
	2873	21	40
	2874	20	38
	2875	18	41
	2876	18	39
	2877	20	39
	2878	18	42
	2879	20	39
	2880	19	40
	2881	19	39
	2882	21	38
	2883	23	38
	2884	21	39
	2885	21	40
	2886	20	39
	2887	21	40
	2888	19	41
	2889	43	43
	2890	22	42
	2891	22	43
	2892	22	38
	2893	20	41
	2894	19	40
	2895	21	40
	2896	20	42
	2897	23	40
	2898	18	41
	2899	21	39
	2900	18	39
	2901	22	40
	2902	18	40
	2903	21	40
	2904	20	39
	2905	18	41
	2906	19	39
	2907	18	40
	2908	18	38
	2909	20	41
	2910	18	40
	2911	21	42
	2912	19	38
	2913	23	40
	2914	16	42
	2915	19	43
	2916	20	39
	2917	19	39
	2918	21	42
	2919	19	39
	2920	23	40
	2921	21	42
	2922	19	41
	2923	19	41
	2924	20	37
	2925	18	39
	2926	17	40
	2927	19	40
	2928	19	37
	2929	20	41
	2930	19	39
	2931	18	40
	2932	20	42
	2933	20	40
	2934	19	41
	2935	20	37
	2936	17	43
	2937	19	37
	2938	21	41
	2939	21	38
	2940	20	37
	2941	18	39
	2942	19	41
	2943	22	41
	2944	19	38
	2945	21	38
	2946	18	38
	2947	22	44
	2948	19	39
	2949	21	41
	2950	18	41
	2951	19	42
	2952	22	40
	2953	20	41
	2954	18	40
	2955	18	39
	2956	20	38
	2957	22	39
	2958	18	38
	2959	21	39
	2960	19	39
	2961	20	43
	2962	20	40
	2963	20	38
	2964	18	36
	2965	19	39
	2966	17	39
	2967	18	39
	2968	20	41
	2969	19	38
	2970	19	38
	2971	21	39
	2972	19	39
	2973	21	40
	2974	18	39
	2975	18	42
	2976	20	39
	2977	22	40
	2978	20	38
	2979	21	40
	2980	19	41
	2981	21	41
	2982	21	39
	2983	20	41
	2984	19	39
	2985	19	40
	2986	16	40
	2987	18	40
	2988	19	40
	2989	23	39
	2990	20	41
	2991	19	36
	2992	19	39
	2993	19	41
	2994	18	40
	2995	20	41
	2996	20	39
	2997	20	40
	2998	23	41
	2999	23	41
	3000	19	37
	3001	18	41
	3002	21	37
	3003	21	38
	3004	20	42
	3005	21	37
	3006	18	37
	3007	21	42
	3008	19	40
	3009	22	41
	3010	20	39
	3011	21	40
	3012	19	38
	3013	19	39
	3014	20	39
	3015	21	42
	3016	22	38
	3017	18	40
	3018	19	41
	3019	20	43
	3020	19	41
	3021	19	38
	3022	18	41
	3023	18	43
	3024	20	40
	3025	21	40
	3026	18	37
	3027	21	41
	3028	18	40
	3029	20	39
	3030	20	39
	3031	19	39
	3032	19	38
	3033	20	39
	3034	20	37
	3035	21	40
	3036	20	41
	3037	20	40
	3038	18	41
	3039	19	40
	3040	20	38
	3041	20	41
	3042	19	40
	3043	20	41
	3044	20	41
	3045	19	38
	3046	19	39
	3047	20	41
	3048	18	37
	3049	22	42
	3050	19	40
	3051	19	39
	3052	20	38
	3053	19	41
	3054	20	38
	3055	23	40
	3056	19	41
	3057	21	43
	3058	17	40
	3059	20	37
	3060	18	41
	3061	20	42
	3062	19	39
	3063	21	40
	3064	19	37
	3065	17	40
	3066	19	41
	3067	19	37
	3068	21	38
	3069	20	41
	3070	20	38
	3071	18	42
	3072	21	39
	3073	19	41
	3074	21	40
	3075	21	38
	3076	20	40
	3077	20	42
	3078	20	41
	3079	18	40
	3080	19	39
	3081	22	39
	3082	17	40
	3083	21	40
	3084	19	38
	3085	23	40
	3086	20	39
	3087	21	38
	3088	20	39
	3089	22	38
	3090	21	43
	3091	21	41
	3092	20	38
	3093	21	39
	3094	22	39
	3095	19	39
	3096	18	37
	3097	20	41
	3098	17	40
	3099	18	40
	3100	19	38
	3101	19	41
	3102	20	39
	3103	20	41
	3104	17	40
	3105	21	40
	3106	20	40
	3107	20	41
	3108	21	40
	3109	19	39
	3110	19	40
	3111	22	43
	3112	18	43
	3113	20	41
	3114	21	39
	3115	21	42
	3116	20	39
	3117	20	41
	3118	20	39
	3119	21	41
	3120	20	39
	3121	17	40
	3122	20	37
	3123	21	40
	3124	21	38
	3125	19	41
	3126	19	40
	3127	21	39
	3128	21	40
	3129	19	39
	3130	16	39
	3131	20	39
	3132	19	41
	3133	23	38
	3134	17	38
	3135	19	41
	3136	19	40
	3137	21	39
	3138	18	39
	3139	22	39
	3140	20	40
	3141	22	40
	3142	21	38
	3143	19	38
	3144	17	40
	3145	20	35
	3146	24	39
	3147	22	43
	3148	21	40
	3149	18	39
	3150	20	38
	3151	21	38
	3152	18	40
	3153	18	41
	3154	19	40
	3155	18	40
	3156	17	38
	3157	16	41
	3158	20	39
	3159	21	40
	3160	18	41
	3161	21	42
	3162	20	41
	3163	21	39
	3164	21	39
	3165	20	41
	3166	20	39
	3167	22	42
	3168	21	39
	3169	21	40
	3170	18	39
	3171	21	43
	3172	21	38
	3173	19	40
	3174	20	38
	3175	16	42
	3176	19	41
	3177	19	38
	3178	19	39
	3179	20	40
	3180	22	39
	3181	21	43
	3182	19	41
	3183	17	42
	3184	19	41
	3185	24	39
	3186	20	41
	3187	21	40
	3188	19	39
	3189	18	40
	3190	19	40
	3191	20	41
	3192	19	41
	3193	21	40
	3194	17	37
	3195	19	43
	3196	21	42
	3197	21	40
	3198	19	39
	3199	18	39
	3200	21	40
	3201	22	42
	3202	17	40
	3203	19	40
	3204	20	40
	3205	19	39
	3206	21	39
	3207	21	40
	3208	19	39
	3209	18	39
	3210	18	40
	3211	22	41
	3212	19	38
	3213	22	38
	3214	18	38
	3215	23	41
	3216	20	41
	3217	20	40
	3218	18	37
	3219	22	40
	3220	21	39
	3221	17	40
	3222	19	38
	3223	21	43
	3224	18	39
	3225	22	40
	3226	21	38
	3227	19	41
	3228	19	37
	3229	22	40
	3230	17	37
	3231	22	40
	3232	19	39
	3233	19	43
	3234	19	38
	3235	21	42
	3236	22	41
	3237	20	39
	3238	20	40
	3239	20	42
	3240	23	40
	3241	20	45
	3242	20	37
	3243	21	39
	3244	20	40
	3245	23	44
	3246	19	46
	3247	21	39
	3248	20	38
	3249	21	40
	3250	22	40
	3251	21	40
	3252	21	39
	3253	19	40
	3254	18	40
	3255	20	41
	3256	20	42
	3257	19	38
	3258	20	38
	3259	23	38
	3260	19	38
	3261	20	40
	3262	20	38
	3263	23	39
	3264	18	40
	3265	21	41
	3266	19	40
	3267	19	42
	3268	20	39
	3269	15	38
	3270	21	40
	3271	19	41
	3272	18	40
	3273	21	38
	3274	19	37
	3275	21	40
	3276	20	38
	3277	22	38
	3278	18	40
	3279	22	41
	3280	19	38
	3281	19	43
	3282	20	37
	3283	20	39
	3284	23	38
	3285	25	40
	3286	20	39
	3287	19	40
	3288	18	38
	3289	21	39
	3290	21	39
	3291	20	39
	3292	18	42
	3293	23	40
	3294	18	40
	3295	22	39
	3296	20	39
	3297	21	39
	3298	21	40
	3299	17	39
	3300	19	39
	3301	20	41
	3302	20	40
	3303	17	36
	3304	18	41
	3305	21	39
	3306	19	39
	3307	19	37
	3308	18	38
	3309	19	41
	3310	20	42
	3311	21	39
	3312	20	39
	3313	20	44
	3314	18	41
	3315	21	39
	3316	21	39
	3317	23	39
	3318	19	41
	3319	21	40
	3320	20	35
	3321	22	41
	3322	21	38
	3323	21	40
	3324	19	39
	3325	22	39
	3326	19	40
	3327	19	41
	3328	16	38
	3329	17	44
	3330	18	40
	3331	21	41
	3332	21	41
	3333	17	39
	3334	16	41
	3335	19	43
	3336	21	40
	3337	22	40
	3338	19	38
	3339	19	41
	3340	15	37
	3341	19	39
	3342	19	40
	3343	22	40
	3344	18	38
	3345	20	39
	3346	19	40
	3347	22	38
	3348	20	40
	3349	20	39
	3350	18	40
	3351	20	41
	3352	21	39
	3353	21	41
	3354	19	39
	3355	21	40
	3356	21	42
	3357	24	41
	3358	21	39
	3359	20	37
	3360	20	38
	3361	20	42
	3362	21	39
	3363	20	40
	3364	22	40
	3365	20	39
	3366	18	38
	3367	20	41
	3368	18	40
	3369	20	42
	3370	21	39
	3371	24	40
	3372	18	39
	3373	19	39
	3374	18	36
	3375	21	39
	3376	20	41
	3377	19	41
	3378	19	39
	3379	20	41
	3380	21	39
	3381	23	39
	3382	20	38
	3383	16	41
	3384	20	39
	3385	24	41
	3386	18	40
	3387	20	39
	3388	19	38
	3389	21	40
	3390	20	38
	3391	22	41
	3392	18	39
	3393	20	41
	3394	19	39
	3395	19	40
	3396	19	39
	3397	19	38
	3398	19	36
	3399	20	40
	3400	19	44
	3401	19	38
	3402	18	42
	3403	18	37
	3404	16	40
	3405	22	41
	3406	18	41
	3407	18	41
	3408	19	36
	3409	21	39
	3410	20	40
	3411	18	38
	3412	20	38
	3413	20	40
	3414	20	37
	3415	23	37
	3416	20	39
	3417	19	41
	3418	19	40
	3419	19	38
	3420	17	39
	3421	19	41
	3422	18	38
	3423	17	41
	3424	19	41
	3425	21	39
	3426	20	38
	3427	19	42
	3428	19	40
	3429	20	41
	3430	21	41
	3431	20	39
	3432	18	40
	3433	20	38
	3434	21	38
	3435	22	40
	3436	20	38
	3437	19	39
	3438	20	38
	3439	19	42
	3440	19	40
	3441	20	41
	3442	20	41
	3443	19	40
	3444	20	38
	3445	18	39
	3446	17	36
	3447	21	40
	3448	19	39
	3449	22	40
	3450	18	41
	3451	20	39
	3452	18	38
	3453	20	39
	3454	21	41
	3455	23	40
	3456	18	43
	3457	21	38
	3458	18	40
	3459	19	39
	3460	22	36
	3461	18	45
	3462	17	38
	3463	19	40
	3464	19	39
	3465	20	43
	3466	19	37
	3467	19	42
	3468	21	39
	3469	20	42
	3470	21	43
	3471	19	38
	3472	17	44
	3473	22	38
	3474	19	40
	3475	20	41
	3476	20	40
	3477	17	42
	3478	20	41
	3479	19	41
	3480	18	38
	3481	21	41
	3482	20	41
	3483	19	40
	3484	17	38
	3485	21	40
	3486	19	37
	3487	20	41
	3488	21	39
	3489	21	40
	3490	19	39
	3491	19	39
	3492	18	39
	3493	20	40
	3494	18	38
	3495	20	42
	3496	19	38
	3497	22	42
	3498	18	42
	3499	20	40
	3500	17	37
	3501	20	40
	3502	18	39
	3503	21	40
	3504	20	42
	3505	21	40
	3506	19	38
	3507	19	41
	3508	19	41
	3509	21	41
	3510	21	39
	3511	20	43
	3512	19	40
	3513	22	41
	3514	20	40
	3515	22	40
	3516	19	38
	3517	20	40
	3518	19	41
	3519	18	41
	3520	17	38
	3521	20	40
	3522	19	38
	3523	19	40
	3524	19	40
	3525	23	38
	3526	19	37
	3527	18	38
	3528	19	39
	3529	19	38
	3530	17	40
	3531	19	42
	3532	18	39
	3533	19	42
	3534	18	40
	3535	18	38
	3536	19	41
	3537	16	42
	3538	20	38
	3539	21	42
	3540	18	45
	3541	20	41
	3542	20	41
	3543	19	40
	3544	18	41
	3545	20	40
	3546	21	40
	3547	21	41
	3548	18	38
	3549	20	41
	3550	24	46
	3551	19	39
	3552	18	41
	3553	18	44
	3554	20	36
	3555	19	39
	3556	19	37
	3557	19	41
	3558	19	39
	3559	20	40
	3560	18	37
	3561	21	39
	3562	18	39
	3563	23	38
	3564	21	39
	3565	19	38
	3566	19	38
	3567	21	39
	3568	19	41
	3569	19	39
	3570	22	37
	3571	22	39
	3572	19	40
	3573	19	42
	3574	20	35
	3575	18	37
	3576	17	39
	3577	20	38
	3578	20	39
	3579	20	41
	3580	18	41
	3581	20	39
	3582	19	41
	3583	25	40
	3584	18	40
	3585	21	39
	3586	22	38
	3587	18	41
	3588	20	41
	3589	21	40
	3590	20	36
	3591	20	37
	3592	17	37
	3593	22	38
	3594	19	40
	3595	21	40
	3596	18	40
	3597	19	40
	3598	18	38
	3599	22	39
	3600	22	40
	3601	19	41
	3602	22	40
	3603	21	41
	3604	20	39
	3605	21	38
	3606	21	36
	3607	21	41
	3608	19	39
	3609	19	42
	3610	18	40
	3611	20	41
	3612	19	39
	3613	19	40
	3614	19	41
	3615	18	37
	3616	17	41
	3617	21	38
	3618	20	39
	3619	21	39
	3620	19	38
	3621	19	39
	3622	21	37
	3623	21	41
	3624	18	39
	3625	20	42
	3626	20	39
	3627	20	39
	3628	20	40
	3629	20	36
	3630	20	40
	3631	18	39
	3632	20	38
	3633	20	42
	3634	19	42
	3635	20	40
	3636	21	37
	3637	22	39
	3638	20	41
	3639	22	41
	3640	20	35
	3641	20	41
	3642	18	39
	3643	22	40
	3644	20	40
	3645	21	38
	3646	19	39
	3647	18	37
	3648	21	39
	3649	22	40
	3650	19	39
	3651	20	41
	3652	20	39
	3653	20	39
	3654	17	39
	3655	19	35
	3656	20	39
	3657	19	41
	3658	19	40
	3659	21	38
	3660	19	38
	3661	19	39
	3662	20	41
	3663	22	43
	3664	22	41
	3665	19	42
	3666	19	38
	3667	22	39
	3668	20	40
	3669	20	40
	3670	20	39
	3671	22	41
	3672	23	37
	3673	19	41
	3674	19	37
	3675	20	43
	3676	20	40
	3677	19	42
	3678	20	39
	3679	20	42
	3680	17	39
	3681	21	40
	3682	22	40
	3683	20	39
	3684	19	41
	3685	20	39
	3686	19	38
	3687	18	40
	3688	18	37
	3689	21	38
	3690	17	40
	3691	18	42
	3692	22	41
	3693	21	41
	3694	19	36
	3695	20	41
	3696	19	40
	3697	18	40
	3698	20	40
	3699	21	40
	3700	22	37
	3701	21	39
	3702	18	40
	3703	23	39
	3704	17	41
	3705	19	41
	3706	20	39
	3707	19	44
	3708	18	40
	3709	18	41
	3710	19	39
	3711	21	39
	3712	20	40
	3713	21	41
	3714	17	39
	3715	18	38
	3716	20	39
	3717	20	37
	3718	17	38
	3719	20	36
	3720	19	41
	3721	19	41
	3722	17	40
	3723	17	37
