	0	16	38
	1	17	35
	2	19	36
	3	18	39
	4	18	40
	5	16	40
	6	16	38
	7	20	38
	8	19	38
	9	17	39
	10	17	34
	11	19	39
	12	17	40
	13	17	41
	14	16	36
	15	18	35
	16	17	38
	17	20	39
	18	16	39
	19	20	39
	20	19	38
	21	17	41
	22	18	39
	23	19	38
	24	15	36
	25	20	39
	26	20	40
	27	19	41
	28	21	38
	29	20	44
	30	20	40
	31	21	43
	32	20	42
	33	19	44
	34	21	41
	35	22	39
	36	23	41
	37	23	41
	38	19	40
	39	20	42
	40	18	42
	41	20	41
	42	20	41
	43	21	44
	44	19	39
	45	21	41
	46	21	41
	47	19	41
	48	20	39
	49	23	39
	50	19	41
	51	23	44
	52	20	42
	53	22	40
	54	20	42
	55	22	40
	56	21	39
	57	22	41
	58	24	41
	59	22	43
	60	21	42
	61	22	41
	62	25	41
	63	22	41
	64	20	42
	65	23	41
	66	23	41
	67	22	43
	68	21	46
	69	24	42
	70	20	43
	71	20	44
	72	21	42
	73	22	43
	74	19	41
	75	23	44
	76	22	41
	77	24	42
	78	20	41
	79	23	39
	80	22	42
	81	20	43
	82	19	40
	83	23	47
	84	25	40
	85	20	44
	86	23	45
	87	24	42
	88	20	45
	89	21	40
	90	23	42
	91	22	39
	92	23	39
	93	22	42
	94	20	42
	95	22	42
	96	22	49
	97	23	41
	98	23	42
	99	21	43
	100	21	44
	101	27	44
	102	21	44
	103	20	42
	104	21	40
	105	24	42
	106	21	45
	107	23	43
	108	24	42
	109	25	44
	110	22	43
	111	22	45
	112	23	40
	113	23	39
	114	20	39
	115	25	44
	116	22	41
	117	24	43
	118	23	42
	119	22	41
	120	21	40
	121	22	41
	122	21	42
	123	24	47
	124	24	40
	125	23	43
	126	23	43
	127	21	41
	128	22	38
	129	21	44
	130	18	44
	131	25	45
	132	25	43
	133	22	41
	134	23	38
	135	27	43
	136	31	42
	137	24	44
	138	21	43
	139	22	42
	140	24	39
	141	28	41
	142	24	43
	143	22	44
	144	20	43
	145	20	43
	146	24	41
	147	23	43
	148	25	46
	149	23	44
	150	21	43
	151	25	44
	152	23	40
	153	24	38
	154	26	39
	155	25	43
	156	23	39
	157	23	39
	158	23	41
	159	23	43
	160	23	43
	161	23	44
	162	22	44
	163	25	41
	164	22	41
	165	22	46
	166	25	40
	167	21	43
	168	21	41
	169	25	41
	170	25	41
	171	24	44
	172	23	43
	173	26	39
	174	23	42
	175	23	44
	176	23	39
	177	23	44
	178	22	40
	179	22	41
	180	25	43
	181	25	40
	182	22	44
	183	23	43
	184	22	41
	185	22	45
	186	21	43
	187	22	42
	188	21	41
	189	22	42
	190	22	41
	191	23	40
	192	21	44
	193	25	45
	194	20	45
	195	20	39
	196	22	41
	197	23	41
	198	22	41
	199	26	46
	200	24	42
	201	24	44
	202	24	41
	203	23	42
	204	24	41
	205	27	43
	206	23	42
	207	24	43
	208	24	42
	209	23	42
	210	23	44
	211	24	43
	212	22	42
	213	25	41
	214	20	46
	215	24	44
	216	26	38
	217	24	43
	218	23	45
	219	25	53
	220	26	43
	221	22	45
	222	22	41
	223	25	46
	224	21	41
	225	22	43
	226	24	46
	227	21	43
	228	21	44
	229	25	42
	230	25	40
	231	26	44
	232	25	42
	233	20	43
	234	25	44
	235	24	42
	236	24	41
	237	26	42
	238	22	40
	239	22	44
	240	22	43
	241	24	46
	242	21	47
	243	25	43
	244	23	40
	245	26	44
	246	24	45
	247	23	45
	248	20	44
	249	23	44
	250	25	43
	251	25	44
	252	23	42
	253	25	40
	254	24	40
	255	27	46
	256	22	44
	257	25	44
	258	23	44
	259	24	41
	260	23	41
	261	24	47
	262	22	45
	263	24	45
	264	22	42
	265	24	43
	266	23	42
	267	22	42
	268	21	42
	269	25	45
	270	23	41
	271	24	44
	272	21	42
	273	24	42
	274	22	41
	275	27	45
	276	22	42
	277	24	45
	278	22	43
	279	24	43
	280	22	41
	281	21	44
	282	23	43
	283	25	42
	284	24	41
	285	24	43
	286	21	41
	287	24	40
	288	24	43
	289	20	42
	290	28	45
	291	24	41
	292	21	44
	293	21	43
	294	22	43
	295	24	43
	296	23	40
	297	24	43
	298	30	41
	299	23	42
	300	23	41
	301	25	45
	302	24	41
	303	27	44
	304	22	41
	305	25	43
	306	23	45
	307	26	42
	308	25	42
	309	27	46
	310	23	42
	311	24	44
	312	25	43
	313	24	41
	314	24	41
	315	24	43
	316	25	39
	317	27	44
	318	24	44
	319	24	44
	320	24	43
	321	23	43
	322	23	44
	323	24	41
	324	24	42
	325	24	43
	326	21	43
	327	25	42
	328	22	39
	329	25	44
	330	25	43
	331	24	42
	332	24	43
	333	23	42
	334	24	40
	335	25	41
	336	27	41
	337	25	45
	338	25	42
	339	28	44
	340	22	43
	341	23	44
	342	23	42
	343	26	43
	344	25	42
	345	25	43
	346	23	44
	347	23	41
	348	22	43
	349	25	41
	350	22	42
	351	26	42
	352	25	41
	353	25	44
	354	23	44
	355	27	42
	356	22	44
	357	24	43
	358	27	44
	359	25	44
	360	25	41
	361	25	44
	362	26	41
	363	27	44
	364	26	40
	365	26	45
	366	25	42
	367	26	43
	368	26	43
	369	26	44
	370	27	43
	371	27	44
	372	24	40
	373	25	40
	374	23	44
	375	26	42
	376	27	40
	377	27	42
	378	25	38
	379	29	41
	380	26	41
	381	26	42
	382	27	41
	383	28	44
	384	26	43
	385	27	41
	386	25	40
	387	29	39
	388	24	43
	389	29	41
	390	26	41
	391	28	42
	392	24	40
	393	27	43
	394	27	42
	395	26	41
	396	25	42
	397	28	43
	398	26	41
	399	26	48
	400	26	43
	401	28	43
	402	29	43
	403	27	45
	404	27	43
	405	29	45
	406	29	43
	407	26	41
	408	26	43
	409	29	41
	410	28	43
	411	28	42
	412	26	42
	413	27	40
	414	29	44
	415	31	43
	416	29	44
	417	28	42
	418	28	42
	419	31	43
	420	29	43
	421	29	44
	422	28	42
	423	30	45
	424	30	43
	425	28	43
	426	31	41
	427	28	44
	428	28	41
	429	28	44
	430	29	44
	431	30	45
	432	30	42
	433	31	45
	434	31	46
	435	30	44
	436	32	42
	437	30	44
	438	31	41
	439	31	44
	440	28	42
	441	32	44
	442	31	43
	443	30	43
	444	31	42
	445	30	44
	446	31	42
	447	32	45
	448	31	39
	449	31	41
	450	31	43
	451	34	43
	452	38	40
	453	31	41
	454	33	42
	455	31	41
	456	34	44
	457	33	40
	458	32	44
	459	31	41
	460	36	44
	461	35	45
	462	32	41
	463	34	43
	464	32	43
	465	32	44
	466	36	46
	467	34	45
	468	34	45
	469	33	43
	470	33	42
	471	34	46
	472	35	40
	473	36	43
	474	38	42
	475	36	42
	476	35	44
	477	35	44
	478	34	43
	479	37	43
	480	36	45
	481	36	43
	482	33	42
	483	35	44
	484	34	44
	485	36	42
	486	37	44
	487	37	45
	488	39	42
	489	41	44
	490	40	42
	491	40	45
	492	39	43
	493	39	44
	494	40	41
	495	40	43
	496	36	42
	497	38	42
	498	39	43
	499	41	46
	500	44	42
	501	41	44
	502	39	43
	503	43	44
	504	39	42
	505	40	42
	506	45	41
	507	42	42
	508	39	42
	509	41	44
	510	41	46
	511	40	45
	512	44	47
	513	47	47
	514	44	46
	515	44	45
	516	43	46
	517	46	45
	518	42	43
	519	43	44
	520	42	46
	521	43	47
	522	45	48
	523	45	47
	524	45	44
	525	44	45
	526	46	47
	527	49	46
	528	46	44
	529	46	47
	530	43	47
	531	48	48
	532	48	45
	533	49	45
	534	48	46
	535	49	46
	536	45	43
	537	51	47
	538	49	47
	539	49	47
	540	47	42
	541	48	45
	542	46	44
	543	50	49
	544	52	45
	545	51	46
	546	51	45
	547	51	45
	548	55	44
	549	53	48
	550	51	45
	551	52	46
	552	51	46
	553	54	44
	554	57	47
	555	51	44
	556	55	46
	557	55	53
	558	54	44
	559	56	49
	560	57	45
	561	56	48
	562	55	44
	563	60	48
	564	56	45
	565	59	46
	566	58	44
	567	57	48
	568	58	46
	569	57	45
	570	59	50
	571	60	45
	572	60	47
	573	61	42
	574	58	44
	575	59	47
	576	64	46
	577	61	48
	578	61	45
	579	62	46
	580	63	46
	581	62	47
	582	63	43
	583	63	47
	584	64	46
	585	64	46
	586	67	48
	587	69	45
	588	65	46
	589	63	51
	590	66	47
	591	67	48
	592	72	47
	593	69	47
	594	65	48
	595	70	47
	596	66	45
	597	67	46
	598	70	46
	599	71	48
	600	73	44
	601	72	47
	602	70	47
	603	73	48
	604	72	49
	605	75	48
	606	71	46
	607	76	46
	608	71	47
	609	73	47
	610	72	47
	611	73	50
	612	74	49
	613	77	48
	614	75	47
	615	81	47
	616	78	49
	617	77	50
	618	79	45
	619	77	49
	620	77	48
	621	79	47
	622	83	47
	623	81	49
	624	82	48
	625	81	46
	626	79	51
	627	80	49
	628	82	47
	629	83	48
	630	83	49
	631	85	46
	632	86	51
	633	87	51
	634	83	52
	635	83	50
	636	84	44
	637	84	48
	638	83	52
	639	86	48
	640	85	49
	641	86	48
	642	87	52
	643	87	50
	644	88	52
	645	89	47
	646	88	47
	647	89	50
	648	89	48
	649	87	50
	650	89	46
	651	94	50
	652	90	48
	653	88	49
	654	88	49
	655	91	50
	656	93	52
	657	93	50
	658	92	47
	659	91	51
	660	95	50
	661	96	49
	662	97	50
	663	96	51
	664	92	49
	665	96	50
	666	97	52
	667	95	51
	668	94	53
	669	95	53
	670	96	49
	671	99	52
	672	97	51
	673	101	53
	674	94	52
	675	98	52
	676	97	53
	677	99	53
	678	101	51
	679	99	49
	680	100	53
	681	99	54
	682	101	52
	683	104	54
	684	104	50
	685	106	54
	686	102	54
	687	101	52
	688	104	52
	689	103	55
	690	103	52
	691	105	56
	692	104	52
	693	105	54
	694	104	56
	695	103	51
	696	104	51
	697	106	56
	698	106	55
	699	109	52
	700	109	52
	701	105	53
	702	110	51
	703	109	55
	704	108	52
	705	108	52
	706	108	54
	707	110	55
	708	117	55
	709	111	54
	710	110	51
	711	106	53
	712	112	55
	713	111	52
	714	111	55
	715	112	56
	716	112	53
	717	112	55
	718	112	54
	719	112	52
	720	113	54
	721	117	53
	722	114	52
	723	112	55
	724	115	54
	725	112	55
	726	117	51
	727	113	53
	728	115	53
	729	118	54
	730	114	54
	731	116	55
	732	114	55
	733	118	52
	734	115	53
	735	119	55
	736	116	54
	737	119	57
	738	115	53
	739	117	55
	740	117	55
	741	116	54
	742	114	57
	743	115	55
	744	116	54
	745	118	54
	746	115	60
	747	116	56
	748	119	54
	749	118	55
	750	114	54
	751	116	56
	752	118	55
	753	119	54
	754	115	51
	755	116	51
	756	115	54
	757	116	54
	758	116	56
	759	116	55
	760	114	52
	761	113	53
	762	117	54
	763	121	56
	764	114	54
	765	118	53
	766	118	56
	767	118	57
	768	117	53
	769	119	55
	770	118	51
	771	118	54
	772	119	55
	773	115	57
	774	116	54
	775	121	52
	776	122	50
	777	114	56
	778	121	53
	779	114	54
	780	117	57
	781	116	53
	782	116	53
	783	117	56
	784	114	53
	785	115	53
	786	113	55
	787	113	54
	788	118	51
	789	117	54
	790	117	53
	791	120	54
	792	115	51
	793	114	52
	794	114	55
	795	116	52
	796	116	51
	797	116	54
	798	110	51
	799	118	54
	800	115	53
	801	112	54
	802	112	51
	803	117	57
	804	109	51
	805	115	51
	806	111	54
	807	114	53
	808	111	57
	809	111	52
	810	111	49
	811	116	52
	812	106	50
	813	110	52
	814	108	52
	815	112	55
	816	111	54
	817	109	53
	818	106	53
	819	109	54
	820	107	52
	821	107	51
	822	110	51
	823	107	53
	824	109	51
	825	103	49
	826	106	50
	827	106	53
	828	108	52
	829	108	53
	830	100	48
	831	106	52
	832	102	52
	833	100	51
	834	101	50
	835	99	50
	836	102	53
	837	105	51
	838	100	50
	839	104	50
	840	100	49
	841	100	54
	842	99	51
	843	100	49
	844	97	46
	845	99	50
	846	97	50
	847	98	50
	848	100	51
	849	101	52
	850	100	49
	851	98	52
	852	96	50
	853	99	49
	854	100	51
	855	101	53
	856	97	51
	857	101	50
	858	96	51
	859	96	49
	860	97	52
	861	99	50
	862	97	51
	863	93	49
	864	94	50
	865	96	49
	866	98	47
	867	97	49
	868	96	48
	869	93	52
	870	89	51
	871	90	50
	872	90	50
	873	96	50
	874	89	50
	875	91	51
	876	92	48
	877	92	48
	878	91	48
	879	96	49
	880	90	48
	881	91	50
	882	93	48
	883	91	51
	884	95	49
	885	89	49
	886	87	49
	887	94	49
	888	89	46
	889	90	48
	890	88	49
	891	87	51
	892	89	48
	893	89	50
	894	86	48
	895	92	49
	896	88	54
	897	89	49
	898	88	47
	899	88	49
	900	86	49
	901	87	49
	902	88	46
	903	85	46
	904	83	48
	905	83	44
	906	84	49
	907	86	51
	908	83	45
	909	83	49
	910	79	45
	911	83	50
	912	83	47
	913	82	44
	914	81	46
	915	84	49
	916	78	46
	917	79	46
	918	79	46
	919	83	46
	920	78	45
	921	80	47
	922	79	46
	923	81	51
	924	75	46
	925	80	49
	926	78	46
	927	76	46
	928	76	47
	929	75	47
	930	77	46
	931	77	48
	932	72	46
	933	76	48
	934	76	45
	935	71	46
	936	78	44
	937	73	46
	938	72	46
	939	74	47
	940	74	47
	941	72	49
	942	70	47
	943	70	48
	944	68	44
	945	72	49
	946	72	46
	947	74	47
	948	70	43
	949	69	43
	950	69	53
	951	67	45
	952	69	48
	953	68	45
	954	70	45
	955	67	46
	956	65	42
	957	70	45
	958	66	44
	959	66	43
	960	63	46
	961	66	47
	962	68	44
	963	67	44
	964	66	47
	965	65	42
	966	65	47
	967	64	44
	968	65	44
	969	63	45
	970	65	44
	971	61	46
	972	60	49
	973	63	48
	974	60	47
	975	63	47
	976	60	46
	977	60	45
	978	58	47
	979	60	43
	980	59	47
	981	59	46
	982	58	44
	983	55	45
	984	54	46
	985	57	46
	986	52	42
	987	57	47
	988	54	44
	989	54	47
	990	54	43
	991	55	42
	992	51	43
	993	51	46
	994	48	45
	995	52	46
	996	48	43
	997	53	43
	998	50	41
	999	49	44
	1000	51	43
	1001	53	45
	1002	49	44
	1003	53	46
	1004	52	47
	1005	49	43
	1006	49	44
	1007	50	43
	1008	46	46
	1009	50	44
	1010	48	43
	1011	47	44
	1012	49	42
	1013	47	45
	1014	48	42
	1015	48	43
	1016	48	42
	1017	46	42
	1018	49	44
	1019	46	42
	1020	44	43
	1021	47	43
	1022	43	44
	1023	48	42
	1024	50	44
	1025	45	44
	1026	46	43
	1027	46	44
	1028	46	43
	1029	51	47
	1030	48	40
	1031	48	44
	1032	43	43
	1033	47	44
	1034	45	43
	1035	48	45
	1036	42	43
	1037	44	47
	1038	46	45
	1039	44	42
	1040	45	41
	1041	44	43
	1042	44	41
	1043	47	41
	1044	45	46
	1045	48	44
	1046	45	43
	1047	41	43
	1048	43	42
	1049	44	42
	1050	41	41
	1051	45	44
	1052	43	44
	1053	43	40
	1054	41	43
	1055	43	48
	1056	40	44
	1057	41	43
	1058	43	44
	1059	45	44
	1060	42	44
	1061	42	45
	1062	43	41
	1063	43	43
	1064	43	44
	1065	41	42
	1066	42	42
	1067	43	42
	1068	40	43
	1069	45	43
	1070	40	42
	1071	42	44
	1072	39	42
	1073	40	39
	1074	41	43
	1075	42	39
	1076	41	42
	1077	51	43
	1078	39	41
	1079	42	47
	1080	41	43
	1081	41	45
	1082	41	42
	1083	41	42
	1084	41	42
	1085	41	42
	1086	39	43
	1087	43	43
	1088	43	41
	1089	44	42
	1090	42	43
	1091	41	43
	1092	39	43
	1093	41	43
	1094	38	40
	1095	39	44
	1096	40	42
	1097	41	44
	1098	40	43
	1099	42	42
	1100	39	42
	1101	41	44
	1102	38	41
	1103	40	45
	1104	41	40
	1105	39	39
	1106	41	42
	1107	38	40
	1108	41	44
	1109	41	43
	1110	42	46
	1111	37	42
	1112	40	39
	1113	47	42
	1114	42	44
	1115	41	43
	1116	40	39
	1117	39	43
	1118	40	41
	1119	40	43
	1120	40	41
	1121	38	41
	1122	37	41
	1123	39	44
	1124	42	41
	1125	41	43
	1126	38	41
	1127	39	43
	1128	40	40
	1129	41	44
	1130	43	45
	1131	40	45
	1132	37	42
	1133	42	44
	1134	39	42
	1135	40	46
	1136	38	45
	1137	42	42
	1138	41	43
	1139	38	44
	1140	43	44
	1141	42	40
	1142	39	42
	1143	40	46
	1144	38	42
	1145	39	40
	1146	37	39
	1147	42	44
	1148	40	44
	1149	39	43
	1150	41	43
	1151	39	44
	1152	39	40
	1153	35	44
	1154	39	39
	1155	40	43
	1156	38	41
	1157	42	40
	1158	40	41
	1159	39	41
	1160	40	43
	1161	38	42
	1162	37	39
	1163	38	46
	1164	37	44
	1165	39	41
	1166	39	41
	1167	37	41
	1168	35	41
	1169	39	44
	1170	39	42
	1171	41	43
	1172	39	44
	1173	36	43
	1174	38	40
	1175	38	43
	1176	40	42
	1177	39	40
	1178	36	44
	1179	37	41
	1180	38	42
	1181	39	41
	1182	41	41
	1183	43	43
	1184	36	43
	1185	38	44
	1186	35	42
	1187	38	44
	1188	36	41
	1189	39	42
	1190	39	41
	1191	37	44
	1192	38	39
	1193	40	43
	1194	37	42
	1195	38	43
	1196	41	41
	1197	39	44
	1198	38	42
	1199	39	42
	1200	36	42
	1201	38	41
	1202	38	42
	1203	38	45
	1204	38	42
	1205	39	41
	1206	39	39
	1207	37	43
	1208	35	38
	1209	40	42
	1210	34	42
	1211	38	39
	1212	34	40
	1213	36	43
	1214	37	41
	1215	41	40
	1216	34	40
	1217	37	42
	1218	37	41
	1219	38	39
	1220	36	40
	1221	42	42
	1222	36	40
	1223	36	43
	1224	36	45
	1225	39	42
	1226	33	41
	1227	38	43
	1228	37	40
	1229	38	44
	1230	39	44
	1231	36	41
	1232	36	43
	1233	43	42
	1234	35	42
	1235	37	41
	1236	39	39
	1237	33	41
	1238	36	38
	1239	35	41
	1240	34	39
	1241	37	45
	1242	35	43
	1243	36	41
	1244	36	42
	1245	36	40
	1246	34	39
	1247	40	44
	1248	36	42
	1249	37	39
	1250	37	41
	1251	34	39
	1252	38	44
	1253	37	41
	1254	38	39
	1255	37	39
	1256	34	42
	1257	35	42
	1258	38	43
	1259	38	43
	1260	37	42
	1261	35	45
	1262	35	43
	1263	37	44
	1264	33	40
	1265	37	40
	1266	43	40
	1267	42	42
	1268	34	40
	1269	38	41
	1270	35	42
	1271	36	43
	1272	34	41
	1273	38	43
	1274	37	42
	1275	40	45
	1276	33	41
	1277	39	39
	1278	35	42
	1279	36	41
	1280	35	41
	1281	35	42
	1282	37	41
	1283	37	41
	1284	36	44
	1285	33	44
	1286	35	43
	1287	38	43
	1288	37	40
	1289	36	40
	1290	32	43
	1291	37	43
	1292	37	43
	1293	40	40
	1294	33	42
	1295	37	44
	1296	36	41
	1297	35	43
	1298	35	39
	1299	39	42
	1300	32	41
	1301	35	43
	1302	34	40
	1303	34	42
	1304	34	39
	1305	38	41
	1306	34	43
	1307	33	40
	1308	33	39
	1309	37	43
	1310	33	41
	1311	34	42
	1312	34	41
	1313	35	40
	1314	37	39
	1315	36	42
	1316	36	41
	1317	35	40
	1318	32	43
	1319	37	41
	1320	36	42
	1321	35	44
	1322	34	42
	1323	33	43
	1324	34	43
	1325	34	43
	1326	35	42
	1327	35	42
	1328	36	44
	1329	31	41
	1330	33	39
	1331	38	44
	1332	34	43
	1333	37	43
	1334	34	41
	1335	33	42
	1336	30	41
	1337	32	45
	1338	34	43
	1339	33	42
	1340	33	42
	1341	30	41
	1342	34	42
	1343	34	41
	1344	31	39
	1345	32	39
	1346	34	41
	1347	33	43
	1348	35	38
	1349	33	43
	1350	36	43
	1351	37	42
	1352	33	42
	1353	36	40
	1354	33	43
	1355	33	44
	1356	33	40
	1357	32	40
	1358	35	45
	1359	35	44
	1360	33	41
	1361	34	40
	1362	33	43
	1363	32	42
	1364	32	41
	1365	33	42
	1366	34	43
	1367	34	43
	1368	33	42
	1369	31	43
	1370	33	42
	1371	34	40
	1372	40	44
	1373	33	42
	1374	33	41
	1375	35	41
	1376	35	40
	1377	34	45
	1378	31	43
	1379	34	41
	1380	32	39
	1381	43	42
	1382	31	40
	1383	35	42
	1384	31	42
	1385	32	42
	1386	32	45
	1387	36	43
	1388	31	40
	1389	30	38
	1390	32	42
	1391	31	41
	1392	33	40
	1393	31	44
	1394	32	39
	1395	31	41
	1396	35	41
	1397	30	42
	1398	32	39
	1399	33	44
	1400	31	41
	1401	34	42
	1402	31	41
	1403	33	43
	1404	33	41
	1405	32	41
	1406	32	41
	1407	33	43
	1408	33	39
	1409	34	40
	1410	33	42
	1411	32	39
	1412	29	43
	1413	34	45
	1414	31	43
	1415	33	44
	1416	30	42
	1417	31	40
	1418	32	43
	1419	34	41
	1420	32	41
	1421	34	45
	1422	31	40
	1423	31	44
	1424	30	40
	1425	30	40
	1426	31	39
	1427	32	40
	1428	28	41
	1429	31	42
	1430	29	41
	1431	33	36
	1432	31	42
	1433	30	41
	1434	31	41
	1435	30	43
	1436	32	40
	1437	31	40
	1438	29	42
	1439	31	41
	1440	32	41
	1441	28	40
	1442	31	43
	1443	33	39
	1444	31	43
	1445	33	42
	1446	29	43
	1447	33	42
	1448	32	43
	1449	34	43
	1450	31	43
	1451	32	45
	1452	31	44
	1453	33	42
	1454	32	42
	1455	29	44
	1456	29	42
	1457	34	41
	1458	33	40
	1459	30	43
	1460	28	41
	1461	32	43
	1462	35	43
	1463	31	45
	1464	33	41
	1465	34	41
	1466	28	42
	1467	28	44
	1468	31	44
	1469	29	41
	1470	29	42
	1471	31	43
	1472	29	42
	1473	29	45
	1474	31	38
	1475	31	39
	1476	30	40
	1477	30	41
	1478	30	40
	1479	33	39
	1480	27	42
	1481	30	41
	1482	30	40
	1483	29	41
	1484	29	43
	1485	30	43
	1486	31	41
	1487	31	43
	1488	26	40
	1489	31	41
	1490	29	42
	1491	31	42
	1492	29	43
	1493	30	43
	1494	28	42
	1495	32	43
	1496	29	42
	1497	31	44
	1498	30	44
	1499	30	43
	1500	26	41
	1501	29	41
	1502	28	41
	1503	31	40
	1504	31	41
	1505	30	40
	1506	29	38
	1507	30	41
	1508	27	40
	1509	30	42
	1510	29	42
	1511	31	44
	1512	30	42
	1513	31	42
	1514	25	40
	1515	29	41
	1516	28	40
	1517	31	40
	1518	30	42
	1519	26	41
	1520	32	39
	1521	28	39
	1522	31	40
	1523	28	40
	1524	26	42
	1525	31	40
	1526	31	39
	1527	31	43
	1528	29	39
	1529	28	41
	1530	28	41
	1531	36	43
	1532	28	41
	1533	29	41
	1534	29	41
	1535	28	42
	1536	28	38
	1537	29	40
	1538	29	43
	1539	30	44
	1540	31	37
	1541	30	43
	1542	29	43
	1543	33	41
	1544	28	41
	1545	27	41
	1546	29	43
	1547	29	44
	1548	26	43
	1549	27	42
	1550	31	42
	1551	29	42
	1552	29	42
	1553	29	39
	1554	29	39
	1555	31	42
	1556	27	40
	1557	31	41
	1558	29	46
	1559	30	41
	1560	29	41
	1561	32	41
	1562	31	40
	1563	30	42
	1564	31	42
	1565	35	43
	1566	33	44
	1567	33	42
	1568	34	39
	1569	33	43
	1570	35	42
	1571	34	50
	1572	33	43
	1573	37	44
	1574	35	42
	1575	37	44
	1576	37	45
	1577	38	41
	1578	37	41
	1579	39	43
	1580	37	39
	1581	36	45
	1582	41	43
	1583	39	42
	1584	41	42
	1585	38	42
	1586	38	44
	1587	40	43
	1588	37	43
	1589	38	43
	1590	40	41
	1591	36	42
	1592	36	45
	1593	36	43
	1594	39	41
	1595	37	45
	1596	40	43
	1597	45	42
	1598	39	44
	1599	38	46
	1600	36	40
	1601	41	44
	1602	38	43
	1603	38	39
	1604	37	43
	1605	38	44
	1606	36	44
	1607	42	45
	1608	38	46
	1609	41	44
	1610	37	42
	1611	38	46
	1612	36	42
	1613	38	43
	1614	39	43
	1615	41	44
	1616	40	40
	1617	42	43
	1618	34	41
	1619	38	45
	1620	38	39
	1621	39	45
	1622	37	44
	1623	37	42
	1624	37	43
	1625	38	41
	1626	33	41
	1627	39	44
	1628	35	45
	1629	38	43
	1630	41	44
	1631	37	45
	1632	37	43
	1633	36	42
	1634	33	43
	1635	41	44
	1636	35	43
	1637	35	44
	1638	35	43
	1639	38	44
	1640	38	45
	1641	37	44
	1642	38	41
	1643	36	44
	1644	34	43
	1645	39	43
	1646	46	44
	1647	40	40
	1648	34	42
	1649	39	43
	1650	36	43
	1651	36	44
	1652	36	44
	1653	39	44
	1654	37	40
	1655	42	44
	1656	38	41
	1657	35	46
	1658	38	43
	1659	39	43
	1660	38	43
	1661	36	43
	1662	37	40
	1663	35	40
	1664	36	44
	1665	35	43
	1666	37	45
	1667	39	44
	1668	36	42
	1669	35	41
	1670	34	44
	1671	37	42
	1672	34	42
	1673	36	44
	1674	37	42
	1675	37	44
	1676	34	41
	1677	36	41
	1678	35	44
	1679	34	44
	1680	33	40
	1681	35	44
	1682	35	44
	1683	34	39
	1684	36	44
	1685	36	40
	1686	33	43
	1687	36	46
	1688	34	43
	1689	34	43
	1690	31	44
	1691	31	43
	1692	30	43
	1693	32	44
	1694	33	43
	1695	27	44
	1696	26	42
	1697	26	44
	1698	28	42
	1699	29	43
	1700	29	41
	1701	28	43
	1702	25	42
	1703	26	41
	1704	24	39
	1705	28	42
	1706	23	42
	1707	25	41
	1708	26	42
	1709	24	40
	1710	25	40
	1711	26	41
	1712	24	39
	1713	26	40
	1714	26	42
	1715	30	44
	1716	24	40
	1717	23	39
	1718	22	40
	1719	25	45
	1720	25	40
	1721	24	41
	1722	25	39
	1723	22	40
	1724	22	39
	1725	26	43
	1726	30	38
	1727	25	41
	1728	26	40
	1729	24	40
	1730	25	40
	1731	24	42
	1732	26	41
	1733	26	43
	1734	24	39
	1735	24	40
	1736	22	42
	1737	23	41
	1738	25	41
	1739	25	40
	1740	27	37
	1741	25	40
	1742	23	40
	1743	25	40
	1744	23	39
	1745	23	40
	1746	23	36
	1747	26	42
	1748	27	40
	1749	24	40
	1750	23	42
	1751	25	39
	1752	24	40
	1753	27	39
	1754	23	44
	1755	26	39
	1756	24	43
	1757	23	41
	1758	23	39
	1759	24	42
	1760	22	40
	1761	25	39
	1762	21	39
	1763	24	39
	1764	24	39
	1765	24	41
	1766	24	40
	1767	23	41
	1768	21	39
	1769	25	42
	1770	21	44
	1771	23	43
	1772	26	38
	1773	22	42
	1774	24	41
	1775	20	40
	1776	22	38
	1777	25	41
	1778	26	40
	1779	25	41
	1780	24	35
	1781	22	41
	1782	25	38
	1783	22	39
	1784	24	42
	1785	27	42
	1786	22	41
	1787	24	41
	1788	28	40
	1789	22	42
	1790	24	41
	1791	24	41
	1792	22	40
	1793	23	40
	1794	22	38
	1795	19	41
	1796	22	41
	1797	24	41
	1798	21	39
	1799	25	43
	1800	21	40
	1801	22	40
	1802	24	40
	1803	22	42
	1804	23	41
	1805	23	40
	1806	22	40
	1807	26	37
	1808	21	39
	1809	23	39
	1810	22	39
	1811	26	39
	1812	21	39
	1813	22	42
	1814	23	37
	1815	23	40
	1816	19	39
	1817	22	40
	1818	20	41
	1819	24	39
	1820	22	41
	1821	22	41
	1822	22	39
	1823	27	39
	1824	22	37
	1825	24	43
	1826	23	39
	1827	22	41
	1828	20	40
	1829	21	42
	1830	21	40
	1831	25	40
	1832	23	41
	1833	23	41
	1834	23	40
	1835	24	39
	1836	23	36
	1837	23	41
	1838	22	39
	1839	27	40
	1840	22	40
	1841	23	41
	1842	24	40
	1843	22	42
	1844	23	37
	1845	25	43
	1846	20	39
	1847	23	40
	1848	22	41
	1849	24	42
	1850	22	42
	1851	23	40
	1852	20	37
	1853	22	42
	1854	22	39
	1855	21	40
	1856	21	40
	1857	24	40
	1858	23	37
	1859	24	42
	1860	17	38
	1861	21	42
	1862	28	44
	1863	22	41
	1864	22	41
	1865	23	41
	1866	23	37
	1867	23	39
	1868	21	41
	1869	23	40
	1870	23	41
	1871	25	39
	1872	22	38
	1873	23	39
	1874	21	38
	1875	26	42
	1876	20	39
	1877	24	36
	1878	23	38
	1879	24	41
	1880	24	41
	1881	22	40
	1882	23	37
	1883	25	37
	1884	25	39
	1885	23	39
	1886	20	38
	1887	21	40
	1888	21	39
	1889	25	39
	1890	21	41
	1891	22	43
	1892	23	39
	1893	23	40
	1894	21	41
	1895	23	43
	1896	20	42
	1897	22	40
	1898	22	40
	1899	22	43
	1900	20	40
	1901	21	41
	1902	21	38
	1903	25	41
	1904	23	39
	1905	22	41
	1906	21	36
	1907	32	40
	1908	21	41
	1909	23	41
	1910	23	38
	1911	21	40
	1912	20	39
	1913	21	40
	1914	23	42
	1915	21	41
	1916	23	40
	1917	23	39
	1918	23	40
	1919	21	40
	1920	24	37
	1921	20	47
	1922	20	39
	1923	25	42
	1924	21	38
	1925	21	42
	1926	22	43
	1927	21	37
	1928	22	39
	1929	22	39
	1930	23	39
	1931	22	39
	1932	22	38
	1933	23	41
	1934	23	39
	1935	24	40
	1936	21	39
	1937	25	41
	1938	19	39
	1939	25	43
	1940	23	35
	1941	22	42
	1942	23	39
	1943	24	40
	1944	22	36
	1945	23	42
	1946	22	37
	1947	22	38
	1948	22	39
	1949	22	39
	1950	23	43
	1951	24	39
	1952	21	40
	1953	23	42
	1954	25	39
	1955	22	39
	1956	23	40
	1957	22	43
	1958	21	40
	1959	22	40
	1960	21	39
	1961	21	40
	1962	22	38
	1963	24	40
	1964	22	39
	1965	23	38
	1966	21	40
	1967	24	40
	1968	23	40
	1969	23	39
	1970	21	42
	1971	23	38
	1972	22	40
	1973	22	40
	1974	24	38
	1975	24	39
	1976	21	36
	1977	22	40
	1978	23	41
	1979	22	39
	1980	21	39
	1981	24	39
	1982	22	41
	1983	23	37
	1984	21	41
	1985	22	40
	1986	19	40
	1987	24	43
	1988	21	41
	1989	21	40
	1990	22	39
	1991	23	39
	1992	22	39
	1993	21	44
	1994	21	38
	1995	20	40
	1996	25	38
	1997	22	38
	1998	23	41
	1999	24	41
	2000	23	38
	2001	19	39
	2002	20	41
	2003	23	38
	2004	20	42
	2005	23	42
	2006	19	39
	2007	23	42
	2008	19	39
	2009	22	39
	2010	22	40
	2011	19	38
	2012	18	40
	2013	23	39
	2014	23	43
	2015	25	42
	2016	21	41
	2017	22	39
	2018	20	41
	2019	22	39
	2020	21	40
	2021	23	39
	2022	22	43
	2023	20	40
	2024	20	41
	2025	18	39
	2026	21	40
	2027	23	42
	2028	21	43
	2029	22	38
	2030	22	37
	2031	23	41
	2032	21	36
	2033	21	41
	2034	20	42
	2035	22	41
	2036	21	43
	2037	21	40
	2038	22	39
	2039	20	42
	2040	22	39
	2041	21	40
	2042	23	39
	2043	22	41
	2044	19	40
	2045	20	38
	2046	18	38
	2047	24	39
	2048	21	43
	2049	24	43
	2050	21	39
	2051	21	41
	2052	20	39
	2053	21	42
	2054	21	38
	2055	18	42
	2056	19	39
	2057	19	42
	2058	19	39
	2059	19	39
	2060	20	39
	2061	19	39
	2062	20	39
	2063	22	39
	2064	19	39
	2065	21	39
	2066	19	36
	2067	21	39
	2068	18	40
	2069	21	40
	2070	21	40
	2071	20	43
	2072	19	40
	2073	21	42
	2074	22	39
	2075	21	39
	2076	20	41
	2077	19	38
	2078	19	36
	2079	23	41
	2080	20	38
	2081	19	37
	2082	19	42
	2083	22	40
	2084	20	36
	2085	22	41
	2086	19	38
	2087	21	38
	2088	22	38
	2089	22	37
	2090	19	39
	2091	20	38
	2092	22	39
	2093	22	39
	2094	22	38
	2095	21	40
	2096	17	41
	2097	21	39
	2098	20	40
	2099	22	40
	2100	20	37
	2101	21	41
	2102	18	38
	2103	21	41
	2104	23	37
	2105	22	37
	2106	19	39
	2107	18	38
	2108	22	40
	2109	20	38
	2110	19	40
	2111	20	41
	2112	19	41
	2113	22	40
	2114	20	40
	2115	20	42
	2116	16	41
	2117	20	42
	2118	17	41
	2119	21	42
	2120	19	39
	2121	23	42
	2122	21	38
	2123	21	41
	2124	21	41
	2125	21	40
	2126	19	38
	2127	21	43
	2128	20	39
	2129	21	40
	2130	20	40
	2131	20	41
	2132	20	37
	2133	19	41
	2134	19	42
	2135	19	41
	2136	19	40
	2137	18	41
	2138	19	38
	2139	18	41
	2140	19	41
	2141	23	39
	2142	21	37
	2143	19	38
	2144	19	41
	2145	19	38
	2146	21	39
	2147	23	39
	2148	19	40
	2149	19	39
	2150	20	41
	2151	22	38
	2152	21	41
	2153	21	40
	2154	19	36
	2155	18	39
	2156	16	38
	2157	19	40
	2158	21	37
	2159	20	39
	2160	19	39
	2161	21	43
	2162	16	40
	2163	20	39
	2164	20	38
	2165	20	40
	2166	20	38
	2167	20	41
	2168	20	39
	2169	20	39
	2170	20	57
	2171	23	40
	2172	22	40
	2173	20	39
	2174	17	39
	2175	19	39
	2176	18	40
	2177	22	40
	2178	19	39
	2179	23	40
	2180	22	39
	2181	20	39
	2182	21	42
	2183	21	37
	2184	21	39
	2185	18	38
	2186	20	37
	2187	19	41
	2188	19	39
	2189	21	39
	2190	19	38
	2191	21	41
	2192	20	40
	2193	19	41
	2194	19	47
	2195	21	42
	2196	18	40
	2197	22	40
	2198	20	39
	2199	19	40
	2200	20	41
	2201	20	40
	2202	22	43
	2203	22	39
	2204	21	39
	2205	23	39
	2206	20	39
	2207	21	42
	2208	19	38
	2209	21	41
	2210	21	39
	2211	21	43
	2212	22	41
	2213	19	40
	2214	20	39
	2215	20	40
	2216	20	41
	2217	21	40
	2218	18	36
	2219	20	41
	2220	20	39
	2221	20	38
	2222	20	43
	2223	23	39
	2224	19	39
	2225	22	38
	2226	19	37
	2227	20	38
	2228	19	37
	2229	19	37
	2230	20	39
	2231	21	40
	2232	19	37
	2233	21	36
	2234	20	38
	2235	19	41
	2236	18	40
	2237	23	39
	2238	22	39
	2239	21	42
	2240	18	37
	2241	22	39
	2242	19	37
	2243	21	41
	2244	22	39
	2245	21	41
	2246	21	39
	2247	22	40
	2248	19	36
	2249	18	41
	2250	22	40
	2251	20	43
	2252	19	39
	2253	21	40
	2254	18	39
	2255	19	38
	2256	22	38
	2257	21	41
	2258	19	39
	2259	21	40
	2260	21	39
	2261	24	40
	2262	21	40
	2263	21	41
	2264	21	40
	2265	19	42
	2266	18	39
	2267	19	42
	2268	18	39
	2269	23	37
	2270	20	39
	2271	20	41
	2272	20	39
	2273	19	39
	2274	19	39
	2275	21	40
	2276	21	40
	2277	22	41
	2278	20	39
	2279	19	41
	2280	22	41
	2281	20	39
	2282	21	39
	2283	20	39
	2284	19	40
	2285	20	40
	2286	17	37
	2287	19	40
	2288	19	39
	2289	18	38
	2290	19	42
	2291	23	39
	2292	22	40
	2293	22	40
	2294	21	40
	2295	19	41
	2296	19	39
	2297	21	38
	2298	23	41
	2299	20	38
	2300	21	39
	2301	21	37
	2302	21	40
	2303	24	37
	2304	21	39
	2305	21	40
	2306	17	39
	2307	22	40
	2308	19	41
	2309	20	39
	2310	21	39
	2311	23	40
	2312	20	36
	2313	18	40
	2314	18	39
	2315	21	39
	2316	20	40
	2317	21	39
	2318	19	38
	2319	19	39
	2320	19	39
	2321	19	41
	2322	19	40
	2323	22	40
	2324	21	39
	2325	23	39
	2326	20	40
	2327	21	39
	2328	18	37
	2329	19	39
	2330	21	37
	2331	21	39
	2332	20	35
	2333	19	40
	2334	20	40
	2335	22	39
	2336	17	40
	2337	22	40
	2338	20	40
	2339	21	41
	2340	18	41
	2341	18	39
	2342	20	40
	2343	17	41
	2344	19	39
	2345	19	39
	2346	19	39
	2347	18	37
	2348	20	39
	2349	19	40
	2350	19	40
	2351	21	43
	2352	18	35
	2353	17	37
	2354	17	40
	2355	21	41
	2356	17	40
	2357	20	38
	2358	18	37
	2359	18	38
	2360	19	40
	2361	19	38
	2362	22	42
	2363	23	44
	2364	21	39
	2365	20	40
	2366	19	37
	2367	20	41
	2368	21	41
	2369	21	40
	2370	20	40
	2371	22	43
	2372	20	37
	2373	19	41
	2374	21	37
	2375	22	42
	2376	21	40
	2377	20	39
	2378	19	39
	2379	22	41
	2380	21	39
	2381	22	41
	2382	20	40
	2383	19	39
	2384	20	40
	2385	22	40
	2386	17	40
	2387	21	39
	2388	21	37
	2389	24	41
	2390	22	39
	2391	20	42
	2392	19	39
	2393	20	35
	2394	19	41
	2395	19	39
	2396	21	38
	2397	20	43
	2398	18	41
	2399	21	40
	2400	18	42
	2401	21	38
	2402	18	39
	2403	26	41
	2404	20	37
	2405	22	44
	2406	21	35
	2407	22	37
	2408	20	38
	2409	22	41
	2410	20	38
	2411	22	39
	2412	22	37
	2413	22	42
	2414	21	40
	2415	25	40
	2416	21	39
	2417	20	44
	2418	18	40
	2419	22	40
	2420	21	40
	2421	23	40
	2422	18	40
	2423	20	39
	2424	19	41
	2425	19	40
	2426	20	38
	2427	23	41
	2428	19	37
	2429	21	38
	2430	20	39
	2431	24	43
	2432	19	41
	2433	23	43
	2434	20	45
	2435	22	39
	2436	21	40
	2437	19	43
	2438	20	39
	2439	19	41
	2440	20	39
	2441	20	40
	2442	20	39
	2443	19	42
	2444	19	37
	2445	20	42
	2446	20	39
	2447	19	39
	2448	20	39
	2449	22	37
	2450	18	39
	2451	21	40
	2452	19	40
	2453	20	41
	2454	20	39
	2455	20	39
	2456	20	41
	2457	19	41
	2458	21	37
	2459	20	41
	2460	22	39
	2461	22	41
	2462	20	39
	2463	21	36
	2464	18	44
	2465	19	41
	2466	19	39
	2467	20	41
	2468	22	42
	2469	19	39
	2470	20	41
	2471	21	39
	2472	17	37
	2473	19	41
	2474	21	38
	2475	20	42
	2476	21	40
	2477	17	40
	2478	17	36
	2479	20	39
	2480	21	43
	2481	21	42
	2482	20	40
	2483	21	39
	2484	20	38
	2485	22	42
	2486	20	41
	2487	18	39
	2488	19	39
	2489	20	39
	2490	20	40
	2491	20	38
	2492	18	39
	2493	21	40
	2494	18	39
	2495	19	42
	2496	16	42
	2497	22	40
	2498	19	39
	2499	18	41
	2500	19	39
	2501	19	40
	2502	21	40
	2503	20	40
	2504	20	41
	2505	19	39
	2506	17	39
	2507	20	38
	2508	21	39
	2509	19	41
	2510	20	39
	2511	19	41
	2512	19	38
	2513	19	42
	2514	19	38
	2515	18	41
	2516	19	39
	2517	18	39
	2518	20	41
	2519	24	39
	2520	19	39
	2521	19	38
	2522	19	39
	2523	22	39
	2524	20	40
	2525	19	42
	2526	19	39
	2527	20	40
	2528	20	40
	2529	20	39
	2530	18	35
	2531	19	41
	2532	17	36
	2533	20	39
	2534	20	37
	2535	19	40
	2536	18	39
	2537	19	42
	2538	18	38
	2539	21	43
	2540	16	40
	2541	20	41
	2542	16	40
	2543	20	40
	2544	18	39
	2545	20	41
	2546	22	35
	2547	20	42
	2548	22	40
	2549	22	41
	2550	19	39
	2551	20	39
	2552	19	39
	2553	22	43
	2554	20	39
	2555	22	38
	2556	19	37
	2557	22	41
	2558	18	37
	2559	21	43
	2560	17	38
	2561	21	40
	2562	22	38
	2563	20	41
	2564	21	42
	2565	18	41
	2566	22	39
	2567	21	46
	2568	21	38
	2569	19	40
	2570	19	37
	2571	17	38
	2572	20	39
	2573	18	39
	2574	17	41
	2575	20	40
	2576	18	39
	2577	21	39
	2578	19	41
	2579	20	41
	2580	21	39
	2581	20	40
	2582	19	40
	2583	19	38
	2584	18	38
	2585	20	40
	2586	18	39
	2587	21	40
	2588	17	38
	2589	21	40
	2590	17	37
	2591	18	42
	2592	19	39
	2593	20	43
	2594	20	41
	2595	22	39
	2596	20	38
	2597	20	37
	2598	21	41
	2599	20	41
	2600	20	38
	2601	23	40
	2602	20	38
	2603	20	41
	2604	20	40
	2605	19	41
	2606	20	41
	2607	20	39
	2608	17	44
	2609	21	39
	2610	20	41
	2611	17	38
	2612	20	39
	2613	17	43
	2614	19	39
	2615	19	40
	2616	18	37
	2617	21	40
	2618	19	38
	2619	21	41
	2620	17	40
	2621	21	39
	2622	21	39
	2623	21	41
	2624	20	39
	2625	21	41
	2626	24	38
	2627	19	39
	2628	18	40
	2629	19	40
	2630	20	37
	2631	21	40
	2632	19	37
	2633	21	41
	2634	21	37
	2635	19	40
	2636	20	39
	2637	21	41
	2638	17	37
	2639	20	42
	2640	19	39
	2641	23	38
	2642	20	41
	2643	20	42
	2644	20	38
	2645	20	42
	2646	19	42
	2647	19	41
	2648	17	40
	2649	17	40
	2650	18	38
	2651	17	40
	2652	18	38
	2653	22	41
	2654	19	39
	2655	21	40
	2656	18	37
	2657	21	42
	2658	21	39
	2659	22	41
	2660	17	39
	2661	20	42
	2662	20	41
	2663	21	43
	2664	21	39
	2665	19	38
	2666	19	39
	2667	22	38
	2668	17	39
	2669	21	40
	2670	20	37
	2671	19	42
	2672	18	39
	2673	21	41
	2674	18	40
	2675	19	44
	2676	16	38
	2677	20	41
	2678	20	40
	2679	20	38
	2680	17	39
	2681	19	38
	2682	20	41
	2683	21	40
	2684	20	40
	2685	20	39
	2686	15	38
	2687	18	39
	2688	19	39
	2689	20	38
	2690	21	38
	2691	21	41
	2692	21	41
	2693	17	39
	2694	20	38
	2695	21	40
	2696	16	38
	2697	20	36
	2698	22	43
	2699	21	42
	2700	16	41
	2701	19	36
	2702	17	39
	2703	22	41
	2704	18	38
	2705	20	41
	2706	16	42
	2707	22	39
	2708	20	40
	2709	19	41
	2710	20	39
	2711	20	42
	2712	22	39
	2713	22	38
	2714	21	40
	2715	20	39
	2716	19	39
	2717	20	38
	2718	19	40
	2719	21	40
	2720	16	39
	2721	25	38
	2722	21	41
	2723	21	39
	2724	16	39
	2725	20	41
	2726	25	39
	2727	19	40
	2728	16	41
	2729	19	42
	2730	19	35
	2731	21	42
	2732	15	39
	2733	20	40
	2734	17	38
	2735	20	39
	2736	20	38
	2737	19	42
	2738	21	41
	2739	20	39
	2740	17	38
	2741	20	38
	2742	19	38
	2743	22	35
	2744	17	39
	2745	20	41
	2746	17	40
	2747	24	39
	2748	18	38
	2749	20	40
	2750	22	38
	2751	22	40
	2752	19	38
	2753	22	44
	2754	20	40
	2755	21	39
	2756	21	39
	2757	21	39
	2758	17	39
	2759	20	42
	2760	18	40
	2761	20	38
	2762	19	38
	2763	21	39
	2764	19	38
	2765	20	39
	2766	18	40
	2767	23	40
	2768	20	40
	2769	20	37
	2770	20	38
	2771	20	40
	2772	18	40
	2773	21	41
	2774	19	39
	2775	19	40
	2776	22	39
	2777	18	43
	2778	17	39
	2779	20	39
	2780	17	40
	2781	22	40
	2782	19	41
	2783	26	42
	2784	17	40
	2785	17	42
	2786	21	40
	2787	21	41
	2788	20	40
	2789	18	41
	2790	20	39
	2791	19	39
	2792	20	39
	2793	19	39
	2794	21	39
	2795	21	38
	2796	19	41
	2797	21	41
	2798	20	39
	2799	18	39
	2800	20	41
	2801	21	41
	2802	18	45
	2803	18	39
	2804	19	37
	2805	17	36
	2806	19	40
	2807	20	40
	2808	21	42
	2809	20	40
	2810	19	39
	2811	20	43
	2812	21	40
	2813	22	43
	2814	20	42
	2815	22	38
	2816	20	41
	2817	17	42
	2818	22	37
	2819	20	40
	2820	21	39
	2821	21	38
	2822	19	39
	2823	23	39
	2824	20	39
	2825	21	40
	2826	21	38
	2827	22	39
	2828	20	40
	2829	21	42
	2830	21	39
	2831	27	42
	2832	21	38
	2833	17	42
	2834	20	39
	2835	21	40
	2836	19	38
	2837	19	43
	2838	19	40
	2839	17	40
	2840	20	41
	2841	19	38
	2842	19	37
	2843	19	40
	2844	19	39
	2845	21	39
	2846	23	39
	2847	19	39
	2848	20	41
	2849	18	39
	2850	17	38
	2851	20	39
	2852	20	38
	2853	19	38
	2854	18	37
	2855	20	41
	2856	17	40
	2857	21	42
	2858	16	41
	2859	22	41
	2860	18	37
	2861	23	39
	2862	21	40
	2863	22	38
	2864	19	36
	2865	20	41
	2866	20	40
	2867	19	38
	2868	19	37
	2869	19	38
	2870	20	35
	2871	18	39
	2872	21	38
	2873	22	42
	2874	19	37
	2875	20	43
	2876	17	38
	2877	21	41
	2878	15	40
	2879	21	39
	2880	19	41
	2881	19	39
	2882	18	40
	2883	20	38
	2884	20	38
	2885	20	37
	2886	22	38
	2887	19	39
	2888	20	37
	2889	41	39
	2890	21	38
	2891	21	41
	2892	21	42
	2893	24	40
	2894	17	39
	2895	20	41
	2896	21	36
	2897	18	39
	2898	23	41
	2899	22	42
	2900	18	39
	2901	21	41
	2902	19	38
	2903	20	40
	2904	20	38
	2905	17	38
	2906	18	41
	2907	23	39
	2908	20	40
	2909	20	42
	2910	18	39
	2911	20	45
	2912	19	39
	2913	23	40
	2914	19	42
	2915	21	37
	2916	19	39
	2917	17	38
	2918	19	39
	2919	20	39
	2920	21	39
	2921	19	40
	2922	19	40
	2923	20	40
	2924	19	37
	2925	21	42
	2926	20	40
	2927	22	39
	2928	18	35
	2929	18	40
	2930	17	39
	2931	18	38
	2932	20	38
	2933	19	38
	2934	21	40
	2935	18	39
	2936	18	43
	2937	19	40
	2938	21	40
	2939	18	37
	2940	20	40
	2941	21	42
	2942	21	38
	2943	20	42
	2944	20	42
	2945	18	42
	2946	22	40
	2947	22	37
	2948	19	37
	2949	21	40
	2950	19	39
	2951	18	40
	2952	20	40
	2953	21	37
	2954	15	38
	2955	22	40
	2956	21	39
	2957	22	43
	2958	21	39
	2959	22	40
	2960	24	38
	2961	22	39
	2962	17	39
	2963	18	38
	2964	18	39
	2965	21	36
	2966	19	40
	2967	19	38
	2968	18	40
	2969	18	41
	2970	20	40
	2971	21	39
	2972	19	40
	2973	17	38
	2974	20	39
	2975	21	42
	2976	20	42
	2977	21	41
	2978	21	39
	2979	20	39
	2980	22	36
	2981	22	38
	2982	21	38
	2983	21	41
	2984	19	41
	2985	22	41
	2986	21	43
	2987	19	38
	2988	17	36
	2989	22	39
	2990	19	42
	2991	19	41
	2992	21	41
	2993	18	40
	2994	19	37
	2995	17	37
	2996	17	38
	2997	19	39
	2998	23	36
	2999	21	38
	3000	19	40
	3001	19	38
	3002	18	39
	3003	21	39
	3004	21	40
	3005	21	38
	3006	20	40
	3007	22	38
	3008	19	39
	3009	17	37
	3010	20	39
	3011	20	40
	3012	20	39
	3013	20	39
	3014	20	39
	3015	20	40
	3016	22	39
	3017	20	40
	3018	18	41
	3019	23	40
	3020	19	37
	3021	19	39
	3022	20	37
	3023	19	38
	3024	18	38
	3025	19	37
	3026	19	36
	3027	19	37
	3028	16	39
	3029	19	38
	3030	21	37
	3031	20	42
	3032	19	39
	3033	19	36
	3034	18	38
	3035	20	40
	3036	19	40
	3037	20	41
	3038	20	40
	3039	17	40
	3040	17	43
	3041	19	39
	3042	20	41
	3043	23	42
	3044	22	40
	3045	19	38
	3046	20	39
	3047	18	38
	3048	19	38
	3049	21	41
	3050	21	37
	3051	18	43
	3052	19	40
	3053	22	40
	3054	17	40
	3055	19	39
	3056	20	37
	3057	21	40
	3058	21	42
	3059	18	38
	3060	18	43
	3061	21	38
	3062	19	38
	3063	19	39
	3064	21	38
	3065	19	41
	3066	16	40
	3067	20	41
	3068	18	39
	3069	20	43
	3070	19	37
	3071	18	39
	3072	20	38
	3073	20	42
	3074	20	38
	3075	20	42
	3076	20	37
	3077	22	38
	3078	20	38
	3079	18	35
	3080	15	40
	3081	21	42
	3082	21	39
	3083	20	41
	3084	20	41
	3085	19	42
	3086	19	40
	3087	18	40
	3088	21	40
	3089	21	42
	3090	19	39
	3091	21	40
	3092	21	39
	3093	19	39
	3094	21	42
	3095	21	40
	3096	20	40
	3097	21	40
	3098	20	40
	3099	21	41
	3100	18	37
	3101	20	38
	3102	19	38
	3103	21	43
	3104	20	39
	3105	20	40
	3106	20	38
	3107	19	39
	3108	18	40
	3109	18	39
	3110	19	39
	3111	21	41
	3112	17	39
	3113	20	38
	3114	22	40
	3115	21	42
	3116	19	40
	3117	21	42
	3118	19	37
	3119	19	40
	3120	19	37
	3121	19	38
	3122	22	39
	3123	21	42
	3124	17	39
	3125	20	40
	3126	19	42
	3127	19	35
	3128	20	40
	3129	21	42
	3130	21	39
	3131	24	40
	3132	19	38
	3133	23	39
	3134	16	42
	3135	21	38
	3136	23	39
	3137	20	43
	3138	21	39
	3139	20	39
	3140	19	38
	3141	19	40
	3142	20	35
	3143	19	41
	3144	20	39
	3145	17	40
	3146	21	41
	3147	17	38
	3148	19	38
	3149	21	39
	3150	19	39
	3151	23	37
	3152	18	39
	3153	21	40
	3154	20	38
	3155	18	39
	3156	19	37
	3157	20	41
	3158	15	40
	3159	20	39
	3160	19	41
	3161	20	42
	3162	20	40
	3163	20	37
	3164	19	41
	3165	21	40
	3166	19	40
	3167	23	36
	3168	22	38
	3169	22	39
	3170	20	38
	3171	19	40
	3172	20	36
	3173	21	38
	3174	18	39
	3175	19	38
	3176	19	36
	3177	19	40
	3178	18	38
	3179	20	39
	3180	19	39
	3181	20	41
	3182	22	36
	3183	20	41
	3184	20	39
	3185	24	39
	3186	16	40
	3187	18	39
	3188	17	41
	3189	19	40
	3190	18	41
	3191	20	40
	3192	16	39
	3193	19	42
	3194	19	40
	3195	21	43
	3196	21	40
	3197	18	38
	3198	17	39
	3199	19	41
	3200	20	41
	3201	22	40
	3202	19	38
	3203	19	41
	3204	20	42
	3205	21	41
	3206	19	38
	3207	18	42
	3208	17	41
	3209	20	40
	3210	20	39
	3211	21	41
	3212	18	40
	3213	21	41
	3214	19	39
	3215	21	39
	3216	21	39
	3217	19	43
	3218	22	42
	3219	20	39
	3220	19	41
	3221	19	40
	3222	17	35
	3223	20	46
	3224	18	35
	3225	22	39
	3226	19	40
	3227	20	38
	3228	22	40
	3229	21	43
	3230	19	39
	3231	20	43
	3232	19	37
	3233	19	40
	3234	20	41
	3235	17	39
	3236	18	39
	3237	20	39
	3238	17	40
	3239	22	39
	3240	21	41
	3241	18	43
	3242	18	39
	3243	20	42
	3244	18	39
	3245	21	40
	3246	19	39
	3247	21	41
	3248	20	38
	3249	20	41
	3250	21	41
	3251	20	40
	3252	21	40
	3253	21	40
	3254	18	42
	3255	21	41
	3256	16	41
	3257	20	41
	3258	18	42
	3259	21	40
	3260	19	40
	3261	18	40
	3262	18	40
	3263	19	41
	3264	17	41
	3265	20	41
	3266	20	37
	3267	22	36
	3268	21	38
	3269	17	40
	3270	17	39
	3271	21	39
	3272	20	41
	3273	20	38
	3274	17	40
	3275	20	40
	3276	18	39
	3277	20	40
	3278	18	37
	3279	20	40
	3280	21	38
	3281	21	38
	3282	21	37
	3283	21	42
	3284	22	39
	3285	24	40
	3286	20	41
	3287	23	40
	3288	21	37
	3289	20	43
	3290	18	41
	3291	18	40
	3292	18	40
	3293	21	39
	3294	18	39
	3295	20	39
	3296	20	38
	3297	18	41
	3298	20	39
	3299	22	39
	3300	19	40
	3301	19	39
	3302	16	37
	3303	15	37
	3304	18	39
	3305	20	39
	3306	16	38
	3307	21	38
	3308	17	38
	3309	19	41
	3310	19	39
	3311	20	37
	3312	19	39
	3313	20	41
	3314	20	39
	3315	18	40
	3316	19	37
	3317	20	42
	3318	18	41
	3319	21	41
	3320	19	38
	3321	24	39
	3322	22	40
	3323	22	39
	3324	20	40
	3325	19	41
	3326	21	42
	3327	20	40
	3328	18	39
	3329	17	37
	3330	17	37
	3331	19	38
	3332	21	39
	3333	19	42
	3334	18	37
	3335	22	39
	3336	18	36
	3337	18	41
	3338	22	39
	3339	21	41
	3340	20	41
	3341	18	43
	3342	20	36
	3343	19	40
	3344	20	41
	3345	19	38
	3346	21	38
	3347	22	42
	3348	19	38
	3349	20	39
	3350	17	39
	3351	20	39
	3352	19	40
	3353	19	39
	3354	18	39
	3355	19	43
	3356	16	40
	3357	21	40
	3358	18	40
	3359	23	38
	3360	21	37
	3361	21	40
	3362	20	39
	3363	22	39
	3364	18	39
	3365	22	37
	3366	21	38
	3367	19	41
	3368	17	39
	3369	20	41
	3370	18	36
	3371	19	39
	3372	20	42
	3373	20	40
	3374	21	41
	3375	18	39
	3376	19	39
	3377	19	41
	3378	20	39
	3379	22	37
	3380	20	38
	3381	18	40
	3382	17	40
	3383	21	40
	3384	19	39
	3385	22	40
	3386	19	40
	3387	19	40
	3388	19	40
	3389	21	42
	3390	23	39
	3391	21	40
	3392	18	36
	3393	21	39
	3394	19	40
	3395	19	39
	3396	23	39
	3397	21	38
	3398	20	39
	3399	21	38
	3400	16	41
	3401	20	38
	3402	19	38
	3403	20	41
	3404	19	38
	3405	20	36
	3406	19	37
	3407	19	40
	3408	17	41
	3409	19	40
	3410	19	38
	3411	19	40
	3412	18	42
	3413	21	38
	3414	19	37
	3415	21	41
	3416	20	40
	3417	21	39
	3418	19	41
	3419	19	41
	3420	16	39
	3421	20	40
	3422	18	42
	3423	18	41
	3424	19	40
	3425	18	40
	3426	17	38
	3427	21	41
	3428	18	37
	3429	20	41
	3430	19	40
	3431	21	39
	3432	21	41
	3433	19	38
	3434	18	38
	3435	21	40
	3436	19	39
	3437	21	39
	3438	21	41
	3439	19	40
	3440	20	38
	3441	19	39
	3442	22	39
	3443	19	39
	3444	17	37
	3445	21	39
	3446	19	37
	3447	21	40
	3448	19	39
	3449	20	41
	3450	21	39
	3451	20	41
	3452	23	42
	3453	17	40
	3454	19	39
	3455	20	42
	3456	20	37
	3457	21	38
	3458	20	41
	3459	18	36
	3460	21	40
	3461	20	44
	3462	18	39
	3463	20	42
	3464	21	39
	3465	20	41
	3466	20	42
	3467	18	41
	3468	18	41
	3469	21	40
	3470	20	40
	3471	20	38
	3472	18	49
	3473	21	42
	3474	22	39
	3475	19	39
	3476	19	38
	3477	22	41
	3478	19	45
	3479	19	39
	3480	20	38
	3481	18	40
	3482	20	40
	3483	19	41
	3484	17	42
	3485	21	39
	3486	16	39
	3487	19	38
	3488	19	39
	3489	21	40
	3490	19	35
	3491	23	36
	3492	18	41
	3493	20	38
	3494	19	40
	3495	19	41
	3496	20	37
	3497	22	36
	3498	20	39
	3499	18	38
	3500	19	40
	3501	19	39
	3502	21	40
	3503	21	40
	3504	17	38
	3505	20	37
	3506	18	39
	3507	21	39
	3508	20	40
	3509	20	40
	3510	20	40
	3511	21	40
	3512	18	40
	3513	20	42
	3514	20	38
	3515	19	42
	3516	19	40
	3517	21	40
	3518	19	41
	3519	19	40
	3520	19	38
	3521	19	40
	3522	20	40
	3523	21	39
	3524	19	39
	3525	20	39
	3526	18	38
	3527	23	40
	3528	21	38
	3529	21	41
	3530	19	39
	3531	19	39
	3532	18	38
	3533	19	40
	3534	18	38
	3535	20	41
	3536	21	38
	3537	20	41
	3538	17	40
	3539	20	38
	3540	18	43
	3541	20	40
	3542	19	40
	3543	21	38
	3544	20	38
	3545	20	38
	3546	20	39
	3547	20	37
	3548	20	38
	3549	19	42
	3550	22	44
	3551	21	40
	3552	20	40
	3553	21	39
	3554	19	38
	3555	20	41
	3556	20	39
	3557	21	40
	3558	18	39
	3559	20	39
	3560	18	39
	3561	19	40
	3562	22	38
	3563	19	36
	3564	17	42
	3565	19	40
	3566	17	38
	3567	22	42
	3568	15	39
	3569	18	40
	3570	19	39
	3571	21	40
	3572	20	40
	3573	19	39
	3574	19	37
	3575	19	36
	3576	19	37
	3577	17	41
	3578	21	39
	3579	19	42
	3580	19	38
	3581	19	40
	3582	21	41
	3583	26	40
	3584	19	38
	3585	19	39
	3586	22	35
	3587	20	41
	3588	20	38
	3589	20	37
	3590	18	39
	3591	21	42
	3592	22	42
	3593	20	37
	3594	18	39
	3595	20	39
	3596	22	42
	3597	18	41
	3598	20	41
	3599	21	39
	3600	18	36
	3601	21	41
	3602	21	40
	3603	23	42
	3604	19	39
	3605	19	43
	3606	19	42
	3607	21	42
	3608	22	41
	3609	20	39
	3610	19	40
	3611	21	40
	3612	18	42
	3613	20	40
	3614	21	40
	3615	20	36
	3616	19	39
	3617	19	37
	3618	18	40
	3619	21	38
	3620	20	38
	3621	18	39
	3622	19	38
	3623	20	37
	3624	20	38
	3625	23	37
	3626	19	40
	3627	23	39
	3628	23	39
	3629	20	40
	3630	19	39
	3631	21	40
	3632	22	40
	3633	21	38
	3634	20	39
	3635	20	42
	3636	21	39
	3637	22	40
	3638	17	41
	3639	20	39
	3640	22	37
	3641	20	42
	3642	20	40
	3643	19	39
	3644	16	40
	3645	20	37
	3646	20	41
	3647	19	39
	3648	21	39
	3649	24	38
	3650	19	39
	3651	21	40
	3652	19	39
	3653	18	40
	3654	19	43
	3655	21	40
	3656	17	39
	3657	21	40
	3658	18	39
	3659	21	39
	3660	18	39
	3661	19	40
	3662	23	38
	3663	19	39
	3664	20	41
	3665	19	42
	3666	21	41
	3667	25	40
	3668	20	39
	3669	21	39
	3670	18	42
	3671	21	42
	3672	20	39
	3673	19	40
	3674	19	37
	3675	19	41
	3676	19	39
	3677	18	41
	3678	19	39
	3679	20	38
	3680	19	37
	3681	23	38
	3682	19	38
	3683	19	38
	3684	19	40
	3685	22	40
	3686	21	39
	3687	21	42
	3688	19	38
	3689	19	42
	3690	17	39
	3691	20	40
	3692	21	41
	3693	20	39
	3694	20	36
	3695	21	39
	3696	17	39
	3697	23	38
	3698	18	40
	3699	21	38
	3700	24	36
	3701	21	40
	3702	18	40
	3703	19	39
	3704	20	38
	3705	20	38
	3706	21	39
	3707	17	41
	3708	19	38
	3709	19	43
	3710	16	40
	3711	21	39
	3712	20	38
	3713	23	39
	3714	19	36
	3715	19	40
	3716	17	38
	3717	20	39
	3718	20	38
	3719	18	38
	3720	19	39
	3721	20	39
	3722	16	40
	3723	19	37
