	0	13	39
	1	19	38
	2	17	38
	3	16	41
	4	18	38
	5	20	38
	6	16	39
	7	18	40
	8	15	38
	9	20	39
	10	17	37
	11	20	38
	12	17	39
	13	19	39
	14	17	39
	15	19	39
	16	19	37
	17	18	38
	18	16	39
	19	19	38
	20	19	41
	21	18	39
	22	16	39
	23	17	38
	24	19	39
	25	17	40
	26	19	41
	27	22	41
	28	20	43
	29	21	41
	30	21	41
	31	21	41
	32	19	43
	33	19	42
	34	22	39
	35	23	40
	36	19	40
	37	17	40
	38	19	44
	39	22	42
	40	23	42
	41	21	41
	42	20	39
	43	20	43
	44	20	42
	45	20	45
	46	23	42
	47	18	41
	48	20	39
	49	24	41
	50	20	41
	51	23	44
	52	20	41
	53	21	41
	54	22	42
	55	23	43
	56	22	41
	57	22	40
	58	20	41
	59	18	41
	60	22	41
	61	23	43
	62	21	42
	63	21	40
	64	19	43
	65	22	43
	66	21	41
	67	22	41
	68	21	45
	69	25	44
	70	20	43
	71	18	43
	72	23	42
	73	20	43
	74	22	42
	75	26	47
	76	20	44
	77	24	43
	78	22	44
	79	21	43
	80	22	43
	81	23	43
	82	19	43
	83	23	48
	84	23	42
	85	23	43
	86	22	40
	87	21	42
	88	24	41
	89	22	42
	90	24	44
	91	22	42
	92	20	42
	93	21	45
	94	21	45
	95	23	43
	96	18	48
	97	22	42
	98	22	41
	99	23	45
	100	21	41
	101	23	43
	102	22	40
	103	20	46
	104	23	43
	105	21	45
	106	24	44
	107	21	45
	108	21	42
	109	23	45
	110	20	42
	111	24	41
	112	21	46
	113	25	43
	114	26	43
	115	23	45
	116	22	40
	117	21	41
	118	24	43
	119	26	43
	120	23	44
	121	21	43
	122	24	40
	123	25	47
	124	25	44
	125	23	43
	126	22	43
	127	26	42
	128	24	41
	129	24	46
	130	20	40
	131	23	44
	132	20	41
	133	23	42
	134	21	42
	135	25	46
	136	30	41
	137	22	46
	138	23	43
	139	25	44
	140	23	42
	141	30	43
	142	24	44
	143	26	42
	144	22	45
	145	22	41
	146	24	39
	147	21	44
	148	22	46
	149	22	43
	150	21	41
	151	22	44
	152	21	39
	153	24	44
	154	21	44
	155	22	44
	156	22	43
	157	25	44
	158	23	43
	159	27	44
	160	22	44
	161	24	45
	162	23	44
	163	25	47
	164	23	44
	165	22	44
	166	25	41
	167	24	46
	168	24	41
	169	24	44
	170	25	45
	171	22	44
	172	23	45
	173	27	44
	174	24	45
	175	24	48
	176	18	41
	177	23	42
	178	25	46
	179	23	43
	180	24	46
	181	22	42
	182	22	44
	183	23	44
	184	24	42
	185	22	41
	186	23	41
	187	23	43
	188	24	41
	189	23	42
	190	21	43
	191	23	43
	192	23	44
	193	27	44
	194	21	42
	195	22	44
	196	25	44
	197	25	42
	198	21	41
	199	25	44
	200	25	43
	201	25	46
	202	26	41
	203	27	45
	204	24	45
	205	27	43
	206	24	41
	207	22	44
	208	24	42
	209	24	42
	210	20	43
	211	24	45
	212	24	47
	213	26	44
	214	24	44
	215	24	43
	216	23	41
	217	25	44
	218	23	45
	219	26	52
	220	20	41
	221	22	45
	222	23	41
	223	26	43
	224	23	44
	225	23	44
	226	23	43
	227	22	45
	228	22	44
	229	26	43
	230	23	43
	231	26	45
	232	22	44
	233	25	42
	234	25	44
	235	22	43
	236	27	43
	237	25	44
	238	23	46
	239	25	44
	240	23	42
	241	23	46
	242	22	44
	243	25	42
	244	24	43
	245	23	45
	246	21	45
	247	24	44
	248	22	45
	249	23	45
	250	24	43
	251	27	42
	252	23	45
	253	22	45
	254	22	43
	255	25	46
	256	23	39
	257	25	43
	258	23	44
	259	23	47
	260	22	42
	261	24	44
	262	24	43
	263	23	44
	264	25	41
	265	24	43
	266	23	45
	267	27	43
	268	20	43
	269	24	46
	270	21	41
	271	23	42
	272	23	41
	273	25	43
	274	24	43
	275	24	45
	276	20	43
	277	23	46
	278	25	41
	279	22	44
	280	24	43
	281	24	41
	282	19	45
	283	23	41
	284	24	43
	285	25	41
	286	22	43
	287	25	45
	288	23	44
	289	26	44
	290	28	45
	291	22	41
	292	24	45
	293	22	43
	294	23	42
	295	24	45
	296	23	43
	297	25	45
	298	30	43
	299	22	43
	300	26	43
	301	25	45
	302	21	46
	303	24	45
	304	22	44
	305	23	42
	306	27	43
	307	23	44
	308	22	47
	309	26	46
	310	23	41
	311	25	45
	312	26	45
	313	21	42
	314	24	42
	315	23	41
	316	21	45
	317	24	46
	318	23	43
	319	21	43
	320	25	44
	321	24	44
	322	22	45
	323	24	46
	324	20	42
	325	24	42
	326	22	41
	327	22	44
	328	23	41
	329	24	46
	330	22	45
	331	25	45
	332	24	42
	333	27	45
	334	26	41
	335	24	44
	336	23	44
	337	26	44
	338	25	44
	339	27	44
	340	23	44
	341	23	43
	342	26	41
	343	25	44
	344	23	42
	345	26	45
	346	26	43
	347	25	42
	348	25	41
	349	26	43
	350	22	44
	351	27	46
	352	23	43
	353	26	45
	354	24	42
	355	27	44
	356	24	44
	357	25	45
	358	25	44
	359	24	43
	360	27	40
	361	27	43
	362	27	42
	363	28	44
	364	23	41
	365	27	43
	366	24	45
	367	25	46
	368	26	46
	369	25	43
	370	29	44
	371	25	43
	372	25	43
	373	24	41
	374	26	43
	375	26	41
	376	23	41
	377	25	40
	378	27	43
	379	28	44
	380	23	42
	381	26	43
	382	25	41
	383	27	47
	384	26	46
	385	28	41
	386	30	40
	387	29	44
	388	27	43
	389	26	42
	390	27	45
	391	28	44
	392	27	43
	393	27	46
	394	29	43
	395	30	44
	396	27	45
	397	28	44
	398	23	45
	399	27	47
	400	24	44
	401	30	42
	402	28	42
	403	24	44
	404	29	44
	405	28	40
	406	25	42
	407	26	45
	408	27	42
	409	28	46
	410	27	44
	411	26	43
	412	28	43
	413	27	43
	414	27	42
	415	27	47
	416	28	43
	417	29	44
	418	29	42
	419	28	43
	420	28	43
	421	28	43
	422	27	42
	423	30	42
	424	29	43
	425	28	45
	426	28	45
	427	29	44
	428	29	41
	429	31	44
	430	27	44
	431	31	49
	432	30	44
	433	32	45
	434	33	45
	435	32	45
	436	28	45
	437	31	44
	438	30	41
	439	31	45
	440	31	42
	441	31	46
	442	30	44
	443	32	46
	444	27	41
	445	29	44
	446	32	43
	447	31	44
	448	31	45
	449	32	42
	450	33	42
	451	33	42
	452	42	43
	453	33	45
	454	34	43
	455	30	44
	456	32	43
	457	33	45
	458	32	44
	459	31	44
	460	33	45
	461	35	45
	462	30	46
	463	35	44
	464	32	44
	465	33	46
	466	37	43
	467	33	46
	468	36	41
	469	34	48
	470	34	42
	471	35	46
	472	33	45
	473	35	48
	474	37	42
	475	35	44
	476	37	46
	477	36	42
	478	33	43
	479	38	42
	480	38	44
	481	33	45
	482	35	44
	483	37	45
	484	37	45
	485	36	46
	486	37	44
	487	39	41
	488	39	41
	489	40	47
	490	41	44
	491	39	46
	492	39	45
	493	41	43
	494	38	45
	495	40	47
	496	40	44
	497	41	46
	498	37	43
	499	38	44
	500	41	44
	501	42	45
	502	44	45
	503	42	43
	504	41	43
	505	40	44
	506	43	47
	507	47	49
	508	40	42
	509	43	44
	510	43	44
	511	44	47
	512	45	46
	513	44	46
	514	42	43
	515	45	47
	516	44	46
	517	43	46
	518	42	46
	519	45	45
	520	44	44
	521	45	46
	522	44	44
	523	45	46
	524	44	45
	525	46	46
	526	48	43
	527	48	49
	528	48	44
	529	48	45
	530	48	45
	531	46	46
	532	46	48
	533	49	48
	534	46	44
	535	51	47
	536	48	47
	537	48	44
	538	48	45
	539	50	48
	540	49	43
	541	50	44
	542	49	43
	543	51	48
	544	52	44
	545	52	46
	546	50	48
	547	54	44
	548	52	45
	549	48	46
	550	50	46
	551	51	45
	552	54	47
	553	53	45
	554	54	46
	555	54	48
	556	51	47
	557	55	50
	558	54	41
	559	56	47
	560	58	45
	561	55	48
	562	56	48
	563	55	45
	564	54	45
	565	58	45
	566	58	48
	567	58	44
	568	59	47
	569	58	45
	570	56	46
	571	64	48
	572	60	44
	573	57	45
	574	60	45
	575	62	50
	576	60	48
	577	59	47
	578	62	47
	579	63	47
	580	67	46
	581	63	45
	582	63	44
	583	65	47
	584	64	48
	585	66	46
	586	65	47
	587	66	49
	588	65	46
	589	67	47
	590	66	50
	591	68	48
	592	65	47
	593	66	47
	594	68	47
	595	68	47
	596	68	50
	597	70	50
	598	71	45
	599	70	47
	600	72	46
	601	71	48
	602	75	49
	603	71	50
	604	70	49
	605	73	47
	606	73	43
	607	72	47
	608	73	46
	609	75	49
	610	72	47
	611	74	47
	612	72	51
	613	75	48
	614	77	48
	615	77	50
	616	74	48
	617	79	49
	618	75	49
	619	78	51
	620	77	49
	621	77	51
	622	77	48
	623	81	49
	624	80	51
	625	81	50
	626	77	49
	627	78	51
	628	79	49
	629	81	48
	630	81	50
	631	83	49
	632	82	48
	633	85	48
	634	81	48
	635	84	51
	636	84	50
	637	85	52
	638	86	54
	639	82	51
	640	83	51
	641	85	48
	642	88	54
	643	86	50
	644	86	51
	645	87	48
	646	87	52
	647	85	50
	648	88	47
	649	90	51
	650	87	49
	651	91	50
	652	89	50
	653	91	51
	654	91	50
	655	89	50
	656	90	50
	657	91	50
	658	91	54
	659	93	53
	660	95	53
	661	94	51
	662	93	51
	663	95	51
	664	94	52
	665	97	51
	666	94	51
	667	96	54
	668	93	51
	669	96	52
	670	95	51
	671	99	51
	672	98	53
	673	96	54
	674	97	53
	675	100	55
	676	99	48
	677	98	52
	678	101	53
	679	99	54
	680	102	53
	681	100	54
	682	99	50
	683	99	57
	684	103	51
	685	101	55
	686	100	54
	687	103	56
	688	101	51
	689	104	55
	690	105	53
	691	107	54
	692	105	51
	693	105	54
	694	106	57
	695	104	50
	696	104	54
	697	107	54
	698	105	53
	699	108	54
	700	105	56
	701	108	54
	702	107	54
	703	108	53
	704	108	54
	705	106	54
	706	108	54
	707	111	53
	708	114	51
	709	112	55
	710	110	55
	711	111	53
	712	108	55
	713	108	54
	714	108	53
	715	112	58
	716	111	54
	717	110	55
	718	113	56
	719	112	52
	720	110	54
	721	113	54
	722	113	56
	723	111	55
	724	113	53
	725	117	54
	726	117	51
	727	116	53
	728	113	53
	729	116	56
	730	117	55
	731	114	55
	732	114	55
	733	116	55
	734	115	54
	735	117	57
	736	116	52
	737	115	56
	738	119	56
	739	116	56
	740	116	57
	741	115	55
	742	118	55
	743	119	59
	744	113	58
	745	115	53
	746	115	56
	747	114	54
	748	118	55
	749	118	58
	750	115	58
	751	116	55
	752	115	55
	753	116	58
	754	115	53
	755	119	56
	756	116	52
	757	116	55
	758	115	57
	759	120	58
	760	112	52
	761	117	58
	762	116	56
	763	118	59
	764	116	54
	765	118	55
	766	115	54
	767	115	56
	768	117	51
	769	117	56
	770	115	56
	771	118	53
	772	117	54
	773	118	54
	774	116	53
	775	120	55
	776	122	53
	777	118	55
	778	117	52
	779	118	56
	780	115	55
	781	117	53
	782	116	54
	783	113	56
	784	116	56
	785	120	53
	786	115	58
	787	115	53
	788	115	55
	789	115	54
	790	117	53
	791	122	55
	792	113	54
	793	114	52
	794	114	51
	795	113	52
	796	115	51
	797	114	53
	798	114	55
	799	114	55
	800	115	52
	801	115	53
	802	109	54
	803	112	60
	804	113	55
	805	114	52
	806	113	52
	807	112	53
	808	108	56
	809	114	53
	810	112	50
	811	114	55
	812	109	53
	813	110	55
	814	111	55
	815	114	52
	816	110	55
	817	104	51
	818	108	53
	819	111	53
	820	108	52
	821	103	53
	822	108	49
	823	108	54
	824	104	52
	825	108	51
	826	107	52
	827	104	55
	828	108	54
	829	106	51
	830	102	52
	831	107	51
	832	102	53
	833	103	49
	834	106	51
	835	101	51
	836	99	51
	837	103	49
	838	102	50
	839	102	53
	840	99	50
	841	99	53
	842	102	50
	843	98	50
	844	100	50
	845	101	51
	846	97	50
	847	104	51
	848	100	50
	849	97	51
	850	94	50
	851	96	51
	852	95	52
	853	95	52
	854	96	49
	855	100	51
	856	94	51
	857	96	50
	858	97	52
	859	101	50
	860	98	50
	861	99	53
	862	98	50
	863	96	51
	864	95	54
	865	97	52
	866	95	48
	867	97	52
	868	97	50
	869	93	50
	870	93	48
	871	92	50
	872	89	49
	873	92	52
	874	91	50
	875	91	49
	876	94	50
	877	94	49
	878	93	48
	879	95	52
	880	89	50
	881	91	50
	882	91	49
	883	89	51
	884	92	47
	885	88	51
	886	91	46
	887	91	48
	888	89	48
	889	90	48
	890	88	51
	891	89	50
	892	93	46
	893	88	51
	894	87	46
	895	86	49
	896	86	51
	897	86	48
	898	85	49
	899	89	48
	900	84	49
	901	88	50
	902	84	47
	903	85	46
	904	84	49
	905	84	51
	906	85	47
	907	85	47
	908	84	48
	909	84	48
	910	81	48
	911	81	46
	912	80	46
	913	82	46
	914	83	49
	915	82	53
	916	77	49
	917	81	49
	918	81	48
	919	82	46
	920	81	45
	921	84	50
	922	81	49
	923	79	50
	924	80	45
	925	77	48
	926	78	45
	927	77	46
	928	77	47
	929	74	48
	930	75	48
	931	77	50
	932	70	47
	933	73	49
	934	74	46
	935	73	49
	936	74	45
	937	73	48
	938	71	46
	939	71	45
	940	72	45
	941	72	46
	942	69	47
	943	69	47
	944	73	47
	945	72	46
	946	69	45
	947	71	46
	948	70	46
	949	71	45
	950	67	54
	951	71	45
	952	70	50
	953	68	47
	954	71	45
	955	67	47
	956	66	46
	957	72	48
	958	65	48
	959	67	47
	960	66	44
	961	67	45
	962	66	47
	963	65	43
	964	64	48
	965	64	45
	966	62	45
	967	64	44
	968	62	45
	969	64	46
	970	61	48
	971	62	46
	972	60	48
	973	64	49
	974	59	47
	975	60	50
	976	60	48
	977	56	44
	978	57	48
	979	60	44
	980	55	45
	981	57	47
	982	58	47
	983	57	42
	984	55	46
	985	57	46
	986	52	46
	987	54	46
	988	53	41
	989	52	44
	990	53	44
	991	54	45
	992	49	46
	993	52	47
	994	51	45
	995	53	45
	996	53	46
	997	49	47
	998	53	47
	999	51	46
	1000	50	46
	1001	51	47
	1002	51	46
	1003	48	44
	1004	51	47
	1005	49	47
	1006	49	46
	1007	49	49
	1008	48	43
	1009	49	44
	1010	49	41
	1011	50	44
	1012	44	46
	1013	48	45
	1014	44	46
	1015	48	45
	1016	46	44
	1017	47	43
	1018	48	45
	1019	48	45
	1020	48	45
	1021	47	47
	1022	47	46
	1023	48	41
	1024	46	44
	1025	47	44
	1026	46	44
	1027	48	47
	1028	46	45
	1029	47	43
	1030	47	46
	1031	49	46
	1032	47	42
	1033	46	43
	1034	41	44
	1035	45	44
	1036	43	44
	1037	45	46
	1038	48	43
	1039	44	43
	1040	44	42
	1041	42	45
	1042	44	41
	1043	44	43
	1044	43	48
	1045	46	42
	1046	43	43
	1047	43	46
	1048	42	45
	1049	42	44
	1050	40	44
	1051	44	42
	1052	44	44
	1053	45	43
	1054	46	45
	1055	43	50
	1056	41	41
	1057	44	43
	1058	41	42
	1059	40	46
	1060	41	45
	1061	42	44
	1062	40	45
	1063	45	43
	1064	43	47
	1065	41	40
	1066	43	44
	1067	43	44
	1068	44	42
	1069	43	45
	1070	38	44
	1071	43	47
	1072	43	45
	1073	41	41
	1074	41	41
	1075	43	44
	1076	44	44
	1077	49	46
	1078	41	45
	1079	45	43
	1080	40	40
	1081	42	44
	1082	41	43
	1083	42	46
	1084	41	43
	1085	42	40
	1086	40	44
	1087	39	43
	1088	42	42
	1089	42	43
	1090	41	42
	1091	42	45
	1092	39	43
	1093	40	44
	1094	40	44
	1095	42	44
	1096	42	44
	1097	41	44
	1098	40	44
	1099	42	44
	1100	40	44
	1101	41	46
	1102	41	42
	1103	44	45
	1104	41	43
	1105	39	42
	1106	41	42
	1107	40	41
	1108	39	43
	1109	42	41
	1110	44	48
	1111	42	44
	1112	40	42
	1113	42	43
	1114	41	43
	1115	40	43
	1116	43	43
	1117	41	44
	1118	40	45
	1119	39	41
	1120	40	42
	1121	42	44
	1122	40	43
	1123	40	41
	1124	39	42
	1125	42	44
	1126	39	43
	1127	42	41
	1128	39	44
	1129	40	43
	1130	42	45
	1131	42	44
	1132	41	45
	1133	41	45
	1134	40	44
	1135	41	44
	1136	39	45
	1137	39	45
	1138	41	40
	1139	40	45
	1140	39	42
	1141	44	43
	1142	41	42
	1143	40	42
	1144	39	42
	1145	39	43
	1146	37	42
	1147	43	44
	1148	40	45
	1149	40	44
	1150	39	43
	1151	40	44
	1152	39	46
	1153	38	44
	1154	40	43
	1155	42	44
	1156	38	43
	1157	40	43
	1158	38	45
	1159	41	42
	1160	38	42
	1161	38	47
	1162	40	44
	1163	39	45
	1164	38	42
	1165	40	43
	1166	37	42
	1167	41	45
	1168	37	44
	1169	41	43
	1170	37	41
	1171	38	44
	1172	38	46
	1173	36	41
	1174	40	43
	1175	39	45
	1176	38	44
	1177	38	41
	1178	36	44
	1179	38	45
	1180	38	44
	1181	41	44
	1182	41	41
	1183	42	44
	1184	39	43
	1185	38	44
	1186	39	43
	1187	38	44
	1188	37	43
	1189	39	45
	1190	38	45
	1191	38	40
	1192	40	42
	1193	35	45
	1194	42	43
	1195	41	43
	1196	39	47
	1197	39	44
	1198	38	40
	1199	39	47
	1200	39	41
	1201	38	45
	1202	37	45
	1203	39	45
	1204	36	41
	1205	38	44
	1206	37	40
	1207	38	42
	1208	38	43
	1209	39	45
	1210	37	46
	1211	39	42
	1212	39	42
	1213	38	41
	1214	36	42
	1215	36	39
	1216	36	43
	1217	34	42
	1218	32	40
	1219	36	41
	1220	38	42
	1221	38	47
	1222	36	41
	1223	36	45
	1224	37	43
	1225	36	42
	1226	37	47
	1227	37	41
	1228	37	43
	1229	34	45
	1230	35	43
	1231	36	42
	1232	36	44
	1233	40	41
	1234	36	41
	1235	35	44
	1236	37	38
	1237	36	43
	1238	35	42
	1239	35	45
	1240	36	41
	1241	39	44
	1242	38	42
	1243	32	42
	1244	36	43
	1245	35	44
	1246	37	41
	1247	39	44
	1248	37	40
	1249	38	43
	1250	38	42
	1251	38	43
	1252	36	43
	1253	37	44
	1254	36	43
	1255	39	43
	1256	37	43
	1257	35	44
	1258	39	43
	1259	37	43
	1260	39	44
	1261	38	45
	1262	35	43
	1263	36	43
	1264	37	41
	1265	39	44
	1266	44	43
	1267	46	42
	1268	35	42
	1269	35	41
	1270	35	44
	1271	36	43
	1272	37	46
	1273	36	43
	1274	38	39
	1275	38	49
	1276	34	43
	1277	37	42
	1278	37	46
	1279	41	42
	1280	36	42
	1281	38	45
	1282	37	42
	1283	37	41
	1284	37	44
	1285	35	44
	1286	37	42
	1287	39	42
	1288	36	42
	1289	35	44
	1290	34	44
	1291	35	45
	1292	35	45
	1293	38	45
	1294	35	46
	1295	37	41
	1296	34	43
	1297	36	45
	1298	35	42
	1299	39	43
	1300	35	43
	1301	37	44
	1302	36	43
	1303	34	43
	1304	33	41
	1305	38	45
	1306	33	42
	1307	36	45
	1308	33	40
	1309	35	46
	1310	35	43
	1311	36	42
	1312	33	42
	1313	35	44
	1314	37	43
	1315	36	45
	1316	36	44
	1317	35	42
	1318	36	43
	1319	37	43
	1320	37	45
	1321	33	46
	1322	34	41
	1323	34	44
	1324	37	45
	1325	37	44
	1326	33	45
	1327	35	43
	1328	35	45
	1329	34	43
	1330	32	43
	1331	41	44
	1332	36	42
	1333	33	44
	1334	35	44
	1335	35	45
	1336	31	45
	1337	33	42
	1338	34	42
	1339	34	45
	1340	36	43
	1341	35	45
	1342	33	43
	1343	34	41
	1344	32	43
	1345	36	46
	1346	34	42
	1347	33	42
	1348	31	43
	1349	35	43
	1350	34	42
	1351	34	46
	1352	33	43
	1353	33	43
	1354	31	42
	1355	36	44
	1356	34	44
	1357	35	43
	1358	34	46
	1359	33	43
	1360	32	41
	1361	34	45
	1362	30	40
	1363	32	42
	1364	32	42
	1365	34	44
	1366	34	40
	1367	30	42
	1368	30	45
	1369	33	45
	1370	37	43
	1371	33	41
	1372	41	42
	1373	30	42
	1374	31	44
	1375	35	42
	1376	32	41
	1377	33	42
	1378	31	41
	1379	35	46
	1380	30	39
	1381	40	38
	1382	32	40
	1383	33	44
	1384	33	43
	1385	34	46
	1386	32	43
	1387	33	45
	1388	33	41
	1389	30	42
	1390	30	45
	1391	36	43
	1392	32	40
	1393	35	46
	1394	27	44
	1395	34	43
	1396	33	43
	1397	33	43
	1398	30	43
	1399	31	43
	1400	31	43
	1401	33	47
	1402	32	41
	1403	34	40
	1404	35	43
	1405	36	40
	1406	30	40
	1407	34	42
	1408	31	40
	1409	32	40
	1410	32	44
	1411	33	45
	1412	30	41
	1413	36	44
	1414	35	43
	1415	34	44
	1416	31	44
	1417	30	42
	1418	33	43
	1419	30	41
	1420	31	44
	1421	32	44
	1422	28	45
	1423	36	44
	1424	32	43
	1425	32	42
	1426	30	42
	1427	32	42
	1428	31	44
	1429	30	44
	1430	30	45
	1431	30	42
	1432	34	41
	1433	32	44
	1434	31	43
	1435	34	44
	1436	29	42
	1437	31	43
	1438	32	42
	1439	33	43
	1440	28	42
	1441	29	41
	1442	31	43
	1443	32	42
	1444	31	43
	1445	29	41
	1446	31	42
	1447	33	45
	1448	32	43
	1449	29	45
	1450	33	42
	1451	31	44
	1452	32	41
	1453	31	45
	1454	31	42
	1455	32	42
	1456	29	41
	1457	32	43
	1458	32	41
	1459	33	42
	1460	29	43
	1461	31	43
	1462	32	44
	1463	31	42
	1464	29	41
	1465	31	44
	1466	30	40
	1467	28	41
	1468	31	45
	1469	30	41
	1470	29	43
	1471	30	43
	1472	30	42
	1473	30	45
	1474	30	43
	1475	34	42
	1476	30	42
	1477	30	40
	1478	27	41
	1479	28	42
	1480	28	42
	1481	30	42
	1482	31	42
	1483	29	42
	1484	30	43
	1485	29	45
	1486	30	42
	1487	32	46
	1488	30	40
	1489	30	43
	1490	31	41
	1491	31	41
	1492	28	41
	1493	33	44
	1494	30	43
	1495	32	45
	1496	29	42
	1497	30	42
	1498	27	43
	1499	31	44
	1500	28	41
	1501	27	44
	1502	28	41
	1503	30	40
	1504	33	40
	1505	32	42
	1506	26	42
	1507	33	44
	1508	30	41
	1509	30	42
	1510	30	42
	1511	28	43
	1512	30	42
	1513	33	43
	1514	28	42
	1515	28	40
	1516	27	43
	1517	29	41
	1518	28	42
	1519	29	40
	1520	28	41
	1521	29	40
	1522	29	41
	1523	29	44
	1524	27	43
	1525	28	42
	1526	28	39
	1527	29	43
	1528	30	43
	1529	30	46
	1530	30	41
	1531	36	44
	1532	29	43
	1533	29	42
	1534	30	43
	1535	31	42
	1536	28	40
	1537	29	39
	1538	28	42
	1539	30	42
	1540	28	40
	1541	30	43
	1542	29	40
	1543	30	43
	1544	28	42
	1545	29	46
	1546	26	39
	1547	31	43
	1548	31	43
	1549	30	41
	1550	28	42
	1551	30	43
	1552	29	45
	1553	30	40
	1554	29	40
	1555	29	41
	1556	26	42
	1557	30	41
	1558	33	49
	1559	31	42
	1560	29	38
	1561	34	42
	1562	35	42
	1563	34	43
	1564	30	42
	1565	33	43
	1566	34	40
	1567	34	42
	1568	35	41
	1569	37	41
	1570	36	44
	1571	36	52
	1572	36	43
	1573	35	44
	1574	36	41
	1575	36	41
	1576	37	44
	1577	37	43
	1578	39	47
	1579	35	46
	1580	37	42
	1581	38	46
	1582	38	43
	1583	38	44
	1584	37	43
	1585	41	42
	1586	41	45
	1587	38	44
	1588	39	44
	1589	40	40
	1590	39	41
	1591	36	41
	1592	37	45
	1593	38	43
	1594	37	43
	1595	38	44
	1596	37	43
	1597	44	43
	1598	37	44
	1599	39	45
	1600	37	44
	1601	39	45
	1602	35	46
	1603	40	42
	1604	37	45
	1605	36	45
	1606	36	42
	1607	38	45
	1608	39	45
	1609	40	45
	1610	36	44
	1611	38	44
	1612	36	42
	1613	37	45
	1614	39	40
	1615	37	43
	1616	35	40
	1617	38	41
	1618	34	43
	1619	39	43
	1620	39	41
	1621	38	45
	1622	39	43
	1623	37	42
	1624	36	44
	1625	37	46
	1626	38	43
	1627	40	44
	1628	38	40
	1629	36	43
	1630	35	43
	1631	36	43
	1632	35	42
	1633	40	47
	1634	36	43
	1635	38	46
	1636	38	43
	1637	34	43
	1638	37	44
	1639	38	43
	1640	37	44
	1641	38	45
	1642	36	46
	1643	38	42
	1644	35	45
	1645	39	44
	1646	43	42
	1647	38	45
	1648	33	41
	1649	38	42
	1650	36	41
	1651	34	44
	1652	35	43
	1653	39	44
	1654	37	46
	1655	40	42
	1656	32	43
	1657	37	44
	1658	34	43
	1659	40	41
	1660	34	42
	1661	35	44
	1662	34	43
	1663	38	43
	1664	36	42
	1665	37	44
	1666	37	40
	1667	37	42
	1668	35	43
	1669	37	45
	1670	36	44
	1671	38	41
	1672	34	44
	1673	37	43
	1674	35	42
	1675	36	43
	1676	39	43
	1677	35	40
	1678	36	42
	1679	35	43
	1680	34	40
	1681	38	43
	1682	33	44
	1683	35	43
	1684	33	44
	1685	33	45
	1686	33	42
	1687	35	45
	1688	32	43
	1689	33	43
	1690	31	44
	1691	29	41
	1692	30	45
	1693	32	45
	1694	32	43
	1695	30	43
	1696	28	43
	1697	31	42
	1698	29	39
	1699	30	42
	1700	27	43
	1701	26	42
	1702	26	43
	1703	27	44
	1704	25	42
	1705	29	43
	1706	24	39
	1707	25	41
	1708	25	41
	1709	24	42
	1710	24	43
	1711	25	40
	1712	24	43
	1713	25	39
	1714	25	39
	1715	29	38
	1716	25	41
	1717	27	41
	1718	26	40
	1719	25	44
	1720	24	38
	1721	27	41
	1722	25	41
	1723	22	40
	1724	25	40
	1725	24	41
	1726	30	42
	1727	25	43
	1728	25	40
	1729	24	41
	1730	25	40
	1731	26	41
	1732	24	42
	1733	22	42
	1734	23	40
	1735	23	41
	1736	22	42
	1737	23	43
	1738	24	40
	1739	25	42
	1740	25	41
	1741	22	39
	1742	24	40
	1743	24	41
	1744	21	38
	1745	24	40
	1746	23	39
	1747	24	41
	1748	24	42
	1749	24	40
	1750	23	39
	1751	24	43
	1752	22	41
	1753	24	41
	1754	23	39
	1755	23	40
	1756	24	42
	1757	25	38
	1758	24	41
	1759	24	42
	1760	22	40
	1761	24	39
	1762	24	42
	1763	23	36
	1764	20	41
	1765	24	41
	1766	23	40
	1767	22	41
	1768	24	41
	1769	22	44
	1770	22	39
	1771	22	41
	1772	22	41
	1773	24	45
	1774	20	40
	1775	22	40
	1776	21	41
	1777	25	40
	1778	27	38
	1779	24	39
	1780	24	40
	1781	22	41
	1782	26	41
	1783	23	39
	1784	24	41
	1785	25	43
	1786	23	41
	1787	22	41
	1788	23	41
	1789	25	41
	1790	23	41
	1791	25	42
	1792	22	39
	1793	23	41
	1794	20	39
	1795	24	41
	1796	27	38
	1797	24	39
	1798	26	41
	1799	23	43
	1800	21	40
	1801	24	41
	1802	25	43
	1803	27	43
	1804	25	41
	1805	24	41
	1806	21	39
	1807	25	41
	1808	21	41
	1809	23	41
	1810	22	41
	1811	24	42
	1812	23	38
	1813	22	42
	1814	23	39
	1815	24	42
	1816	22	42
	1817	24	39
	1818	25	39
	1819	22	42
	1820	24	42
	1821	23	44
	1822	21	39
	1823	26	39
	1824	21	40
	1825	21	43
	1826	25	41
	1827	24	44
	1828	23	40
	1829	22	45
	1830	25	42
	1831	25	43
	1832	23	42
	1833	24	41
	1834	22	42
	1835	27	43
	1836	22	42
	1837	25	43
	1838	22	42
	1839	25	39
	1840	22	41
	1841	21	43
	1842	24	42
	1843	23	39
	1844	23	40
	1845	22	41
	1846	21	39
	1847	21	42
	1848	22	43
	1849	23	44
	1850	20	41
	1851	26	41
	1852	21	41
	1853	24	42
	1854	23	40
	1855	22	40
	1856	24	42
	1857	25	41
	1858	23	38
	1859	21	41
	1860	19	41
	1861	22	42
	1862	26	40
	1863	21	44
	1864	23	40
	1865	24	42
	1866	21	40
	1867	20	43
	1868	21	40
	1869	25	44
	1870	19	41
	1871	23	41
	1872	22	42
	1873	21	42
	1874	22	40
	1875	22	39
	1876	21	41
	1877	21	40
	1878	24	39
	1879	26	44
	1880	24	42
	1881	23	40
	1882	23	39
	1883	25	41
	1884	22	40
	1885	24	41
	1886	20	41
	1887	21	40
	1888	23	39
	1889	22	39
	1890	23	41
	1891	22	42
	1892	23	40
	1893	23	42
	1894	22	42
	1895	22	42
	1896	22	40
	1897	20	41
	1898	20	40
	1899	21	45
	1900	22	41
	1901	26	40
	1902	26	41
	1903	21	41
	1904	24	41
	1905	20	39
	1906	21	42
	1907	29	42
	1908	20	39
	1909	22	38
	1910	24	41
	1911	24	43
	1912	21	42
	1913	22	41
	1914	23	41
	1915	23	39
	1916	23	41
	1917	24	39
	1918	19	43
	1919	23	40
	1920	21	39
	1921	19	46
	1922	21	39
	1923	22	42
	1924	22	40
	1925	21	43
	1926	23	43
	1927	24	43
	1928	25	42
	1929	25	43
	1930	23	40
	1931	23	41
	1932	24	42
	1933	22	43
	1934	19	42
	1935	23	40
	1936	20	39
	1937	22	40
	1938	21	38
	1939	21	41
	1940	22	39
	1941	23	41
	1942	21	40
	1943	24	40
	1944	20	40
	1945	21	41
	1946	23	41
	1947	24	42
	1948	23	42
	1949	20	42
	1950	20	40
	1951	23	41
	1952	20	38
	1953	23	42
	1954	25	39
	1955	22	41
	1956	23	39
	1957	23	42
	1958	19	41
	1959	21	42
	1960	23	42
	1961	21	39
	1962	23	43
	1963	20	40
	1964	21	41
	1965	21	43
	1966	24	38
	1967	23	40
	1968	23	37
	1969	19	42
	1970	22	43
	1971	20	41
	1972	20	39
	1973	22	38
	1974	21	40
	1975	22	41
	1976	21	41
	1977	23	43
	1978	19	41
	1979	22	41
	1980	21	41
	1981	22	40
	1982	21	40
	1983	23	39
	1984	22	38
	1985	24	41
	1986	21	40
	1987	21	41
	1988	24	40
	1989	21	40
	1990	22	43
	1991	22	41
	1992	21	41
	1993	21	42
	1994	22	39
	1995	21	40
	1996	21	42
	1997	21	38
	1998	19	41
	1999	22	39
	2000	20	39
	2001	21	41
	2002	21	42
	2003	21	40
	2004	23	42
	2005	23	43
	2006	21	38
	2007	24	39
	2008	19	42
	2009	21	40
	2010	21	42
	2011	21	40
	2012	20	40
	2013	22	41
	2014	22	40
	2015	22	43
	2016	19	40
	2017	21	41
	2018	21	42
	2019	20	41
	2020	21	39
	2021	22	40
	2022	21	41
	2023	19	43
	2024	19	41
	2025	22	40
	2026	20	42
	2027	24	40
	2028	19	40
	2029	22	42
	2030	20	41
	2031	21	43
	2032	20	41
	2033	20	44
	2034	21	39
	2035	17	40
	2036	20	41
	2037	18	40
	2038	16	40
	2039	21	43
	2040	19	41
	2041	22	42
	2042	20	40
	2043	16	38
	2044	19	41
	2045	21	43
	2046	19	40
	2047	20	41
	2048	21	41
	2049	22	39
	2050	20	39
	2051	18	41
	2052	19	40
	2053	19	41
	2054	19	39
	2055	20	40
	2056	21	42
	2057	21	41
	2058	22	39
	2059	22	43
	2060	20	42
	2061	20	42
	2062	20	38
	2063	21	42
	2064	18	40
	2065	20	43
	2066	21	41
	2067	20	43
	2068	19	41
	2069	20	40
	2070	18	37
	2071	18	45
	2072	19	42
	2073	19	40
	2074	17	38
	2075	21	41
	2076	18	41
	2077	20	41
	2078	19	41
	2079	23	42
	2080	19	40
	2081	22	38
	2082	19	42
	2083	20	39
	2084	19	40
	2085	21	42
	2086	18	38
	2087	19	39
	2088	18	39
	2089	19	39
	2090	17	41
	2091	21	38
	2092	21	39
	2093	19	40
	2094	20	39
	2095	23	41
	2096	19	38
	2097	21	41
	2098	19	37
	2099	19	41
	2100	20	42
	2101	23	41
	2102	21	41
	2103	22	42
	2104	19	38
	2105	22	41
	2106	20	42
	2107	20	41
	2108	16	39
	2109	20	38
	2110	19	38
	2111	21	39
	2112	19	38
	2113	21	41
	2114	20	40
	2115	17	41
	2116	20	39
	2117	21	41
	2118	21	39
	2119	20	42
	2120	20	42
	2121	21	41
	2122	18	44
	2123	20	41
	2124	19	40
	2125	20	41
	2126	17	39
	2127	22	39
	2128	19	39
	2129	17	40
	2130	19	43
	2131	19	43
	2132	20	40
	2133	22	41
	2134	19	41
	2135	21	42
	2136	20	41
	2137	20	41
	2138	20	39
	2139	24	40
	2140	18	40
	2141	21	42
	2142	18	41
	2143	20	40
	2144	20	41
	2145	23	41
	2146	19	39
	2147	19	41
	2148	19	41
	2149	19	41
	2150	19	38
	2151	21	43
	2152	22	40
	2153	23	41
	2154	21	40
	2155	19	40
	2156	19	38
	2157	22	39
	2158	19	39
	2159	21	39
	2160	19	39
	2161	21	38
	2162	19	40
	2163	20	40
	2164	19	41
	2165	20	39
	2166	19	38
	2167	19	39
	2168	18	42
	2169	21	39
	2170	20	62
	2171	20	42
	2172	21	38
	2173	20	37
	2174	18	41
	2175	21	38
	2176	21	41
	2177	19	41
	2178	19	39
	2179	19	41
	2180	21	40
	2181	17	42
	2182	21	40
	2183	24	41
	2184	19	41
	2185	21	44
	2186	18	40
	2187	20	43
	2188	16	41
	2189	20	41
	2190	19	38
	2191	22	45
	2192	21	40
	2193	17	38
	2194	20	44
	2195	21	40
	2196	19	37
	2197	22	41
	2198	18	42
	2199	19	39
	2200	18	38
	2201	21	37
	2202	19	41
	2203	20	41
	2204	17	38
	2205	25	42
	2206	19	39
	2207	20	41
	2208	21	40
	2209	20	39
	2210	20	39
	2211	19	39
	2212	19	41
	2213	19	43
	2214	20	41
	2215	21	41
	2216	17	41
	2217	24	41
	2218	19	40
	2219	21	41
	2220	18	40
	2221	18	40
	2222	20	40
	2223	21	42
	2224	18	39
	2225	19	39
	2226	17	40
	2227	19	42
	2228	18	40
	2229	21	39
	2230	20	39
	2231	19	41
	2232	18	39
	2233	19	41
	2234	20	41
	2235	18	40
	2236	21	41
	2237	18	41
	2238	20	39
	2239	22	42
	2240	21	36
	2241	19	39
	2242	19	41
	2243	21	38
	2244	21	38
	2245	20	42
	2246	19	41
	2247	19	43
	2248	19	41
	2249	21	42
	2250	19	41
	2251	20	42
	2252	20	40
	2253	21	41
	2254	19	39
	2255	21	41
	2256	23	39
	2257	22	40
	2258	19	38
	2259	19	40
	2260	18	40
	2261	20	42
	2262	19	42
	2263	18	43
	2264	16	40
	2265	18	41
	2266	17	40
	2267	20	39
	2268	22	40
	2269	22	40
	2270	19	39
	2271	21	40
	2272	19	39
	2273	19	40
	2274	22	38
	2275	21	40
	2276	19	41
	2277	17	43
	2278	18	42
	2279	18	41
	2280	20	42
	2281	22	40
	2282	22	41
	2283	21	39
	2284	18	42
	2285	21	36
	2286	20	40
	2287	22	42
	2288	22	40
	2289	19	40
	2290	21	41
	2291	20	44
	2292	20	38
	2293	20	39
	2294	20	40
	2295	23	41
	2296	18	40
	2297	20	43
	2298	20	42
	2299	20	41
	2300	18	40
	2301	20	40
	2302	18	43
	2303	20	43
	2304	17	41
	2305	19	41
	2306	18	41
	2307	20	41
	2308	18	42
	2309	22	40
	2310	17	39
	2311	21	42
	2312	18	38
	2313	21	41
	2314	19	40
	2315	19	39
	2316	19	40
	2317	18	38
	2318	16	41
	2319	19	39
	2320	21	40
	2321	22	39
	2322	21	38
	2323	22	40
	2324	20	41
	2325	20	42
	2326	19	38
	2327	21	38
	2328	20	39
	2329	24	41
	2330	21	41
	2331	21	41
	2332	22	39
	2333	23	39
	2334	21	39
	2335	20	39
	2336	19	40
	2337	19	42
	2338	19	41
	2339	18	40
	2340	21	43
	2341	18	39
	2342	21	41
	2343	21	40
	2344	19	38
	2345	19	41
	2346	21	40
	2347	19	39
	2348	19	38
	2349	21	38
	2350	18	38
	2351	20	44
	2352	19	40
	2353	19	39
	2354	19	40
	2355	19	39
	2356	19	38
	2357	20	37
	2358	18	41
	2359	22	39
	2360	19	39
	2361	19	40
	2362	19	37
	2363	19	42
	2364	18	36
	2365	19	40
	2366	17	40
	2367	19	38
	2368	22	43
	2369	22	41
	2370	21	38
	2371	21	40
	2372	20	40
	2373	21	42
	2374	18	41
	2375	20	41
	2376	19	39
	2377	19	41
	2378	19	40
	2379	21	39
	2380	20	40
	2381	19	39
	2382	19	38
	2383	19	40
	2384	18	36
	2385	18	39
	2386	17	40
	2387	21	41
	2388	18	40
	2389	19	40
	2390	17	38
	2391	20	43
	2392	20	40
	2393	18	41
	2394	18	40
	2395	21	38
	2396	20	39
	2397	18	42
	2398	21	41
	2399	20	44
	2400	19	43
	2401	19	39
	2402	20	38
	2403	27	43
	2404	18	38
	2405	20	42
	2406	18	38
	2407	21	40
	2408	20	43
	2409	20	40
	2410	19	40
	2411	22	41
	2412	21	40
	2413	18	40
	2414	18	37
	2415	19	39
	2416	21	41
	2417	18	46
	2418	20	39
	2419	20	39
	2420	19	40
	2421	20	39
	2422	18	39
	2423	19	43
	2424	21	39
	2425	20	40
	2426	19	40
	2427	21	41
	2428	20	39
	2429	20	38
	2430	17	39
	2431	20	42
	2432	19	40
	2433	18	42
	2434	18	41
	2435	19	38
	2436	19	39
	2437	20	42
	2438	19	41
	2439	20	39
	2440	19	39
	2441	18	38
	2442	20	42
	2443	22	40
	2444	17	39
	2445	21	40
	2446	22	38
	2447	19	39
	2448	19	40
	2449	16	40
	2450	19	41
	2451	20	42
	2452	21	40
	2453	19	40
	2454	20	40
	2455	19	41
	2456	19	39
	2457	18	42
	2458	18	40
	2459	20	40
	2460	23	39
	2461	21	42
	2462	19	40
	2463	19	40
	2464	18	45
	2465	19	41
	2466	18	39
	2467	20	41
	2468	20	39
	2469	21	42
	2470	18	42
	2471	22	45
	2472	19	41
	2473	20	40
	2474	21	38
	2475	22	40
	2476	19	41
	2477	21	42
	2478	20	42
	2479	20	40
	2480	19	43
	2481	21	42
	2482	20	41
	2483	19	41
	2484	19	37
	2485	21	40
	2486	18	40
	2487	19	39
	2488	19	40
	2489	18	39
	2490	19	40
	2491	19	38
	2492	21	36
	2493	20	40
	2494	21	40
	2495	21	40
	2496	18	39
	2497	21	41
	2498	20	38
	2499	21	40
	2500	17	39
	2501	21	41
	2502	22	39
	2503	19	41
	2504	19	40
	2505	22	42
	2506	18	40
	2507	21	42
	2508	21	40
	2509	21	40
	2510	23	38
	2511	23	38
	2512	22	39
	2513	18	40
	2514	17	41
	2515	21	35
	2516	22	40
	2517	20	39
	2518	19	41
	2519	20	40
	2520	21	39
	2521	19	38
	2522	20	39
	2523	20	42
	2524	21	41
	2525	20	40
	2526	19	42
	2527	20	40
	2528	18	40
	2529	21	39
	2530	19	41
	2531	23	39
	2532	20	39
	2533	20	40
	2534	19	44
	2535	21	41
	2536	20	39
	2537	20	42
	2538	21	38
	2539	19	42
	2540	18	39
	2541	21	42
	2542	19	39
	2543	19	38
	2544	21	38
	2545	21	40
	2546	21	39
	2547	18	41
	2548	20	43
	2549	20	39
	2550	20	40
	2551	18	40
	2552	20	39
	2553	19	40
	2554	17	38
	2555	17	43
	2556	22	39
	2557	19	42
	2558	20	39
	2559	19	39
	2560	17	38
	2561	20	41
	2562	20	38
	2563	21	42
	2564	20	39
	2565	20	40
	2566	18	39
	2567	22	44
	2568	17	42
	2569	18	40
	2570	20	40
	2571	21	39
	2572	21	38
	2573	18	41
	2574	19	41
	2575	24	39
	2576	19	40
	2577	23	41
	2578	20	39
	2579	17	39
	2580	18	38
	2581	21	40
	2582	19	40
	2583	18	38
	2584	15	37
	2585	19	42
	2586	21	41
	2587	20	39
	2588	19	40
	2589	21	40
	2590	20	40
	2591	20	41
	2592	20	36
	2593	20	38
	2594	20	39
	2595	21	38
	2596	20	40
	2597	22	38
	2598	21	39
	2599	20	39
	2600	21	40
	2601	19	39
	2602	20	41
	2603	19	37
	2604	23	39
	2605	20	40
	2606	20	39
	2607	18	40
	2608	19	38
	2609	22	40
	2610	19	41
	2611	23	42
	2612	20	39
	2613	19	38
	2614	19	39
	2615	23	42
	2616	20	41
	2617	19	41
	2618	20	39
	2619	19	40
	2620	18	40
	2621	21	42
	2622	18	41
	2623	19	43
	2624	19	39
	2625	22	41
	2626	25	42
	2627	20	41
	2628	18	44
	2629	21	39
	2630	20	37
	2631	20	43
	2632	20	39
	2633	21	41
	2634	18	40
	2635	19	40
	2636	18	39
	2637	23	41
	2638	21	39
	2639	21	41
	2640	20	38
	2641	20	38
	2642	19	39
	2643	19	42
	2644	16	38
	2645	23	43
	2646	19	39
	2647	22	40
	2648	20	39
	2649	19	40
	2650	21	40
	2651	20	40
	2652	19	41
	2653	21	39
	2654	20	40
	2655	22	39
	2656	21	38
	2657	19	40
	2658	18	39
	2659	19	39
	2660	17	42
	2661	22	39
	2662	21	40
	2663	21	41
	2664	21	39
	2665	21	41
	2666	19	39
	2667	19	43
	2668	18	39
	2669	21	42
	2670	19	39
	2671	18	41
	2672	21	40
	2673	20	43
	2674	19	40
	2675	20	42
	2676	19	41
	2677	19	42
	2678	18	38
	2679	19	41
	2680	21	39
	2681	19	38
	2682	19	38
	2683	22	41
	2684	19	39
	2685	18	40
	2686	19	41
	2687	21	41
	2688	20	36
	2689	23	41
	2690	19	41
	2691	22	39
	2692	19	39
	2693	19	39
	2694	22	42
	2695	22	40
	2696	19	39
	2697	16	41
	2698	19	39
	2699	18	42
	2700	19	41
	2701	18	42
	2702	19	39
	2703	21	38
	2704	19	39
	2705	20	41
	2706	18	42
	2707	19	41
	2708	17	42
	2709	22	41
	2710	20	42
	2711	23	42
	2712	19	40
	2713	19	38
	2714	22	39
	2715	21	40
	2716	18	36
	2717	18	39
	2718	18	40
	2719	22	39
	2720	18	40
	2721	26	39
	2722	22	41
	2723	22	41
	2724	16	39
	2725	20	43
	2726	24	36
	2727	19	39
	2728	19	40
	2729	19	43
	2730	19	41
	2731	22	40
	2732	18	41
	2733	19	41
	2734	19	41
	2735	20	40
	2736	18	40
	2737	18	39
	2738	18	36
	2739	21	40
	2740	16	39
	2741	18	40
	2742	18	39
	2743	20	39
	2744	21	41
	2745	21	39
	2746	19	41
	2747	22	38
	2748	20	39
	2749	20	42
	2750	21	42
	2751	19	43
	2752	18	38
	2753	21	40
	2754	19	41
	2755	19	41
	2756	17	38
	2757	19	42
	2758	18	40
	2759	20	39
	2760	17	39
	2761	21	40
	2762	21	40
	2763	22	38
	2764	17	38
	2765	21	40
	2766	19	41
	2767	20	40
	2768	20	41
	2769	18	39
	2770	20	39
	2771	23	41
	2772	19	40
	2773	21	41
	2774	19	40
	2775	20	40
	2776	18	39
	2777	19	41
	2778	20	41
	2779	22	38
	2780	19	40
	2781	22	40
	2782	18	41
	2783	24	40
	2784	21	39
	2785	21	41
	2786	23	41
	2787	23	39
	2788	17	40
	2789	21	42
	2790	18	40
	2791	18	41
	2792	21	39
	2793	21	40
	2794	19	40
	2795	22	39
	2796	21	36
	2797	21	39
	2798	19	38
	2799	20	41
	2800	18	41
	2801	22	40
	2802	16	43
	2803	19	44
	2804	19	39
	2805	19	41
	2806	21	37
	2807	20	40
	2808	19	43
	2809	21	42
	2810	18	39
	2811	19	40
	2812	19	40
	2813	18	39
	2814	18	41
	2815	22	40
	2816	20	40
	2817	19	41
	2818	22	41
	2819	20	41
	2820	22	40
	2821	23	38
	2822	20	39
	2823	20	40
	2824	18	38
	2825	19	41
	2826	19	39
	2827	20	39
	2828	20	39
	2829	19	40
	2830	19	38
	2831	23	42
	2832	19	39
	2833	20	38
	2834	19	41
	2835	21	40
	2836	19	41
	2837	20	41
	2838	23	38
	2839	21	40
	2840	19	40
	2841	19	40
	2842	19	38
	2843	20	41
	2844	19	39
	2845	21	42
	2846	20	39
	2847	20	40
	2848	17	38
	2849	19	39
	2850	16	41
	2851	18	44
	2852	17	39
	2853	19	40
	2854	20	40
	2855	18	39
	2856	16	40
	2857	19	37
	2858	17	42
	2859	20	41
	2860	20	39
	2861	19	39
	2862	19	41
	2863	20	42
	2864	18	38
	2865	19	39
	2866	18	39
	2867	20	38
	2868	16	41
	2869	20	43
	2870	24	41
	2871	18	37
	2872	20	40
	2873	19	40
	2874	22	41
	2875	21	40
	2876	21	37
	2877	20	41
	2878	21	41
	2879	24	40
	2880	19	40
	2881	20	39
	2882	20	39
	2883	22	43
	2884	18	40
	2885	19	44
	2886	18	40
	2887	18	41
	2888	19	42
	2889	41	43
	2890	19	39
	2891	19	42
	2892	22	39
	2893	20	37
	2894	17	41
	2895	21	40
	2896	22	41
	2897	20	41
	2898	21	39
	2899	22	43
	2900	19	42
	2901	22	42
	2902	20	39
	2903	18	39
	2904	21	38
	2905	19	40
	2906	18	40
	2907	19	41
	2908	18	43
	2909	20	39
	2910	17	39
	2911	19	43
	2912	20	39
	2913	20	43
	2914	20	45
	2915	21	41
	2916	20	39
	2917	21	43
	2918	23	39
	2919	19	39
	2920	25	40
	2921	20	41
	2922	19	42
	2923	18	38
	2924	20	40
	2925	19	38
	2926	18	39
	2927	19	37
	2928	17	37
	2929	21	42
	2930	19	38
	2931	21	43
	2932	21	39
	2933	20	38
	2934	20	40
	2935	20	39
	2936	19	40
	2937	18	39
	2938	22	39
	2939	19	39
	2940	20	40
	2941	17	39
	2942	20	41
	2943	19	41
	2944	19	41
	2945	19	41
	2946	17	40
	2947	20	40
	2948	19	39
	2949	19	42
	2950	20	39
	2951	20	42
	2952	18	39
	2953	20	43
	2954	21	38
	2955	18	43
	2956	19	40
	2957	21	40
	2958	22	40
	2959	19	41
	2960	20	40
	2961	19	37
	2962	19	39
	2963	19	42
	2964	19	39
	2965	19	39
	2966	18	38
	2967	20	41
	2968	19	37
	2969	19	41
	2970	17	39
	2971	20	40
	2972	19	43
	2973	20	40
	2974	19	41
	2975	19	41
	2976	19	40
	2977	23	41
	2978	16	39
	2979	19	43
	2980	20	40
	2981	18	40
	2982	19	39
	2983	20	39
	2984	20	37
	2985	18	42
	2986	19	40
	2987	20	41
	2988	19	38
	2989	22	38
	2990	20	37
	2991	21	40
	2992	17	42
	2993	19	41
	2994	18	42
	2995	20	38
	2996	23	39
	2997	20	40
	2998	23	38
	2999	19	43
	3000	20	38
	3001	18	36
	3002	21	39
	3003	22	38
	3004	18	39
	3005	23	41
	3006	18	39
	3007	23	41
	3008	19	41
	3009	18	42
	3010	19	38
	3011	22	39
	3012	19	40
	3013	18	39
	3014	20	43
	3015	21	38
	3016	20	38
	3017	20	42
	3018	21	39
	3019	21	40
	3020	18	39
	3021	22	40
	3022	18	38
	3023	20	41
	3024	19	36
	3025	22	40
	3026	20	41
	3027	23	41
	3028	19	37
	3029	22	41
	3030	20	36
	3031	20	41
	3032	19	40
	3033	20	38
	3034	21	39
	3035	21	39
	3036	19	39
	3037	21	41
	3038	18	39
	3039	18	40
	3040	18	41
	3041	21	41
	3042	18	40
	3043	19	41
	3044	21	41
	3045	18	42
	3046	19	38
	3047	20	37
	3048	19	39
	3049	18	41
	3050	18	39
	3051	21	39
	3052	21	41
	3053	19	39
	3054	19	38
	3055	21	41
	3056	18	37
	3057	20	44
	3058	18	38
	3059	18	39
	3060	19	40
	3061	18	40
	3062	18	40
	3063	20	42
	3064	22	40
	3065	19	40
	3066	18	40
	3067	21	37
	3068	19	39
	3069	22	39
	3070	18	38
	3071	18	38
	3072	20	39
	3073	20	43
	3074	20	41
	3075	21	40
	3076	18	36
	3077	20	44
	3078	19	39
	3079	21	41
	3080	20	38
	3081	19	39
	3082	17	40
	3083	21	42
	3084	20	41
	3085	21	40
	3086	19	39
	3087	20	39
	3088	20	39
	3089	22	41
	3090	18	39
	3091	21	42
	3092	21	39
	3093	19	39
	3094	22	39
	3095	20	41
	3096	18	40
	3097	20	42
	3098	17	39
	3099	18	38
	3100	19	43
	3101	19	42
	3102	19	39
	3103	20	40
	3104	19	39
	3105	21	41
	3106	20	40
	3107	24	39
	3108	19	40
	3109	17	39
	3110	20	41
	3111	19	43
	3112	19	39
	3113	19	42
	3114	18	39
	3115	20	40
	3116	18	38
	3117	24	39
	3118	19	40
	3119	22	41
	3120	19	40
	3121	16	39
	3122	19	37
	3123	21	41
	3124	18	37
	3125	18	40
	3126	19	41
	3127	21	39
	3128	20	40
	3129	19	40
	3130	17	40
	3131	20	42
	3132	20	41
	3133	21	40
	3134	19	40
	3135	19	39
	3136	18	39
	3137	19	44
	3138	20	36
	3139	19	44
	3140	18	42
	3141	17	40
	3142	21	40
	3143	18	40
	3144	21	39
	3145	18	39
	3146	26	40
	3147	22	42
	3148	20	40
	3149	18	40
	3150	20	39
	3151	23	41
	3152	20	39
	3153	21	44
	3154	17	42
	3155	19	40
	3156	19	39
	3157	19	43
	3158	21	42
	3159	20	40
	3160	18	40
	3161	19	41
	3162	19	41
	3163	22	41
	3164	18	38
	3165	22	40
	3166	18	41
	3167	23	40
	3168	19	40
	3169	20	42
	3170	17	41
	3171	19	43
	3172	20	40
	3173	19	41
	3174	18	43
	3175	19	43
	3176	19	41
	3177	19	38
	3178	20	38
	3179	20	39
	3180	20	39
	3181	19	41
	3182	20	41
	3183	19	41
	3184	19	37
	3185	26	40
	3186	22	40
	3187	21	40
	3188	19	41
	3189	20	38
	3190	17	40
	3191	20	40
	3192	21	43
	3193	21	42
	3194	20	39
	3195	22	41
	3196	16	40
	3197	21	40
	3198	21	39
	3199	19	39
	3200	19	38
	3201	21	42
	3202	20	41
	3203	21	44
	3204	19	41
	3205	20	42
	3206	22	39
	3207	22	41
	3208	22	40
	3209	18	40
	3210	17	40
	3211	24	42
	3212	19	42
	3213	20	41
	3214	17	40
	3215	21	40
	3216	18	40
	3217	20	42
	3218	18	39
	3219	21	43
	3220	22	40
	3221	20	41
	3222	19	39
	3223	22	44
	3224	18	37
	3225	23	41
	3226	19	42
	3227	18	40
	3228	16	37
	3229	18	42
	3230	18	40
	3231	22	41
	3232	19	39
	3233	17	40
	3234	19	38
	3235	19	40
	3236	23	40
	3237	20	40
	3238	18	40
	3239	19	40
	3240	21	39
	3241	23	44
	3242	21	37
	3243	22	41
	3244	19	38
	3245	21	43
	3246	22	42
	3247	23	40
	3248	19	36
	3249	21	40
	3250	19	36
	3251	20	41
	3252	20	39
	3253	21	38
	3254	18	38
	3255	17	40
	3256	19	39
	3257	20	44
	3258	21	40
	3259	20	40
	3260	18	40
	3261	20	41
	3262	20	38
	3263	20	41
	3264	19	40
	3265	21	41
	3266	20	42
	3267	19	42
	3268	19	41
	3269	20	41
	3270	20	41
	3271	22	40
	3272	19	38
	3273	19	39
	3274	19	38
	3275	22	40
	3276	18	39
	3277	20	43
	3278	16	41
	3279	21	41
	3280	20	41
	3281	22	41
	3282	21	38
	3283	20	39
	3284	24	41
	3285	26	39
	3286	20	41
	3287	20	42
	3288	16	36
	3289	17	43
	3290	20	40
	3291	21	41
	3292	19	39
	3293	19	43
	3294	18	39
	3295	20	43
	3296	20	39
	3297	19	41
	3298	19	40
	3299	17	42
	3300	18	41
	3301	20	42
	3302	20	36
	3303	21	40
	3304	19	41
	3305	20	39
	3306	18	40
	3307	19	39
	3308	17	39
	3309	19	40
	3310	19	37
	3311	21	40
	3312	19	39
	3313	19	40
	3314	17	41
	3315	22	38
	3316	18	38
	3317	21	42
	3318	20	39
	3319	19	39
	3320	21	42
	3321	22	39
	3322	23	40
	3323	23	39
	3324	20	37
	3325	19	40
	3326	16	40
	3327	17	41
	3328	18	40
	3329	18	43
	3330	18	42
	3331	17	42
	3332	19	39
	3333	18	42
	3334	17	39
	3335	21	42
	3336	21	42
	3337	19	42
	3338	15	37
	3339	19	37
	3340	17	41
	3341	19	41
	3342	18	39
	3343	21	44
	3344	18	37
	3345	20	39
	3346	18	44
	3347	22	39
	3348	22	42
	3349	19	41
	3350	17	39
	3351	19	40
	3352	18	41
	3353	21	39
	3354	21	39
	3355	19	39
	3356	19	39
	3357	21	40
	3358	19	39
	3359	21	39
	3360	19	43
	3361	18	41
	3362	21	40
	3363	19	42
	3364	19	40
	3365	17	42
	3366	19	40
	3367	19	39
	3368	17	39
	3369	20	43
	3370	21	40
	3371	21	39
	3372	18	41
	3373	20	40
	3374	21	39
	3375	21	41
	3376	18	38
	3377	19	42
	3378	17	39
	3379	20	39
	3380	22	40
	3381	20	38
	3382	20	39
	3383	21	41
	3384	18	41
	3385	22	39
	3386	17	43
	3387	19	40
	3388	19	39
	3389	18	42
	3390	21	41
	3391	22	41
	3392	18	41
	3393	19	39
	3394	19	40
	3395	20	41
	3396	20	41
	3397	19	44
	3398	21	36
	3399	19	41
	3400	17	40
	3401	20	40
	3402	17	40
	3403	20	40
	3404	17	38
	3405	18	43
	3406	17	42
	3407	19	40
	3408	19	39
	3409	20	40
	3410	20	44
	3411	20	38
	3412	19	39
	3413	20	43
	3414	17	37
	3415	22	41
	3416	19	41
	3417	19	41
	3418	19	37
	3419	21	42
	3420	19	41
	3421	20	43
	3422	19	40
	3423	20	42
	3424	19	42
	3425	22	42
	3426	20	43
	3427	20	42
	3428	22	40
	3429	20	40
	3430	19	41
	3431	22	43
	3432	18	39
	3433	18	43
	3434	20	39
	3435	22	40
	3436	17	37
	3437	21	40
	3438	17	39
	3439	17	42
	3440	16	44
	3441	21	38
	3442	20	41
	3443	19	41
	3444	20	41
	3445	18	40
	3446	21	41
	3447	19	38
	3448	20	40
	3449	20	42
	3450	21	39
	3451	21	43
	3452	18	38
	3453	19	41
	3454	17	42
	3455	22	42
	3456	18	40
	3457	19	40
	3458	20	39
	3459	21	39
	3460	18	40
	3461	20	42
	3462	18	41
	3463	21	40
	3464	18	41
	3465	20	41
	3466	20	41
	3467	20	42
	3468	21	39
	3469	23	41
	3470	19	39
	3471	23	41
	3472	22	47
	3473	20	40
	3474	22	40
	3475	20	41
	3476	17	39
	3477	17	38
	3478	17	44
	3479	17	39
	3480	19	39
	3481	20	39
	3482	19	41
	3483	20	42
	3484	14	41
	3485	19	40
	3486	18	41
	3487	21	39
	3488	21	40
	3489	18	42
	3490	19	39
	3491	19	39
	3492	19	39
	3493	23	40
	3494	22	38
	3495	20	41
	3496	18	39
	3497	21	40
	3498	17	41
	3499	21	38
	3500	20	40
	3501	21	39
	3502	19	40
	3503	19	40
	3504	18	39
	3505	20	41
	3506	17	39
	3507	22	40
	3508	20	41
	3509	21	39
	3510	22	38
	3511	21	38
	3512	18	38
	3513	20	40
	3514	19	42
	3515	20	44
	3516	17	39
	3517	20	41
	3518	19	41
	3519	21	41
	3520	18	41
	3521	20	38
	3522	19	40
	3523	18	40
	3524	17	42
	3525	21	38
	3526	20	41
	3527	22	41
	3528	20	38
	3529	19	39
	3530	22	40
	3531	18	40
	3532	20	43
	3533	21	39
	3534	19	38
	3535	20	41
	3536	19	39
	3537	19	44
	3538	21	40
	3539	19	40
	3540	18	43
	3541	20	39
	3542	19	40
	3543	19	41
	3544	19	38
	3545	19	40
	3546	19	39
	3547	21	40
	3548	19	41
	3549	19	42
	3550	24	46
	3551	22	40
	3552	20	40
	3553	19	39
	3554	21	39
	3555	19	43
	3556	19	38
	3557	16	41
	3558	17	41
	3559	20	39
	3560	16	38
	3561	20	39
	3562	19	39
	3563	21	40
	3564	23	42
	3565	20	41
	3566	21	39
	3567	19	42
	3568	19	42
	3569	20	42
	3570	19	39
	3571	17	39
	3572	19	40
	3573	19	42
	3574	20	39
	3575	19	42
	3576	17	39
	3577	22	40
	3578	19	40
	3579	19	42
	3580	19	41
	3581	21	41
	3582	21	39
	3583	23	44
	3584	20	41
	3585	20	41
	3586	20	41
	3587	18	37
	3588	21	40
	3589	19	39
	3590	21	40
	3591	19	39
	3592	18	39
	3593	20	41
	3594	18	40
	3595	20	40
	3596	18	38
	3597	21	40
	3598	20	40
	3599	22	42
	3600	20	39
	3601	19	38
	3602	18	39
	3603	20	38
	3604	23	40
	3605	19	39
	3606	19	40
	3607	19	39
	3608	17	37
	3609	18	41
	3610	18	39
	3611	21	43
	3612	19	42
	3613	21	42
	3614	20	40
	3615	21	41
	3616	18	40
	3617	20	41
	3618	19	42
	3619	20	39
	3620	19	43
	3621	20	38
	3622	22	40
	3623	21	39
	3624	21	39
	3625	22	40
	3626	19	38
	3627	22	41
	3628	18	43
	3629	21	40
	3630	19	37
	3631	19	41
	3632	20	41
	3633	20	42
	3634	18	41
	3635	19	40
	3636	19	39
	3637	20	41
	3638	18	40
	3639	21	40
	3640	19	39
	3641	21	37
	3642	19	39
	3643	20	43
	3644	21	39
	3645	22	42
	3646	20	42
	3647	20	41
	3648	19	41
	3649	19	41
	3650	20	40
	3651	19	41
	3652	18	36
	3653	20	40
	3654	17	41
	3655	19	39
	3656	21	41
	3657	21	40
	3658	19	40
	3659	23	40
	3660	19	37
	3661	19	43
	3662	19	41
	3663	23	41
	3664	22	41
	3665	18	39
	3666	18	40
	3667	20	44
	3668	17	37
	3669	19	41
	3670	20	38
	3671	20	39
	3672	20	41
	3673	20	38
	3674	17	39
	3675	20	40
	3676	21	39
	3677	19	43
	3678	19	41
	3679	20	41
	3680	18	39
	3681	19	42
	3682	19	41
	3683	22	40
	3684	17	42
	3685	20	40
	3686	18	40
	3687	20	41
	3688	17	40
	3689	21	38
	3690	21	39
	3691	18	38
	3692	18	40
	3693	19	41
	3694	18	37
	3695	20	41
	3696	20	39
	3697	22	43
	3698	20	41
	3699	21	39
	3700	23	41
	3701	19	39
	3702	19	38
	3703	22	41
	3704	18	39
	3705	20	39
	3706	20	41
	3707	21	41
	3708	18	41
	3709	22	40
	3710	20	39
	3711	22	41
	3712	19	41
	3713	19	41
	3714	19	39
	3715	20	38
	3716	15	37
	3717	18	41
	3718	17	37
	3719	20	38
	3720	19	41
	3721	18	38
	3722	17	38
	3723	19	40
