	0	19	40
	1	21	39
	2	19	36
	3	21	37
	4	21	39
	5	18	37
	6	19	38
	7	17	40
	8	17	40
	9	19	39
	10	18	38
	11	17	39
	12	19	39
	13	17	39
	14	17	39
	15	19	39
	16	15	38
	17	19	37
	18	18	40
	19	19	38
	20	18	39
	21	17	39
	22	15	39
	23	20	39
	24	18	35
	25	18	38
	26	22	44
	27	20	42
	28	22	43
	29	23	44
	30	19	39
	31	22	45
	32	21	39
	33	22	41
	34	24	42
	35	23	41
	36	22	41
	37	22	43
	38	19	44
	39	23	43
	40	22	43
	41	18	41
	42	22	43
	43	21	45
	44	20	39
	45	24	41
	46	24	43
	47	21	41
	48	21	40
	49	24	44
	50	19	44
	51	21	43
	52	19	41
	53	23	42
	54	22	42
	55	22	45
	56	22	41
	57	22	41
	58	21	44
	59	23	42
	60	19	44
	61	21	44
	62	25	44
	63	23	46
	64	23	47
	65	23	43
	66	23	42
	67	22	41
	68	23	42
	69	24	46
	70	21	43
	71	23	47
	72	22	44
	73	26	44
	74	21	45
	75	24	45
	76	22	43
	77	22	44
	78	24	42
	79	27	45
	80	19	43
	81	24	46
	82	21	46
	83	23	51
	84	23	45
	85	19	43
	86	20	46
	87	22	47
	88	20	42
	89	21	44
	90	21	43
	91	24	43
	92	21	45
	93	22	45
	94	19	45
	95	21	42
	96	21	49
	97	24	44
	98	23	44
	99	22	48
	100	18	44
	101	19	42
	102	23	40
	103	22	43
	104	23	44
	105	21	43
	106	26	44
	107	24	41
	108	20	42
	109	24	48
	110	21	43
	111	24	44
	112	25	43
	113	23	43
	114	22	41
	115	23	43
	116	20	43
	117	24	44
	118	22	47
	119	20	47
	120	23	45
	121	22	45
	122	21	46
	123	22	47
	124	23	43
	125	20	43
	126	23	43
	127	23	43
	128	23	45
	129	23	44
	130	20	42
	131	22	44
	132	20	43
	133	23	45
	134	24	43
	135	25	47
	136	31	45
	137	22	45
	138	23	49
	139	21	41
	140	21	41
	141	28	46
	142	25	42
	143	26	42
	144	22	44
	145	24	43
	146	22	42
	147	25	46
	148	24	48
	149	22	47
	150	21	45
	151	24	42
	152	25	44
	153	22	42
	154	23	43
	155	23	46
	156	23	44
	157	23	44
	158	22	45
	159	25	44
	160	22	43
	161	25	44
	162	23	48
	163	27	43
	164	24	43
	165	24	44
	166	23	44
	167	22	48
	168	23	46
	169	26	45
	170	22	46
	171	24	46
	172	24	45
	173	21	46
	174	22	44
	175	21	47
	176	20	45
	177	24	46
	178	25	45
	179	23	44
	180	24	44
	181	25	44
	182	23	45
	183	25	43
	184	23	47
	185	23	47
	186	23	43
	187	24	45
	188	22	42
	189	25	43
	190	24	45
	191	26	45
	192	23	45
	193	24	46
	194	21	43
	195	21	43
	196	23	47
	197	26	45
	198	23	44
	199	23	47
	200	22	44
	201	25	45
	202	25	43
	203	23	44
	204	26	48
	205	26	44
	206	21	44
	207	24	44
	208	24	45
	209	28	45
	210	24	47
	211	24	47
	212	22	45
	213	24	45
	214	21	45
	215	21	47
	216	25	44
	217	25	48
	218	22	46
	219	25	53
	220	22	44
	221	23	44
	222	23	46
	223	26	40
	224	23	45
	225	25	46
	226	22	45
	227	23	48
	228	22	45
	229	23	43
	230	24	46
	231	24	48
	232	23	46
	233	22	46
	234	23	41
	235	23	45
	236	23	44
	237	27	43
	238	22	45
	239	24	47
	240	22	42
	241	23	49
	242	24	45
	243	24	43
	244	23	46
	245	22	46
	246	18	47
	247	25	47
	248	22	46
	249	22	45
	250	24	43
	251	22	47
	252	21	45
	253	22	45
	254	22	46
	255	24	47
	256	23	44
	257	26	45
	258	22	47
	259	25	46
	260	24	43
	261	25	46
	262	22	46
	263	20	46
	264	24	43
	265	22	49
	266	22	43
	267	23	45
	268	24	44
	269	23	44
	270	23	44
	271	24	44
	272	22	43
	273	22	42
	274	21	44
	275	24	46
	276	21	47
	277	24	46
	278	23	46
	279	21	44
	280	21	42
	281	23	42
	282	21	44
	283	23	43
	284	22	44
	285	24	45
	286	22	43
	287	23	44
	288	21	45
	289	22	43
	290	29	46
	291	23	43
	292	22	44
	293	22	44
	294	20	45
	295	21	41
	296	25	47
	297	24	45
	298	30	41
	299	21	43
	300	23	45
	301	23	48
	302	21	47
	303	26	45
	304	17	44
	305	22	46
	306	21	45
	307	23	45
	308	21	46
	309	22	45
	310	21	43
	311	23	44
	312	23	45
	313	19	44
	314	17	45
	315	22	41
	316	21	44
	317	23	44
	318	25	43
	319	23	46
	320	23	45
	321	21	45
	322	21	44
	323	21	43
	324	21	43
	325	24	43
	326	24	43
	327	21	43
	328	22	43
	329	22	43
	330	24	46
	331	27	45
	332	25	43
	333	24	47
	334	25	45
	335	22	46
	336	22	45
	337	22	47
	338	22	45
	339	25	48
	340	18	43
	341	24	43
	342	20	42
	343	25	47
	344	22	39
	345	26	47
	346	26	44
	347	24	43
	348	20	45
	349	23	43
	350	23	44
	351	22	47
	352	21	43
	353	20	44
	354	21	44
	355	22	45
	356	22	44
	357	22	41
	358	21	42
	359	21	44
	360	22	43
	361	23	45
	362	22	42
	363	23	42
	364	22	45
	365	20	48
	366	23	44
	367	23	44
	368	23	47
	369	22	44
	370	24	44
	371	25	44
	372	21	43
	373	23	45
	374	22	41
	375	23	45
	376	25	42
	377	25	45
	378	20	44
	379	24	44
	380	23	43
	381	21	41
	382	21	45
	383	26	43
	384	22	43
	385	24	43
	386	23	44
	387	26	41
	388	21	44
	389	26	44
	390	24	42
	391	24	47
	392	22	42
	393	20	47
	394	25	43
	395	24	46
	396	22	47
	397	24	47
	398	20	41
	399	24	47
	400	22	43
	401	23	43
	402	24	44
	403	22	45
	404	23	45
	405	25	45
	406	23	42
	407	24	45
	408	21	46
	409	22	46
	410	21	47
	411	25	45
	412	23	43
	413	21	47
	414	23	44
	415	22	43
	416	22	42
	417	23	42
	418	23	43
	419	26	43
	420	24	46
	421	21	43
	422	25	44
	423	21	43
	424	26	44
	425	26	46
	426	23	46
	427	22	43
	428	22	43
	429	23	47
	430	22	48
	431	23	45
	432	22	44
	433	25	45
	434	21	44
	435	24	47
	436	20	44
	437	24	43
	438	24	44
	439	25	47
	440	22	43
	441	22	47
	442	27	44
	443	25	46
	444	25	44
	445	23	46
	446	20	45
	447	25	45
	448	22	45
	449	23	46
	450	23	40
	451	26	47
	452	32	44
	453	24	43
	454	24	46
	455	24	43
	456	25	46
	457	23	45
	458	25	42
	459	23	48
	460	23	48
	461	25	47
	462	22	44
	463	23	45
	464	24	44
	465	23	46
	466	24	44
	467	23	45
	468	22	45
	469	25	46
	470	23	44
	471	25	46
	472	24	45
	473	24	45
	474	26	45
	475	24	46
	476	25	47
	477	24	45
	478	27	46
	479	23	42
	480	23	44
	481	27	42
	482	23	45
	483	25	47
	484	23	46
	485	25	45
	486	22	48
	487	21	45
	488	22	46
	489	25	49
	490	27	43
	491	25	46
	492	26	45
	493	22	45
	494	23	48
	495	26	44
	496	26	45
	497	25	43
	498	24	43
	499	23	43
	500	24	45
	501	28	47
	502	25	47
	503	25	46
	504	27	48
	505	21	46
	506	24	44
	507	22	49
	508	24	45
	509	26	46
	510	25	48
	511	25	48
	512	27	50
	513	24	45
	514	24	45
	515	23	49
	516	23	46
	517	26	45
	518	22	49
	519	24	45
	520	22	46
	521	24	48
	522	22	45
	523	20	51
	524	26	47
	525	24	44
	526	24	47
	527	24	48
	528	24	45
	529	25	47
	530	24	47
	531	25	49
	532	24	48
	533	28	43
	534	23	45
	535	25	46
	536	23	47
	537	25	45
	538	23	49
	539	24	47
	540	25	44
	541	25	46
	542	25	42
	543	28	49
	544	24	45
	545	26	45
	546	25	47
	547	28	50
	548	29	48
	549	24	48
	550	26	47
	551	25	48
	552	24	47
	553	26	48
	554	24	48
	555	24	46
	556	26	48
	557	23	51
	558	26	47
	559	25	51
	560	26	47
	561	26	48
	562	27	44
	563	24	47
	564	27	47
	565	26	49
	566	25	48
	567	27	48
	568	27	48
	569	26	49
	570	24	48
	571	28	51
	572	25	46
	573	26	47
	574	26	47
	575	21	47
	576	25	47
	577	27	53
	578	22	46
	579	26	49
	580	25	47
	581	26	48
	582	25	45
	583	25	51
	584	24	49
	585	26	50
	586	26	48
	587	28	50
	588	27	46
	589	28	48
	590	28	50
	591	26	49
	592	27	47
	593	28	50
	594	26	49
	595	28	49
	596	26	50
	597	27	49
	598	26	48
	599	27	51
	600	25	46
	601	26	50
	602	27	47
	603	26	50
	604	30	50
	605	27	51
	606	29	47
	607	27	51
	608	29	49
	609	31	48
	610	28	48
	611	26	50
	612	26	54
	613	27	51
	614	29	47
	615	30	49
	616	27	47
	617	30	51
	618	26	49
	619	29	51
	620	26	48
	621	28	51
	622	25	51
	623	27	49
	624	26	50
	625	27	51
	626	27	50
	627	27	52
	628	27	51
	629	29	52
	630	30	50
	631	30	50
	632	28	51
	633	30	56
	634	28	49
	635	30	53
	636	28	52
	637	33	51
	638	27	55
	639	28	51
	640	29	53
	641	28	53
	642	28	53
	643	32	53
	644	27	54
	645	28	51
	646	29	51
	647	29	51
	648	31	51
	649	29	52
	650	27	50
	651	31	53
	652	29	52
	653	29	52
	654	25	47
	655	27	51
	656	27	52
	657	31	51
	658	31	52
	659	29	51
	660	31	52
	661	28	53
	662	27	53
	663	32	56
	664	29	50
	665	33	53
	666	31	50
	667	29	53
	668	28	53
	669	28	53
	670	29	53
	671	28	54
	672	33	55
	673	30	56
	674	28	56
	675	30	56
	676	30	53
	677	33	57
	678	29	55
	679	27	55
	680	31	55
	681	31	55
	682	30	53
	683	29	52
	684	29	53
	685	28	54
	686	28	53
	687	28	57
	688	31	51
	689	31	54
	690	30	56
	691	28	54
	692	28	52
	693	32	58
	694	33	55
	695	28	54
	696	30	53
	697	33	54
	698	31	54
	699	31	57
	700	30	54
	701	31	53
	702	31	57
	703	30	54
	704	31	57
	705	30	55
	706	29	56
	707	32	58
	708	37	54
	709	32	56
	710	31	53
	711	32	55
	712	29	55
	713	30	54
	714	30	58
	715	30	61
	716	31	59
	717	30	55
	718	33	56
	719	32	56
	720	31	53
	721	33	55
	722	32	57
	723	29	55
	724	29	56
	725	32	55
	726	31	57
	727	31	58
	728	31	55
	729	33	56
	730	30	56
	731	32	60
	732	33	55
	733	33	54
	734	32	56
	735	31	57
	736	32	58
	737	34	55
	738	30	56
	739	28	57
	740	28	55
	741	29	60
	742	30	58
	743	30	61
	744	31	56
	745	34	56
	746	28	58
	747	32	57
	748	33	58
	749	32	56
	750	32	56
	751	32	57
	752	30	57
	753	33	58
	754	29	57
	755	32	55
	756	31	56
	757	32	56
	758	29	55
	759	35	57
	760	29	57
	761	32	55
	762	31	58
	763	31	62
	764	31	58
	765	30	56
	766	30	56
	767	28	56
	768	30	56
	769	31	55
	770	31	57
	771	31	57
	772	30	55
	773	33	56
	774	28	55
	775	32	55
	776	38	57
	777	33	57
	778	28	55
	779	29	60
	780	29	58
	781	33	57
	782	32	58
	783	30	60
	784	29	56
	785	31	56
	786	31	59
	787	31	58
	788	28	57
	789	30	55
	790	29	56
	791	33	59
	792	27	55
	793	28	60
	794	27	56
	795	30	57
	796	30	58
	797	29	58
	798	31	56
	799	32	56
	800	31	55
	801	30	57
	802	31	55
	803	30	62
	804	30	52
	805	30	56
	806	28	57
	807	31	57
	808	31	59
	809	32	52
	810	29	54
	811	33	57
	812	25	56
	813	29	55
	814	27	56
	815	28	55
	816	30	55
	817	28	57
	818	27	53
	819	28	53
	820	27	53
	821	28	57
	822	30	56
	823	28	58
	824	26	56
	825	27	53
	826	31	53
	827	30	57
	828	28	58
	829	28	58
	830	26	52
	831	27	55
	832	26	54
	833	27	53
	834	33	54
	835	30	52
	836	28	53
	837	31	55
	838	30	52
	839	27	55
	840	28	51
	841	28	55
	842	28	53
	843	28	53
	844	29	53
	845	29	53
	846	27	53
	847	31	53
	848	26	52
	849	30	55
	850	28	52
	851	26	55
	852	26	51
	853	26	51
	854	28	56
	855	33	55
	856	26	55
	857	27	52
	858	29	53
	859	28	50
	860	28	53
	861	28	52
	862	30	53
	863	27	50
	864	26	52
	865	26	51
	866	29	50
	867	29	53
	868	27	53
	869	25	55
	870	27	54
	871	26	55
	872	24	53
	873	25	53
	874	25	52
	875	25	51
	876	25	52
	877	27	53
	878	24	50
	879	28	51
	880	25	50
	881	25	52
	882	26	50
	883	25	51
	884	26	51
	885	24	51
	886	23	53
	887	28	49
	888	25	51
	889	26	49
	890	23	51
	891	26	54
	892	23	51
	893	27	51
	894	27	49
	895	26	50
	896	27	55
	897	27	48
	898	21	49
	899	26	49
	900	24	55
	901	28	47
	902	26	49
	903	24	50
	904	24	49
	905	23	53
	906	26	49
	907	26	49
	908	25	48
	909	24	51
	910	24	50
	911	27	50
	912	25	48
	913	23	50
	914	27	50
	915	25	53
	916	27	49
	917	25	49
	918	24	47
	919	25	51
	920	24	49
	921	27	50
	922	26	49
	923	24	51
	924	24	46
	925	24	48
	926	25	48
	927	27	48
	928	24	50
	929	25	50
	930	26	48
	931	25	51
	932	20	50
	933	27	51
	934	26	49
	935	27	48
	936	27	46
	937	26	48
	938	25	47
	939	24	45
	940	25	51
	941	26	51
	942	24	50
	943	23	49
	944	27	47
	945	24	51
	946	24	49
	947	28	48
	948	24	49
	949	25	49
	950	24	53
	951	25	47
	952	26	48
	953	23	49
	954	24	49
	955	26	47
	956	22	49
	957	23	46
	958	22	46
	959	24	45
	960	22	47
	961	23	48
	962	25	48
	963	23	48
	964	25	45
	965	23	45
	966	24	44
	967	24	46
	968	24	46
	969	26	49
	970	25	49
	971	24	48
	972	23	48
	973	23	47
	974	23	47
	975	25	49
	976	26	48
	977	24	48
	978	23	47
	979	24	46
	980	25	46
	981	26	50
	982	22	45
	983	28	49
	984	22	46
	985	24	44
	986	21	46
	987	25	44
	988	27	46
	989	25	44
	990	24	46
	991	23	45
	992	22	48
	993	23	45
	994	22	46
	995	25	48
	996	20	47
	997	24	49
	998	21	44
	999	23	43
	1000	26	45
	1001	26	48
	1002	23	47
	1003	24	46
	1004	22	46
	1005	25	45
	1006	24	47
	1007	23	45
	1008	24	46
	1009	26	46
	1010	25	47
	1011	23	44
	1012	24	48
	1013	21	46
	1014	25	43
	1015	24	45
	1016	22	46
	1017	23	47
	1018	21	46
	1019	24	44
	1020	24	45
	1021	23	45
	1022	22	44
	1023	26	44
	1024	23	44
	1025	23	45
	1026	21	46
	1027	24	45
	1028	27	43
	1029	23	46
	1030	22	43
	1031	23	43
	1032	23	43
	1033	23	42
	1034	22	42
	1035	22	48
	1036	21	40
	1037	22	48
	1038	20	46
	1039	23	45
	1040	23	46
	1041	24	44
	1042	22	43
	1043	22	46
	1044	22	50
	1045	24	45
	1046	22	48
	1047	21	45
	1048	24	46
	1049	22	45
	1050	22	44
	1051	23	42
	1052	22	43
	1053	23	45
	1054	23	45
	1055	23	53
	1056	23	43
	1057	23	44
	1058	21	44
	1059	24	48
	1060	21	43
	1061	22	44
	1062	23	43
	1063	24	45
	1064	21	44
	1065	23	45
	1066	24	45
	1067	23	46
	1068	22	43
	1069	22	44
	1070	22	46
	1071	22	42
	1072	18	45
	1073	19	43
	1074	19	42
	1075	24	45
	1076	20	43
	1077	29	47
	1078	25	45
	1079	26	43
	1080	23	45
	1081	23	43
	1082	22	46
	1083	21	44
	1084	22	47
	1085	25	42
	1086	20	46
	1087	23	44
	1088	23	42
	1089	25	45
	1090	23	43
	1091	21	45
	1092	20	42
	1093	21	47
	1094	19	44
	1095	23	46
	1096	22	44
	1097	21	46
	1098	21	47
	1099	21	45
	1100	23	46
	1101	24	46
	1102	18	43
	1103	21	44
	1104	18	47
	1105	22	46
	1106	22	42
	1107	22	43
	1108	20	45
	1109	25	46
	1110	22	48
	1111	20	45
	1112	22	43
	1113	26	44
	1114	23	42
	1115	22	46
	1116	24	41
	1117	22	44
	1118	25	43
	1119	24	42
	1120	25	45
	1121	23	44
	1122	20	42
	1123	22	44
	1124	22	45
	1125	21	44
	1126	21	47
	1127	22	43
	1128	23	43
	1129	21	45
	1130	25	47
	1131	21	46
	1132	25	42
	1133	21	47
	1134	21	46
	1135	25	45
	1136	20	47
	1137	22	45
	1138	22	44
	1139	21	45
	1140	25	42
	1141	23	41
	1142	21	44
	1143	21	44
	1144	23	43
	1145	20	44
	1146	20	43
	1147	23	44
	1148	23	41
	1149	22	42
	1150	22	43
	1151	24	43
	1152	20	43
	1153	22	45
	1154	25	41
	1155	25	44
	1156	19	44
	1157	22	42
	1158	23	45
	1159	20	44
	1160	24	41
	1161	25	44
	1162	23	44
	1163	24	48
	1164	20	44
	1165	22	42
	1166	23	40
	1167	22	45
	1168	21	45
	1169	21	44
	1170	23	42
	1171	22	44
	1172	20	40
	1173	21	45
	1174	22	43
	1175	20	43
	1176	23	42
	1177	19	42
	1178	21	44
	1179	22	43
	1180	22	43
	1181	21	45
	1182	23	41
	1183	24	42
	1184	21	44
	1185	22	42
	1186	19	43
	1187	22	44
	1188	23	44
	1189	23	45
	1190	23	44
	1191	22	45
	1192	21	43
	1193	20	45
	1194	24	44
	1195	21	45
	1196	24	45
	1197	22	44
	1198	21	42
	1199	22	44
	1200	23	41
	1201	24	44
	1202	25	46
	1203	22	44
	1204	22	45
	1205	25	47
	1206	24	40
	1207	22	42
	1208	24	43
	1209	22	41
	1210	21	45
	1211	22	43
	1212	20	43
	1213	24	43
	1214	21	44
	1215	25	40
	1216	21	42
	1217	21	42
	1218	21	41
	1219	22	43
	1220	23	41
	1221	25	45
	1222	24	43
	1223	21	46
	1224	21	42
	1225	21	44
	1226	22	43
	1227	24	43
	1228	21	43
	1229	20	48
	1230	25	44
	1231	23	44
	1232	19	42
	1233	26	43
	1234	22	45
	1235	22	43
	1236	22	41
	1237	22	45
	1238	19	44
	1239	22	44
	1240	23	42
	1241	22	44
	1242	25	41
	1243	21	45
	1244	22	45
	1245	20	43
	1246	21	41
	1247	24	46
	1248	22	46
	1249	24	43
	1250	21	41
	1251	21	41
	1252	20	45
	1253	23	44
	1254	24	43
	1255	22	42
	1256	20	46
	1257	22	46
	1258	23	44
	1259	23	43
	1260	24	46
	1261	24	44
	1262	23	42
	1263	24	43
	1264	22	40
	1265	25	43
	1266	29	43
	1267	29	43
	1268	22	44
	1269	22	41
	1270	19	44
	1271	21	45
	1272	22	45
	1273	25	46
	1274	22	47
	1275	26	50
	1276	22	42
	1277	27	42
	1278	21	43
	1279	22	44
	1280	18	42
	1281	24	45
	1282	22	46
	1283	23	44
	1284	19	46
	1285	19	48
	1286	21	43
	1287	24	43
	1288	23	45
	1289	22	41
	1290	22	45
	1291	21	46
	1292	22	42
	1293	23	41
	1294	22	43
	1295	25	43
	1296	21	44
	1297	22	46
	1298	21	41
	1299	22	42
	1300	23	44
	1301	21	45
	1302	20	43
	1303	21	44
	1304	21	44
	1305	21	45
	1306	23	46
	1307	23	42
	1308	20	44
	1309	23	42
	1310	22	40
	1311	22	44
	1312	20	43
	1313	23	45
	1314	23	45
	1315	26	42
	1316	22	42
	1317	23	44
	1318	19	44
	1319	22	43
	1320	23	45
	1321	21	41
	1322	21	47
	1323	21	43
	1324	20	43
	1325	22	43
	1326	23	44
	1327	23	42
	1328	22	45
	1329	23	45
	1330	20	44
	1331	25	45
	1332	23	41
	1333	22	43
	1334	26	42
	1335	24	46
	1336	21	43
	1337	22	42
	1338	22	44
	1339	23	46
	1340	24	42
	1341	22	45
	1342	20	44
	1343	23	41
	1344	21	43
	1345	22	42
	1346	22	45
	1347	19	45
	1348	20	42
	1349	23	43
	1350	22	44
	1351	21	48
	1352	21	43
	1353	21	43
	1354	22	42
	1355	22	44
	1356	20	46
	1357	18	45
	1358	22	46
	1359	22	45
	1360	23	44
	1361	22	41
	1362	21	43
	1363	22	44
	1364	17	41
	1365	21	44
	1366	21	42
	1367	21	46
	1368	21	43
	1369	22	45
	1370	23	39
	1371	23	42
	1372	28	44
	1373	24	43
	1374	22	43
	1375	23	45
	1376	21	42
	1377	20	45
	1378	21	45
	1379	22	45
	1380	22	46
	1381	28	41
	1382	21	44
	1383	23	43
	1384	20	43
	1385	23	44
	1386	23	43
	1387	22	47
	1388	23	42
	1389	20	43
	1390	21	42
	1391	24	44
	1392	21	42
	1393	24	48
	1394	21	42
	1395	21	47
	1396	22	45
	1397	23	43
	1398	20	42
	1399	22	45
	1400	21	43
	1401	22	44
	1402	21	42
	1403	20	47
	1404	22	42
	1405	24	43
	1406	20	44
	1407	25	43
	1408	21	44
	1409	24	43
	1410	20	47
	1411	21	42
	1412	21	44
	1413	22	44
	1414	21	45
	1415	23	44
	1416	19	46
	1417	22	42
	1418	25	44
	1419	25	44
	1420	22	43
	1421	20	47
	1422	22	45
	1423	22	44
	1424	23	42
	1425	22	45
	1426	21	46
	1427	23	45
	1428	19	44
	1429	22	41
	1430	22	44
	1431	22	43
	1432	21	42
	1433	23	44
	1434	23	44
	1435	23	41
	1436	22	42
	1437	22	47
	1438	21	45
	1439	23	45
	1440	21	43
	1441	24	42
	1442	18	45
	1443	20	42
	1444	22	44
	1445	22	43
	1446	21	43
	1447	23	44
	1448	19	41
	1449	21	44
	1450	23	40
	1451	22	46
	1452	20	46
	1453	20	41
	1454	23	44
	1455	21	43
	1456	20	41
	1457	22	43
	1458	22	44
	1459	23	42
	1460	21	42
	1461	24	42
	1462	21	45
	1463	25	44
	1464	21	44
	1465	23	45
	1466	22	44
	1467	22	46
	1468	20	44
	1469	22	45
	1470	22	43
	1471	23	43
	1472	23	44
	1473	19	43
	1474	25	45
	1475	24	42
	1476	19	44
	1477	22	43
	1478	23	41
	1479	21	43
	1480	24	45
	1481	19	42
	1482	22	40
	1483	21	44
	1484	20	42
	1485	21	43
	1486	22	43
	1487	21	45
	1488	19	43
	1489	20	42
	1490	18	43
	1491	23	42
	1492	24	44
	1493	21	41
	1494	22	41
	1495	24	46
	1496	19	42
	1497	23	46
	1498	22	42
	1499	23	45
	1500	24	43
	1501	20	46
	1502	19	40
	1503	22	44
	1504	18	41
	1505	22	43
	1506	21	45
	1507	23	45
	1508	21	44
	1509	25	45
	1510	21	41
	1511	23	43
	1512	21	44
	1513	23	44
	1514	23	46
	1515	20	45
	1516	22	42
	1517	22	42
	1518	22	43
	1519	20	42
	1520	22	43
	1521	22	41
	1522	22	40
	1523	21	43
	1524	20	42
	1525	25	41
	1526	24	41
	1527	23	45
	1528	21	45
	1529	20	45
	1530	24	43
	1531	32	46
	1532	21	43
	1533	21	44
	1534	22	40
	1535	22	43
	1536	23	42
	1537	20	40
	1538	19	44
	1539	23	42
	1540	19	44
	1541	21	46
	1542	20	41
	1543	24	43
	1544	16	45
	1545	22	43
	1546	20	43
	1547	22	46
	1548	18	42
	1549	19	44
	1550	22	44
	1551	25	45
	1552	24	41
	1553	23	42
	1554	20	39
	1555	22	44
	1556	18	43
	1557	23	43
	1558	21	46
	1559	20	46
	1560	20	43
	1561	21	45
	1562	23	45
	1563	21	46
	1564	22	44
	1565	22	46
	1566	22	44
	1567	26	43
	1568	22	42
	1569	24	42
	1570	23	43
	1571	23	54
	1572	23	44
	1573	23	45
	1574	21	43
	1575	23	46
	1576	21	49
	1577	22	46
	1578	22	45
	1579	23	47
	1580	22	42
	1581	23	47
	1582	20	44
	1583	22	46
	1584	23	46
	1585	26	43
	1586	25	45
	1587	22	47
	1588	20	46
	1589	25	47
	1590	24	44
	1591	23	47
	1592	22	46
	1593	23	47
	1594	22	45
	1595	23	46
	1596	21	45
	1597	29	44
	1598	23	44
	1599	24	47
	1600	21	48
	1601	25	45
	1602	23	46
	1603	23	46
	1604	23	44
	1605	24	47
	1606	20	47
	1607	26	46
	1608	19	46
	1609	25	48
	1610	21	46
	1611	24	47
	1612	22	45
	1613	23	48
	1614	24	43
	1615	20	48
	1616	24	48
	1617	20	45
	1618	23	45
	1619	23	46
	1620	24	48
	1621	22	47
	1622	23	45
	1623	23	46
	1624	25	48
	1625	25	46
	1626	23	47
	1627	25	47
	1628	22	46
	1629	24	44
	1630	23	44
	1631	22	46
	1632	24	46
	1633	23	46
	1634	21	45
	1635	22	47
	1636	20	47
	1637	23	46
	1638	23	47
	1639	21	45
	1640	23	46
	1641	24	47
	1642	22	46
	1643	24	44
	1644	19	45
	1645	24	45
	1646	30	42
	1647	25	43
	1648	22	45
	1649	23	46
	1650	24	47
	1651	22	47
	1652	22	47
	1653	24	48
	1654	24	45
	1655	27	49
	1656	18	46
	1657	23	46
	1658	22	48
	1659	23	44
	1660	24	45
	1661	22	46
	1662	20	46
	1663	24	47
	1664	22	47
	1665	23	49
	1666	25	42
	1667	27	45
	1668	21	43
	1669	24	47
	1670	23	48
	1671	25	47
	1672	22	45
	1673	24	44
	1674	21	47
	1675	22	44
	1676	24	47
	1677	25	42
	1678	23	43
	1679	23	46
	1680	22	45
	1681	25	46
	1682	24	47
	1683	21	45
	1684	21	47
	1685	25	46
	1686	21	45
	1687	23	46
	1688	21	44
	1689	24	44
	1690	20	46
	1691	22	46
	1692	22	43
	1693	23	45
	1694	22	44
	1695	21	44
	1696	22	44
	1697	22	45
	1698	22	47
	1699	22	45
	1700	22	43
	1701	19	44
	1702	21	44
	1703	25	44
	1704	21	43
	1705	27	44
	1706	21	41
	1707	22	41
	1708	21	42
	1709	21	43
	1710	22	45
	1711	23	42
	1712	20	42
	1713	20	42
	1714	21	44
	1715	21	44
	1716	21	43
	1717	21	45
	1718	22	44
	1719	23	46
	1720	21	39
	1721	20	43
	1722	19	42
	1723	21	42
	1724	22	38
	1725	18	40
	1726	26	42
	1727	20	41
	1728	24	42
	1729	20	42
	1730	21	42
	1731	24	44
	1732	22	40
	1733	22	43
	1734	22	44
	1735	19	40
	1736	21	39
	1737	21	43
	1738	19	43
	1739	22	45
	1740	25	42
	1741	19	41
	1742	23	41
	1743	23	41
	1744	19	42
	1745	22	40
	1746	21	40
	1747	22	44
	1748	23	43
	1749	23	42
	1750	22	41
	1751	19	40
	1752	21	40
	1753	25	41
	1754	20	42
	1755	21	41
	1756	21	40
	1757	20	41
	1758	21	41
	1759	19	43
	1760	18	43
	1761	21	44
	1762	22	45
	1763	20	42
	1764	19	41
	1765	21	45
	1766	21	41
	1767	19	42
	1768	17	41
	1769	20	43
	1770	19	42
	1771	21	41
	1772	19	40
	1773	20	43
	1774	20	41
	1775	21	42
	1776	20	43
	1777	20	45
	1778	22	39
	1779	21	40
	1780	18	43
	1781	22	41
	1782	21	41
	1783	21	41
	1784	22	41
	1785	21	42
	1786	21	39
	1787	22	40
	1788	21	42
	1789	24	41
	1790	19	40
	1791	22	43
	1792	22	44
	1793	20	44
	1794	20	39
	1795	19	40
	1796	20	38
	1797	21	41
	1798	19	41
	1799	21	41
	1800	18	42
	1801	20	39
	1802	20	42
	1803	24	41
	1804	23	42
	1805	23	42
	1806	21	43
	1807	23	41
	1808	18	44
	1809	22	44
	1810	20	41
	1811	19	43
	1812	20	42
	1813	21	43
	1814	20	42
	1815	22	40
	1816	20	41
	1817	21	40
	1818	19	42
	1819	22	45
	1820	22	41
	1821	19	41
	1822	20	42
	1823	23	42
	1824	21	42
	1825	21	45
	1826	23	43
	1827	19	42
	1828	23	40
	1829	19	45
	1830	19	42
	1831	23	41
	1832	22	39
	1833	19	40
	1834	20	43
	1835	21	42
	1836	16	39
	1837	19	43
	1838	18	41
	1839	23	42
	1840	22	41
	1841	20	41
	1842	19	41
	1843	23	42
	1844	18	41
	1845	22	43
	1846	20	40
	1847	22	41
	1848	21	42
	1849	22	42
	1850	20	41
	1851	22	42
	1852	22	44
	1853	22	43
	1854	21	40
	1855	20	42
	1856	22	41
	1857	21	42
	1858	22	40
	1859	21	40
	1860	21	40
	1861	20	42
	1862	22	40
	1863	21	43
	1864	23	39
	1865	21	41
	1866	19	39
	1867	20	43
	1868	17	41
	1869	22	44
	1870	19	41
	1871	22	41
	1872	18	43
	1873	20	42
	1874	21	44
	1875	19	40
	1876	19	44
	1877	23	43
	1878	21	41
	1879	23	41
	1880	22	40
	1881	21	43
	1882	20	44
	1883	22	43
	1884	20	40
	1885	21	42
	1886	19	40
	1887	20	43
	1888	21	40
	1889	21	41
	1890	19	41
	1891	21	41
	1892	22	40
	1893	24	41
	1894	19	41
	1895	20	42
	1896	20	43
	1897	23	40
	1898	21	42
	1899	24	44
	1900	19	42
	1901	21	40
	1902	20	41
	1903	25	44
	1904	24	40
	1905	20	39
	1906	19	40
	1907	26	40
	1908	20	37
	1909	21	42
	1910	22	41
	1911	22	43
	1912	19	40
	1913	21	38
	1914	21	43
	1915	21	45
	1916	21	43
	1917	22	45
	1918	21	40
	1919	20	40
	1920	20	41
	1921	18	47
	1922	21	41
	1923	21	43
	1924	22	41
	1925	21	41
	1926	19	43
	1927	24	41
	1928	20	39
	1929	22	43
	1930	21	43
	1931	22	43
	1932	22	42
	1933	23	43
	1934	19	43
	1935	20	42
	1936	19	40
	1937	23	43
	1938	22	43
	1939	22	41
	1940	22	41
	1941	19	43
	1942	22	40
	1943	21	42
	1944	19	41
	1945	21	40
	1946	20	41
	1947	20	41
	1948	18	40
	1949	19	43
	1950	22	42
	1951	21	43
	1952	20	42
	1953	24	43
	1954	21	40
	1955	20	42
	1956	22	41
	1957	22	40
	1958	19	42
	1959	22	45
	1960	19	40
	1961	21	46
	1962	19	42
	1963	22	43
	1964	20	39
	1965	21	43
	1966	19	44
	1967	25	42
	1968	19	40
	1969	23	44
	1970	19	44
	1971	19	43
	1972	22	43
	1973	21	40
	1974	19	41
	1975	20	43
	1976	18	41
	1977	20	43
	1978	20	43
	1979	18	44
	1980	19	41
	1981	23	41
	1982	20	41
	1983	21	40
	1984	19	39
	1985	22	42
	1986	20	43
	1987	20	42
	1988	19	43
	1989	21	44
	1990	18	43
	1991	22	39
	1992	19	38
	1993	20	44
	1994	18	41
	1995	20	44
	1996	20	42
	1997	21	40
	1998	18	40
	1999	19	41
	2000	20	39
	2001	22	44
	2002	19	43
	2003	21	43
	2004	17	43
	2005	24	41
	2006	22	45
	2007	21	43
	2008	21	42
	2009	20	41
	2010	20	41
	2011	22	42
	2012	20	43
	2013	20	46
	2014	17	44
	2015	22	44
	2016	18	44
	2017	19	42
	2018	19	43
	2019	20	41
	2020	23	43
	2021	20	41
	2022	20	44
	2023	23	44
	2024	21	44
	2025	22	43
	2026	20	43
	2027	23	43
	2028	20	42
	2029	21	44
	2030	19	40
	2031	20	44
	2032	17	37
	2033	21	43
	2034	19	39
	2035	19	42
	2036	22	41
	2037	21	42
	2038	20	43
	2039	20	42
	2040	21	41
	2041	24	41
	2042	22	43
	2043	21	39
	2044	18	43
	2045	21	40
	2046	19	42
	2047	20	40
	2048	18	39
	2049	18	41
	2050	20	41
	2051	19	41
	2052	19	43
	2053	18	41
	2054	20	42
	2055	21	44
	2056	22	44
	2057	22	41
	2058	22	40
	2059	22	39
	2060	19	42
	2061	21	43
	2062	19	40
	2063	23	40
	2064	19	43
	2065	21	41
	2066	19	43
	2067	20	44
	2068	21	39
	2069	21	42
	2070	20	40
	2071	21	45
	2072	19	41
	2073	21	42
	2074	20	37
	2075	19	38
	2076	19	44
	2077	20	41
	2078	19	42
	2079	23	42
	2080	20	41
	2081	19	40
	2082	19	43
	2083	22	42
	2084	20	43
	2085	23	41
	2086	19	40
	2087	18	46
	2088	19	38
	2089	19	42
	2090	21	40
	2091	22	43
	2092	21	41
	2093	20	42
	2094	19	42
	2095	22	43
	2096	20	45
	2097	20	39
	2098	20	40
	2099	18	43
	2100	20	41
	2101	20	42
	2102	20	42
	2103	22	41
	2104	21	41
	2105	23	39
	2106	19	40
	2107	22	42
	2108	18	40
	2109	19	41
	2110	20	41
	2111	24	43
	2112	22	39
	2113	21	42
	2114	20	39
	2115	21	42
	2116	19	42
	2117	21	42
	2118	22	43
	2119	20	42
	2120	20	41
	2121	24	43
	2122	19	42
	2123	23	42
	2124	21	38
	2125	20	43
	2126	19	38
	2127	20	41
	2128	19	40
	2129	16	42
	2130	20	44
	2131	19	41
	2132	19	41
	2133	20	43
	2134	20	41
	2135	19	41
	2136	20	41
	2137	21	41
	2138	21	41
	2139	20	39
	2140	18	37
	2141	20	43
	2142	20	41
	2143	21	42
	2144	21	41
	2145	20	41
	2146	21	40
	2147	19	43
	2148	19	42
	2149	23	39
	2150	21	44
	2151	20	41
	2152	21	44
	2153	20	42
	2154	20	42
	2155	21	39
	2156	20	40
	2157	23	40
	2158	19	41
	2159	21	45
	2160	20	38
	2161	20	40
	2162	18	41
	2163	19	41
	2164	20	41
	2165	23	43
	2166	21	42
	2167	19	39
	2168	18	40
	2169	21	36
	2170	21	63
	2171	24	43
	2172	19	39
	2173	18	42
	2174	20	42
	2175	20	42
	2176	20	39
	2177	19	41
	2178	19	42
	2179	20	44
	2180	20	42
	2181	19	42
	2182	21	40
	2183	20	41
	2184	21	41
	2185	21	43
	2186	21	40
	2187	21	41
	2188	21	41
	2189	21	39
	2190	19	42
	2191	23	43
	2192	17	40
	2193	20	41
	2194	19	47
	2195	24	40
	2196	20	42
	2197	20	42
	2198	17	42
	2199	21	40
	2200	21	41
	2201	23	40
	2202	20	42
	2203	21	39
	2204	19	37
	2205	24	41
	2206	21	42
	2207	19	41
	2208	21	43
	2209	20	41
	2210	20	40
	2211	24	43
	2212	21	39
	2213	20	41
	2214	20	41
	2215	21	39
	2216	21	41
	2217	19	39
	2218	18	40
	2219	19	41
	2220	20	43
	2221	22	39
	2222	20	41
	2223	22	40
	2224	22	39
	2225	21	40
	2226	20	40
	2227	21	39
	2228	21	39
	2229	21	40
	2230	21	41
	2231	19	42
	2232	20	38
	2233	21	40
	2234	20	40
	2235	20	41
	2236	19	41
	2237	20	40
	2238	19	39
	2239	21	45
	2240	18	38
	2241	22	39
	2242	19	40
	2243	22	42
	2244	21	42
	2245	19	41
	2246	19	43
	2247	23	38
	2248	19	40
	2249	19	41
	2250	19	42
	2251	18	39
	2252	20	38
	2253	23	40
	2254	20	39
	2255	23	42
	2256	21	41
	2257	24	40
	2258	20	41
	2259	19	41
	2260	19	41
	2261	21	39
	2262	19	42
	2263	18	43
	2264	22	42
	2265	20	42
	2266	18	41
	2267	19	39
	2268	21	41
	2269	22	41
	2270	18	43
	2271	19	45
	2272	19	43
	2273	21	39
	2274	18	37
	2275	23	42
	2276	19	41
	2277	19	42
	2278	20	41
	2279	20	41
	2280	21	39
	2281	18	38
	2282	21	40
	2283	21	43
	2284	19	42
	2285	20	44
	2286	19	42
	2287	20	39
	2288	18	40
	2289	21	39
	2290	19	41
	2291	18	43
	2292	18	40
	2293	20	43
	2294	20	42
	2295	20	43
	2296	21	41
	2297	21	42
	2298	22	41
	2299	20	43
	2300	20	44
	2301	22	41
	2302	21	41
	2303	22	40
	2304	21	43
	2305	23	44
	2306	19	41
	2307	19	39
	2308	19	39
	2309	21	41
	2310	21	37
	2311	23	42
	2312	22	38
	2313	21	41
	2314	20	42
	2315	20	41
	2316	21	38
	2317	19	38
	2318	19	41
	2319	18	43
	2320	21	44
	2321	22	40
	2322	18	41
	2323	19	39
	2324	18	41
	2325	19	44
	2326	19	39
	2327	18	44
	2328	20	41
	2329	22	43
	2330	20	41
	2331	21	39
	2332	19	43
	2333	19	43
	2334	22	43
	2335	19	41
	2336	17	41
	2337	22	40
	2338	21	38
	2339	19	42
	2340	20	38
	2341	20	41
	2342	21	40
	2343	20	42
	2344	20	38
	2345	21	39
	2346	18	43
	2347	21	40
	2348	21	42
	2349	23	40
	2350	21	39
	2351	24	41
	2352	17	38
	2353	19	39
	2354	19	42
	2355	21	39
	2356	20	40
	2357	22	42
	2358	21	40
	2359	19	40
	2360	19	41
	2361	21	39
	2362	21	41
	2363	22	44
	2364	20	39
	2365	21	37
	2366	22	41
	2367	21	41
	2368	22	39
	2369	19	39
	2370	22	40
	2371	21	39
	2372	20	41
	2373	21	38
	2374	18	41
	2375	24	42
	2376	19	39
	2377	21	40
	2378	18	41
	2379	21	40
	2380	21	40
	2381	19	43
	2382	20	39
	2383	21	43
	2384	19	39
	2385	21	43
	2386	19	41
	2387	20	40
	2388	19	39
	2389	21	42
	2390	23	42
	2391	21	43
	2392	18	40
	2393	21	38
	2394	21	40
	2395	19	39
	2396	20	40
	2397	20	44
	2398	18	40
	2399	21	41
	2400	19	43
	2401	19	39
	2402	19	39
	2403	27	41
	2404	20	43
	2405	21	41
	2406	17	43
	2407	20	41
	2408	20	41
	2409	19	40
	2410	22	42
	2411	21	42
	2412	22	42
	2413	21	41
	2414	19	41
	2415	21	40
	2416	19	39
	2417	22	45
	2418	19	43
	2419	24	41
	2420	16	40
	2421	20	43
	2422	18	42
	2423	20	43
	2424	20	40
	2425	23	41
	2426	18	43
	2427	21	39
	2428	21	40
	2429	20	40
	2430	19	40
	2431	18	42
	2432	17	43
	2433	19	46
	2434	17	41
	2435	22	41
	2436	21	36
	2437	20	40
	2438	19	40
	2439	18	41
	2440	21	40
	2441	18	41
	2442	20	40
	2443	22	41
	2444	18	40
	2445	19	40
	2446	22	39
	2447	17	37
	2448	19	40
	2449	20	44
	2450	18	41
	2451	22	44
	2452	21	41
	2453	18	42
	2454	21	43
	2455	21	43
	2456	18	40
	2457	20	41
	2458	21	41
	2459	20	41
	2460	21	41
	2461	22	42
	2462	24	44
	2463	20	43
	2464	20	46
	2465	20	38
	2466	23	41
	2467	19	44
	2468	17	40
	2469	19	44
	2470	19	41
	2471	19	43
	2472	18	39
	2473	19	40
	2474	18	39
	2475	21	42
	2476	19	39
	2477	20	42
	2478	21	40
	2479	19	39
	2480	20	44
	2481	21	40
	2482	19	41
	2483	22	42
	2484	21	41
	2485	22	40
	2486	16	41
	2487	18	43
	2488	20	40
	2489	22	38
	2490	19	41
	2491	19	43
	2492	18	39
	2493	18	43
	2494	21	38
	2495	20	43
	2496	19	41
	2497	21	41
	2498	18	42
	2499	18	42
	2500	19	40
	2501	19	40
	2502	20	41
	2503	19	41
	2504	20	38
	2505	19	39
	2506	18	40
	2507	20	44
	2508	24	42
	2509	21	40
	2510	21	42
	2511	21	39
	2512	19	40
	2513	20	46
	2514	22	41
	2515	20	42
	2516	21	40
	2517	21	42
	2518	21	45
	2519	22	41
	2520	18	41
	2521	21	40
	2522	18	39
	2523	19	40
	2524	20	41
	2525	17	40
	2526	20	42
	2527	20	43
	2528	18	40
	2529	20	41
	2530	21	43
	2531	24	41
	2532	19	43
	2533	19	39
	2534	21	39
	2535	21	39
	2536	21	43
	2537	20	40
	2538	18	41
	2539	19	41
	2540	19	41
	2541	19	44
	2542	20	43
	2543	19	40
	2544	18	40
	2545	22	42
	2546	20	43
	2547	22	43
	2548	21	40
	2549	23	40
	2550	20	40
	2551	19	40
	2552	20	43
	2553	20	41
	2554	18	39
	2555	19	40
	2556	19	39
	2557	19	40
	2558	19	40
	2559	18	43
	2560	17	42
	2561	20	40
	2562	20	39
	2563	22	42
	2564	23	40
	2565	20	40
	2566	20	38
	2567	23	47
	2568	20	40
	2569	19	41
	2570	21	40
	2571	22	40
	2572	19	41
	2573	21	43
	2574	19	40
	2575	22	40
	2576	21	40
	2577	20	41
	2578	19	43
	2579	21	40
	2580	17	40
	2581	22	40
	2582	20	40
	2583	18	41
	2584	20	40
	2585	19	41
	2586	19	40
	2587	21	43
	2588	21	40
	2589	20	41
	2590	20	41
	2591	22	43
	2592	19	40
	2593	20	41
	2594	20	42
	2595	21	41
	2596	18	41
	2597	19	40
	2598	17	40
	2599	21	41
	2600	19	40
	2601	20	41
	2602	19	40
	2603	20	41
	2604	20	40
	2605	19	44
	2606	20	43
	2607	18	44
	2608	20	41
	2609	20	41
	2610	20	44
	2611	19	40
	2612	20	41
	2613	19	40
	2614	17	41
	2615	22	41
	2616	20	39
	2617	21	41
	2618	19	38
	2619	19	41
	2620	19	38
	2621	19	42
	2622	19	41
	2623	21	42
	2624	18	43
	2625	22	41
	2626	26	41
	2627	19	39
	2628	19	42
	2629	19	39
	2630	21	42
	2631	19	41
	2632	21	41
	2633	19	44
	2634	19	39
	2635	22	42
	2636	19	41
	2637	21	42
	2638	21	44
	2639	19	43
	2640	17	39
	2641	22	43
	2642	16	40
	2643	19	42
	2644	19	44
	2645	19	41
	2646	19	39
	2647	20	40
	2648	20	42
	2649	21	39
	2650	18	39
	2651	20	40
	2652	18	41
	2653	18	43
	2654	22	41
	2655	20	42
	2656	21	41
	2657	20	43
	2658	16	41
	2659	19	43
	2660	20	42
	2661	21	41
	2662	19	42
	2663	23	41
	2664	19	42
	2665	20	41
	2666	20	39
	2667	20	39
	2668	21	40
	2669	20	40
	2670	18	46
	2671	21	42
	2672	17	40
	2673	21	41
	2674	20	42
	2675	22	44
	2676	19	40
	2677	20	40
	2678	20	38
	2679	21	41
	2680	19	42
	2681	19	40
	2682	19	42
	2683	21	38
	2684	18	39
	2685	19	41
	2686	19	39
	2687	19	42
	2688	22	40
	2689	19	38
	2690	17	38
	2691	22	41
	2692	18	39
	2693	20	39
	2694	19	41
	2695	22	41
	2696	20	41
	2697	22	42
	2698	19	39
	2699	22	41
	2700	20	41
	2701	21	42
	2702	18	42
	2703	19	39
	2704	19	41
	2705	19	40
	2706	20	42
	2707	20	40
	2708	19	39
	2709	23	42
	2710	17	40
	2711	23	44
	2712	19	37
	2713	21	42
	2714	20	42
	2715	18	40
	2716	20	40
	2717	20	41
	2718	21	42
	2719	22	40
	2720	20	39
	2721	27	38
	2722	21	41
	2723	22	40
	2724	18	41
	2725	20	44
	2726	23	39
	2727	20	40
	2728	18	40
	2729	19	41
	2730	21	37
	2731	18	42
	2732	18	39
	2733	20	41
	2734	20	40
	2735	20	41
	2736	21	41
	2737	19	42
	2738	19	41
	2739	18	42
	2740	21	42
	2741	20	40
	2742	21	42
	2743	23	41
	2744	20	42
	2745	22	44
	2746	19	41
	2747	22	38
	2748	18	39
	2749	20	40
	2750	22	39
	2751	19	40
	2752	21	37
	2753	21	41
	2754	20	40
	2755	22	40
	2756	18	40
	2757	20	43
	2758	20	41
	2759	21	41
	2760	18	42
	2761	19	40
	2762	19	42
	2763	19	39
	2764	19	39
	2765	18	44
	2766	21	37
	2767	23	39
	2768	20	38
	2769	20	39
	2770	21	38
	2771	21	42
	2772	18	40
	2773	21	40
	2774	18	39
	2775	20	39
	2776	18	41
	2777	19	41
	2778	18	41
	2779	20	39
	2780	18	38
	2781	20	39
	2782	20	40
	2783	23	39
	2784	20	38
	2785	16	39
	2786	24	40
	2787	20	43
	2788	15	41
	2789	22	43
	2790	19	40
	2791	20	41
	2792	21	41
	2793	20	39
	2794	20	41
	2795	21	42
	2796	19	38
	2797	19	40
	2798	19	40
	2799	19	39
	2800	20	41
	2801	20	43
	2802	20	47
	2803	22	41
	2804	17	40
	2805	19	39
	2806	23	40
	2807	19	39
	2808	19	43
	2809	22	40
	2810	19	40
	2811	20	42
	2812	18	41
	2813	20	38
	2814	21	40
	2815	20	42
	2816	19	40
	2817	21	38
	2818	19	40
	2819	20	39
	2820	21	40
	2821	21	40
	2822	20	39
	2823	19	40
	2824	20	36
	2825	18	42
	2826	19	40
	2827	23	36
	2828	20	40
	2829	22	42
	2830	19	39
	2831	26	40
	2832	20	40
	2833	18	39
	2834	19	41
	2835	18	41
	2836	17	42
	2837	20	43
	2838	17	40
	2839	20	41
	2840	21	41
	2841	21	40
	2842	20	41
	2843	24	40
	2844	17	40
	2845	22	39
	2846	18	39
	2847	21	40
	2848	18	39
	2849	18	40
	2850	19	38
	2851	19	41
	2852	18	43
	2853	21	41
	2854	20	41
	2855	20	42
	2856	20	41
	2857	17	42
	2858	16	40
	2859	22	43
	2860	20	40
	2861	21	39
	2862	19	38
	2863	20	41
	2864	20	38
	2865	20	41
	2866	20	39
	2867	19	40
	2868	20	40
	2869	21	42
	2870	21	40
	2871	17	39
	2872	18	40
	2873	22	39
	2874	18	41
	2875	20	41
	2876	19	40
	2877	19	42
	2878	21	42
	2879	19	39
	2880	21	40
	2881	20	41
	2882	22	37
	2883	20	40
	2884	19	41
	2885	21	41
	2886	18	42
	2887	21	44
	2888	20	41
	2889	43	39
	2890	19	40
	2891	19	43
	2892	21	39
	2893	21	39
	2894	20	38
	2895	20	40
	2896	21	40
	2897	17	40
	2898	19	43
	2899	20	39
	2900	19	42
	2901	22	41
	2902	18	38
	2903	20	40
	2904	19	41
	2905	20	42
	2906	20	42
	2907	19	37
	2908	21	43
	2909	19	41
	2910	20	40
	2911	19	45
	2912	22	39
	2913	22	43
	2914	21	43
	2915	18	44
	2916	19	39
	2917	20	42
	2918	22	41
	2919	21	42
	2920	26	38
	2921	22	42
	2922	19	41
	2923	20	41
	2924	21	39
	2925	19	39
	2926	20	38
	2927	20	42
	2928	20	39
	2929	20	40
	2930	19	39
	2931	16	35
	2932	18	39
	2933	22	40
	2934	19	43
	2935	20	41
	2936	20	40
	2937	18	41
	2938	20	40
	2939	21	43
	2940	19	37
	2941	21	42
	2942	18	39
	2943	20	42
	2944	18	43
	2945	20	40
	2946	19	40
	2947	18	40
	2948	19	40
	2949	22	42
	2950	18	41
	2951	18	41
	2952	20	41
	2953	21	43
	2954	20	39
	2955	25	43
	2956	20	41
	2957	20	39
	2958	21	40
	2959	22	41
	2960	22	38
	2961	18	42
	2962	19	41
	2963	19	42
	2964	20	42
	2965	20	40
	2966	19	39
	2967	20	43
	2968	19	40
	2969	22	42
	2970	18	42
	2971	22	41
	2972	20	40
	2973	21	41
	2974	22	40
	2975	21	39
	2976	19	41
	2977	21	39
	2978	21	43
	2979	21	41
	2980	20	41
	2981	21	40
	2982	19	39
	2983	21	41
	2984	20	39
	2985	21	40
	2986	19	42
	2987	21	42
	2988	19	39
	2989	22	39
	2990	19	40
	2991	18	40
	2992	21	41
	2993	22	42
	2994	19	39
	2995	22	39
	2996	20	41
	2997	21	36
	2998	23	40
	2999	19	41
	3000	19	36
	3001	21	40
	3002	21	41
	3003	23	38
	3004	17	42
	3005	21	41
	3006	19	41
	3007	18	43
	3008	20	40
	3009	18	43
	3010	20	40
	3011	19	41
	3012	20	40
	3013	22	41
	3014	21	40
	3015	20	39
	3016	20	42
	3017	20	37
	3018	19	40
	3019	20	43
	3020	20	41
	3021	20	42
	3022	19	39
	3023	21	41
	3024	19	40
	3025	23	41
	3026	18	39
	3027	20	42
	3028	22	41
	3029	22	39
	3030	20	39
	3031	22	40
	3032	19	39
	3033	23	40
	3034	19	39
	3035	19	39
	3036	18	40
	3037	21	37
	3038	18	40
	3039	20	41
	3040	19	42
	3041	20	43
	3042	21	43
	3043	21	39
	3044	19	37
	3045	20	38
	3046	18	39
	3047	21	38
	3048	23	41
	3049	19	42
	3050	21	39
	3051	21	41
	3052	19	39
	3053	21	44
	3054	19	41
	3055	19	41
	3056	22	38
	3057	22	40
	3058	18	41
	3059	20	42
	3060	20	41
	3061	21	41
	3062	21	41
	3063	18	41
	3064	19	38
	3065	21	40
	3066	18	44
	3067	22	40
	3068	19	40
	3069	22	40
	3070	20	43
	3071	20	40
	3072	19	41
	3073	21	39
	3074	20	40
	3075	21	39
	3076	23	41
	3077	19	42
	3078	20	42
	3079	22	43
	3080	19	39
	3081	24	40
	3082	19	40
	3083	22	41
	3084	19	42
	3085	19	39
	3086	20	40
	3087	23	40
	3088	19	38
	3089	19	42
	3090	19	41
	3091	20	42
	3092	23	40
	3093	19	41
	3094	20	39
	3095	21	42
	3096	17	43
	3097	19	42
	3098	20	39
	3099	18	44
	3100	20	40
	3101	21	38
	3102	19	40
	3103	21	39
	3104	20	40
	3105	20	43
	3106	19	39
	3107	21	40
	3108	21	39
	3109	20	35
	3110	20	40
	3111	19	43
	3112	20	41
	3113	22	43
	3114	21	38
	3115	19	40
	3116	18	40
	3117	18	42
	3118	20	41
	3119	20	42
	3120	21	38
	3121	22	42
	3122	18	38
	3123	20	40
	3124	19	41
	3125	20	39
	3126	19	41
	3127	19	41
	3128	19	41
	3129	23	39
	3130	17	40
	3131	21	39
	3132	20	38
	3133	22	41
	3134	18	40
	3135	26	40
	3136	19	37
	3137	22	42
	3138	19	37
	3139	19	43
	3140	22	40
	3141	20	39
	3142	20	42
	3143	18	40
	3144	19	39
	3145	20	40
	3146	21	41
	3147	20	40
	3148	20	41
	3149	20	40
	3150	20	38
	3151	21	43
	3152	20	37
	3153	20	43
	3154	20	40
	3155	20	41
	3156	15	42
	3157	21	43
	3158	20	41
	3159	21	42
	3160	21	41
	3161	21	42
	3162	18	41
	3163	21	39
	3164	19	42
	3165	21	40
	3166	23	42
	3167	22	43
	3168	21	40
	3169	19	39
	3170	19	40
	3171	23	41
	3172	19	40
	3173	20	38
	3174	22	40
	3175	20	40
	3176	19	42
	3177	20	42
	3178	18	41
	3179	19	40
	3180	20	41
	3181	21	43
	3182	19	40
	3183	20	40
	3184	17	38
	3185	25	40
	3186	19	40
	3187	24	40
	3188	23	39
	3189	20	39
	3190	18	40
	3191	20	42
	3192	20	41
	3193	20	38
	3194	19	39
	3195	21	39
	3196	19	39
	3197	19	41
	3198	20	40
	3199	21	39
	3200	20	38
	3201	19	39
	3202	19	40
	3203	19	41
	3204	19	39
	3205	20	41
	3206	21	39
	3207	22	42
	3208	17	38
	3209	20	40
	3210	21	41
	3211	22	42
	3212	20	39
	3213	25	41
	3214	20	41
	3215	20	39
	3216	19	42
	3217	19	43
	3218	21	39
	3219	19	41
	3220	19	42
	3221	22	41
	3222	19	39
	3223	21	48
	3224	19	41
	3225	21	42
	3226	21	40
	3227	20	39
	3228	19	38
	3229	20	41
	3230	19	38
	3231	19	41
	3232	18	41
	3233	20	41
	3234	21	42
	3235	19	40
	3236	22	40
	3237	20	42
	3238	20	41
	3239	20	43
	3240	20	43
	3241	22	46
	3242	21	40
	3243	18	41
	3244	20	40
	3245	19	40
	3246	19	43
	3247	21	43
	3248	19	40
	3249	18	43
	3250	19	42
	3251	22	42
	3252	21	39
	3253	19	41
	3254	15	40
	3255	19	43
	3256	19	43
	3257	17	40
	3258	19	41
	3259	19	38
	3260	17	40
	3261	22	41
	3262	19	41
	3263	20	41
	3264	20	40
	3265	21	40
	3266	20	40
	3267	21	42
	3268	18	39
	3269	21	42
	3270	17	38
	3271	21	41
	3272	21	42
	3273	20	41
	3274	20	41
	3275	21	42
	3276	19	41
	3277	22	43
	3278	19	37
	3279	18	41
	3280	19	38
	3281	23	40
	3282	20	38
	3283	22	44
	3284	19	43
	3285	24	44
	3286	21	39
	3287	19	39
	3288	18	37
	3289	21	43
	3290	18	38
	3291	19	38
	3292	20	40
	3293	24	38
	3294	19	41
	3295	22	40
	3296	19	41
	3297	19	37
	3298	20	39
	3299	21	40
	3300	21	41
	3301	20	41
	3302	22	38
	3303	21	41
	3304	21	39
	3305	23	42
	3306	22	41
	3307	19	39
	3308	19	38
	3309	22	40
	3310	20	39
	3311	21	41
	3312	19	43
	3313	20	41
	3314	21	41
	3315	19	43
	3316	18	39
	3317	21	42
	3318	20	38
	3319	19	36
	3320	22	43
	3321	20	40
	3322	23	38
	3323	20	39
	3324	21	40
	3325	21	41
	3326	19	43
	3327	20	39
	3328	18	41
	3329	19	42
	3330	20	37
	3331	20	43
	3332	20	40
	3333	22	42
	3334	20	43
	3335	21	41
	3336	20	39
	3337	19	43
	3338	20	40
	3339	24	42
	3340	21	41
	3341	18	42
	3342	20	40
	3343	20	43
	3344	19	39
	3345	22	42
	3346	22	42
	3347	22	43
	3348	22	39
	3349	20	40
	3350	20	43
	3351	20	41
	3352	21	43
	3353	20	40
	3354	21	41
	3355	21	44
	3356	22	40
	3357	20	41
	3358	20	40
	3359	24	40
	3360	20	41
	3361	21	42
	3362	19	37
	3363	21	40
	3364	20	40
	3365	19	42
	3366	19	39
	3367	21	41
	3368	21	40
	3369	19	42
	3370	20	40
	3371	23	43
	3372	18	41
	3373	21	41
	3374	20	40
	3375	20	44
	3376	18	41
	3377	17	40
	3378	18	41
	3379	21	41
	3380	19	40
	3381	23	39
	3382	18	40
	3383	20	41
	3384	21	40
	3385	20	40
	3386	19	40
	3387	21	43
	3388	20	42
	3389	19	44
	3390	21	40
	3391	18	40
	3392	18	42
	3393	21	41
	3394	21	38
	3395	21	41
	3396	21	41
	3397	21	41
	3398	19	40
	3399	21	41
	3400	20	44
	3401	20	43
	3402	21	40
	3403	18	38
	3404	20	41
	3405	22	42
	3406	20	40
	3407	20	40
	3408	17	39
	3409	22	43
	3410	20	39
	3411	20	40
	3412	19	39
	3413	19	41
	3414	19	38
	3415	19	39
	3416	17	42
	3417	18	42
	3418	18	41
	3419	20	41
	3420	16	38
	3421	21	39
	3422	20	42
	3423	20	41
	3424	22	42
	3425	21	42
	3426	21	40
	3427	21	39
	3428	20	37
	3429	23	42
	3430	19	39
	3431	20	40
	3432	20	40
	3433	19	42
	3434	20	42
	3435	18	44
	3436	17	40
	3437	17	39
	3438	19	41
	3439	18	39
	3440	18	41
	3441	21	40
	3442	17	41
	3443	20	38
	3444	20	43
	3445	23	42
	3446	20	44
	3447	19	43
	3448	19	36
	3449	19	43
	3450	18	40
	3451	20	42
	3452	19	40
	3453	19	40
	3454	20	42
	3455	21	41
	3456	20	40
	3457	23	39
	3458	21	41
	3459	21	39
	3460	22	39
	3461	22	42
	3462	19	42
	3463	21	42
	3464	19	40
	3465	19	41
	3466	19	43
	3467	20	41
	3468	21	40
	3469	22	39
	3470	19	42
	3471	23	41
	3472	20	46
	3473	18	42
	3474	18	39
	3475	20	41
	3476	17	42
	3477	20	42
	3478	21	44
	3479	20	41
	3480	21	41
	3481	19	42
	3482	19	40
	3483	22	40
	3484	19	42
	3485	21	44
	3486	21	39
	3487	19	40
	3488	20	38
	3489	19	40
	3490	18	41
	3491	22	39
	3492	19	39
	3493	21	39
	3494	22	40
	3495	22	39
	3496	20	41
	3497	19	40
	3498	20	43
	3499	21	43
	3500	19	42
	3501	20	42
	3502	18	38
	3503	19	39
	3504	21	38
	3505	21	42
	3506	20	38
	3507	21	39
	3508	18	40
	3509	20	40
	3510	21	40
	3511	19	41
	3512	18	39
	3513	20	42
	3514	19	40
	3515	21	39
	3516	17	39
	3517	25	41
	3518	19	41
	3519	19	43
	3520	19	39
	3521	18	41
	3522	19	42
	3523	19	41
	3524	18	40
	3525	22	40
	3526	19	42
	3527	17	41
	3528	18	39
	3529	20	43
	3530	22	41
	3531	23	40
	3532	19	39
	3533	20	40
	3534	19	37
	3535	19	40
	3536	19	38
	3537	20	40
	3538	20	42
	3539	23	42
	3540	20	41
	3541	19	41
	3542	20	40
	3543	18	43
	3544	18	41
	3545	22	40
	3546	18	39
	3547	18	40
	3548	18	40
	3549	21	40
	3550	24	45
	3551	18	42
	3552	19	42
	3553	21	43
	3554	20	41
	3555	21	41
	3556	21	41
	3557	19	42
	3558	21	38
	3559	24	46
	3560	18	39
	3561	19	42
	3562	22	43
	3563	19	40
	3564	22	40
	3565	23	42
	3566	20	39
	3567	19	40
	3568	19	42
	3569	18	38
	3570	20	38
	3571	19	43
	3572	18	40
	3573	21	45
	3574	22	40
	3575	19	41
	3576	17	39
	3577	20	41
	3578	21	41
	3579	20	43
	3580	21	41
	3581	20	41
	3582	19	39
	3583	25	41
	3584	20	40
	3585	19	38
	3586	20	41
	3587	21	41
	3588	21	41
	3589	20	41
	3590	23	41
	3591	20	42
	3592	22	40
	3593	21	41
	3594	20	41
	3595	22	39
	3596	20	38
	3597	19	41
	3598	19	39
	3599	20	41
	3600	18	40
	3601	21	40
	3602	19	41
	3603	23	39
	3604	21	39
	3605	19	38
	3606	17	38
	3607	22	41
	3608	20	40
	3609	23	42
	3610	19	41
	3611	20	43
	3612	21	40
	3613	21	41
	3614	17	40
	3615	20	38
	3616	18	41
	3617	19	39
	3618	21	41
	3619	22	43
	3620	21	39
	3621	20	43
	3622	17	43
	3623	19	41
	3624	18	39
	3625	22	41
	3626	20	40
	3627	19	40
	3628	18	40
	3629	23	41
	3630	21	42
	3631	20	38
	3632	19	39
	3633	21	42
	3634	21	42
	3635	22	43
	3636	22	41
	3637	23	42
	3638	20	41
	3639	22	41
	3640	17	40
	3641	19	39
	3642	18	41
	3643	23	43
	3644	19	40
	3645	19	42
	3646	21	43
	3647	22	42
	3648	21	41
	3649	19	40
	3650	18	37
	3651	23	45
	3652	19	39
	3653	16	42
	3654	20	41
	3655	18	41
	3656	17	40
	3657	19	41
	3658	20	38
	3659	20	41
	3660	20	41
	3661	18	39
	3662	20	39
	3663	22	41
	3664	21	40
	3665	19	41
	3666	16	37
	3667	21	42
	3668	20	39
	3669	20	41
	3670	19	39
	3671	22	43
	3672	19	40
	3673	21	41
	3674	20	39
	3675	19	41
	3676	19	39
	3677	20	43
	3678	20	41
	3679	21	43
	3680	18	39
	3681	20	41
	3682	20	39
	3683	19	40
	3684	18	38
	3685	19	42
	3686	18	38
	3687	19	40
	3688	21	39
	3689	20	42
	3690	18	38
	3691	20	42
	3692	20	41
	3693	20	43
	3694	20	41
	3695	19	40
	3696	18	40
	3697	19	42
	3698	21	40
	3699	20	43
	3700	23	42
	3701	19	43
	3702	19	40
	3703	22	40
	3704	20	41
	3705	22	41
	3706	19	39
	3707	22	43
	3708	20	37
	3709	20	42
	3710	21	40
	3711	22	42
	3712	21	41
	3713	20	39
	3714	18	44
	3715	20	40
	3716	23	38
	3717	22	38
	3718	20	40
	3719	20	39
	3720	19	39
	3721	21	40
	3722	19	40
	3723	20	39
