	0	18	38
	1	18	38
	2	20	38
	3	20	39
	4	20	38
	5	19	38
	6	13	39
	7	18	41
	8	17	37
	9	20	39
	10	19	35
	11	19	37
	12	18	35
	13	14	36
	14	19	38
	15	18	38
	16	17	40
	17	19	37
	18	20	39
	19	16	41
	20	20	38
	21	18	38
	22	18	38
	23	20	38
	24	18	39
	25	21	39
	26	22	43
	27	22	42
	28	19	43
	29	22	43
	30	21	43
	31	20	40
	32	23	42
	33	22	44
	34	22	41
	35	24	38
	36	22	39
	37	22	43
	38	20	43
	39	21	43
	40	19	42
	41	21	42
	42	18	38
	43	22	43
	44	23	42
	45	21	40
	46	22	40
	47	19	41
	48	23	40
	49	22	45
	50	20	42
	51	21	41
	52	23	44
	53	21	42
	54	21	42
	55	23	42
	56	21	40
	57	20	39
	58	20	43
	59	20	42
	60	20	43
	61	19	43
	62	22	40
	63	23	44
	64	22	45
	65	23	42
	66	22	44
	67	22	42
	68	22	43
	69	23	41
	70	20	44
	71	21	43
	72	21	41
	73	22	46
	74	23	42
	75	21	47
	76	23	42
	77	24	39
	78	20	45
	79	22	42
	80	20	41
	81	20	47
	82	20	42
	83	23	44
	84	24	42
	85	22	46
	86	22	40
	87	21	44
	88	23	42
	89	24	44
	90	23	41
	91	25	41
	92	21	42
	93	22	43
	94	21	46
	95	23	43
	96	21	51
	97	22	43
	98	21	44
	99	25	42
	100	23	42
	101	23	44
	102	22	40
	103	24	46
	104	23	44
	105	23	42
	106	21	43
	107	24	46
	108	21	43
	109	24	46
	110	23	44
	111	22	42
	112	19	44
	113	21	45
	114	21	43
	115	26	44
	116	21	43
	117	25	46
	118	20	44
	119	23	46
	120	20	45
	121	22	41
	122	22	46
	123	21	49
	124	25	45
	125	22	45
	126	23	41
	127	24	44
	128	22	41
	129	23	46
	130	21	41
	131	21	43
	132	20	43
	133	22	44
	134	23	41
	135	23	44
	136	32	42
	137	23	45
	138	22	46
	139	19	45
	140	21	43
	141	27	42
	142	24	43
	143	22	42
	144	23	45
	145	20	44
	146	23	42
	147	22	45
	148	23	46
	149	22	43
	150	18	46
	151	25	42
	152	21	42
	153	25	43
	154	22	44
	155	25	45
	156	22	44
	157	24	46
	158	27	47
	159	21	44
	160	23	42
	161	25	45
	162	22	46
	163	24	44
	164	23	43
	165	22	45
	166	25	44
	167	23	49
	168	21	43
	169	26	45
	170	23	49
	171	21	46
	172	23	46
	173	21	45
	174	25	43
	175	24	46
	176	20	44
	177	26	44
	178	24	44
	179	22	46
	180	23	44
	181	25	47
	182	19	45
	183	23	41
	184	22	44
	185	22	44
	186	20	45
	187	25	46
	188	22	46
	189	25	41
	190	24	44
	191	22	44
	192	21	45
	193	20	46
	194	22	42
	195	21	43
	196	20	46
	197	27	43
	198	21	45
	199	25	45
	200	23	44
	201	24	46
	202	26	48
	203	25	46
	204	23	43
	205	26	43
	206	19	42
	207	22	47
	208	24	44
	209	23	47
	210	23	47
	211	25	42
	212	23	41
	213	24	45
	214	22	46
	215	25	47
	216	23	44
	217	24	46
	218	23	46
	219	23	53
	220	20	44
	221	23	48
	222	22	48
	223	25	42
	224	23	44
	225	22	46
	226	21	42
	227	22	44
	228	21	45
	229	25	44
	230	25	48
	231	26	47
	232	22	46
	233	21	42
	234	24	45
	235	23	45
	236	24	46
	237	24	45
	238	24	42
	239	22	42
	240	23	40
	241	22	46
	242	22	47
	243	23	44
	244	23	42
	245	25	45
	246	21	45
	247	24	47
	248	22	45
	249	21	45
	250	24	44
	251	25	47
	252	22	43
	253	23	47
	254	22	44
	255	25	48
	256	23	45
	257	25	44
	258	22	47
	259	23	49
	260	23	44
	261	22	44
	262	22	46
	263	22	47
	264	20	43
	265	22	46
	266	21	41
	267	23	46
	268	22	44
	269	24	45
	270	20	43
	271	22	43
	272	21	43
	273	23	42
	274	20	42
	275	23	43
	276	21	43
	277	23	43
	278	20	43
	279	23	46
	280	22	41
	281	24	43
	282	20	42
	283	23	44
	284	23	42
	285	24	46
	286	22	45
	287	24	45
	288	23	45
	289	23	41
	290	27	43
	291	24	44
	292	19	47
	293	18	41
	294	19	46
	295	24	46
	296	21	46
	297	24	44
	298	29	41
	299	23	45
	300	21	44
	301	23	46
	302	23	42
	303	25	44
	304	19	41
	305	19	45
	306	21	46
	307	24	46
	308	22	44
	309	20	42
	310	20	46
	311	23	47
	312	20	45
	313	21	45
	314	21	41
	315	22	40
	316	23	41
	317	23	45
	318	25	42
	319	23	47
	320	24	42
	321	24	46
	322	22	47
	323	23	45
	324	21	41
	325	21	42
	326	22	43
	327	23	46
	328	20	44
	329	25	43
	330	21	42
	331	25	46
	332	23	44
	333	21	45
	334	23	43
	335	22	43
	336	21	42
	337	20	44
	338	21	41
	339	22	44
	340	22	44
	341	24	45
	342	19	43
	343	23	45
	344	22	43
	345	23	44
	346	23	45
	347	21	41
	348	22	45
	349	23	44
	350	21	43
	351	23	45
	352	23	41
	353	22	45
	354	21	43
	355	21	42
	356	22	45
	357	23	43
	358	23	47
	359	22	44
	360	24	44
	361	24	43
	362	24	44
	363	25	40
	364	20	43
	365	23	42
	366	21	44
	367	23	42
	368	23	43
	369	23	44
	370	22	45
	371	22	46
	372	21	41
	373	22	44
	374	21	41
	375	21	44
	376	24	41
	377	22	42
	378	21	45
	379	25	40
	380	22	45
	381	20	42
	382	23	45
	383	22	47
	384	20	45
	385	24	43
	386	24	42
	387	21	45
	388	22	43
	389	24	46
	390	21	44
	391	23	48
	392	21	43
	393	23	45
	394	23	44
	395	24	40
	396	21	44
	397	21	44
	398	22	45
	399	23	47
	400	23	45
	401	22	42
	402	25	42
	403	20	42
	404	21	44
	405	24	42
	406	24	41
	407	25	42
	408	23	43
	409	21	42
	410	24	45
	411	23	44
	412	21	41
	413	21	47
	414	23	45
	415	23	44
	416	24	42
	417	20	46
	418	24	40
	419	24	45
	420	22	44
	421	22	44
	422	24	44
	423	22	44
	424	24	42
	425	23	46
	426	23	42
	427	22	44
	428	23	40
	429	22	42
	430	24	41
	431	19	47
	432	23	43
	433	23	45
	434	22	45
	435	22	48
	436	25	44
	437	25	45
	438	23	43
	439	22	43
	440	23	46
	441	27	47
	442	25	43
	443	23	45
	444	21	41
	445	24	45
	446	22	44
	447	26	46
	448	23	44
	449	23	43
	450	22	45
	451	23	45
	452	33	44
	453	26	43
	454	26	46
	455	22	45
	456	25	42
	457	22	45
	458	23	42
	459	24	44
	460	23	43
	461	23	47
	462	22	45
	463	23	49
	464	23	44
	465	23	47
	466	22	44
	467	23	45
	468	23	44
	469	26	43
	470	24	41
	471	25	44
	472	24	46
	473	24	43
	474	25	45
	475	27	46
	476	24	46
	477	25	48
	478	23	44
	479	26	42
	480	26	47
	481	22	45
	482	20	44
	483	24	48
	484	26	46
	485	22	45
	486	23	46
	487	24	43
	488	23	43
	489	26	45
	490	21	47
	491	26	48
	492	22	43
	493	27	44
	494	23	45
	495	27	45
	496	24	46
	497	24	45
	498	24	43
	499	22	44
	500	24	42
	501	24	48
	502	23	43
	503	24	43
	504	26	45
	505	24	44
	506	27	47
	507	27	47
	508	26	42
	509	27	44
	510	24	47
	511	26	48
	512	24	47
	513	25	46
	514	26	44
	515	26	48
	516	24	46
	517	26	49
	518	25	45
	519	24	46
	520	25	46
	521	25	49
	522	24	43
	523	25	49
	524	22	45
	525	24	48
	526	26	46
	527	26	48
	528	24	44
	529	25	44
	530	25	48
	531	23	49
	532	24	43
	533	25	46
	534	25	48
	535	23	45
	536	22	48
	537	25	46
	538	21	46
	539	26	48
	540	25	45
	541	24	50
	542	23	45
	543	22	48
	544	26	48
	545	26	47
	546	21	49
	547	28	48
	548	30	45
	549	24	45
	550	24	49
	551	23	47
	552	26	45
	553	26	47
	554	26	47
	555	24	47
	556	25	46
	557	25	49
	558	26	47
	559	25	49
	560	26	47
	561	25	49
	562	25	44
	563	24	47
	564	24	47
	565	25	47
	566	27	48
	567	25	47
	568	26	47
	569	28	48
	570	26	47
	571	28	50
	572	25	47
	573	27	48
	574	24	46
	575	26	49
	576	25	47
	577	24	54
	578	23	45
	579	27	47
	580	27	47
	581	24	48
	582	27	45
	583	28	51
	584	26	50
	585	24	47
	586	27	49
	587	27	48
	588	25	46
	589	30	48
	590	24	47
	591	25	49
	592	25	48
	593	27	48
	594	27	45
	595	28	49
	596	27	50
	597	27	46
	598	29	46
	599	29	50
	600	24	47
	601	28	49
	602	28	51
	603	28	50
	604	25	51
	605	27	49
	606	28	46
	607	26	49
	608	25	50
	609	27	50
	610	28	50
	611	27	46
	612	28	49
	613	26	48
	614	25	49
	615	27	49
	616	28	50
	617	28	51
	618	27	50
	619	27	52
	620	28	50
	621	29	49
	622	27	50
	623	32	51
	624	28	47
	625	26	50
	626	28	48
	627	29	51
	628	28	51
	629	29	52
	630	26	51
	631	29	48
	632	27	49
	633	30	53
	634	29	51
	635	30	52
	636	27	48
	637	28	49
	638	29	56
	639	29	52
	640	27	53
	641	25	49
	642	28	51
	643	27	52
	644	30	49
	645	28	49
	646	28	51
	647	30	51
	648	29	50
	649	28	52
	650	26	53
	651	32	52
	652	28	52
	653	29	53
	654	28	52
	655	29	51
	656	28	51
	657	31	51
	658	29	52
	659	29	53
	660	29	55
	661	30	53
	662	28	53
	663	29	54
	664	26	54
	665	29	53
	666	31	54
	667	30	55
	668	29	55
	669	29	56
	670	31	51
	671	28	55
	672	31	54
	673	32	54
	674	32	53
	675	29	55
	676	31	55
	677	29	55
	678	27	53
	679	30	55
	680	30	54
	681	28	57
	682	27	51
	683	27	55
	684	29	53
	685	32	55
	686	29	53
	687	30	56
	688	28	53
	689	29	56
	690	28	55
	691	31	53
	692	30	54
	693	30	57
	694	34	55
	695	31	55
	696	30	55
	697	29	57
	698	32	53
	699	33	56
	700	28	55
	701	32	54
	702	29	55
	703	33	55
	704	28	54
	705	30	55
	706	31	56
	707	31	56
	708	40	55
	709	32	55
	710	31	57
	711	31	52
	712	30	54
	713	32	57
	714	30	57
	715	29	56
	716	32	57
	717	29	55
	718	30	55
	719	33	57
	720	30	55
	721	31	57
	722	33	56
	723	32	58
	724	30	58
	725	31	55
	726	31	58
	727	33	55
	728	35	56
	729	32	57
	730	33	57
	731	32	56
	732	28	56
	733	34	54
	734	29	60
	735	33	56
	736	29	55
	737	33	57
	738	32	58
	739	31	59
	740	29	52
	741	31	59
	742	31	59
	743	30	59
	744	29	58
	745	31	56
	746	28	60
	747	34	57
	748	30	58
	749	30	58
	750	29	56
	751	31	56
	752	31	56
	753	32	57
	754	26	56
	755	29	55
	756	31	57
	757	30	56
	758	31	58
	759	32	60
	760	28	56
	761	28	57
	762	30	58
	763	30	60
	764	30	56
	765	33	55
	766	32	55
	767	34	56
	768	30	57
	769	33	55
	770	31	58
	771	30	57
	772	32	56
	773	30	57
	774	29	56
	775	32	54
	776	35	53
	777	27	56
	778	31	54
	779	31	57
	780	29	56
	781	33	55
	782	26	57
	783	31	56
	784	29	57
	785	29	56
	786	32	58
	787	32	58
	788	27	57
	789	29	58
	790	31	57
	791	28	57
	792	29	54
	793	29	59
	794	27	55
	795	28	57
	796	28	54
	797	31	59
	798	30	54
	799	34	54
	800	29	56
	801	30	55
	802	28	58
	803	31	60
	804	27	56
	805	29	57
	806	29	55
	807	30	55
	808	28	56
	809	30	54
	810	28	53
	811	31	54
	812	30	54
	813	27	55
	814	29	56
	815	30	53
	816	27	55
	817	27	56
	818	27	54
	819	31	55
	820	31	53
	821	27	53
	822	31	54
	823	31	56
	824	28	52
	825	28	53
	826	30	52
	827	27	53
	828	29	54
	829	24	56
	830	24	53
	831	33	54
	832	28	52
	833	28	54
	834	30	57
	835	26	55
	836	28	53
	837	30	51
	838	29	53
	839	28	55
	840	30	53
	841	28	54
	842	27	53
	843	29	54
	844	28	51
	845	30	51
	846	27	49
	847	27	53
	848	25	50
	849	25	52
	850	26	55
	851	27	53
	852	28	52
	853	26	55
	854	26	53
	855	27	51
	856	23	53
	857	27	53
	858	25	54
	859	28	53
	860	26	51
	861	26	52
	862	29	52
	863	27	51
	864	27	52
	865	28	54
	866	28	50
	867	28	51
	868	25	53
	869	24	52
	870	25	53
	871	30	53
	872	26	51
	873	27	51
	874	26	48
	875	27	53
	876	28	50
	877	29	52
	878	24	50
	879	30	53
	880	26	50
	881	29	55
	882	24	54
	883	26	53
	884	26	48
	885	27	53
	886	25	47
	887	28	52
	888	26	48
	889	24	50
	890	25	53
	891	27	54
	892	27	50
	893	27	53
	894	28	51
	895	25	47
	896	26	53
	897	23	51
	898	25	50
	899	27	50
	900	24	50
	901	25	50
	902	25	48
	903	24	48
	904	26	49
	905	27	51
	906	25	50
	907	27	51
	908	25	49
	909	25	50
	910	23	47
	911	24	51
	912	25	47
	913	26	49
	914	25	51
	915	24	47
	916	23	52
	917	27	51
	918	27	50
	919	27	49
	920	24	48
	921	24	47
	922	25	49
	923	23	51
	924	24	44
	925	26	47
	926	28	48
	927	27	47
	928	22	48
	929	25	47
	930	25	48
	931	24	49
	932	25	50
	933	25	49
	934	25	47
	935	26	48
	936	27	47
	937	26	48
	938	25	49
	939	25	49
	940	25	47
	941	24	49
	942	24	50
	943	24	49
	944	24	46
	945	26	48
	946	23	46
	947	26	49
	948	23	48
	949	23	46
	950	25	57
	951	27	46
	952	27	49
	953	22	48
	954	25	47
	955	25	49
	956	22	47
	957	26	48
	958	24	46
	959	24	47
	960	23	46
	961	25	47
	962	24	51
	963	23	48
	964	25	46
	965	23	46
	966	22	44
	967	23	45
	968	25	49
	969	23	46
	970	22	48
	971	24	45
	972	22	50
	973	22	47
	974	22	46
	975	23	47
	976	25	47
	977	23	48
	978	22	45
	979	23	46
	980	24	47
	981	23	46
	982	24	42
	983	24	47
	984	24	46
	985	24	46
	986	25	47
	987	24	44
	988	23	44
	989	24	48
	990	23	45
	991	24	48
	992	26	48
	993	24	47
	994	21	44
	995	23	43
	996	20	47
	997	26	49
	998	23	44
	999	24	47
	1000	25	46
	1001	20	46
	1002	24	46
	1003	23	45
	1004	24	45
	1005	25	45
	1006	21	47
	1007	23	46
	1008	21	45
	1009	24	48
	1010	23	46
	1011	26	46
	1012	19	47
	1013	22	44
	1014	23	41
	1015	24	45
	1016	24	42
	1017	20	42
	1018	24	43
	1019	23	44
	1020	23	46
	1021	24	43
	1022	22	45
	1023	24	46
	1024	22	43
	1025	24	43
	1026	20	48
	1027	25	45
	1028	20	42
	1029	23	45
	1030	24	43
	1031	23	48
	1032	23	43
	1033	23	46
	1034	23	44
	1035	23	47
	1036	20	43
	1037	23	46
	1038	22	43
	1039	22	44
	1040	21	47
	1041	24	43
	1042	22	44
	1043	23	42
	1044	24	50
	1045	22	44
	1046	22	43
	1047	22	46
	1048	22	46
	1049	23	47
	1050	21	43
	1051	22	43
	1052	21	46
	1053	24	43
	1054	21	45
	1055	23	53
	1056	22	44
	1057	22	44
	1058	22	42
	1059	23	46
	1060	22	45
	1061	21	45
	1062	21	40
	1063	24	43
	1064	23	43
	1065	20	45
	1066	22	44
	1067	23	43
	1068	21	43
	1069	22	46
	1070	20	43
	1071	23	46
	1072	22	43
	1073	23	41
	1074	19	43
	1075	23	44
	1076	23	44
	1077	28	45
	1078	21	42
	1079	22	41
	1080	22	43
	1081	24	43
	1082	20	43
	1083	23	44
	1084	21	42
	1085	23	44
	1086	20	45
	1087	22	43
	1088	23	40
	1089	24	44
	1090	21	39
	1091	22	46
	1092	19	39
	1093	21	46
	1094	20	45
	1095	24	44
	1096	22	45
	1097	20	43
	1098	20	47
	1099	24	42
	1100	24	44
	1101	20	44
	1102	20	41
	1103	24	45
	1104	23	44
	1105	23	43
	1106	19	42
	1107	22	44
	1108	20	43
	1109	22	45
	1110	23	45
	1111	24	44
	1112	24	42
	1113	22	42
	1114	23	43
	1115	23	45
	1116	24	43
	1117	23	44
	1118	21	41
	1119	22	42
	1120	22	44
	1121	25	47
	1122	22	40
	1123	25	44
	1124	24	44
	1125	23	45
	1126	23	47
	1127	22	45
	1128	22	44
	1129	23	43
	1130	23	45
	1131	22	47
	1132	23	46
	1133	21	45
	1134	21	43
	1135	21	42
	1136	21	48
	1137	22	43
	1138	21	42
	1139	20	45
	1140	22	42
	1141	20	45
	1142	21	43
	1143	22	41
	1144	22	44
	1145	22	44
	1146	22	42
	1147	21	44
	1148	21	42
	1149	21	43
	1150	24	44
	1151	25	44
	1152	20	43
	1153	21	45
	1154	20	43
	1155	26	46
	1156	20	44
	1157	23	44
	1158	21	42
	1159	24	44
	1160	18	44
	1161	21	47
	1162	22	44
	1163	23	49
	1164	20	43
	1165	22	42
	1166	23	44
	1167	21	43
	1168	23	46
	1169	23	47
	1170	22	42
	1171	25	42
	1172	21	46
	1173	22	44
	1174	22	44
	1175	21	46
	1176	20	43
	1177	24	41
	1178	23	44
	1179	23	44
	1180	21	44
	1181	22	44
	1182	24	44
	1183	24	46
	1184	23	45
	1185	22	41
	1186	20	46
	1187	23	42
	1188	19	43
	1189	23	43
	1190	23	43
	1191	21	45
	1192	22	42
	1193	21	48
	1194	22	44
	1195	21	47
	1196	26	44
	1197	23	47
	1198	22	42
	1199	23	48
	1200	22	39
	1201	22	43
	1202	26	44
	1203	24	44
	1204	23	42
	1205	25	43
	1206	21	43
	1207	24	46
	1208	22	41
	1209	26	44
	1210	24	43
	1211	26	44
	1212	21	42
	1213	23	42
	1214	22	43
	1215	23	43
	1216	20	45
	1217	24	46
	1218	22	41
	1219	22	42
	1220	19	43
	1221	22	43
	1222	21	42
	1223	23	45
	1224	21	44
	1225	24	43
	1226	21	43
	1227	22	41
	1228	23	44
	1229	23	46
	1230	22	42
	1231	22	42
	1232	21	41
	1233	24	42
	1234	20	41
	1235	24	44
	1236	23	43
	1237	23	43
	1238	23	42
	1239	22	45
	1240	19	38
	1241	23	43
	1242	21	44
	1243	24	45
	1244	24	44
	1245	22	41
	1246	21	43
	1247	24	48
	1248	22	44
	1249	24	42
	1250	23	45
	1251	23	42
	1252	21	43
	1253	26	46
	1254	21	42
	1255	25	42
	1256	21	43
	1257	24	42
	1258	24	44
	1259	22	43
	1260	22	44
	1261	21	43
	1262	21	41
	1263	22	44
	1264	21	44
	1265	22	45
	1266	30	42
	1267	30	43
	1268	20	41
	1269	22	43
	1270	20	43
	1271	20	43
	1272	21	42
	1273	21	46
	1274	23	41
	1275	24	49
	1276	21	44
	1277	24	39
	1278	24	43
	1279	21	46
	1280	22	45
	1281	25	46
	1282	21	47
	1283	26	43
	1284	23	45
	1285	23	46
	1286	22	42
	1287	23	45
	1288	22	43
	1289	22	42
	1290	21	43
	1291	23	42
	1292	21	39
	1293	21	41
	1294	22	43
	1295	22	44
	1296	23	44
	1297	25	41
	1298	21	43
	1299	24	44
	1300	23	43
	1301	21	44
	1302	20	41
	1303	24	43
	1304	20	41
	1305	22	42
	1306	20	41
	1307	20	45
	1308	21	45
	1309	23	43
	1310	22	42
	1311	21	44
	1312	21	45
	1313	21	42
	1314	23	44
	1315	23	44
	1316	20	44
	1317	25	44
	1318	20	44
	1319	21	42
	1320	22	41
	1321	23	41
	1322	22	42
	1323	23	43
	1324	23	41
	1325	20	48
	1326	23	40
	1327	23	44
	1328	25	46
	1329	23	44
	1330	23	43
	1331	26	43
	1332	20	41
	1333	25	42
	1334	24	44
	1335	21	40
	1336	19	43
	1337	24	41
	1338	21	42
	1339	24	46
	1340	25	41
	1341	23	44
	1342	23	43
	1343	24	44
	1344	21	41
	1345	22	45
	1346	21	45
	1347	20	44
	1348	23	41
	1349	23	42
	1350	21	42
	1351	24	46
	1352	21	42
	1353	22	43
	1354	20	44
	1355	23	42
	1356	21	41
	1357	22	43
	1358	24	44
	1359	21	44
	1360	20	44
	1361	22	42
	1362	21	45
	1363	19	45
	1364	19	43
	1365	20	44
	1366	21	42
	1367	22	42
	1368	19	44
	1369	21	42
	1370	22	43
	1371	24	44
	1372	28	44
	1373	23	41
	1374	21	44
	1375	23	40
	1376	22	41
	1377	23	42
	1378	20	44
	1379	23	44
	1380	21	40
	1381	28	44
	1382	21	41
	1383	23	44
	1384	25	43
	1385	21	43
	1386	23	42
	1387	24	44
	1388	22	42
	1389	20	39
	1390	22	40
	1391	21	44
	1392	22	39
	1393	22	48
	1394	19	40
	1395	25	42
	1396	23	43
	1397	22	43
	1398	19	42
	1399	23	44
	1400	20	41
	1401	23	43
	1402	20	42
	1403	23	45
	1404	22	43
	1405	23	40
	1406	22	42
	1407	25	43
	1408	21	42
	1409	23	43
	1410	23	44
	1411	25	43
	1412	24	45
	1413	23	45
	1414	20	44
	1415	23	46
	1416	22	43
	1417	23	42
	1418	25	39
	1419	22	42
	1420	20	45
	1421	21	45
	1422	21	44
	1423	24	46
	1424	22	43
	1425	23	44
	1426	23	41
	1427	22	42
	1428	20	44
	1429	24	43
	1430	21	42
	1431	24	41
	1432	22	40
	1433	24	42
	1434	21	40
	1435	22	43
	1436	22	45
	1437	25	45
	1438	23	43
	1439	19	42
	1440	22	41
	1441	22	42
	1442	24	44
	1443	21	43
	1444	21	40
	1445	22	40
	1446	20	44
	1447	23	43
	1448	23	44
	1449	24	43
	1450	21	41
	1451	19	45
	1452	20	42
	1453	22	42
	1454	24	44
	1455	21	42
	1456	20	42
	1457	22	43
	1458	21	41
	1459	22	45
	1460	23	42
	1461	22	41
	1462	24	45
	1463	24	46
	1464	23	44
	1465	22	42
	1466	21	43
	1467	18	46
	1468	24	45
	1469	22	45
	1470	20	40
	1471	20	44
	1472	22	41
	1473	21	43
	1474	21	42
	1475	23	40
	1476	20	41
	1477	23	41
	1478	19	44
	1479	21	42
	1480	21	44
	1481	21	42
	1482	23	41
	1483	21	44
	1484	20	42
	1485	18	45
	1486	22	43
	1487	21	41
	1488	21	39
	1489	20	42
	1490	21	42
	1491	22	44
	1492	19	42
	1493	19	43
	1494	22	44
	1495	20	42
	1496	22	42
	1497	19	45
	1498	19	40
	1499	24	41
	1500	21	45
	1501	23	44
	1502	26	41
	1503	21	42
	1504	20	37
	1505	21	42
	1506	21	41
	1507	24	43
	1508	20	44
	1509	21	41
	1510	20	42
	1511	24	44
	1512	19	42
	1513	24	41
	1514	21	44
	1515	22	42
	1516	22	42
	1517	20	46
	1518	19	43
	1519	21	40
	1520	22	40
	1521	20	43
	1522	23	43
	1523	19	42
	1524	20	42
	1525	22	40
	1526	22	42
	1527	23	44
	1528	23	43
	1529	21	45
	1530	23	42
	1531	29	44
	1532	21	43
	1533	21	43
	1534	20	43
	1535	23	46
	1536	23	40
	1537	21	42
	1538	21	43
	1539	20	42
	1540	22	39
	1541	23	44
	1542	22	40
	1543	25	44
	1544	20	41
	1545	22	44
	1546	20	42
	1547	25	45
	1548	23	42
	1549	20	43
	1550	21	41
	1551	20	43
	1552	23	43
	1553	23	40
	1554	20	43
	1555	22	42
	1556	20	44
	1557	21	42
	1558	22	45
	1559	23	44
	1560	21	40
	1561	25	39
	1562	20	43
	1563	21	45
	1564	22	42
	1565	22	45
	1566	23	44
	1567	24	42
	1568	22	42
	1569	23	44
	1570	22	40
	1571	23	53
	1572	23	43
	1573	20	44
	1574	21	45
	1575	24	47
	1576	21	46
	1577	23	48
	1578	23	47
	1579	22	46
	1580	24	42
	1581	25	46
	1582	21	46
	1583	24	45
	1584	24	46
	1585	25	45
	1586	26	45
	1587	24	46
	1588	22	45
	1589	24	45
	1590	23	44
	1591	23	49
	1592	21	48
	1593	22	44
	1594	22	45
	1595	25	47
	1596	21	45
	1597	30	46
	1598	21	43
	1599	25	46
	1600	22	45
	1601	22	46
	1602	19	45
	1603	25	45
	1604	20	45
	1605	22	47
	1606	22	44
	1607	23	45
	1608	19	46
	1609	27	45
	1610	22	44
	1611	26	46
	1612	22	44
	1613	24	46
	1614	25	45
	1615	22	45
	1616	23	43
	1617	22	43
	1618	23	44
	1619	24	48
	1620	22	44
	1621	24	50
	1622	23	47
	1623	22	48
	1624	21	46
	1625	22	45
	1626	22	47
	1627	23	45
	1628	22	46
	1629	24	45
	1630	21	46
	1631	21	47
	1632	21	43
	1633	23	46
	1634	23	47
	1635	25	47
	1636	23	44
	1637	19	48
	1638	20	49
	1639	22	49
	1640	22	46
	1641	22	46
	1642	19	45
	1643	23	46
	1644	20	44
	1645	22	45
	1646	29	46
	1647	23	45
	1648	23	47
	1649	24	47
	1650	22	47
	1651	22	46
	1652	21	47
	1653	25	49
	1654	24	46
	1655	26	47
	1656	20	43
	1657	22	47
	1658	22	44
	1659	24	43
	1660	23	45
	1661	23	45
	1662	23	46
	1663	20	44
	1664	22	43
	1665	23	46
	1666	23	45
	1667	24	46
	1668	20	45
	1669	20	46
	1670	21	43
	1671	23	43
	1672	20	45
	1673	25	46
	1674	22	44
	1675	24	46
	1676	25	46
	1677	22	44
	1678	22	44
	1679	23	46
	1680	22	45
	1681	23	48
	1682	22	45
	1683	21	46
	1684	22	48
	1685	23	46
	1686	24	47
	1687	28	48
	1688	23	45
	1689	24	47
	1690	20	45
	1691	23	46
	1692	20	44
	1693	20	44
	1694	22	44
	1695	24	44
	1696	21	46
	1697	22	45
	1698	21	43
	1699	23	44
	1700	21	44
	1701	21	44
	1702	19	45
	1703	20	43
	1704	22	44
	1705	24	42
	1706	20	42
	1707	21	44
	1708	20	39
	1709	21	44
	1710	20	41
	1711	19	42
	1712	20	41
	1713	20	42
	1714	19	42
	1715	25	43
	1716	21	42
	1717	22	43
	1718	24	45
	1719	20	44
	1720	20	40
	1721	24	40
	1722	18	40
	1723	21	40
	1724	19	40
	1725	20	43
	1726	26	40
	1727	21	44
	1728	25	40
	1729	20	41
	1730	22	42
	1731	19	43
	1732	20	42
	1733	20	42
	1734	19	42
	1735	25	42
	1736	19	42
	1737	19	42
	1738	19	44
	1739	21	43
	1740	22	41
	1741	21	43
	1742	21	40
	1743	19	41
	1744	20	43
	1745	18	42
	1746	22	41
	1747	20	44
	1748	21	41
	1749	22	41
	1750	21	41
	1751	23	40
	1752	21	43
	1753	23	41
	1754	21	41
	1755	23	42
	1756	21	41
	1757	21	40
	1758	19	42
	1759	22	46
	1760	22	42
	1761	21	46
	1762	21	40
	1763	20	43
	1764	18	41
	1765	23	42
	1766	19	40
	1767	20	41
	1768	19	39
	1769	21	44
	1770	19	40
	1771	21	41
	1772	20	42
	1773	21	43
	1774	22	40
	1775	22	41
	1776	21	43
	1777	20	41
	1778	23	41
	1779	22	42
	1780	22	43
	1781	16	46
	1782	22	41
	1783	20	39
	1784	21	40
	1785	22	43
	1786	20	43
	1787	20	41
	1788	22	38
	1789	21	42
	1790	19	41
	1791	21	40
	1792	19	41
	1793	22	41
	1794	21	41
	1795	19	43
	1796	19	38
	1797	18	41
	1798	19	41
	1799	21	40
	1800	20	41
	1801	21	42
	1802	18	42
	1803	21	41
	1804	23	43
	1805	20	40
	1806	20	41
	1807	22	43
	1808	22	41
	1809	21	42
	1810	22	41
	1811	20	41
	1812	19	40
	1813	21	40
	1814	19	42
	1815	19	42
	1816	17	41
	1817	19	42
	1818	21	40
	1819	23	41
	1820	19	40
	1821	18	39
	1822	18	41
	1823	23	42
	1824	18	43
	1825	23	43
	1826	21	44
	1827	23	42
	1828	21	42
	1829	20	41
	1830	21	40
	1831	23	42
	1832	19	39
	1833	22	39
	1834	21	41
	1835	24	41
	1836	20	42
	1837	22	41
	1838	18	40
	1839	22	41
	1840	17	38
	1841	19	41
	1842	21	43
	1843	21	39
	1844	18	43
	1845	21	41
	1846	18	40
	1847	22	38
	1848	21	42
	1849	20	40
	1850	22	41
	1851	22	44
	1852	19	43
	1853	21	42
	1854	19	39
	1855	19	42
	1856	21	41
	1857	21	39
	1858	21	41
	1859	21	42
	1860	20	41
	1861	19	40
	1862	22	38
	1863	23	43
	1864	21	41
	1865	19	43
	1866	20	40
	1867	20	41
	1868	21	41
	1869	21	42
	1870	20	41
	1871	20	42
	1872	20	43
	1873	19	45
	1874	20	40
	1875	20	41
	1876	18	38
	1877	20	40
	1878	21	40
	1879	22	42
	1880	23	40
	1881	21	43
	1882	19	40
	1883	21	37
	1884	21	41
	1885	24	43
	1886	19	36
	1887	19	42
	1888	21	42
	1889	21	41
	1890	20	43
	1891	22	41
	1892	20	39
	1893	20	41
	1894	19	42
	1895	22	41
	1896	19	41
	1897	21	44
	1898	25	41
	1899	21	44
	1900	17	41
	1901	22	42
	1902	20	41
	1903	24	45
	1904	19	41
	1905	20	41
	1906	20	41
	1907	27	42
	1908	18	39
	1909	18	40
	1910	18	38
	1911	21	42
	1912	20	40
	1913	21	43
	1914	19	44
	1915	19	41
	1916	19	41
	1917	20	42
	1918	23	41
	1919	20	42
	1920	20	38
	1921	19	48
	1922	18	41
	1923	22	40
	1924	19	39
	1925	20	39
	1926	20	43
	1927	18	38
	1928	20	39
	1929	22	40
	1930	20	40
	1931	20	43
	1932	21	41
	1933	21	42
	1934	20	40
	1935	21	41
	1936	21	39
	1937	21	41
	1938	19	44
	1939	22	39
	1940	22	39
	1941	20	40
	1942	23	43
	1943	24	43
	1944	20	39
	1945	23	41
	1946	22	40
	1947	20	40
	1948	18	42
	1949	21	41
	1950	19	42
	1951	20	41
	1952	19	42
	1953	20	41
	1954	20	40
	1955	19	38
	1956	20	40
	1957	19	43
	1958	19	40
	1959	22	41
	1960	20	41
	1961	20	38
	1962	20	40
	1963	22	42
	1964	20	41
	1965	20	43
	1966	24	39
	1967	22	41
	1968	21	41
	1969	21	41
	1970	21	42
	1971	21	42
	1972	21	42
	1973	20	43
	1974	20	44
	1975	22	38
	1976	21	38
	1977	18	42
	1978	23	42
	1979	21	42
	1980	18	40
	1981	17	41
	1982	22	42
	1983	21	39
	1984	19	39
	1985	23	40
	1986	22	42
	1987	23	42
	1988	18	41
	1989	19	38
	1990	21	44
	1991	23	40
	1992	21	40
	1993	23	44
	1994	20	42
	1995	17	43
	1996	23	40
	1997	22	39
	1998	22	39
	1999	21	42
	2000	18	41
	2001	20	40
	2002	20	39
	2003	21	42
	2004	19	39
	2005	21	41
	2006	21	40
	2007	21	41
	2008	19	42
	2009	21	40
	2010	21	39
	2011	21	42
	2012	19	44
	2013	23	41
	2014	21	40
	2015	21	39
	2016	19	41
	2017	22	43
	2018	20	38
	2019	21	42
	2020	20	38
	2021	20	38
	2022	20	39
	2023	22	41
	2024	21	43
	2025	23	42
	2026	19	41
	2027	20	40
	2028	19	43
	2029	22	39
	2030	19	39
	2031	22	42
	2032	20	38
	2033	22	39
	2034	19	39
	2035	22	43
	2036	19	41
	2037	22	40
	2038	20	40
	2039	23	42
	2040	21	39
	2041	21	42
	2042	20	42
	2043	22	43
	2044	19	41
	2045	20	39
	2046	22	42
	2047	22	39
	2048	21	41
	2049	20	40
	2050	16	40
	2051	22	43
	2052	21	41
	2053	22	40
	2054	21	41
	2055	19	42
	2056	19	40
	2057	22	43
	2058	21	39
	2059	16	40
	2060	19	40
	2061	21	39
	2062	18	37
	2063	22	40
	2064	17	39
	2065	19	42
	2066	21	38
	2067	22	39
	2068	19	40
	2069	21	39
	2070	17	38
	2071	22	43
	2072	21	38
	2073	19	40
	2074	17	37
	2075	19	39
	2076	20	42
	2077	21	39
	2078	18	41
	2079	22	39
	2080	21	41
	2081	20	41
	2082	22	40
	2083	19	39
	2084	18	41
	2085	21	40
	2086	22	41
	2087	21	39
	2088	23	40
	2089	19	38
	2090	19	37
	2091	22	40
	2092	21	42
	2093	20	41
	2094	19	39
	2095	20	43
	2096	21	38
	2097	23	40
	2098	22	40
	2099	21	39
	2100	19	42
	2101	21	43
	2102	19	38
	2103	21	41
	2104	20	40
	2105	20	40
	2106	20	38
	2107	18	39
	2108	18	42
	2109	19	41
	2110	20	38
	2111	24	40
	2112	20	39
	2113	23	41
	2114	21	42
	2115	21	43
	2116	22	43
	2117	19	40
	2118	19	39
	2119	20	42
	2120	19	44
	2121	23	40
	2122	19	40
	2123	20	41
	2124	20	41
	2125	21	41
	2126	19	40
	2127	20	42
	2128	20	40
	2129	19	40
	2130	19	40
	2131	20	39
	2132	18	44
	2133	19	39
	2134	19	41
	2135	19	41
	2136	19	38
	2137	20	38
	2138	19	40
	2139	22	40
	2140	17	42
	2141	20	43
	2142	19	40
	2143	20	40
	2144	21	39
	2145	20	40
	2146	21	43
	2147	21	42
	2148	18	40
	2149	17	42
	2150	22	37
	2151	23	40
	2152	20	42
	2153	20	41
	2154	23	39
	2155	20	40
	2156	20	41
	2157	21	40
	2158	19	36
	2159	20	39
	2160	18	39
	2161	19	39
	2162	18	43
	2163	21	43
	2164	20	38
	2165	21	40
	2166	20	39
	2167	16	39
	2168	17	36
	2169	18	43
	2170	19	56
	2171	22	40
	2172	21	40
	2173	20	39
	2174	17	39
	2175	21	37
	2176	23	41
	2177	20	40
	2178	20	41
	2179	20	42
	2180	18	39
	2181	21	41
	2182	21	39
	2183	19	37
	2184	20	39
	2185	19	41
	2186	19	41
	2187	21	38
	2188	15	38
	2189	20	41
	2190	20	41
	2191	22	40
	2192	20	40
	2193	19	36
	2194	18	46
	2195	22	41
	2196	19	42
	2197	22	43
	2198	21	42
	2199	21	42
	2200	19	38
	2201	17	43
	2202	19	41
	2203	20	41
	2204	22	40
	2205	26	41
	2206	17	40
	2207	20	40
	2208	17	39
	2209	20	39
	2210	21	40
	2211	21	39
	2212	19	41
	2213	18	41
	2214	20	37
	2215	19	39
	2216	21	38
	2217	21	39
	2218	19	39
	2219	19	39
	2220	18	38
	2221	19	43
	2222	19	40
	2223	20	40
	2224	22	40
	2225	19	40
	2226	17	39
	2227	20	41
	2228	18	37
	2229	19	41
	2230	20	38
	2231	19	40
	2232	20	41
	2233	19	40
	2234	21	39
	2235	19	42
	2236	20	40
	2237	23	40
	2238	19	41
	2239	21	44
	2240	18	40
	2241	19	43
	2242	20	39
	2243	16	40
	2244	21	40
	2245	20	42
	2246	19	42
	2247	20	39
	2248	19	39
	2249	23	42
	2250	22	39
	2251	20	39
	2252	18	38
	2253	21	39
	2254	20	38
	2255	20	42
	2256	22	37
	2257	23	41
	2258	20	38
	2259	19	38
	2260	19	41
	2261	19	40
	2262	20	37
	2263	21	35
	2264	20	39
	2265	21	41
	2266	19	41
	2267	21	39
	2268	20	41
	2269	23	39
	2270	18	41
	2271	21	41
	2272	19	40
	2273	19	40
	2274	21	40
	2275	20	42
	2276	21	41
	2277	21	39
	2278	20	39
	2279	19	41
	2280	20	37
	2281	17	42
	2282	21	41
	2283	19	41
	2284	19	43
	2285	21	37
	2286	19	41
	2287	20	41
	2288	20	39
	2289	20	42
	2290	21	44
	2291	19	40
	2292	21	39
	2293	21	40
	2294	21	39
	2295	21	39
	2296	19	41
	2297	18	41
	2298	18	40
	2299	20	40
	2300	19	38
	2301	21	40
	2302	21	39
	2303	22	42
	2304	20	43
	2305	20	39
	2306	17	38
	2307	21	40
	2308	17	37
	2309	20	40
	2310	20	42
	2311	20	40
	2312	17	39
	2313	18	39
	2314	19	40
	2315	23	41
	2316	22	39
	2317	19	39
	2318	20	41
	2319	21	42
	2320	18	40
	2321	22	41
	2322	18	37
	2323	20	36
	2324	20	41
	2325	23	40
	2326	19	38
	2327	21	38
	2328	18	38
	2329	19	40
	2330	22	39
	2331	18	38
	2332	18	40
	2333	20	44
	2334	18	41
	2335	22	42
	2336	20	40
	2337	20	40
	2338	20	39
	2339	20	42
	2340	21	39
	2341	21	42
	2342	19	37
	2343	20	39
	2344	22	40
	2345	18	41
	2346	18	40
	2347	20	43
	2348	17	38
	2349	22	38
	2350	19	41
	2351	19	42
	2352	19	39
	2353	22	40
	2354	19	39
	2355	22	40
	2356	18	39
	2357	20	40
	2358	18	39
	2359	19	43
	2360	19	39
	2361	20	41
	2362	20	41
	2363	21	44
	2364	19	39
	2365	21	38
	2366	20	40
	2367	21	42
	2368	18	38
	2369	19	40
	2370	18	38
	2371	19	40
	2372	21	37
	2373	18	40
	2374	20	39
	2375	21	39
	2376	18	38
	2377	20	38
	2378	20	38
	2379	20	40
	2380	21	40
	2381	17	39
	2382	18	40
	2383	23	38
	2384	20	42
	2385	19	41
	2386	18	38
	2387	21	39
	2388	19	39
	2389	20	40
	2390	18	39
	2391	19	40
	2392	18	39
	2393	19	45
	2394	20	43
	2395	22	39
	2396	21	42
	2397	19	42
	2398	20	41
	2399	20	41
	2400	22	44
	2401	22	41
	2402	19	39
	2403	28	39
	2404	21	41
	2405	21	42
	2406	20	39
	2407	19	39
	2408	20	40
	2409	22	42
	2410	19	43
	2411	19	42
	2412	20	41
	2413	19	39
	2414	19	38
	2415	21	41
	2416	17	41
	2417	22	43
	2418	20	39
	2419	22	40
	2420	17	40
	2421	21	44
	2422	22	41
	2423	20	41
	2424	19	41
	2425	19	40
	2426	19	40
	2427	19	43
	2428	19	39
	2429	19	40
	2430	20	41
	2431	19	40
	2432	17	40
	2433	20	44
	2434	18	40
	2435	20	39
	2436	20	39
	2437	17	40
	2438	19	40
	2439	20	42
	2440	18	39
	2441	19	39
	2442	19	40
	2443	17	37
	2444	19	40
	2445	20	40
	2446	20	39
	2447	17	38
	2448	19	39
	2449	19	39
	2450	19	39
	2451	23	40
	2452	19	42
	2453	22	40
	2454	19	40
	2455	19	41
	2456	24	41
	2457	18	41
	2458	20	43
	2459	22	40
	2460	19	40
	2461	21	41
	2462	20	41
	2463	19	42
	2464	21	43
	2465	18	41
	2466	20	42
	2467	20	43
	2468	20	39
	2469	21	39
	2470	20	40
	2471	19	41
	2472	21	40
	2473	19	37
	2474	20	39
	2475	19	38
	2476	21	40
	2477	19	40
	2478	21	37
	2479	19	40
	2480	18	39
	2481	21	42
	2482	20	40
	2483	19	39
	2484	20	41
	2485	20	41
	2486	19	40
	2487	20	39
	2488	21	43
	2489	21	39
	2490	19	42
	2491	18	41
	2492	19	39
	2493	21	42
	2494	19	39
	2495	23	41
	2496	19	38
	2497	18	39
	2498	19	39
	2499	22	40
	2500	19	38
	2501	21	43
	2502	21	42
	2503	22	40
	2504	22	39
	2505	22	38
	2506	20	40
	2507	19	43
	2508	19	41
	2509	22	41
	2510	21	38
	2511	20	39
	2512	22	39
	2513	21	41
	2514	21	40
	2515	21	40
	2516	20	37
	2517	20	40
	2518	19	41
	2519	19	42
	2520	20	42
	2521	18	38
	2522	22	42
	2523	22	38
	2524	21	41
	2525	19	39
	2526	21	40
	2527	21	39
	2528	19	41
	2529	24	41
	2530	19	42
	2531	23	39
	2532	20	39
	2533	20	38
	2534	19	41
	2535	19	43
	2536	22	39
	2537	22	40
	2538	19	39
	2539	17	41
	2540	17	42
	2541	21	41
	2542	20	41
	2543	22	37
	2544	19	38
	2545	17	39
	2546	20	41
	2547	20	44
	2548	21	41
	2549	18	39
	2550	19	40
	2551	19	43
	2552	19	40
	2553	20	38
	2554	23	41
	2555	18	39
	2556	20	41
	2557	24	41
	2558	21	40
	2559	19	37
	2560	21	40
	2561	20	37
	2562	22	39
	2563	24	42
	2564	19	40
	2565	19	40
	2566	22	42
	2567	21	43
	2568	23	41
	2569	20	39
	2570	20	40
	2571	20	39
	2572	19	38
	2573	17	41
	2574	20	41
	2575	21	40
	2576	19	40
	2577	22	42
	2578	18	40
	2579	21	40
	2580	19	42
	2581	22	38
	2582	20	40
	2583	22	39
	2584	20	40
	2585	22	43
	2586	18	41
	2587	20	39
	2588	18	41
	2589	21	40
	2590	19	40
	2591	21	39
	2592	18	41
	2593	21	41
	2594	19	44
	2595	20	39
	2596	23	40
	2597	21	38
	2598	21	40
	2599	22	40
	2600	19	39
	2601	18	39
	2602	21	39
	2603	20	40
	2604	20	39
	2605	20	40
	2606	19	40
	2607	19	40
	2608	20	41
	2609	19	41
	2610	20	41
	2611	19	39
	2612	20	41
	2613	19	40
	2614	18	41
	2615	21	41
	2616	19	41
	2617	17	40
	2618	20	36
	2619	19	41
	2620	20	42
	2621	19	42
	2622	22	41
	2623	17	41
	2624	19	41
	2625	18	39
	2626	22	39
	2627	20	40
	2628	19	44
	2629	21	39
	2630	22	40
	2631	19	41
	2632	18	41
	2633	22	41
	2634	19	39
	2635	20	43
	2636	20	40
	2637	19	41
	2638	19	40
	2639	20	39
	2640	19	40
	2641	21	40
	2642	19	40
	2643	20	41
	2644	17	39
	2645	20	41
	2646	18	39
	2647	18	43
	2648	21	39
	2649	20	42
	2650	19	41
	2651	19	39
	2652	20	39
	2653	20	36
	2654	16	40
	2655	19	42
	2656	20	38
	2657	19	40
	2658	21	38
	2659	21	42
	2660	21	41
	2661	19	39
	2662	23	39
	2663	19	40
	2664	19	37
	2665	18	40
	2666	21	39
	2667	20	39
	2668	20	41
	2669	21	41
	2670	20	40
	2671	20	40
	2672	21	37
	2673	22	43
	2674	19	39
	2675	20	43
	2676	18	41
	2677	20	40
	2678	19	40
	2679	19	41
	2680	20	40
	2681	20	40
	2682	19	39
	2683	20	42
	2684	18	40
	2685	18	40
	2686	21	40
	2687	21	41
	2688	20	38
	2689	22	37
	2690	16	41
	2691	23	40
	2692	18	41
	2693	18	39
	2694	20	38
	2695	18	40
	2696	19	37
	2697	20	39
	2698	20	39
	2699	19	41
	2700	20	40
	2701	20	39
	2702	19	40
	2703	22	43
	2704	19	40
	2705	22	41
	2706	22	44
	2707	22	39
	2708	19	40
	2709	23	38
	2710	21	40
	2711	21	41
	2712	22	39
	2713	19	38
	2714	24	42
	2715	21	41
	2716	17	38
	2717	19	42
	2718	18	41
	2719	18	41
	2720	20	40
	2721	28	41
	2722	19	43
	2723	21	40
	2724	19	37
	2725	20	38
	2726	24	41
	2727	21	41
	2728	19	39
	2729	21	41
	2730	21	40
	2731	21	43
	2732	19	39
	2733	20	38
	2734	19	42
	2735	19	42
	2736	18	38
	2737	20	40
	2738	18	41
	2739	21	41
	2740	20	40
	2741	20	43
	2742	20	39
	2743	21	42
	2744	19	41
	2745	20	39
	2746	22	40
	2747	20	40
	2748	20	40
	2749	21	41
	2750	21	42
	2751	21	42
	2752	16	39
	2753	21	41
	2754	20	39
	2755	17	42
	2756	16	40
	2757	20	39
	2758	18	40
	2759	21	39
	2760	18	39
	2761	22	42
	2762	21	39
	2763	21	43
	2764	19	40
	2765	21	41
	2766	18	40
	2767	25	43
	2768	18	38
	2769	19	41
	2770	18	42
	2771	21	41
	2772	19	39
	2773	21	38
	2774	17	36
	2775	20	41
	2776	20	40
	2777	19	40
	2778	17	40
	2779	20	37
	2780	19	41
	2781	20	41
	2782	21	40
	2783	25	41
	2784	20	43
	2785	21	39
	2786	19	39
	2787	22	40
	2788	19	39
	2789	20	41
	2790	21	40
	2791	17	43
	2792	17	43
	2793	19	41
	2794	21	42
	2795	22	40
	2796	20	38
	2797	20	43
	2798	19	42
	2799	22	39
	2800	20	41
	2801	22	41
	2802	21	47
	2803	22	41
	2804	19	41
	2805	22	40
	2806	21	40
	2807	21	40
	2808	20	40
	2809	20	39
	2810	21	41
	2811	21	40
	2812	20	41
	2813	21	42
	2814	19	39
	2815	21	42
	2816	21	42
	2817	23	40
	2818	21	40
	2819	21	40
	2820	21	39
	2821	25	39
	2822	21	37
	2823	23	39
	2824	21	39
	2825	21	41
	2826	20	39
	2827	20	42
	2828	21	38
	2829	18	41
	2830	19	40
	2831	23	40
	2832	18	40
	2833	21	39
	2834	19	42
	2835	22	41
	2836	19	40
	2837	19	39
	2838	20	37
	2839	22	42
	2840	21	41
	2841	21	41
	2842	19	36
	2843	21	40
	2844	19	39
	2845	20	41
	2846	24	40
	2847	21	40
	2848	18	38
	2849	20	38
	2850	18	39
	2851	19	39
	2852	19	39
	2853	19	40
	2854	20	41
	2855	21	41
	2856	20	42
	2857	21	40
	2858	18	39
	2859	24	42
	2860	21	39
	2861	21	42
	2862	19	38
	2863	20	40
	2864	21	39
	2865	19	39
	2866	19	38
	2867	19	41
	2868	20	41
	2869	23	41
	2870	20	40
	2871	19	39
	2872	20	40
	2873	22	41
	2874	20	40
	2875	22	41
	2876	19	38
	2877	21	40
	2878	21	41
	2879	20	39
	2880	22	38
	2881	21	44
	2882	19	39
	2883	22	38
	2884	20	40
	2885	25	40
	2886	21	40
	2887	22	38
	2888	21	40
	2889	41	39
	2890	20	42
	2891	23	42
	2892	22	42
	2893	21	39
	2894	21	36
	2895	19	39
	2896	19	40
	2897	20	41
	2898	19	39
	2899	20	43
	2900	19	40
	2901	20	41
	2902	19	41
	2903	20	40
	2904	20	42
	2905	19	39
	2906	20	39
	2907	19	39
	2908	22	38
	2909	18	42
	2910	21	39
	2911	19	46
	2912	18	40
	2913	22	41
	2914	20	42
	2915	20	40
	2916	17	41
	2917	17	39
	2918	18	40
	2919	21	40
	2920	23	39
	2921	21	40
	2922	21	41
	2923	18	40
	2924	21	42
	2925	21	39
	2926	19	39
	2927	18	38
	2928	19	39
	2929	21	38
	2930	21	39
	2931	17	41
	2932	19	42
	2933	23	42
	2934	17	40
	2935	22	42
	2936	16	41
	2937	17	38
	2938	17	41
	2939	22	41
	2940	20	40
	2941	20	39
	2942	19	38
	2943	18	40
	2944	18	43
	2945	20	43
	2946	19	40
	2947	21	41
	2948	19	43
	2949	21	39
	2950	23	41
	2951	19	39
	2952	17	38
	2953	19	42
	2954	17	39
	2955	21	38
	2956	22	38
	2957	18	44
	2958	22	39
	2959	20	42
	2960	20	42
	2961	20	44
	2962	19	40
	2963	19	40
	2964	21	40
	2965	22	41
	2966	19	41
	2967	21	39
	2968	17	39
	2969	23	43
	2970	20	40
	2971	21	40
	2972	22	38
	2973	21	39
	2974	19	41
	2975	18	43
	2976	19	41
	2977	21	40
	2978	20	39
	2979	21	40
	2980	23	39
	2981	22	42
	2982	17	40
	2983	19	41
	2984	19	40
	2985	22	41
	2986	21	39
	2987	20	40
	2988	17	39
	2989	21	39
	2990	21	39
	2991	21	40
	2992	22	38
	2993	19	39
	2994	19	41
	2995	19	38
	2996	19	44
	2997	19	40
	2998	21	40
	2999	20	39
	3000	19	38
	3001	20	42
	3002	19	38
	3003	20	40
	3004	20	39
	3005	19	40
	3006	22	38
	3007	19	40
	3008	22	39
	3009	20	40
	3010	18	38
	3011	19	39
	3012	20	38
	3013	23	40
	3014	22	40
	3015	19	40
	3016	20	39
	3017	19	40
	3018	22	41
	3019	20	40
	3020	21	39
	3021	20	37
	3022	17	40
	3023	19	41
	3024	19	42
	3025	20	42
	3026	18	38
	3027	20	38
	3028	21	39
	3029	22	41
	3030	18	41
	3031	21	42
	3032	19	37
	3033	21	37
	3034	21	40
	3035	21	41
	3036	20	41
	3037	22	38
	3038	20	38
	3039	20	42
	3040	20	39
	3041	21	41
	3042	21	40
	3043	20	41
	3044	19	40
	3045	21	42
	3046	16	40
	3047	18	40
	3048	17	38
	3049	21	38
	3050	17	41
	3051	22	41
	3052	20	41
	3053	21	40
	3054	18	39
	3055	20	35
	3056	18	41
	3057	21	39
	3058	22	39
	3059	21	42
	3060	19	42
	3061	19	41
	3062	19	39
	3063	19	41
	3064	21	42
	3065	20	39
	3066	16	40
	3067	18	40
	3068	21	40
	3069	18	39
	3070	20	37
	3071	21	42
	3072	18	39
	3073	22	39
	3074	20	41
	3075	21	39
	3076	21	39
	3077	20	42
	3078	18	41
	3079	21	42
	3080	22	39
	3081	20	41
	3082	17	40
	3083	20	43
	3084	19	40
	3085	21	39
	3086	19	39
	3087	20	40
	3088	21	43
	3089	19	40
	3090	21	39
	3091	21	40
	3092	19	38
	3093	19	40
	3094	19	41
	3095	19	40
	3096	20	43
	3097	19	41
	3098	20	37
	3099	19	41
	3100	17	38
	3101	22	38
	3102	17	39
	3103	19	41
	3104	18	40
	3105	19	40
	3106	20	41
	3107	22	41
	3108	19	39
	3109	23	43
	3110	20	41
	3111	21	39
	3112	18	39
	3113	22	41
	3114	19	37
	3115	23	39
	3116	20	41
	3117	20	43
	3118	22	37
	3119	18	36
	3120	17	40
	3121	16	43
	3122	19	41
	3123	18	41
	3124	20	38
	3125	21	43
	3126	18	41
	3127	21	39
	3128	18	41
	3129	21	41
	3130	18	40
	3131	19	39
	3132	20	39
	3133	21	41
	3134	21	38
	3135	19	41
	3136	23	40
	3137	20	44
	3138	20	37
	3139	20	43
	3140	19	36
	3141	19	38
	3142	19	40
	3143	20	40
	3144	20	41
	3145	20	40
	3146	24	38
	3147	17	38
	3148	18	41
	3149	22	39
	3150	18	39
	3151	19	37
	3152	23	38
	3153	20	41
	3154	18	41
	3155	19	42
	3156	21	37
	3157	21	38
	3158	20	41
	3159	20	41
	3160	21	41
	3161	19	41
	3162	18	38
	3163	20	42
	3164	20	40
	3165	21	40
	3166	22	41
	3167	20	41
	3168	21	40
	3169	22	39
	3170	20	37
	3171	20	41
	3172	19	37
	3173	20	41
	3174	20	37
	3175	20	40
	3176	19	39
	3177	22	41
	3178	20	38
	3179	20	40
	3180	19	42
	3181	20	39
	3182	22	37
	3183	20	39
	3184	19	39
	3185	27	42
	3186	20	39
	3187	21	42
	3188	19	39
	3189	21	39
	3190	19	38
	3191	21	44
	3192	20	39
	3193	21	40
	3194	19	40
	3195	20	41
	3196	20	39
	3197	19	41
	3198	21	38
	3199	19	41
	3200	19	39
	3201	18	42
	3202	18	39
	3203	24	40
	3204	22	39
	3205	22	38
	3206	18	38
	3207	20	42
	3208	20	40
	3209	21	41
	3210	19	37
	3211	21	41
	3212	20	41
	3213	20	42
	3214	19	41
	3215	20	38
	3216	20	40
	3217	21	42
	3218	22	40
	3219	21	37
	3220	18	43
	3221	21	41
	3222	19	39
	3223	20	46
	3224	18	39
	3225	21	40
	3226	20	40
	3227	18	41
	3228	18	40
	3229	22	44
	3230	19	38
	3231	21	40
	3232	18	39
	3233	19	41
	3234	21	40
	3235	20	40
	3236	19	42
	3237	23	39
	3238	19	37
	3239	19	39
	3240	18	40
	3241	21	45
	3242	21	38
	3243	21	43
	3244	20	41
	3245	20	41
	3246	19	41
	3247	19	40
	3248	21	41
	3249	19	40
	3250	20	41
	3251	20	40
	3252	21	41
	3253	22	39
	3254	18	41
	3255	21	41
	3256	17	39
	3257	20	41
	3258	20	40
	3259	20	41
	3260	18	41
	3261	20	38
	3262	20	43
	3263	20	42
	3264	20	39
	3265	21	41
	3266	20	40
	3267	22	41
	3268	19	40
	3269	17	42
	3270	19	39
	3271	21	41
	3272	22	43
	3273	21	41
	3274	19	39
	3275	23	42
	3276	20	40
	3277	19	40
	3278	21	42
	3279	20	38
	3280	18	37
	3281	21	40
	3282	22	40
	3283	22	40
	3284	20	39
	3285	27	39
	3286	17	42
	3287	20	41
	3288	18	39
	3289	20	41
	3290	18	40
	3291	20	39
	3292	20	39
	3293	21	40
	3294	21	39
	3295	22	41
	3296	20	40
	3297	21	40
	3298	19	39
	3299	21	41
	3300	18	41
	3301	18	42
	3302	21	37
	3303	18	40
	3304	19	39
	3305	20	39
	3306	18	40
	3307	19	38
	3308	17	39
	3309	20	41
	3310	20	39
	3311	23	41
	3312	21	40
	3313	20	42
	3314	17	41
	3315	23	40
	3316	19	39
	3317	22	42
	3318	18	38
	3319	18	40
	3320	19	41
	3321	20	44
	3322	18	41
	3323	21	39
	3324	21	39
	3325	21	40
	3326	20	43
	3327	17	41
	3328	20	38
	3329	20	35
	3330	20	38
	3331	19	39
	3332	21	39
	3333	20	39
	3334	20	40
	3335	23	41
	3336	19	37
	3337	21	40
	3338	18	40
	3339	20	40
	3340	17	41
	3341	20	43
	3342	21	41
	3343	18	41
	3344	19	42
	3345	19	38
	3346	22	42
	3347	20	42
	3348	18	37
	3349	19	40
	3350	17	42
	3351	21	41
	3352	19	43
	3353	20	38
	3354	19	37
	3355	21	42
	3356	18	37
	3357	19	40
	3358	19	38
	3359	20	39
	3360	18	38
	3361	17	39
	3362	19	38
	3363	21	39
	3364	18	39
	3365	20	42
	3366	22	38
	3367	21	40
	3368	20	39
	3369	22	39
	3370	19	41
	3371	22	39
	3372	18	39
	3373	18	40
	3374	19	37
	3375	20	41
	3376	20	40
	3377	20	40
	3378	20	38
	3379	20	41
	3380	19	38
	3381	20	42
	3382	19	40
	3383	20	37
	3384	20	40
	3385	22	37
	3386	18	42
	3387	20	41
	3388	20	39
	3389	20	41
	3390	20	43
	3391	20	41
	3392	20	40
	3393	20	39
	3394	20	39
	3395	21	39
	3396	22	41
	3397	21	38
	3398	15	39
	3399	21	39
	3400	19	41
	3401	23	41
	3402	21	40
	3403	23	40
	3404	18	38
	3405	19	39
	3406	20	41
	3407	22	39
	3408	20	39
	3409	19	39
	3410	22	39
	3411	23	41
	3412	21	41
	3413	20	42
	3414	18	38
	3415	21	39
	3416	21	39
	3417	22	41
	3418	20	39
	3419	21	41
	3420	21	38
	3421	20	41
	3422	19	40
	3423	22	41
	3424	20	40
	3425	21	42
	3426	20	39
	3427	24	43
	3428	22	40
	3429	21	40
	3430	20	40
	3431	21	38
	3432	20	39
	3433	23	43
	3434	16	39
	3435	21	40
	3436	18	40
	3437	19	40
	3438	20	39
	3439	19	43
	3440	22	40
	3441	21	42
	3442	21	41
	3443	22	39
	3444	20	39
	3445	19	41
	3446	19	43
	3447	20	40
	3448	18	39
	3449	20	42
	3450	18	42
	3451	19	42
	3452	18	40
	3453	21	39
	3454	20	39
	3455	22	42
	3456	18	43
	3457	19	37
	3458	20	40
	3459	20	40
	3460	21	41
	3461	21	44
	3462	20	43
	3463	21	41
	3464	19	39
	3465	20	41
	3466	20	38
	3467	19	43
	3468	19	37
	3469	22	39
	3470	20	43
	3471	20	41
	3472	20	45
	3473	19	38
	3474	21	37
	3475	21	38
	3476	19	40
	3477	20	42
	3478	20	43
	3479	22	40
	3480	17	38
	3481	22	40
	3482	18	38
	3483	21	41
	3484	19	41
	3485	21	39
	3486	15	39
	3487	19	42
	3488	21	41
	3489	19	42
	3490	20	41
	3491	21	40
	3492	21	39
	3493	20	38
	3494	20	39
	3495	21	41
	3496	20	38
	3497	23	38
	3498	19	39
	3499	21	39
	3500	19	40
	3501	23	40
	3502	18	40
	3503	21	40
	3504	18	43
	3505	20	39
	3506	18	41
	3507	21	41
	3508	17	39
	3509	21	42
	3510	22	39
	3511	21	42
	3512	17	39
	3513	20	41
	3514	19	38
	3515	21	39
	3516	19	41
	3517	23	36
	3518	21	39
	3519	22	41
	3520	19	40
	3521	21	39
	3522	20	40
	3523	22	38
	3524	19	41
	3525	20	39
	3526	17	40
	3527	18	39
	3528	20	39
	3529	17	39
	3530	21	40
	3531	21	42
	3532	17	38
	3533	22	43
	3534	19	39
	3535	19	41
	3536	20	40
	3537	19	42
	3538	20	41
	3539	17	44
	3540	21	44
	3541	18	40
	3542	20	38
	3543	22	39
	3544	19	38
	3545	21	40
	3546	18	39
	3547	20	41
	3548	20	39
	3549	23	41
	3550	24	45
	3551	22	42
	3552	20	40
	3553	22	41
	3554	19	39
	3555	22	42
	3556	22	39
	3557	20	39
	3558	18	39
	3559	20	41
	3560	19	39
	3561	20	41
	3562	20	40
	3563	20	40
	3564	20	40
	3565	21	43
	3566	17	40
	3567	19	41
	3568	20	41
	3569	20	42
	3570	22	41
	3571	18	41
	3572	17	36
	3573	18	45
	3574	21	40
	3575	21	42
	3576	19	38
	3577	21	38
	3578	21	39
	3579	19	44
	3580	17	41
	3581	24	42
	3582	20	40
	3583	25	42
	3584	19	39
	3585	22	41
	3586	18	40
	3587	21	38
	3588	21	40
	3589	22	40
	3590	22	40
	3591	22	40
	3592	21	39
	3593	22	38
	3594	22	39
	3595	21	41
	3596	19	43
	3597	22	41
	3598	18	39
	3599	22	43
	3600	19	40
	3601	18	38
	3602	19	41
	3603	23	38
	3604	20	39
	3605	18	39
	3606	21	38
	3607	20	38
	3608	18	38
	3609	21	41
	3610	19	39
	3611	19	42
	3612	18	39
	3613	18	40
	3614	18	41
	3615	21	40
	3616	14	41
	3617	23	39
	3618	17	41
	3619	18	39
	3620	19	39
	3621	22	40
	3622	22	39
	3623	22	40
	3624	22	40
	3625	21	39
	3626	20	38
	3627	22	39
	3628	19	41
	3629	24	41
	3630	21	39
	3631	21	39
	3632	19	39
	3633	20	37
	3634	22	40
	3635	21	41
	3636	20	42
	3637	21	39
	3638	20	40
	3639	20	41
	3640	21	41
	3641	21	37
	3642	21	38
	3643	21	40
	3644	18	39
	3645	21	41
	3646	19	40
	3647	20	39
	3648	20	40
	3649	21	42
	3650	21	38
	3651	22	40
	3652	21	37
	3653	17	39
	3654	21	39
	3655	19	39
	3656	18	41
	3657	21	39
	3658	19	39
	3659	19	39
	3660	21	40
	3661	21	41
	3662	21	40
	3663	23	40
	3664	21	38
	3665	21	44
	3666	20	40
	3667	21	41
	3668	22	38
	3669	20	41
	3670	20	39
	3671	21	40
	3672	21	41
	3673	19	41
	3674	23	38
	3675	22	39
	3676	21	40
	3677	19	40
	3678	18	40
	3679	20	40
	3680	20	41
	3681	22	41
	3682	23	39
	3683	22	39
	3684	19	39
	3685	21	40
	3686	18	42
	3687	19	40
	3688	20	41
	3689	21	40
	3690	19	41
	3691	20	41
	3692	20	40
	3693	21	42
	3694	20	41
	3695	21	40
	3696	20	38
	3697	22	39
	3698	20	41
	3699	23	39
	3700	23	39
	3701	18	40
	3702	21	41
	3703	20	42
	3704	20	39
	3705	19	39
	3706	19	39
	3707	19	43
	3708	22	40
	3709	20	40
	3710	19	41
	3711	21	39
	3712	18	41
	3713	20	38
	3714	20	40
	3715	21	39
	3716	20	37
	3717	19	38
	3718	19	38
	3719	18	41
	3720	19	40
	3721	20	40
	3722	19	40
	3723	21	43
