	0	21	39
	1	20	39
	2	17	38
	3	21	40
	4	16	37
	5	19	38
	6	16	35
	7	19	39
	8	20	41
	9	22	38
	10	17	39
	11	19	39
	12	19	37
	13	19	39
	14	18	41
	15	20	39
	16	18	41
	17	19	40
	18	19	38
	19	17	38
	20	19	38
	21	18	40
	22	18	39
	23	20	39
	24	18	38
	25	19	40
	26	22	39
	27	24	40
	28	21	41
	29	20	43
	30	23	43
	31	21	44
	32	20	38
	33	22	41
	34	22	41
	35	22	39
	36	19	41
	37	22	40
	38	19	39
	39	22	41
	40	22	41
	41	21	42
	42	23	44
	43	23	42
	44	22	43
	45	23	43
	46	23	41
	47	20	41
	48	25	39
	49	21	41
	50	19	38
	51	21	44
	52	20	42
	53	21	42
	54	21	44
	55	22	43
	56	19	42
	57	19	40
	58	22	40
	59	23	44
	60	23	39
	61	22	42
	62	24	44
	63	23	41
	64	23	44
	65	24	42
	66	22	40
	67	23	43
	68	25	44
	69	23	43
	70	21	43
	71	22	44
	72	22	44
	73	24	46
	74	21	44
	75	22	44
	76	22	43
	77	25	43
	78	23	40
	79	22	44
	80	20	42
	81	23	43
	82	22	41
	83	23	46
	84	21	43
	85	21	46
	86	22	45
	87	25	44
	88	21	44
	89	22	42
	90	21	45
	91	25	39
	92	20	43
	93	23	47
	94	22	44
	95	22	43
	96	22	50
	97	20	42
	98	22	43
	99	21	44
	100	22	42
	101	22	42
	102	22	45
	103	21	44
	104	25	41
	105	23	43
	106	23	43
	107	24	44
	108	21	43
	109	23	46
	110	21	40
	111	23	41
	112	25	40
	113	21	43
	114	22	44
	115	24	43
	116	25	40
	117	25	46
	118	23	45
	119	23	46
	120	22	41
	121	24	43
	122	20	46
	123	23	45
	124	22	42
	125	22	41
	126	24	44
	127	25	42
	128	26	43
	129	22	45
	130	19	43
	131	21	46
	132	21	42
	133	22	44
	134	21	41
	135	25	43
	136	28	41
	137	23	46
	138	23	46
	139	23	43
	140	22	40
	141	29	46
	142	22	45
	143	23	44
	144	23	42
	145	20	43
	146	26	45
	147	23	45
	148	22	47
	149	24	44
	150	22	44
	151	24	48
	152	23	40
	153	23	43
	154	24	44
	155	26	46
	156	23	42
	157	24	43
	158	22	43
	159	19	45
	160	21	45
	161	22	42
	162	23	44
	163	25	43
	164	22	42
	165	21	46
	166	26	42
	167	22	44
	168	23	43
	169	24	42
	170	21	42
	171	22	45
	172	25	46
	173	22	43
	174	24	45
	175	22	48
	176	21	45
	177	25	45
	178	22	44
	179	21	44
	180	26	45
	181	24	45
	182	24	45
	183	24	47
	184	24	44
	185	24	46
	186	22	43
	187	24	46
	188	22	45
	189	25	43
	190	22	44
	191	24	46
	192	23	47
	193	23	47
	194	24	44
	195	22	42
	196	21	47
	197	25	44
	198	22	43
	199	22	48
	200	23	46
	201	23	46
	202	23	46
	203	24	45
	204	21	40
	205	24	45
	206	22	44
	207	23	43
	208	25	46
	209	25	44
	210	21	48
	211	24	45
	212	21	45
	213	22	46
	214	22	44
	215	21	47
	216	22	45
	217	25	45
	218	19	45
	219	21	52
	220	22	44
	221	21	48
	222	23	45
	223	23	47
	224	22	43
	225	25	45
	226	24	45
	227	22	46
	228	23	45
	229	26	46
	230	24	44
	231	24	48
	232	20	44
	233	25	44
	234	22	46
	235	24	46
	236	22	45
	237	23	45
	238	20	43
	239	24	44
	240	22	43
	241	22	48
	242	25	44
	243	23	46
	244	20	44
	245	24	46
	246	21	45
	247	26	45
	248	22	44
	249	22	48
	250	19	42
	251	22	45
	252	22	42
	253	24	45
	254	23	43
	255	25	46
	256	21	47
	257	26	48
	258	22	45
	259	25	44
	260	25	43
	261	24	44
	262	23	45
	263	23	46
	264	26	42
	265	20	49
	266	23	44
	267	24	44
	268	21	46
	269	23	45
	270	21	44
	271	22	45
	272	20	45
	273	20	42
	274	23	42
	275	24	44
	276	20	41
	277	22	43
	278	21	43
	279	21	43
	280	20	44
	281	24	43
	282	20	39
	283	22	43
	284	23	43
	285	24	44
	286	21	44
	287	24	43
	288	19	43
	289	21	41
	290	26	43
	291	19	44
	292	21	44
	293	20	44
	294	20	45
	295	21	47
	296	23	44
	297	24	45
	298	30	44
	299	21	46
	300	21	44
	301	23	49
	302	21	45
	303	23	45
	304	20	45
	305	23	47
	306	23	44
	307	25	41
	308	22	45
	309	21	41
	310	21	46
	311	21	44
	312	23	44
	313	22	43
	314	22	43
	315	22	44
	316	20	44
	317	24	45
	318	23	41
	319	21	43
	320	22	42
	321	23	46
	322	23	47
	323	19	45
	324	20	40
	325	21	39
	326	20	44
	327	23	46
	328	20	41
	329	22	44
	330	21	46
	331	24	44
	332	23	43
	333	21	47
	334	23	43
	335	23	44
	336	21	43
	337	23	47
	338	22	43
	339	24	44
	340	21	41
	341	22	45
	342	21	44
	343	22	45
	344	22	41
	345	23	43
	346	25	44
	347	21	41
	348	20	44
	349	22	44
	350	18	44
	351	23	44
	352	20	40
	353	24	44
	354	22	42
	355	23	45
	356	22	43
	357	22	41
	358	22	43
	359	23	42
	360	23	42
	361	21	42
	362	22	43
	363	25	44
	364	18	44
	365	23	44
	366	21	45
	367	21	42
	368	21	45
	369	21	45
	370	21	45
	371	26	42
	372	23	41
	373	21	43
	374	21	43
	375	22	43
	376	24	44
	377	23	45
	378	21	44
	379	24	40
	380	22	42
	381	22	44
	382	22	45
	383	24	44
	384	24	43
	385	24	44
	386	21	41
	387	23	42
	388	21	44
	389	22	45
	390	21	45
	391	23	46
	392	23	45
	393	23	45
	394	24	41
	395	19	43
	396	20	43
	397	24	43
	398	23	46
	399	25	52
	400	23	44
	401	23	42
	402	25	43
	403	24	43
	404	22	42
	405	26	44
	406	23	43
	407	23	45
	408	22	42
	409	22	43
	410	23	45
	411	24	44
	412	22	41
	413	23	44
	414	23	43
	415	23	43
	416	22	42
	417	23	43
	418	24	45
	419	24	44
	420	22	43
	421	23	42
	422	22	43
	423	22	44
	424	23	46
	425	26	46
	426	25	47
	427	21	45
	428	21	45
	429	22	45
	430	22	43
	431	25	46
	432	23	45
	433	25	45
	434	19	44
	435	22	47
	436	22	44
	437	22	43
	438	25	41
	439	24	47
	440	24	45
	441	22	48
	442	23	43
	443	21	45
	444	25	43
	445	27	47
	446	22	43
	447	26	46
	448	23	43
	449	24	45
	450	22	47
	451	23	44
	452	30	43
	453	22	46
	454	24	45
	455	25	46
	456	24	47
	457	22	44
	458	23	45
	459	25	43
	460	23	47
	461	25	45
	462	19	44
	463	23	46
	464	25	44
	465	23	44
	466	27	41
	467	27	45
	468	23	45
	469	26	46
	470	22	46
	471	23	45
	472	23	46
	473	22	46
	474	25	46
	475	24	42
	476	22	50
	477	24	46
	478	24	45
	479	27	46
	480	26	45
	481	24	46
	482	23	48
	483	24	44
	484	22	47
	485	24	47
	486	23	46
	487	22	47
	488	25	45
	489	23	46
	490	24	49
	491	24	46
	492	23	47
	493	24	43
	494	24	44
	495	25	43
	496	21	41
	497	24	45
	498	23	44
	499	23	45
	500	27	42
	501	25	46
	502	24	43
	503	22	45
	504	24	45
	505	24	43
	506	26	43
	507	24	44
	508	25	45
	509	26	43
	510	23	48
	511	25	45
	512	24	46
	513	23	48
	514	25	46
	515	26	45
	516	23	48
	517	26	47
	518	24	44
	519	25	49
	520	25	46
	521	24	50
	522	23	45
	523	21	46
	524	25	48
	525	26	48
	526	23	45
	527	24	47
	528	23	43
	529	27	46
	530	24	46
	531	25	49
	532	26	46
	533	30	50
	534	26	46
	535	26	48
	536	24	48
	537	27	48
	538	22	45
	539	27	49
	540	23	44
	541	24	44
	542	22	44
	543	25	47
	544	25	45
	545	26	47
	546	22	47
	547	27	47
	548	27	47
	549	27	47
	550	24	46
	551	26	44
	552	26	45
	553	25	48
	554	27	47
	555	26	45
	556	23	46
	557	26	50
	558	24	44
	559	28	48
	560	26	48
	561	25	46
	562	25	46
	563	24	51
	564	24	46
	565	26	49
	566	27	50
	567	27	47
	568	25	49
	569	25	47
	570	28	50
	571	27	51
	572	25	46
	573	27	50
	574	24	48
	575	24	49
	576	27	47
	577	27	49
	578	25	47
	579	28	48
	580	27	45
	581	28	48
	582	26	50
	583	24	48
	584	25	48
	585	27	48
	586	24	49
	587	27	48
	588	28	46
	589	28	48
	590	24	48
	591	29	49
	592	26	48
	593	28	48
	594	27	51
	595	26	49
	596	26	52
	597	25	47
	598	28	47
	599	28	47
	600	28	48
	601	26	47
	602	29	48
	603	27	50
	604	28	50
	605	26	49
	606	25	47
	607	29	49
	608	25	49
	609	28	49
	610	27	48
	611	26	50
	612	29	48
	613	27	51
	614	28	51
	615	30	46
	616	24	50
	617	26	52
	618	28	49
	619	28	52
	620	27	48
	621	29	49
	622	28	50
	623	30	52
	624	29	48
	625	29	50
	626	29	49
	627	28	51
	628	26	48
	629	29	52
	630	24	48
	631	33	51
	632	29	51
	633	29	52
	634	29	50
	635	28	53
	636	27	51
	637	29	53
	638	29	55
	639	26	54
	640	25	52
	641	27	51
	642	26	52
	643	29	52
	644	30	52
	645	28	54
	646	27	53
	647	30	51
	648	28	51
	649	31	54
	650	31	51
	651	30	51
	652	29	50
	653	29	55
	654	26	52
	655	28	52
	656	28	52
	657	30	57
	658	29	52
	659	27	56
	660	32	53
	661	30	54
	662	28	51
	663	31	49
	664	29	51
	665	32	52
	666	33	54
	667	28	51
	668	26	53
	669	28	53
	670	31	53
	671	28	53
	672	30	56
	673	34	53
	674	28	58
	675	28	54
	676	26	53
	677	31	55
	678	31	51
	679	32	53
	680	31	49
	681	28	55
	682	30	53
	683	30	55
	684	29	54
	685	30	54
	686	30	54
	687	31	57
	688	30	55
	689	31	54
	690	31	54
	691	30	56
	692	27	54
	693	31	57
	694	30	58
	695	29	56
	696	30	56
	697	34	56
	698	34	55
	699	32	55
	700	31	56
	701	30	54
	702	30	54
	703	29	55
	704	29	55
	705	35	55
	706	30	56
	707	31	55
	708	38	55
	709	32	55
	710	30	55
	711	30	54
	712	29	55
	713	28	56
	714	31	55
	715	29	57
	716	34	56
	717	34	58
	718	30	55
	719	29	53
	720	32	54
	721	30	55
	722	30	58
	723	30	55
	724	32	55
	725	33	53
	726	30	57
	727	33	54
	728	33	54
	729	30	53
	730	31	56
	731	30	60
	732	30	56
	733	30	54
	734	29	55
	735	32	59
	736	32	59
	737	34	58
	738	36	55
	739	31	58
	740	29	53
	741	32	56
	742	33	56
	743	30	59
	744	31	58
	745	29	56
	746	29	60
	747	27	58
	748	30	56
	749	29	58
	750	29	57
	751	30	61
	752	30	56
	753	30	59
	754	27	56
	755	29	56
	756	30	54
	757	31	59
	758	29	58
	759	31	57
	760	29	55
	761	29	56
	762	32	59
	763	31	57
	764	28	56
	765	28	57
	766	31	57
	767	31	59
	768	30	57
	769	33	57
	770	28	57
	771	31	58
	772	32	57
	773	32	56
	774	30	55
	775	30	57
	776	37	54
	777	32	60
	778	31	55
	779	29	61
	780	31	57
	781	30	56
	782	29	55
	783	29	56
	784	30	57
	785	31	56
	786	30	58
	787	31	57
	788	29	55
	789	31	56
	790	28	56
	791	34	59
	792	31	56
	793	29	56
	794	29	55
	795	31	57
	796	31	52
	797	29	57
	798	28	56
	799	31	58
	800	28	55
	801	30	57
	802	27	59
	803	31	60
	804	28	57
	805	31	52
	806	29	56
	807	29	57
	808	27	59
	809	31	54
	810	27	55
	811	33	56
	812	28	55
	813	30	60
	814	28	54
	815	27	56
	816	28	56
	817	27	54
	818	25	56
	819	28	53
	820	27	51
	821	28	56
	822	29	53
	823	29	57
	824	26	54
	825	31	54
	826	31	56
	827	27	56
	828	29	56
	829	28	57
	830	28	51
	831	30	54
	832	27	54
	833	27	53
	834	28	53
	835	27	53
	836	28	54
	837	30	53
	838	26	55
	839	30	51
	840	27	53
	841	28	54
	842	29	53
	843	27	54
	844	27	51
	845	28	52
	846	29	49
	847	30	53
	848	28	49
	849	28	54
	850	25	54
	851	29	51
	852	27	52
	853	25	56
	854	28	52
	855	27	54
	856	27	53
	857	26	53
	858	28	54
	859	27	53
	860	27	51
	861	28	52
	862	28	50
	863	26	51
	864	27	54
	865	27	51
	866	28	52
	867	25	55
	868	28	52
	869	27	53
	870	25	53
	871	29	54
	872	24	52
	873	23	51
	874	28	49
	875	26	54
	876	27	52
	877	26	50
	878	25	55
	879	28	47
	880	25	52
	881	29	53
	882	27	51
	883	28	53
	884	29	51
	885	30	49
	886	25	51
	887	26	54
	888	26	50
	889	26	53
	890	25	54
	891	28	52
	892	27	51
	893	26	52
	894	27	49
	895	27	48
	896	23	56
	897	27	51
	898	24	50
	899	27	51
	900	24	50
	901	25	50
	902	26	47
	903	24	50
	904	25	50
	905	23	50
	906	25	48
	907	26	48
	908	28	47
	909	25	49
	910	24	47
	911	25	47
	912	25	50
	913	23	51
	914	24	50
	915	28	52
	916	24	50
	917	24	50
	918	26	49
	919	31	51
	920	24	49
	921	26	52
	922	26	48
	923	27	49
	924	27	44
	925	25	50
	926	25	47
	927	27	49
	928	26	49
	929	27	48
	930	25	51
	931	27	49
	932	24	46
	933	27	52
	934	23	48
	935	25	50
	936	27	49
	937	26	49
	938	25	45
	939	23	50
	940	25	46
	941	23	47
	942	25	45
	943	25	45
	944	25	47
	945	26	50
	946	27	48
	947	26	50
	948	25	47
	949	26	45
	950	25	60
	951	27	47
	952	25	50
	953	24	45
	954	25	45
	955	24	46
	956	23	49
	957	26	47
	958	24	45
	959	26	46
	960	23	43
	961	27	48
	962	25	48
	963	24	46
	964	24	48
	965	22	47
	966	19	49
	967	23	49
	968	23	51
	969	28	43
	970	25	48
	971	26	47
	972	23	47
	973	23	50
	974	25	46
	975	23	46
	976	23	48
	977	25	48
	978	22	46
	979	24	50
	980	22	49
	981	25	48
	982	23	47
	983	26	44
	984	23	48
	985	25	47
	986	23	48
	987	24	44
	988	23	44
	989	25	46
	990	24	46
	991	26	46
	992	23	45
	993	23	49
	994	23	45
	995	26	46
	996	23	47
	997	28	48
	998	24	43
	999	22	45
	1000	26	44
	1001	23	45
	1002	23	44
	1003	22	43
	1004	25	44
	1005	23	47
	1006	22	45
	1007	23	48
	1008	20	45
	1009	23	45
	1010	26	44
	1011	25	45
	1012	23	47
	1013	23	47
	1014	24	44
	1015	24	45
	1016	26	42
	1017	22	43
	1018	23	46
	1019	25	48
	1020	21	46
	1021	21	45
	1022	24	46
	1023	26	43
	1024	23	44
	1025	24	45
	1026	22	46
	1027	26	46
	1028	22	46
	1029	25	40
	1030	23	41
	1031	26	46
	1032	21	43
	1033	22	46
	1034	21	45
	1035	24	43
	1036	23	41
	1037	23	45
	1038	22	45
	1039	23	47
	1040	21	45
	1041	21	42
	1042	21	45
	1043	22	44
	1044	24	51
	1045	26	45
	1046	22	42
	1047	23	46
	1048	23	46
	1049	25	45
	1050	23	46
	1051	23	41
	1052	23	41
	1053	23	42
	1054	24	46
	1055	21	53
	1056	22	44
	1057	23	43
	1058	21	43
	1059	25	48
	1060	22	48
	1061	23	46
	1062	22	44
	1063	22	44
	1064	23	45
	1065	22	44
	1066	22	42
	1067	25	44
	1068	21	43
	1069	24	45
	1070	22	43
	1071	22	46
	1072	21	43
	1073	24	42
	1074	22	45
	1075	21	44
	1076	22	44
	1077	30	45
	1078	23	44
	1079	26	43
	1080	21	45
	1081	24	40
	1082	23	42
	1083	21	44
	1084	24	42
	1085	26	42
	1086	21	44
	1087	22	42
	1088	25	41
	1089	25	42
	1090	24	45
	1091	24	45
	1092	20	42
	1093	22	44
	1094	22	45
	1095	22	45
	1096	23	46
	1097	22	45
	1098	22	44
	1099	23	46
	1100	23	46
	1101	24	46
	1102	20	44
	1103	26	46
	1104	22	43
	1105	23	46
	1106	24	43
	1107	23	40
	1108	21	44
	1109	24	45
	1110	22	49
	1111	23	44
	1112	21	41
	1113	25	43
	1114	21	45
	1115	23	44
	1116	22	44
	1117	23	43
	1118	21	44
	1119	23	45
	1120	20	45
	1121	24	45
	1122	23	43
	1123	24	44
	1124	21	41
	1125	21	45
	1126	22	45
	1127	23	42
	1128	20	44
	1129	22	43
	1130	24	44
	1131	22	44
	1132	22	42
	1133	22	43
	1134	20	46
	1135	23	43
	1136	19	48
	1137	23	41
	1138	23	45
	1139	25	46
	1140	25	42
	1141	21	43
	1142	21	43
	1143	27	43
	1144	20	45
	1145	23	45
	1146	23	44
	1147	26	46
	1148	22	42
	1149	23	42
	1150	23	45
	1151	23	43
	1152	21	47
	1153	20	44
	1154	23	43
	1155	25	45
	1156	21	43
	1157	23	45
	1158	21	43
	1159	24	45
	1160	21	45
	1161	23	42
	1162	23	43
	1163	19	47
	1164	20	42
	1165	23	44
	1166	21	42
	1167	22	43
	1168	24	50
	1169	22	45
	1170	21	44
	1171	25	43
	1172	20	45
	1173	21	44
	1174	20	41
	1175	21	44
	1176	22	45
	1177	21	43
	1178	20	41
	1179	23	43
	1180	23	43
	1181	20	43
	1182	26	44
	1183	23	45
	1184	22	43
	1185	23	42
	1186	19	41
	1187	21	45
	1188	23	44
	1189	24	44
	1190	22	44
	1191	22	41
	1192	20	44
	1193	18	43
	1194	22	43
	1195	22	47
	1196	23	44
	1197	22	47
	1198	19	43
	1199	22	45
	1200	25	43
	1201	24	42
	1202	23	43
	1203	21	43
	1204	23	46
	1205	23	44
	1206	19	43
	1207	26	38
	1208	23	43
	1209	23	43
	1210	23	44
	1211	22	46
	1212	21	43
	1213	25	44
	1214	24	42
	1215	23	43
	1216	22	42
	1217	20	42
	1218	22	40
	1219	23	42
	1220	21	43
	1221	23	38
	1222	21	43
	1223	23	44
	1224	21	42
	1225	23	45
	1226	18	45
	1227	23	42
	1228	24	44
	1229	21	45
	1230	24	43
	1231	22	45
	1232	20	43
	1233	24	42
	1234	21	41
	1235	24	44
	1236	24	41
	1237	21	43
	1238	21	42
	1239	23	45
	1240	20	41
	1241	21	45
	1242	24	42
	1243	22	43
	1244	20	44
	1245	22	42
	1246	21	43
	1247	24	48
	1248	21	43
	1249	24	44
	1250	23	40
	1251	23	44
	1252	22	43
	1253	19	45
	1254	21	43
	1255	23	44
	1256	22	45
	1257	17	43
	1258	22	44
	1259	21	43
	1260	22	47
	1261	24	45
	1262	22	45
	1263	23	43
	1264	21	43
	1265	22	44
	1266	27	43
	1267	30	45
	1268	20	42
	1269	23	43
	1270	19	37
	1271	22	45
	1272	21	43
	1273	22	43
	1274	24	44
	1275	23	49
	1276	21	45
	1277	24	44
	1278	23	47
	1279	21	45
	1280	23	45
	1281	23	44
	1282	22	42
	1283	22	45
	1284	21	43
	1285	21	45
	1286	21	41
	1287	23	47
	1288	20	41
	1289	24	43
	1290	19	43
	1291	23	45
	1292	21	41
	1293	23	43
	1294	21	42
	1295	24	41
	1296	24	45
	1297	20	45
	1298	22	43
	1299	22	42
	1300	21	44
	1301	23	45
	1302	23	43
	1303	22	45
	1304	20	43
	1305	23	44
	1306	22	42
	1307	20	43
	1308	19	42
	1309	21	44
	1310	21	42
	1311	21	40
	1312	21	44
	1313	24	41
	1314	23	46
	1315	22	42
	1316	22	42
	1317	24	43
	1318	19	42
	1319	23	43
	1320	24	44
	1321	23	43
	1322	25	43
	1323	22	46
	1324	20	42
	1325	23	44
	1326	20	42
	1327	21	44
	1328	23	43
	1329	19	43
	1330	21	41
	1331	23	43
	1332	20	44
	1333	23	41
	1334	20	43
	1335	24	41
	1336	23	42
	1337	21	42
	1338	19	43
	1339	21	44
	1340	22	40
	1341	19	42
	1342	21	44
	1343	23	44
	1344	21	38
	1345	20	44
	1346	23	44
	1347	23	43
	1348	22	42
	1349	20	45
	1350	23	43
	1351	22	44
	1352	22	42
	1353	24	43
	1354	23	43
	1355	25	44
	1356	22	41
	1357	23	44
	1358	21	45
	1359	23	43
	1360	21	44
	1361	21	44
	1362	22	41
	1363	21	44
	1364	20	42
	1365	21	43
	1366	21	42
	1367	21	41
	1368	22	43
	1369	23	42
	1370	22	41
	1371	20	41
	1372	28	45
	1373	22	44
	1374	20	45
	1375	23	45
	1376	24	40
	1377	22	44
	1378	22	44
	1379	23	42
	1380	20	41
	1381	32	46
	1382	21	41
	1383	22	45
	1384	22	45
	1385	22	43
	1386	20	45
	1387	24	42
	1388	22	41
	1389	22	45
	1390	22	41
	1391	21	43
	1392	20	45
	1393	20	45
	1394	22	45
	1395	23	45
	1396	22	45
	1397	24	44
	1398	22	42
	1399	22	46
	1400	22	44
	1401	25	42
	1402	23	43
	1403	22	44
	1404	21	44
	1405	21	43
	1406	21	44
	1407	20	44
	1408	21	43
	1409	23	43
	1410	23	43
	1411	24	42
	1412	20	45
	1413	23	45
	1414	22	42
	1415	24	47
	1416	24	43
	1417	20	41
	1418	20	43
	1419	24	43
	1420	21	43
	1421	23	44
	1422	21	43
	1423	22	44
	1424	21	43
	1425	24	45
	1426	24	44
	1427	19	42
	1428	19	43
	1429	21	44
	1430	22	45
	1431	23	44
	1432	19	41
	1433	23	42
	1434	23	40
	1435	23	41
	1436	18	45
	1437	23	43
	1438	24	43
	1439	21	42
	1440	20	43
	1441	23	43
	1442	24	44
	1443	20	42
	1444	24	46
	1445	21	39
	1446	22	44
	1447	23	44
	1448	22	43
	1449	23	43
	1450	18	46
	1451	23	45
	1452	20	45
	1453	22	45
	1454	23	39
	1455	20	45
	1456	22	41
	1457	22	44
	1458	22	44
	1459	20	43
	1460	23	41
	1461	21	40
	1462	21	44
	1463	22	43
	1464	23	43
	1465	24	42
	1466	21	42
	1467	23	44
	1468	19	44
	1469	24	44
	1470	21	42
	1471	21	43
	1472	22	44
	1473	24	44
	1474	23	43
	1475	23	45
	1476	22	44
	1477	19	41
	1478	22	41
	1479	20	41
	1480	21	40
	1481	21	39
	1482	23	42
	1483	20	41
	1484	19	42
	1485	24	44
	1486	23	42
	1487	24	45
	1488	21	45
	1489	21	40
	1490	20	40
	1491	23	44
	1492	22	41
	1493	21	44
	1494	20	44
	1495	20	44
	1496	23	43
	1497	24	41
	1498	19	41
	1499	22	45
	1500	21	44
	1501	21	43
	1502	21	43
	1503	22	42
	1504	19	41
	1505	20	42
	1506	21	43
	1507	22	45
	1508	24	41
	1509	21	45
	1510	21	44
	1511	22	41
	1512	21	41
	1513	23	43
	1514	22	39
	1515	23	44
	1516	20	44
	1517	21	42
	1518	20	45
	1519	21	42
	1520	21	42
	1521	21	41
	1522	22	42
	1523	22	41
	1524	19	40
	1525	23	44
	1526	19	41
	1527	23	44
	1528	20	43
	1529	20	45
	1530	19	42
	1531	27	42
	1532	20	43
	1533	22	44
	1534	21	43
	1535	20	41
	1536	24	44
	1537	22	41
	1538	23	43
	1539	22	45
	1540	22	42
	1541	24	44
	1542	25	42
	1543	26	43
	1544	23	40
	1545	22	44
	1546	23	39
	1547	23	45
	1548	22	43
	1549	22	42
	1550	22	44
	1551	22	44
	1552	20	42
	1553	23	42
	1554	21	42
	1555	25	43
	1556	22	44
	1557	22	41
	1558	24	46
	1559	24	45
	1560	22	43
	1561	23	44
	1562	23	43
	1563	22	45
	1564	21	43
	1565	21	46
	1566	24	44
	1567	23	41
	1568	21	44
	1569	22	44
	1570	23	42
	1571	22	53
	1572	22	44
	1573	24	44
	1574	24	44
	1575	24	44
	1576	22	43
	1577	21	47
	1578	27	47
	1579	23	48
	1580	24	44
	1581	25	48
	1582	20	44
	1583	23	48
	1584	22	44
	1585	26	48
	1586	26	46
	1587	21	46
	1588	19	46
	1589	22	44
	1590	24	44
	1591	21	47
	1592	21	45
	1593	23	46
	1594	23	45
	1595	27	47
	1596	21	45
	1597	27	45
	1598	23	45
	1599	26	51
	1600	22	47
	1601	24	43
	1602	21	46
	1603	23	44
	1604	22	45
	1605	22	45
	1606	23	44
	1607	23	48
	1608	22	45
	1609	23	45
	1610	20	47
	1611	25	47
	1612	24	43
	1613	24	49
	1614	24	46
	1615	26	48
	1616	22	43
	1617	25	47
	1618	22	41
	1619	24	48
	1620	26	44
	1621	25	48
	1622	22	43
	1623	21	46
	1624	24	46
	1625	25	47
	1626	25	45
	1627	23	44
	1628	21	48
	1629	23	46
	1630	22	47
	1631	22	48
	1632	23	45
	1633	23	43
	1634	23	47
	1635	26	47
	1636	22	44
	1637	21	45
	1638	19	43
	1639	23	45
	1640	24	47
	1641	25	46
	1642	23	44
	1643	22	45
	1644	22	43
	1645	25	47
	1646	28	47
	1647	23	43
	1648	17	45
	1649	21	47
	1650	24	48
	1651	21	47
	1652	22	44
	1653	25	47
	1654	24	45
	1655	27	45
	1656	21	47
	1657	24	49
	1658	23	46
	1659	22	44
	1660	23	48
	1661	24	44
	1662	21	45
	1663	21	43
	1664	21	42
	1665	24	44
	1666	21	47
	1667	23	45
	1668	22	44
	1669	23	44
	1670	19	43
	1671	25	44
	1672	20	45
	1673	25	44
	1674	23	45
	1675	21	45
	1676	21	44
	1677	22	46
	1678	21	44
	1679	24	47
	1680	22	43
	1681	23	43
	1682	22	46
	1683	21	47
	1684	21	47
	1685	23	44
	1686	20	46
	1687	23	48
	1688	24	46
	1689	24	45
	1690	21	44
	1691	23	48
	1692	19	45
	1693	22	48
	1694	22	43
	1695	20	44
	1696	18	44
	1697	21	44
	1698	21	45
	1699	23	46
	1700	22	43
	1701	23	44
	1702	23	42
	1703	20	44
	1704	20	43
	1705	26	44
	1706	20	41
	1707	24	40
	1708	20	40
	1709	21	42
	1710	21	45
	1711	20	40
	1712	20	41
	1713	21	42
	1714	21	44
	1715	25	43
	1716	21	42
	1717	21	41
	1718	20	42
	1719	20	43
	1720	22	42
	1721	22	42
	1722	19	41
	1723	21	43
	1724	21	40
	1725	20	41
	1726	24	40
	1727	18	41
	1728	18	39
	1729	24	41
	1730	19	38
	1731	21	42
	1732	22	40
	1733	22	43
	1734	21	44
	1735	20	38
	1736	19	43
	1737	19	44
	1738	21	43
	1739	23	43
	1740	22	41
	1741	22	40
	1742	18	40
	1743	20	41
	1744	21	41
	1745	22	41
	1746	21	41
	1747	23	43
	1748	22	43
	1749	22	44
	1750	21	42
	1751	20	42
	1752	20	39
	1753	22	40
	1754	22	45
	1755	22	41
	1756	18	39
	1757	21	40
	1758	23	41
	1759	23	44
	1760	19	41
	1761	22	43
	1762	19	43
	1763	21	45
	1764	20	42
	1765	21	42
	1766	23	42
	1767	22	43
	1768	19	41
	1769	18	43
	1770	20	42
	1771	22	44
	1772	21	41
	1773	20	40
	1774	21	42
	1775	20	43
	1776	19	41
	1777	22	42
	1778	23	39
	1779	22	44
	1780	23	43
	1781	20	43
	1782	23	42
	1783	24	43
	1784	21	43
	1785	22	42
	1786	20	39
	1787	20	39
	1788	23	41
	1789	21	42
	1790	20	39
	1791	24	43
	1792	20	42
	1793	24	39
	1794	21	41
	1795	20	43
	1796	20	40
	1797	22	41
	1798	20	41
	1799	24	40
	1800	22	40
	1801	18	43
	1802	20	41
	1803	23	44
	1804	22	39
	1805	21	40
	1806	21	40
	1807	22	42
	1808	19	43
	1809	22	42
	1810	21	38
	1811	20	42
	1812	21	46
	1813	20	44
	1814	21	42
	1815	19	41
	1816	20	41
	1817	22	42
	1818	21	41
	1819	21	42
	1820	19	41
	1821	20	43
	1822	17	38
	1823	21	42
	1824	20	43
	1825	20	41
	1826	20	40
	1827	20	42
	1828	19	42
	1829	20	43
	1830	20	43
	1831	22	40
	1832	19	42
	1833	21	40
	1834	22	40
	1835	22	41
	1836	20	39
	1837	18	40
	1838	21	40
	1839	21	39
	1840	18	41
	1841	21	45
	1842	19	41
	1843	22	41
	1844	20	39
	1845	20	40
	1846	19	41
	1847	21	39
	1848	23	41
	1849	21	44
	1850	21	41
	1851	22	40
	1852	18	43
	1853	24	38
	1854	18	39
	1855	20	43
	1856	18	40
	1857	23	41
	1858	23	40
	1859	22	41
	1860	19	41
	1861	20	41
	1862	20	39
	1863	21	41
	1864	21	42
	1865	20	43
	1866	20	42
	1867	21	42
	1868	19	43
	1869	20	42
	1870	19	41
	1871	21	40
	1872	23	40
	1873	21	40
	1874	20	41
	1875	23	45
	1876	21	43
	1877	21	43
	1878	21	38
	1879	22	41
	1880	23	38
	1881	19	40
	1882	22	42
	1883	22	41
	1884	22	39
	1885	23	39
	1886	17	40
	1887	22	43
	1888	17	41
	1889	22	41
	1890	20	41
	1891	21	39
	1892	19	41
	1893	21	39
	1894	19	40
	1895	19	43
	1896	19	38
	1897	19	40
	1898	21	43
	1899	20	40
	1900	19	41
	1901	22	41
	1902	18	40
	1903	23	42
	1904	23	44
	1905	24	37
	1906	22	43
	1907	29	42
	1908	19	40
	1909	20	40
	1910	18	41
	1911	22	45
	1912	22	41
	1913	17	41
	1914	20	39
	1915	19	42
	1916	21	42
	1917	20	42
	1918	19	39
	1919	17	41
	1920	19	41
	1921	20	46
	1922	19	43
	1923	21	42
	1924	21	41
	1925	23	42
	1926	18	41
	1927	18	39
	1928	21	40
	1929	22	41
	1930	20	41
	1931	22	41
	1932	19	42
	1933	20	42
	1934	17	41
	1935	21	42
	1936	17	38
	1937	21	44
	1938	21	43
	1939	19	40
	1940	20	40
	1941	19	42
	1942	20	40
	1943	19	42
	1944	19	39
	1945	23	42
	1946	20	43
	1947	19	44
	1948	21	39
	1949	19	39
	1950	20	43
	1951	22	42
	1952	20	44
	1953	22	39
	1954	18	39
	1955	22	39
	1956	19	41
	1957	22	41
	1958	19	40
	1959	20	42
	1960	22	42
	1961	21	44
	1962	18	42
	1963	22	43
	1964	20	43
	1965	21	41
	1966	20	38
	1967	23	45
	1968	21	42
	1969	21	44
	1970	19	41
	1971	24	43
	1972	17	40
	1973	22	41
	1974	20	40
	1975	20	41
	1976	19	42
	1977	20	40
	1978	20	41
	1979	23	40
	1980	22	37
	1981	20	39
	1982	20	42
	1983	19	43
	1984	20	39
	1985	21	41
	1986	18	40
	1987	20	42
	1988	17	42
	1989	19	43
	1990	20	40
	1991	21	41
	1992	23	41
	1993	20	42
	1994	21	38
	1995	18	41
	1996	21	42
	1997	21	39
	1998	19	40
	1999	20	41
	2000	18	41
	2001	20	42
	2002	21	41
	2003	20	41
	2004	21	39
	2005	22	44
	2006	17	41
	2007	19	42
	2008	22	38
	2009	18	40
	2010	22	43
	2011	22	44
	2012	20	44
	2013	22	40
	2014	21	40
	2015	22	41
	2016	20	42
	2017	23	40
	2018	17	38
	2019	23	41
	2020	20	39
	2021	23	44
	2022	22	43
	2023	21	42
	2024	21	41
	2025	19	42
	2026	19	42
	2027	21	42
	2028	18	41
	2029	20	40
	2030	20	42
	2031	22	41
	2032	20	41
	2033	22	43
	2034	18	40
	2035	20	43
	2036	21	41
	2037	20	40
	2038	22	40
	2039	23	43
	2040	24	38
	2041	21	41
	2042	20	42
	2043	20	41
	2044	18	43
	2045	20	39
	2046	18	41
	2047	19	39
	2048	20	41
	2049	22	39
	2050	20	40
	2051	21	40
	2052	18	42
	2053	22	40
	2054	22	43
	2055	21	42
	2056	21	41
	2057	19	41
	2058	21	39
	2059	21	42
	2060	20	39
	2061	20	43
	2062	20	42
	2063	21	41
	2064	17	42
	2065	20	42
	2066	21	40
	2067	21	42
	2068	19	40
	2069	19	37
	2070	20	39
	2071	17	42
	2072	25	41
	2073	18	44
	2074	19	41
	2075	21	39
	2076	20	42
	2077	19	41
	2078	19	39
	2079	21	40
	2080	20	40
	2081	20	40
	2082	20	40
	2083	21	36
	2084	21	40
	2085	19	39
	2086	19	39
	2087	22	42
	2088	22	41
	2089	19	40
	2090	16	40
	2091	18	41
	2092	20	39
	2093	21	42
	2094	21	40
	2095	22	41
	2096	18	41
	2097	23	40
	2098	20	39
	2099	18	42
	2100	19	41
	2101	20	41
	2102	16	40
	2103	19	41
	2104	22	39
	2105	19	40
	2106	21	41
	2107	17	42
	2108	18	42
	2109	21	39
	2110	20	41
	2111	23	40
	2112	19	40
	2113	20	39
	2114	19	40
	2115	20	41
	2116	19	39
	2117	19	41
	2118	18	42
	2119	23	42
	2120	21	39
	2121	21	41
	2122	19	40
	2123	23	43
	2124	21	43
	2125	18	39
	2126	20	40
	2127	20	40
	2128	18	40
	2129	19	41
	2130	20	42
	2131	24	42
	2132	19	41
	2133	19	39
	2134	15	41
	2135	19	41
	2136	17	41
	2137	18	40
	2138	18	39
	2139	20	42
	2140	18	39
	2141	19	39
	2142	20	42
	2143	23	38
	2144	19	41
	2145	24	41
	2146	19	38
	2147	20	42
	2148	21	39
	2149	18	40
	2150	20	41
	2151	22	42
	2152	22	42
	2153	19	41
	2154	20	39
	2155	19	39
	2156	22	41
	2157	22	40
	2158	19	39
	2159	21	40
	2160	22	39
	2161	21	40
	2162	19	42
	2163	19	41
	2164	17	41
	2165	22	41
	2166	18	41
	2167	18	41
	2168	19	39
	2169	20	42
	2170	21	60
	2171	22	41
	2172	18	40
	2173	17	37
	2174	20	40
	2175	16	41
	2176	17	40
	2177	20	42
	2178	17	41
	2179	20	39
	2180	19	40
	2181	20	40
	2182	23	41
	2183	20	39
	2184	22	40
	2185	21	43
	2186	19	38
	2187	20	39
	2188	20	39
	2189	20	41
	2190	22	37
	2191	19	43
	2192	16	39
	2193	19	41
	2194	17	48
	2195	21	40
	2196	19	38
	2197	18	42
	2198	19	40
	2199	20	42
	2200	19	42
	2201	19	40
	2202	16	41
	2203	21	39
	2204	22	38
	2205	24	40
	2206	20	43
	2207	18	39
	2208	18	40
	2209	17	41
	2210	20	39
	2211	21	44
	2212	19	40
	2213	21	40
	2214	17	40
	2215	19	41
	2216	19	40
	2217	20	39
	2218	19	40
	2219	20	41
	2220	19	39
	2221	20	43
	2222	21	41
	2223	22	41
	2224	20	38
	2225	20	39
	2226	20	41
	2227	19	40
	2228	19	40
	2229	21	44
	2230	20	38
	2231	20	39
	2232	19	39
	2233	20	40
	2234	19	43
	2235	22	38
	2236	18	41
	2237	20	43
	2238	23	41
	2239	18	44
	2240	22	41
	2241	19	41
	2242	21	39
	2243	22	40
	2244	20	41
	2245	21	43
	2246	19	41
	2247	21	41
	2248	21	41
	2249	22	40
	2250	22	40
	2251	22	39
	2252	20	37
	2253	18	40
	2254	19	43
	2255	22	41
	2256	18	40
	2257	20	39
	2258	19	40
	2259	19	41
	2260	18	42
	2261	20	41
	2262	20	37
	2263	22	40
	2264	19	41
	2265	20	41
	2266	20	39
	2267	21	40
	2268	21	42
	2269	22	40
	2270	18	39
	2271	21	42
	2272	21	42
	2273	20	43
	2274	23	40
	2275	19	43
	2276	19	40
	2277	21	43
	2278	18	37
	2279	19	41
	2280	18	39
	2281	20	40
	2282	19	41
	2283	23	43
	2284	20	42
	2285	19	42
	2286	19	42
	2287	22	36
	2288	18	39
	2289	19	43
	2290	18	41
	2291	21	40
	2292	20	39
	2293	21	39
	2294	19	39
	2295	20	40
	2296	19	38
	2297	20	41
	2298	21	39
	2299	23	41
	2300	19	39
	2301	18	41
	2302	20	42
	2303	19	42
	2304	19	42
	2305	23	39
	2306	17	42
	2307	18	41
	2308	18	40
	2309	22	39
	2310	19	40
	2311	23	37
	2312	19	39
	2313	23	40
	2314	19	40
	2315	18	40
	2316	19	35
	2317	19	42
	2318	19	38
	2319	22	40
	2320	19	42
	2321	23	39
	2322	18	40
	2323	23	39
	2324	22	41
	2325	24	39
	2326	19	40
	2327	20	41
	2328	19	40
	2329	23	42
	2330	19	40
	2331	21	41
	2332	17	40
	2333	19	38
	2334	19	42
	2335	23	43
	2336	20	39
	2337	21	38
	2338	18	39
	2339	22	40
	2340	19	39
	2341	20	40
	2342	20	39
	2343	22	38
	2344	21	41
	2345	26	40
	2346	19	40
	2347	20	39
	2348	18	39
	2349	19	39
	2350	21	39
	2351	19	41
	2352	18	40
	2353	20	41
	2354	17	40
	2355	20	40
	2356	20	40
	2357	19	39
	2358	20	40
	2359	19	38
	2360	19	40
	2361	17	43
	2362	18	39
	2363	21	42
	2364	21	41
	2365	19	40
	2366	20	39
	2367	18	41
	2368	20	41
	2369	21	42
	2370	20	39
	2371	21	39
	2372	18	39
	2373	21	42
	2374	19	38
	2375	23	41
	2376	19	42
	2377	20	41
	2378	20	40
	2379	21	40
	2380	22	37
	2381	19	40
	2382	20	41
	2383	20	41
	2384	21	40
	2385	19	40
	2386	18	40
	2387	22	41
	2388	17	36
	2389	22	41
	2390	21	38
	2391	20	39
	2392	17	39
	2393	21	40
	2394	16	39
	2395	20	43
	2396	19	39
	2397	20	42
	2398	20	41
	2399	19	41
	2400	19	43
	2401	23	40
	2402	18	38
	2403	28	40
	2404	20	41
	2405	19	41
	2406	19	39
	2407	20	42
	2408	19	37
	2409	23	41
	2410	19	41
	2411	20	39
	2412	18	40
	2413	17	37
	2414	21	39
	2415	23	38
	2416	20	38
	2417	20	48
	2418	21	42
	2419	23	43
	2420	21	43
	2421	21	41
	2422	20	39
	2423	22	39
	2424	18	39
	2425	21	40
	2426	16	42
	2427	22	43
	2428	17	40
	2429	21	39
	2430	22	38
	2431	20	40
	2432	21	41
	2433	19	44
	2434	21	40
	2435	20	42
	2436	20	38
	2437	19	38
	2438	19	39
	2439	21	44
	2440	20	40
	2441	19	43
	2442	20	38
	2443	22	42
	2444	16	41
	2445	18	40
	2446	20	41
	2447	17	40
	2448	19	40
	2449	20	41
	2450	18	38
	2451	21	41
	2452	20	39
	2453	17	41
	2454	18	40
	2455	20	42
	2456	16	40
	2457	19	41
	2458	21	44
	2459	21	44
	2460	20	40
	2461	21	43
	2462	19	40
	2463	19	45
	2464	20	42
	2465	18	41
	2466	21	37
	2467	18	41
	2468	19	41
	2469	20	41
	2470	19	43
	2471	18	41
	2472	19	37
	2473	19	43
	2474	20	40
	2475	21	39
	2476	21	39
	2477	20	41
	2478	22	41
	2479	19	38
	2480	19	40
	2481	20	42
	2482	21	39
	2483	21	40
	2484	17	40
	2485	20	39
	2486	18	41
	2487	19	41
	2488	19	39
	2489	20	38
	2490	18	42
	2491	19	38
	2492	18	39
	2493	20	40
	2494	19	37
	2495	19	43
	2496	22	39
	2497	21	43
	2498	19	41
	2499	18	41
	2500	19	37
	2501	19	43
	2502	22	42
	2503	21	39
	2504	19	40
	2505	19	38
	2506	19	42
	2507	19	42
	2508	21	40
	2509	21	41
	2510	21	42
	2511	20	41
	2512	22	40
	2513	19	41
	2514	22	41
	2515	21	38
	2516	22	39
	2517	22	39
	2518	21	41
	2519	24	44
	2520	19	39
	2521	19	41
	2522	17	39
	2523	19	41
	2524	18	41
	2525	20	40
	2526	19	39
	2527	22	42
	2528	19	41
	2529	22	40
	2530	21	41
	2531	20	39
	2532	22	40
	2533	19	41
	2534	20	39
	2535	22	43
	2536	19	40
	2537	19	39
	2538	18	40
	2539	20	42
	2540	17	42
	2541	21	41
	2542	20	41
	2543	20	41
	2544	19	41
	2545	19	42
	2546	19	40
	2547	19	41
	2548	20	43
	2549	22	41
	2550	19	41
	2551	18	39
	2552	21	40
	2553	22	41
	2554	20	39
	2555	20	43
	2556	18	41
	2557	23	41
	2558	19	39
	2559	19	41
	2560	20	42
	2561	21	41
	2562	23	42
	2563	19	40
	2564	19	42
	2565	17	39
	2566	21	39
	2567	21	47
	2568	21	43
	2569	24	40
	2570	18	41
	2571	22	41
	2572	18	39
	2573	19	44
	2574	17	41
	2575	22	41
	2576	18	41
	2577	22	40
	2578	19	39
	2579	18	41
	2580	20	40
	2581	22	44
	2582	19	43
	2583	21	41
	2584	18	40
	2585	20	40
	2586	21	41
	2587	20	41
	2588	20	40
	2589	21	41
	2590	21	38
	2591	22	42
	2592	18	40
	2593	18	41
	2594	19	40
	2595	19	41
	2596	20	38
	2597	20	40
	2598	19	40
	2599	18	40
	2600	19	38
	2601	20	41
	2602	21	42
	2603	21	42
	2604	18	41
	2605	21	40
	2606	18	39
	2607	19	40
	2608	17	40
	2609	19	42
	2610	20	41
	2611	19	41
	2612	19	39
	2613	19	39
	2614	20	39
	2615	20	42
	2616	23	40
	2617	23	40
	2618	19	39
	2619	20	40
	2620	19	39
	2621	20	40
	2622	20	38
	2623	20	40
	2624	18	40
	2625	22	41
	2626	26	37
	2627	20	41
	2628	23	40
	2629	20	39
	2630	21	38
	2631	21	41
	2632	21	40
	2633	21	40
	2634	20	39
	2635	21	41
	2636	18	43
	2637	22	40
	2638	20	42
	2639	22	38
	2640	19	40
	2641	21	43
	2642	22	40
	2643	18	42
	2644	19	39
	2645	18	41
	2646	20	38
	2647	20	42
	2648	18	38
	2649	18	39
	2650	20	39
	2651	21	41
	2652	17	43
	2653	20	40
	2654	21	43
	2655	19	42
	2656	22	38
	2657	21	40
	2658	20	42
	2659	17	41
	2660	21	41
	2661	23	39
	2662	18	40
	2663	18	43
	2664	18	38
	2665	22	43
	2666	20	39
	2667	21	39
	2668	20	41
	2669	21	43
	2670	19	40
	2671	20	43
	2672	20	39
	2673	20	41
	2674	18	40
	2675	18	42
	2676	23	40
	2677	20	38
	2678	18	38
	2679	19	40
	2680	20	38
	2681	19	41
	2682	18	42
	2683	19	40
	2684	17	39
	2685	20	41
	2686	20	38
	2687	19	42
	2688	21	39
	2689	20	40
	2690	20	41
	2691	19	42
	2692	18	39
	2693	20	40
	2694	18	40
	2695	21	40
	2696	20	40
	2697	19	43
	2698	20	36
	2699	20	44
	2700	18	40
	2701	22	39
	2702	19	41
	2703	19	40
	2704	20	39
	2705	21	42
	2706	19	42
	2707	23	40
	2708	20	40
	2709	19	39
	2710	21	41
	2711	21	41
	2712	21	38
	2713	21	39
	2714	21	38
	2715	22	41
	2716	19	41
	2717	20	41
	2718	19	40
	2719	21	40
	2720	18	41
	2721	25	42
	2722	19	40
	2723	23	40
	2724	20	40
	2725	20	39
	2726	24	42
	2727	20	41
	2728	21	40
	2729	23	41
	2730	19	39
	2731	21	43
	2732	17	41
	2733	20	39
	2734	20	40
	2735	23	40
	2736	19	41
	2737	19	43
	2738	20	41
	2739	20	42
	2740	20	43
	2741	19	41
	2742	21	41
	2743	21	41
	2744	19	41
	2745	22	44
	2746	21	41
	2747	25	38
	2748	19	41
	2749	21	42
	2750	21	42
	2751	20	42
	2752	19	38
	2753	19	40
	2754	19	41
	2755	20	43
	2756	20	39
	2757	18	41
	2758	15	40
	2759	17	40
	2760	18	41
	2761	20	40
	2762	20	38
	2763	24	39
	2764	15	37
	2765	20	41
	2766	19	42
	2767	20	41
	2768	23	39
	2769	21	40
	2770	18	41
	2771	23	44
	2772	18	40
	2773	19	40
	2774	19	40
	2775	22	41
	2776	18	39
	2777	20	44
	2778	16	41
	2779	21	39
	2780	20	42
	2781	22	41
	2782	18	40
	2783	27	42
	2784	20	42
	2785	19	41
	2786	23	40
	2787	18	39
	2788	20	40
	2789	21	40
	2790	19	39
	2791	18	41
	2792	17	40
	2793	19	39
	2794	20	41
	2795	22	40
	2796	19	42
	2797	20	41
	2798	19	42
	2799	19	39
	2800	17	40
	2801	20	45
	2802	22	44
	2803	18	42
	2804	19	41
	2805	20	39
	2806	20	39
	2807	20	40
	2808	20	39
	2809	19	44
	2810	19	41
	2811	19	43
	2812	18	42
	2813	18	43
	2814	20	41
	2815	19	38
	2816	19	40
	2817	20	37
	2818	19	42
	2819	20	40
	2820	22	40
	2821	22	42
	2822	20	41
	2823	21	42
	2824	19	42
	2825	20	42
	2826	21	41
	2827	19	40
	2828	19	35
	2829	21	43
	2830	21	40
	2831	23	40
	2832	17	39
	2833	21	40
	2834	19	41
	2835	23	42
	2836	22	41
	2837	20	41
	2838	20	39
	2839	20	39
	2840	20	40
	2841	20	39
	2842	18	42
	2843	21	42
	2844	15	38
	2845	20	42
	2846	20	39
	2847	20	41
	2848	19	39
	2849	20	40
	2850	22	41
	2851	19	42
	2852	17	39
	2853	22	42
	2854	20	39
	2855	20	42
	2856	21	39
	2857	20	42
	2858	20	43
	2859	24	42
	2860	23	40
	2861	24	41
	2862	20	39
	2863	19	40
	2864	18	39
	2865	18	39
	2866	17	41
	2867	19	41
	2868	18	38
	2869	20	41
	2870	23	41
	2871	19	40
	2872	19	40
	2873	22	42
	2874	19	43
	2875	22	41
	2876	20	40
	2877	19	42
	2878	19	40
	2879	20	40
	2880	19	38
	2881	19	38
	2882	20	40
	2883	21	42
	2884	17	39
	2885	20	42
	2886	20	40
	2887	21	41
	2888	20	40
	2889	42	41
	2890	20	40
	2891	23	42
	2892	20	42
	2893	21	41
	2894	21	39
	2895	22	42
	2896	20	41
	2897	19	38
	2898	19	41
	2899	22	44
	2900	21	42
	2901	20	42
	2902	21	40
	2903	18	38
	2904	22	43
	2905	20	42
	2906	19	40
	2907	19	41
	2908	21	38
	2909	20	40
	2910	16	42
	2911	19	44
	2912	21	40
	2913	21	42
	2914	19	43
	2915	20	43
	2916	20	40
	2917	19	41
	2918	22	44
	2919	21	39
	2920	26	42
	2921	21	44
	2922	18	40
	2923	21	42
	2924	20	42
	2925	19	42
	2926	20	41
	2927	20	40
	2928	21	37
	2929	21	40
	2930	19	40
	2931	18	40
	2932	21	39
	2933	20	43
	2934	20	39
	2935	19	41
	2936	21	41
	2937	19	38
	2938	17	39
	2939	21	42
	2940	19	41
	2941	21	41
	2942	19	41
	2943	18	41
	2944	16	42
	2945	21	39
	2946	21	38
	2947	20	43
	2948	21	40
	2949	19	42
	2950	16	40
	2951	21	40
	2952	21	40
	2953	23	43
	2954	19	38
	2955	22	39
	2956	19	38
	2957	20	38
	2958	20	40
	2959	24	39
	2960	19	39
	2961	19	41
	2962	19	41
	2963	19	39
	2964	16	40
	2965	21	41
	2966	18	41
	2967	20	41
	2968	19	39
	2969	19	42
	2970	18	38
	2971	19	38
	2972	21	41
	2973	20	39
	2974	18	39
	2975	21	41
	2976	17	39
	2977	19	41
	2978	19	40
	2979	18	40
	2980	17	41
	2981	21	39
	2982	21	41
	2983	17	42
	2984	18	40
	2985	19	40
	2986	17	38
	2987	22	42
	2988	18	42
	2989	18	39
	2990	20	40
	2991	19	41
	2992	17	40
	2993	22	40
	2994	19	38
	2995	20	40
	2996	18	42
	2997	18	40
	2998	25	40
	2999	23	40
	3000	17	36
	3001	22	39
	3002	20	37
	3003	22	38
	3004	23	43
	3005	23	41
	3006	20	40
	3007	21	41
	3008	19	41
	3009	21	40
	3010	21	38
	3011	20	40
	3012	19	42
	3013	19	44
	3014	18	40
	3015	20	39
	3016	19	40
	3017	17	39
	3018	21	39
	3019	21	41
	3020	20	39
	3021	22	40
	3022	16	40
	3023	22	39
	3024	19	39
	3025	25	41
	3026	19	40
	3027	23	42
	3028	17	39
	3029	19	39
	3030	21	39
	3031	20	41
	3032	20	39
	3033	21	41
	3034	20	39
	3035	19	41
	3036	19	41
	3037	21	40
	3038	20	39
	3039	23	40
	3040	18	41
	3041	22	43
	3042	21	40
	3043	20	41
	3044	21	40
	3045	21	41
	3046	21	38
	3047	22	41
	3048	21	40
	3049	18	42
	3050	19	42
	3051	19	41
	3052	18	39
	3053	22	40
	3054	22	39
	3055	20	40
	3056	18	41
	3057	18	41
	3058	20	37
	3059	20	40
	3060	21	39
	3061	20	39
	3062	18	41
	3063	20	43
	3064	22	39
	3065	19	42
	3066	21	41
	3067	20	41
	3068	19	39
	3069	21	41
	3070	17	40
	3071	19	41
	3072	22	39
	3073	21	40
	3074	20	40
	3075	22	39
	3076	20	38
	3077	21	40
	3078	22	38
	3079	21	41
	3080	21	39
	3081	21	41
	3082	22	41
	3083	21	43
	3084	19	41
	3085	21	41
	3086	21	36
	3087	20	40
	3088	20	41
	3089	19	40
	3090	19	39
	3091	21	42
	3092	22	39
	3093	21	41
	3094	21	37
	3095	20	36
	3096	19	38
	3097	24	40
	3098	20	41
	3099	19	41
	3100	19	38
	3101	22	39
	3102	20	41
	3103	21	44
	3104	20	42
	3105	23	42
	3106	20	40
	3107	23	40
	3108	19	41
	3109	20	39
	3110	19	37
	3111	22	41
	3112	19	37
	3113	21	41
	3114	22	40
	3115	21	41
	3116	20	38
	3117	17	42
	3118	18	41
	3119	23	41
	3120	21	41
	3121	19	40
	3122	19	39
	3123	19	39
	3124	17	39
	3125	20	41
	3126	18	41
	3127	20	40
	3128	20	44
	3129	20	41
	3130	17	41
	3131	20	42
	3132	18	40
	3133	21	42
	3134	16	38
	3135	20	39
	3136	24	39
	3137	21	42
	3138	20	40
	3139	23	40
	3140	19	38
	3141	19	41
	3142	20	38
	3143	19	42
	3144	19	39
	3145	19	40
	3146	21	37
	3147	20	42
	3148	19	43
	3149	21	40
	3150	22	40
	3151	19	41
	3152	22	40
	3153	22	42
	3154	20	40
	3155	19	38
	3156	19	37
	3157	22	39
	3158	20	42
	3159	19	41
	3160	21	40
	3161	20	42
	3162	21	41
	3163	20	42
	3164	22	39
	3165	21	44
	3166	22	39
	3167	22	43
	3168	19	43
	3169	18	42
	3170	19	38
	3171	20	39
	3172	19	40
	3173	20	42
	3174	21	40
	3175	16	40
	3176	20	41
	3177	19	40
	3178	20	38
	3179	22	40
	3180	17	39
	3181	22	39
	3182	19	41
	3183	18	40
	3184	19	39
	3185	22	39
	3186	21	41
	3187	21	39
	3188	17	39
	3189	20	43
	3190	20	40
	3191	23	41
	3192	20	42
	3193	22	42
	3194	18	40
	3195	19	40
	3196	19	43
	3197	19	42
	3198	19	41
	3199	21	39
	3200	18	40
	3201	20	41
	3202	17	39
	3203	21	42
	3204	20	38
	3205	21	40
	3206	23	39
	3207	19	40
	3208	19	41
	3209	21	43
	3210	20	42
	3211	21	43
	3212	21	41
	3213	21	41
	3214	18	38
	3215	22	39
	3216	19	42
	3217	21	42
	3218	20	38
	3219	20	40
	3220	20	41
	3221	19	39
	3222	19	40
	3223	22	48
	3224	20	40
	3225	21	40
	3226	21	42
	3227	19	40
	3228	19	38
	3229	21	42
	3230	20	38
	3231	22	41
	3232	19	38
	3233	21	42
	3234	21	38
	3235	19	39
	3236	21	38
	3237	21	41
	3238	18	41
	3239	23	41
	3240	21	42
	3241	19	45
	3242	19	40
	3243	21	42
	3244	21	38
	3245	20	42
	3246	20	43
	3247	19	38
	3248	18	40
	3249	21	42
	3250	18	37
	3251	22	41
	3252	22	41
	3253	21	37
	3254	20	40
	3255	19	40
	3256	21	40
	3257	21	40
	3258	20	39
	3259	21	38
	3260	19	40
	3261	19	38
	3262	19	41
	3263	21	39
	3264	19	40
	3265	21	39
	3266	20	40
	3267	20	39
	3268	18	41
	3269	17	39
	3270	19	40
	3271	20	43
	3272	20	40
	3273	21	42
	3274	18	42
	3275	19	42
	3276	19	40
	3277	20	40
	3278	21	41
	3279	21	38
	3280	19	38
	3281	21	39
	3282	20	39
	3283	19	40
	3284	19	40
	3285	25	40
	3286	20	41
	3287	20	42
	3288	20	40
	3289	19	40
	3290	22	40
	3291	21	43
	3292	20	40
	3293	21	37
	3294	20	42
	3295	20	41
	3296	21	36
	3297	20	40
	3298	17	39
	3299	22	37
	3300	18	40
	3301	21	39
	3302	19	38
	3303	17	41
	3304	19	40
	3305	19	39
	3306	21	39
	3307	20	41
	3308	22	39
	3309	18	43
	3310	19	41
	3311	22	39
	3312	21	40
	3313	23	39
	3314	18	39
	3315	19	44
	3316	19	42
	3317	21	41
	3318	19	40
	3319	21	43
	3320	19	41
	3321	22	41
	3322	22	39
	3323	21	43
	3324	18	39
	3325	19	40
	3326	17	39
	3327	19	42
	3328	18	39
	3329	19	40
	3330	17	39
	3331	21	41
	3332	19	41
	3333	20	39
	3334	18	40
	3335	20	41
	3336	20	40
	3337	17	41
	3338	20	38
	3339	18	38
	3340	17	40
	3341	17	40
	3342	18	40
	3343	20	42
	3344	17	40
	3345	21	38
	3346	19	43
	3347	22	42
	3348	19	42
	3349	18	39
	3350	22	41
	3351	21	40
	3352	19	39
	3353	19	40
	3354	20	39
	3355	21	40
	3356	19	41
	3357	18	37
	3358	20	39
	3359	20	43
	3360	17	40
	3361	21	43
	3362	19	39
	3363	21	40
	3364	19	40
	3365	19	40
	3366	20	40
	3367	20	41
	3368	21	38
	3369	19	42
	3370	19	39
	3371	21	37
	3372	22	40
	3373	20	38
	3374	18	39
	3375	18	42
	3376	19	38
	3377	18	38
	3378	18	38
	3379	21	40
	3380	19	40
	3381	20	41
	3382	16	39
	3383	20	41
	3384	21	40
	3385	22	41
	3386	20	43
	3387	20	40
	3388	19	40
	3389	19	39
	3390	21	40
	3391	21	40
	3392	20	40
	3393	21	40
	3394	20	39
	3395	21	42
	3396	19	41
	3397	19	38
	3398	19	35
	3399	21	41
	3400	20	41
	3401	20	41
	3402	18	40
	3403	20	40
	3404	19	39
	3405	21	39
	3406	21	40
	3407	19	40
	3408	20	39
	3409	22	39
	3410	20	42
	3411	21	40
	3412	21	41
	3413	23	40
	3414	19	39
	3415	22	40
	3416	18	38
	3417	21	39
	3418	20	41
	3419	20	39
	3420	20	35
	3421	18	41
	3422	19	41
	3423	20	44
	3424	19	42
	3425	20	39
	3426	19	37
	3427	19	40
	3428	17	38
	3429	23	40
	3430	18	38
	3431	21	39
	3432	22	38
	3433	19	41
	3434	20	39
	3435	20	43
	3436	19	37
	3437	20	43
	3438	22	39
	3439	20	42
	3440	19	42
	3441	21	41
	3442	20	42
	3443	20	40
	3444	19	43
	3445	23	39
	3446	18	39
	3447	20	41
	3448	21	41
	3449	22	41
	3450	20	40
	3451	20	41
	3452	18	38
	3453	20	41
	3454	20	38
	3455	21	41
	3456	19	40
	3457	22	39
	3458	18	43
	3459	20	40
	3460	21	39
	3461	20	42
	3462	19	42
	3463	21	41
	3464	21	40
	3465	22	41
	3466	17	40
	3467	20	42
	3468	20	35
	3469	19	42
	3470	20	41
	3471	22	40
	3472	20	47
	3473	20	40
	3474	21	42
	3475	20	39
	3476	19	43
	3477	21	37
	3478	19	47
	3479	24	42
	3480	18	39
	3481	22	39
	3482	21	40
	3483	21	39
	3484	20	40
	3485	22	42
	3486	19	42
	3487	18	41
	3488	20	38
	3489	19	40
	3490	20	38
	3491	20	39
	3492	20	38
	3493	18	40
	3494	18	39
	3495	20	37
	3496	19	40
	3497	20	36
	3498	20	42
	3499	22	41
	3500	19	40
	3501	20	41
	3502	17	40
	3503	20	40
	3504	21	39
	3505	20	39
	3506	23	39
	3507	20	41
	3508	18	38
	3509	23	43
	3510	18	38
	3511	23	38
	3512	17	42
	3513	22	40
	3514	20	41
	3515	22	42
	3516	20	36
	3517	21	37
	3518	22	41
	3519	25	42
	3520	18	37
	3521	20	40
	3522	18	39
	3523	21	39
	3524	19	40
	3525	21	39
	3526	21	39
	3527	18	40
	3528	19	43
	3529	21	42
	3530	22	43
	3531	20	40
	3532	20	37
	3533	20	43
	3534	18	40
	3535	19	41
	3536	20	41
	3537	21	39
	3538	19	41
	3539	19	40
	3540	18	44
	3541	19	42
	3542	17	38
	3543	22	39
	3544	17	40
	3545	20	41
	3546	23	35
	3547	17	41
	3548	19	40
	3549	22	39
	3550	25	45
	3551	22	40
	3552	21	40
	3553	19	42
	3554	20	39
	3555	19	42
	3556	19	40
	3557	22	39
	3558	20	40
	3559	22	42
	3560	18	38
	3561	20	42
	3562	19	41
	3563	19	39
	3564	19	38
	3565	21	41
	3566	21	40
	3567	17	39
	3568	19	40
	3569	21	41
	3570	21	41
	3571	21	39
	3572	19	40
	3573	19	39
	3574	22	39
	3575	19	38
	3576	18	37
	3577	21	41
	3578	19	40
	3579	19	42
	3580	19	37
	3581	18	39
	3582	19	42
	3583	24	39
	3584	20	42
	3585	22	39
	3586	19	38
	3587	20	38
	3588	20	41
	3589	19	40
	3590	19	41
	3591	23	40
	3592	17	38
	3593	22	41
	3594	19	42
	3595	20	39
	3596	21	41
	3597	20	40
	3598	19	38
	3599	20	42
	3600	18	40
	3601	18	40
	3602	18	39
	3603	22	39
	3604	21	38
	3605	20	40
	3606	17	39
	3607	20	39
	3608	20	38
	3609	21	38
	3610	18	40
	3611	20	40
	3612	16	39
	3613	17	40
	3614	18	42
	3615	18	40
	3616	17	40
	3617	21	41
	3618	21	39
	3619	21	41
	3620	19	40
	3621	20	40
	3622	21	39
	3623	21	41
	3624	21	39
	3625	21	41
	3626	17	37
	3627	19	41
	3628	20	43
	3629	22	40
	3630	21	38
	3631	20	41
	3632	19	41
	3633	20	43
	3634	19	39
	3635	23	40
	3636	20	38
	3637	22	39
	3638	21	37
	3639	22	41
	3640	19	40
	3641	19	39
	3642	17	41
	3643	22	40
	3644	22	39
	3645	19	41
	3646	19	41
	3647	18	38
	3648	21	42
	3649	19	41
	3650	19	38
	3651	18	40
	3652	18	37
	3653	20	41
	3654	20	42
	3655	22	43
	3656	18	37
	3657	18	42
	3658	20	39
	3659	20	41
	3660	21	37
	3661	20	41
	3662	20	41
	3663	22	42
	3664	23	41
	3665	17	40
	3666	20	41
	3667	23	41
	3668	18	40
	3669	20	39
	3670	17	40
	3671	20	45
	3672	20	37
	3673	19	42
	3674	18	41
	3675	20	44
	3676	18	39
	3677	19	40
	3678	21	38
	3679	21	42
	3680	19	39
	3681	18	43
	3682	22	39
	3683	19	41
	3684	20	39
	3685	17	40
	3686	19	41
	3687	20	40
	3688	19	39
	3689	22	39
	3690	19	40
	3691	21	43
	3692	19	40
	3693	18	40
	3694	23	37
	3695	21	41
	3696	20	37
	3697	20	41
	3698	20	42
	3699	21	39
	3700	22	39
	3701	20	39
	3702	20	40
	3703	21	40
	3704	17	42
	3705	20	39
	3706	15	39
	3707	18	40
	3708	18	39
	3709	18	42
	3710	18	37
	3711	22	38
	3712	20	40
	3713	19	43
	3714	18	39
	3715	22	39
	3716	18	36
	3717	20	43
	3718	20	37
	3719	18	40
	3720	18	42
	3721	19	41
	3722	17	39
	3723	18	39
