	0	22	38
	1	18	37
	2	18	36
	3	19	37
	4	17	41
	5	15	37
	6	18	37
	7	18	38
	8	19	39
	9	19	41
	10	18	36
	11	16	41
	12	17	39
	13	17	38
	14	17	40
	15	16	44
	16	17	38
	17	18	37
	18	17	37
	19	20	39
	20	16	39
	21	19	39
	22	19	37
	23	20	39
	24	16	39
	25	19	40
	26	20	43
	27	20	43
	28	19	41
	29	22	43
	30	22	42
	31	22	42
	32	23	39
	33	22	43
	34	24	40
	35	22	42
	36	20	40
	37	23	42
	38	22	41
	39	21	43
	40	19	40
	41	22	43
	42	19	41
	43	19	43
	44	19	43
	45	22	40
	46	20	42
	47	21	41
	48	21	42
	49	21	41
	50	20	40
	51	23	41
	52	21	39
	53	24	44
	54	23	38
	55	21	44
	56	22	40
	57	22	42
	58	22	43
	59	21	43
	60	20	40
	61	22	42
	62	21	40
	63	19	42
	64	23	45
	65	24	43
	66	21	42
	67	22	43
	68	24	45
	69	24	43
	70	23	43
	71	23	46
	72	21	43
	73	27	44
	74	21	42
	75	22	44
	76	21	43
	77	24	41
	78	22	43
	79	22	43
	80	22	41
	81	24	41
	82	22	42
	83	19	46
	84	22	43
	85	21	43
	86	24	42
	87	25	46
	88	20	42
	89	22	42
	90	24	43
	91	21	42
	92	22	44
	93	23	45
	94	23	44
	95	23	44
	96	23	51
	97	22	42
	98	24	45
	99	22	44
	100	20	42
	101	23	45
	102	21	43
	103	22	45
	104	25	45
	105	22	41
	106	21	46
	107	24	45
	108	21	43
	109	27	46
	110	23	41
	111	21	46
	112	26	42
	113	23	43
	114	23	42
	115	22	42
	116	19	44
	117	25	42
	118	23	43
	119	22	44
	120	21	42
	121	23	44
	122	20	43
	123	23	46
	124	24	44
	125	23	42
	126	23	40
	127	24	42
	128	19	42
	129	21	43
	130	22	44
	131	23	44
	132	22	43
	133	23	46
	134	24	43
	135	23	43
	136	28	43
	137	26	44
	138	23	46
	139	24	43
	140	22	40
	141	30	43
	142	25	46
	143	24	43
	144	21	43
	145	23	43
	146	25	41
	147	21	43
	148	24	45
	149	24	44
	150	22	44
	151	23	44
	152	23	39
	153	23	44
	154	25	44
	155	24	44
	156	21	44
	157	23	44
	158	23	43
	159	26	44
	160	22	43
	161	23	46
	162	22	45
	163	25	45
	164	22	44
	165	22	46
	166	23	42
	167	22	47
	168	23	43
	169	27	46
	170	21	45
	171	23	45
	172	24	45
	173	24	43
	174	25	44
	175	20	46
	176	22	42
	177	25	44
	178	23	46
	179	22	45
	180	24	44
	181	23	43
	182	25	44
	183	26	46
	184	21	45
	185	26	41
	186	21	46
	187	21	43
	188	21	44
	189	23	40
	190	23	43
	191	24	47
	192	23	44
	193	24	46
	194	21	46
	195	21	42
	196	22	45
	197	26	45
	198	21	42
	199	25	50
	200	23	44
	201	25	48
	202	23	45
	203	23	44
	204	21	43
	205	23	43
	206	22	44
	207	24	45
	208	24	44
	209	24	44
	210	26	47
	211	24	44
	212	23	44
	213	26	48
	214	23	44
	215	22	44
	216	26	45
	217	25	45
	218	24	46
	219	24	52
	220	22	44
	221	25	45
	222	24	46
	223	23	42
	224	21	46
	225	23	45
	226	23	43
	227	23	49
	228	22	44
	229	24	45
	230	26	45
	231	25	46
	232	23	49
	233	25	44
	234	25	43
	235	26	43
	236	25	44
	237	26	43
	238	24	44
	239	23	45
	240	24	43
	241	22	47
	242	23	47
	243	26	45
	244	26	42
	245	24	47
	246	21	46
	247	23	42
	248	20	46
	249	23	46
	250	23	43
	251	25	46
	252	25	43
	253	25	45
	254	24	42
	255	26	47
	256	24	45
	257	26	46
	258	26	45
	259	23	44
	260	25	43
	261	23	48
	262	23	44
	263	21	44
	264	23	44
	265	23	48
	266	22	44
	267	24	45
	268	21	43
	269	23	45
	270	24	41
	271	23	46
	272	22	41
	273	22	45
	274	22	44
	275	24	44
	276	23	43
	277	24	46
	278	22	44
	279	23	44
	280	21	42
	281	23	42
	282	20	42
	283	24	46
	284	23	41
	285	23	44
	286	21	43
	287	25	44
	288	23	48
	289	23	44
	290	26	45
	291	23	46
	292	25	47
	293	20	43
	294	20	45
	295	23	42
	296	22	43
	297	25	46
	298	28	45
	299	22	44
	300	20	44
	301	24	47
	302	20	45
	303	22	43
	304	20	46
	305	23	46
	306	23	41
	307	22	44
	308	21	46
	309	26	46
	310	25	43
	311	23	44
	312	21	44
	313	20	46
	314	21	44
	315	22	45
	316	21	45
	317	23	44
	318	22	45
	319	20	47
	320	22	43
	321	25	44
	322	22	45
	323	21	44
	324	23	43
	325	23	43
	326	24	44
	327	23	44
	328	22	44
	329	21	45
	330	20	44
	331	25	47
	332	24	45
	333	26	47
	334	24	43
	335	24	41
	336	21	43
	337	23	47
	338	26	43
	339	26	46
	340	26	44
	341	22	42
	342	23	40
	343	24	44
	344	24	40
	345	24	44
	346	24	44
	347	22	41
	348	21	44
	349	23	42
	350	22	43
	351	23	44
	352	22	41
	353	23	42
	354	24	44
	355	25	44
	356	23	44
	357	20	42
	358	22	43
	359	22	43
	360	24	42
	361	25	41
	362	23	42
	363	25	43
	364	21	42
	365	24	44
	366	21	42
	367	21	44
	368	21	43
	369	23	43
	370	24	45
	371	25	43
	372	22	45
	373	22	43
	374	21	43
	375	21	44
	376	23	40
	377	26	41
	378	24	42
	379	25	40
	380	24	42
	381	24	42
	382	22	43
	383	27	48
	384	24	43
	385	24	41
	386	23	44
	387	23	43
	388	20	45
	389	23	46
	390	23	46
	391	23	45
	392	20	45
	393	22	44
	394	23	43
	395	26	42
	396	22	45
	397	22	43
	398	22	43
	399	23	48
	400	21	43
	401	24	46
	402	23	44
	403	23	43
	404	24	44
	405	26	44
	406	24	43
	407	23	42
	408	23	44
	409	23	44
	410	21	44
	411	26	46
	412	24	42
	413	26	44
	414	22	45
	415	24	44
	416	26	41
	417	25	44
	418	24	46
	419	25	44
	420	23	41
	421	24	42
	422	22	42
	423	23	44
	424	22	46
	425	22	46
	426	22	43
	427	25	42
	428	22	41
	429	21	47
	430	22	43
	431	26	47
	432	23	44
	433	23	45
	434	21	45
	435	24	48
	436	25	42
	437	24	43
	438	25	45
	439	20	45
	440	22	45
	441	23	46
	442	22	44
	443	22	44
	444	23	43
	445	23	47
	446	21	44
	447	23	44
	448	19	43
	449	23	46
	450	24	42
	451	26	45
	452	30	43
	453	22	43
	454	24	45
	455	22	45
	456	24	44
	457	20	44
	458	22	46
	459	25	45
	460	24	45
	461	24	44
	462	21	44
	463	24	45
	464	24	47
	465	23	42
	466	26	46
	467	23	46
	468	24	45
	469	25	44
	470	24	42
	471	24	49
	472	22	46
	473	25	48
	474	27	45
	475	26	46
	476	23	47
	477	25	44
	478	22	45
	479	25	45
	480	22	45
	481	23	42
	482	22	46
	483	24	44
	484	24	43
	485	23	45
	486	24	44
	487	23	45
	488	25	44
	489	25	46
	490	24	45
	491	27	44
	492	26	41
	493	27	46
	494	24	46
	495	25	45
	496	25	42
	497	24	46
	498	22	43
	499	23	43
	500	25	44
	501	24	44
	502	24	44
	503	26	45
	504	21	45
	505	23	46
	506	26	45
	507	23	44
	508	21	43
	509	27	45
	510	26	44
	511	26	45
	512	25	46
	513	26	47
	514	24	46
	515	22	45
	516	24	45
	517	26	47
	518	23	44
	519	23	41
	520	23	44
	521	23	46
	522	24	46
	523	25	49
	524	23	43
	525	25	45
	526	23	44
	527	25	48
	528	24	41
	529	25	47
	530	25	44
	531	25	49
	532	24	46
	533	25	46
	534	23	45
	535	24	47
	536	23	47
	537	25	48
	538	24	46
	539	29	49
	540	23	44
	541	24	47
	542	22	44
	543	25	49
	544	24	47
	545	27	45
	546	25	48
	547	29	48
	548	28	45
	549	25	48
	550	28	48
	551	27	47
	552	28	46
	553	26	47
	554	27	45
	555	22	47
	556	24	45
	557	26	54
	558	25	44
	559	23	48
	560	23	48
	561	25	47
	562	26	47
	563	26	48
	564	24	46
	565	26	46
	566	25	49
	567	28	51
	568	25	46
	569	26	48
	570	26	47
	571	29	49
	572	25	46
	573	27	45
	574	22	49
	575	27	47
	576	26	47
	577	26	46
	578	25	45
	579	27	50
	580	25	46
	581	27	48
	582	25	44
	583	28	49
	584	25	48
	585	25	48
	586	27	48
	587	27	51
	588	24	46
	589	28	48
	590	27	50
	591	28	48
	592	24	47
	593	27	48
	594	27	48
	595	24	48
	596	24	49
	597	27	48
	598	27	48
	599	26	46
	600	27	47
	601	27	52
	602	25	47
	603	29	49
	604	28	50
	605	26	48
	606	24	46
	607	29	49
	608	26	50
	609	28	48
	610	24	47
	611	26	47
	612	29	53
	613	28	51
	614	29	50
	615	28	48
	616	26	50
	617	28	50
	618	29	48
	619	28	51
	620	27	46
	621	27	48
	622	27	48
	623	32	49
	624	28	50
	625	27	48
	626	25	49
	627	28	52
	628	28	53
	629	30	51
	630	30	52
	631	29	47
	632	24	49
	633	26	51
	634	27	51
	635	30	53
	636	29	53
	637	31	49
	638	28	53
	639	29	51
	640	29	47
	641	26	49
	642	29	52
	643	29	51
	644	29	55
	645	27	51
	646	28	48
	647	28	51
	648	28	48
	649	27	54
	650	28	52
	651	31	54
	652	27	51
	653	30	54
	654	27	49
	655	26	53
	656	26	55
	657	30	55
	658	28	54
	659	28	56
	660	31	52
	661	30	52
	662	30	52
	663	31	52
	664	29	52
	665	27	51
	666	29	52
	667	28	51
	668	29	53
	669	29	53
	670	31	52
	671	27	54
	672	30	53
	673	31	53
	674	30	54
	675	31	52
	676	28	53
	677	28	56
	678	28	53
	679	30	54
	680	31	52
	681	28	55
	682	31	54
	683	31	55
	684	28	54
	685	32	53
	686	27	56
	687	28	52
	688	29	53
	689	31	54
	690	29	55
	691	31	54
	692	30	53
	693	29	56
	694	28	57
	695	31	55
	696	32	54
	697	29	51
	698	30	57
	699	32	58
	700	30	55
	701	33	53
	702	28	57
	703	34	53
	704	30	55
	705	28	54
	706	27	55
	707	32	52
	708	38	53
	709	32	52
	710	31	54
	711	31	53
	712	28	54
	713	28	55
	714	31	54
	715	31	56
	716	27	58
	717	30	56
	718	29	56
	719	30	57
	720	31	55
	721	32	60
	722	31	57
	723	29	56
	724	32	57
	725	32	58
	726	31	55
	727	31	60
	728	31	55
	729	34	55
	730	32	55
	731	32	57
	732	30	53
	733	31	56
	734	30	58
	735	32	59
	736	31	56
	737	31	55
	738	30	57
	739	31	56
	740	29	52
	741	31	56
	742	30	57
	743	31	56
	744	29	57
	745	34	57
	746	29	58
	747	30	57
	748	35	55
	749	33	55
	750	27	54
	751	28	60
	752	30	58
	753	31	58
	754	28	55
	755	30	53
	756	32	55
	757	31	58
	758	31	59
	759	31	57
	760	31	56
	761	31	56
	762	28	58
	763	31	56
	764	30	57
	765	28	53
	766	33	54
	767	29	59
	768	32	60
	769	34	58
	770	27	59
	771	30	58
	772	33	58
	773	31	58
	774	28	57
	775	31	55
	776	36	56
	777	29	57
	778	30	55
	779	29	57
	780	29	54
	781	31	57
	782	31	58
	783	31	57
	784	25	54
	785	30	57
	786	28	57
	787	28	55
	788	30	55
	789	30	57
	790	29	56
	791	33	57
	792	30	54
	793	29	58
	794	28	57
	795	29	54
	796	32	57
	797	31	59
	798	26	56
	799	34	57
	800	30	56
	801	30	56
	802	27	57
	803	31	65
	804	30	54
	805	30	54
	806	31	54
	807	29	55
	808	28	56
	809	32	54
	810	30	53
	811	27	57
	812	27	51
	813	28	55
	814	26	54
	815	30	51
	816	30	55
	817	29	57
	818	25	54
	819	29	55
	820	30	54
	821	27	54
	822	31	53
	823	28	57
	824	25	53
	825	27	54
	826	27	54
	827	29	54
	828	27	54
	829	27	54
	830	28	53
	831	28	52
	832	28	54
	833	29	53
	834	29	54
	835	27	53
	836	28	51
	837	28	54
	838	29	52
	839	28	55
	840	27	54
	841	25	55
	842	28	49
	843	30	54
	844	28	52
	845	25	54
	846	25	53
	847	28	54
	848	25	55
	849	30	54
	850	24	53
	851	27	56
	852	26	51
	853	27	51
	854	28	48
	855	29	53
	856	26	50
	857	25	52
	858	26	50
	859	28	52
	860	27	51
	861	27	53
	862	28	54
	863	26	51
	864	25	51
	865	26	50
	866	25	49
	867	26	52
	868	26	50
	869	26	53
	870	26	50
	871	24	54
	872	26	50
	873	25	50
	874	25	52
	875	27	54
	876	27	52
	877	27	51
	878	26	49
	879	28	52
	880	27	51
	881	28	52
	882	25	50
	883	28	51
	884	24	50
	885	27	50
	886	24	51
	887	29	50
	888	25	52
	889	23	53
	890	27	51
	891	26	53
	892	27	50
	893	27	52
	894	25	51
	895	27	50
	896	26	52
	897	26	49
	898	23	50
	899	26	50
	900	25	49
	901	29	47
	902	23	49
	903	23	48
	904	23	49
	905	24	51
	906	27	49
	907	25	47
	908	24	47
	909	25	48
	910	27	47
	911	25	50
	912	25	45
	913	24	51
	914	25	46
	915	28	50
	916	22	47
	917	25	48
	918	24	51
	919	28	48
	920	23	49
	921	26	47
	922	24	49
	923	25	51
	924	25	46
	925	25	50
	926	26	50
	927	26	45
	928	23	49
	929	26	48
	930	25	47
	931	24	52
	932	23	48
	933	26	49
	934	26	48
	935	25	50
	936	25	49
	937	26	49
	938	25	48
	939	22	49
	940	26	52
	941	22	46
	942	23	48
	943	21	48
	944	24	45
	945	27	49
	946	22	45
	947	23	50
	948	24	48
	949	25	45
	950	24	55
	951	24	49
	952	26	49
	953	22	48
	954	27	46
	955	25	45
	956	24	46
	957	22	47
	958	25	48
	959	23	47
	960	23	47
	961	25	47
	962	25	46
	963	22	48
	964	22	45
	965	24	47
	966	23	47
	967	24	48
	968	25	46
	969	25	48
	970	25	47
	971	24	45
	972	23	49
	973	23	45
	974	24	45
	975	22	46
	976	22	49
	977	24	46
	978	20	45
	979	23	44
	980	23	46
	981	23	48
	982	26	43
	983	23	48
	984	24	46
	985	26	47
	986	20	45
	987	25	48
	988	24	48
	989	24	48
	990	23	45
	991	23	45
	992	22	45
	993	23	49
	994	24	48
	995	27	49
	996	22	48
	997	22	51
	998	21	46
	999	25	46
	1000	25	46
	1001	25	44
	1002	25	45
	1003	27	48
	1004	23	47
	1005	24	46
	1006	22	44
	1007	26	44
	1008	21	42
	1009	23	44
	1010	21	43
	1011	23	44
	1012	22	44
	1013	22	44
	1014	24	45
	1015	24	46
	1016	24	44
	1017	20	46
	1018	21	44
	1019	24	41
	1020	19	46
	1021	24	44
	1022	25	43
	1023	25	45
	1024	21	44
	1025	26	45
	1026	25	45
	1027	26	46
	1028	25	45
	1029	25	44
	1030	20	43
	1031	23	46
	1032	19	46
	1033	24	43
	1034	22	44
	1035	23	45
	1036	23	42
	1037	21	46
	1038	22	45
	1039	23	43
	1040	23	42
	1041	23	45
	1042	22	40
	1043	21	41
	1044	24	49
	1045	24	44
	1046	21	42
	1047	22	45
	1048	23	45
	1049	22	45
	1050	23	45
	1051	21	42
	1052	24	44
	1053	24	42
	1054	22	44
	1055	23	52
	1056	21	41
	1057	24	42
	1058	20	44
	1059	21	47
	1060	23	42
	1061	25	47
	1062	21	41
	1063	25	43
	1064	21	47
	1065	23	44
	1066	25	45
	1067	22	46
	1068	22	43
	1069	22	43
	1070	21	45
	1071	22	43
	1072	21	42
	1073	22	42
	1074	21	44
	1075	24	45
	1076	21	42
	1077	29	46
	1078	26	44
	1079	25	44
	1080	24	43
	1081	26	42
	1082	22	44
	1083	23	42
	1084	20	44
	1085	24	42
	1086	22	46
	1087	24	45
	1088	20	43
	1089	24	45
	1090	22	44
	1091	23	44
	1092	19	42
	1093	22	43
	1094	21	42
	1095	25	47
	1096	22	43
	1097	22	46
	1098	22	43
	1099	24	43
	1100	24	43
	1101	23	47
	1102	23	42
	1103	24	45
	1104	21	46
	1105	22	43
	1106	22	43
	1107	23	41
	1108	23	44
	1109	24	46
	1110	18	48
	1111	22	43
	1112	23	42
	1113	23	42
	1114	22	40
	1115	23	44
	1116	23	43
	1117	24	44
	1118	23	44
	1119	24	41
	1120	24	44
	1121	23	47
	1122	21	42
	1123	22	45
	1124	21	45
	1125	23	44
	1126	21	46
	1127	22	43
	1128	21	41
	1129	21	42
	1130	22	44
	1131	24	44
	1132	24	45
	1133	23	46
	1134	22	41
	1135	21	43
	1136	21	50
	1137	23	45
	1138	22	44
	1139	21	46
	1140	25	43
	1141	23	41
	1142	21	45
	1143	23	43
	1144	23	45
	1145	22	44
	1146	21	40
	1147	23	45
	1148	27	42
	1149	22	45
	1150	23	42
	1151	22	43
	1152	22	44
	1153	23	46
	1154	21	44
	1155	24	43
	1156	20	43
	1157	23	43
	1158	23	44
	1159	23	43
	1160	22	44
	1161	22	44
	1162	20	43
	1163	22	47
	1164	22	43
	1165	23	43
	1166	23	42
	1167	20	44
	1168	22	44
	1169	21	40
	1170	23	42
	1171	25	46
	1172	20	42
	1173	24	44
	1174	22	46
	1175	21	43
	1176	20	42
	1177	21	41
	1178	21	44
	1179	23	44
	1180	20	43
	1181	20	43
	1182	22	44
	1183	21	43
	1184	22	45
	1185	25	43
	1186	20	42
	1187	21	46
	1188	20	44
	1189	21	43
	1190	21	43
	1191	22	45
	1192	22	42
	1193	23	44
	1194	22	43
	1195	25	44
	1196	24	44
	1197	21	46
	1198	26	43
	1199	25	45
	1200	24	44
	1201	21	39
	1202	22	42
	1203	23	46
	1204	26	44
	1205	24	43
	1206	23	44
	1207	26	43
	1208	23	44
	1209	22	43
	1210	21	43
	1211	23	44
	1212	23	42
	1213	23	43
	1214	23	45
	1215	24	44
	1216	22	45
	1217	21	43
	1218	21	42
	1219	22	42
	1220	22	41
	1221	24	45
	1222	22	40
	1223	22	46
	1224	22	44
	1225	24	45
	1226	20	43
	1227	20	46
	1228	21	43
	1229	23	44
	1230	22	42
	1231	21	42
	1232	22	42
	1233	24	44
	1234	23	42
	1235	21	43
	1236	20	43
	1237	22	40
	1238	23	40
	1239	24	41
	1240	21	42
	1241	26	46
	1242	24	43
	1243	21	44
	1244	21	42
	1245	21	47
	1246	23	41
	1247	23	47
	1248	23	42
	1249	22	44
	1250	23	44
	1251	24	42
	1252	22	42
	1253	24	40
	1254	24	43
	1255	22	42
	1256	22	43
	1257	23	44
	1258	26	44
	1259	24	43
	1260	23	42
	1261	22	41
	1262	23	41
	1263	21	44
	1264	22	43
	1265	21	41
	1266	28	44
	1267	30	41
	1268	21	42
	1269	22	40
	1270	19	44
	1271	24	43
	1272	24	41
	1273	23	43
	1274	23	43
	1275	25	47
	1276	25	45
	1277	25	43
	1278	21	44
	1279	24	45
	1280	23	44
	1281	26	44
	1282	23	47
	1283	24	43
	1284	22	44
	1285	24	44
	1286	20	42
	1287	23	43
	1288	23	44
	1289	22	42
	1290	20	45
	1291	25	43
	1292	24	42
	1293	24	44
	1294	20	44
	1295	24	42
	1296	22	43
	1297	23	44
	1298	22	43
	1299	25	41
	1300	22	41
	1301	22	43
	1302	20	41
	1303	24	44
	1304	21	43
	1305	24	46
	1306	23	47
	1307	22	41
	1308	20	44
	1309	23	42
	1310	23	41
	1311	24	45
	1312	21	44
	1313	23	47
	1314	24	45
	1315	25	43
	1316	25	47
	1317	23	43
	1318	22	45
	1319	24	47
	1320	24	46
	1321	23	45
	1322	23	46
	1323	22	39
	1324	25	43
	1325	23	45
	1326	26	44
	1327	25	45
	1328	24	44
	1329	20	44
	1330	22	42
	1331	25	44
	1332	22	43
	1333	25	43
	1334	20	44
	1335	23	41
	1336	22	45
	1337	24	44
	1338	25	44
	1339	23	46
	1340	24	43
	1341	23	46
	1342	21	45
	1343	23	42
	1344	22	42
	1345	22	41
	1346	22	43
	1347	23	45
	1348	20	43
	1349	23	46
	1350	23	43
	1351	23	46
	1352	23	40
	1353	24	42
	1354	21	43
	1355	26	43
	1356	22	47
	1357	23	44
	1358	23	43
	1359	22	44
	1360	20	43
	1361	25	41
	1362	22	44
	1363	21	43
	1364	22	43
	1365	27	45
	1366	24	42
	1367	22	45
	1368	19	41
	1369	24	46
	1370	23	43
	1371	24	45
	1372	28	43
	1373	23	44
	1374	21	43
	1375	24	42
	1376	20	44
	1377	21	42
	1378	20	44
	1379	23	42
	1380	21	40
	1381	28	40
	1382	21	42
	1383	23	44
	1384	21	43
	1385	23	44
	1386	22	42
	1387	25	44
	1388	21	43
	1389	22	44
	1390	23	46
	1391	23	43
	1392	22	43
	1393	21	44
	1394	20	42
	1395	23	42
	1396	24	42
	1397	23	43
	1398	24	42
	1399	24	44
	1400	22	43
	1401	25	46
	1402	21	43
	1403	23	43
	1404	22	41
	1405	22	45
	1406	22	42
	1407	21	42
	1408	22	41
	1409	24	42
	1410	25	43
	1411	25	44
	1412	23	45
	1413	22	44
	1414	23	43
	1415	25	45
	1416	21	43
	1417	20	41
	1418	23	41
	1419	23	41
	1420	19	43
	1421	20	44
	1422	21	46
	1423	24	45
	1424	22	44
	1425	25	44
	1426	24	45
	1427	23	44
	1428	21	45
	1429	22	47
	1430	21	45
	1431	24	43
	1432	19	43
	1433	24	42
	1434	20	44
	1435	22	42
	1436	20	44
	1437	25	43
	1438	22	42
	1439	24	43
	1440	20	43
	1441	21	43
	1442	24	46
	1443	23	42
	1444	22	43
	1445	23	44
	1446	23	46
	1447	23	44
	1448	21	47
	1449	22	44
	1450	21	40
	1451	22	45
	1452	19	43
	1453	23	44
	1454	20	45
	1455	22	45
	1456	21	42
	1457	23	44
	1458	24	44
	1459	22	43
	1460	23	43
	1461	22	43
	1462	22	44
	1463	22	46
	1464	21	43
	1465	25	43
	1466	20	43
	1467	25	43
	1468	23	42
	1469	22	42
	1470	22	45
	1471	24	45
	1472	23	41
	1473	23	44
	1474	23	43
	1475	23	44
	1476	23	42
	1477	22	45
	1478	19	43
	1479	21	43
	1480	21	41
	1481	21	44
	1482	19	39
	1483	22	44
	1484	20	42
	1485	20	44
	1486	23	42
	1487	23	45
	1488	20	42
	1489	21	44
	1490	21	43
	1491	23	42
	1492	21	44
	1493	19	43
	1494	20	44
	1495	21	45
	1496	22	43
	1497	23	44
	1498	20	43
	1499	24	44
	1500	21	44
	1501	21	44
	1502	21	42
	1503	20	44
	1504	23	40
	1505	24	43
	1506	21	43
	1507	23	40
	1508	21	45
	1509	21	43
	1510	22	45
	1511	25	44
	1512	23	41
	1513	24	44
	1514	21	39
	1515	21	44
	1516	24	42
	1517	23	44
	1518	22	40
	1519	21	43
	1520	22	44
	1521	21	43
	1522	22	41
	1523	19	43
	1524	21	43
	1525	24	43
	1526	20	44
	1527	22	43
	1528	21	43
	1529	22	45
	1530	20	43
	1531	29	45
	1532	21	45
	1533	22	45
	1534	21	43
	1535	22	43
	1536	22	41
	1537	21	44
	1538	23	43
	1539	23	44
	1540	22	45
	1541	22	44
	1542	20	40
	1543	24	44
	1544	22	42
	1545	19	44
	1546	17	41
	1547	22	45
	1548	18	43
	1549	24	42
	1550	23	43
	1551	24	44
	1552	23	43
	1553	21	43
	1554	20	42
	1555	24	46
	1556	21	44
	1557	25	43
	1558	23	47
	1559	22	45
	1560	21	44
	1561	22	41
	1562	19	42
	1563	23	44
	1564	22	41
	1565	23	45
	1566	25	45
	1567	26	43
	1568	22	43
	1569	23	44
	1570	25	40
	1571	25	51
	1572	23	43
	1573	23	46
	1574	22	43
	1575	23	47
	1576	22	48
	1577	25	46
	1578	24	48
	1579	24	45
	1580	23	44
	1581	23	47
	1582	23	49
	1583	23	48
	1584	24	46
	1585	25	45
	1586	24	48
	1587	21	45
	1588	22	45
	1589	25	48
	1590	22	44
	1591	24	46
	1592	20	42
	1593	22	45
	1594	23	46
	1595	21	46
	1596	22	44
	1597	30	45
	1598	24	45
	1599	24	44
	1600	20	43
	1601	25	45
	1602	25	44
	1603	24	43
	1604	26	46
	1605	26	46
	1606	23	46
	1607	23	48
	1608	23	45
	1609	23	46
	1610	20	46
	1611	25	47
	1612	21	46
	1613	25	50
	1614	26	46
	1615	24	47
	1616	25	43
	1617	25	46
	1618	22	45
	1619	25	46
	1620	25	46
	1621	23	46
	1622	22	42
	1623	23	47
	1624	25	47
	1625	23	47
	1626	20	48
	1627	25	44
	1628	19	43
	1629	23	45
	1630	22	47
	1631	21	46
	1632	24	43
	1633	23	45
	1634	21	45
	1635	25	48
	1636	22	45
	1637	24	46
	1638	20	44
	1639	24	47
	1640	22	46
	1641	23	46
	1642	23	41
	1643	23	45
	1644	21	47
	1645	27	45
	1646	29	48
	1647	24	48
	1648	23	45
	1649	22	46
	1650	21	44
	1651	22	45
	1652	20	45
	1653	23	47
	1654	23	43
	1655	26	41
	1656	21	44
	1657	25	44
	1658	25	46
	1659	24	45
	1660	22	45
	1661	25	44
	1662	25	43
	1663	22	45
	1664	23	45
	1665	26	46
	1666	24	45
	1667	24	43
	1668	21	41
	1669	20	44
	1670	22	46
	1671	20	44
	1672	22	48
	1673	26	44
	1674	21	46
	1675	24	44
	1676	22	44
	1677	20	47
	1678	22	43
	1679	23	46
	1680	22	44
	1681	25	44
	1682	24	44
	1683	22	45
	1684	23	43
	1685	22	42
	1686	24	44
	1687	24	45
	1688	24	44
	1689	24	45
	1690	23	43
	1691	24	44
	1692	18	43
	1693	23	47
	1694	22	45
	1695	24	48
	1696	21	45
	1697	22	46
	1698	22	42
	1699	21	46
	1700	19	44
	1701	23	43
	1702	21	41
	1703	22	43
	1704	19	45
	1705	23	42
	1706	21	42
	1707	22	40
	1708	19	42
	1709	20	43
	1710	22	43
	1711	21	41
	1712	21	41
	1713	20	41
	1714	21	41
	1715	25	42
	1716	22	41
	1717	22	41
	1718	22	41
	1719	19	42
	1720	20	38
	1721	21	40
	1722	20	41
	1723	20	42
	1724	19	42
	1725	22	40
	1726	25	39
	1727	20	42
	1728	21	42
	1729	22	43
	1730	21	39
	1731	23	41
	1732	23	41
	1733	21	42
	1734	21	37
	1735	19	41
	1736	20	43
	1737	23	43
	1738	20	42
	1739	21	43
	1740	22	41
	1741	20	43
	1742	18	41
	1743	22	39
	1744	23	40
	1745	21	40
	1746	19	41
	1747	19	42
	1748	22	42
	1749	21	42
	1750	22	40
	1751	23	40
	1752	20	42
	1753	23	45
	1754	21	43
	1755	23	43
	1756	21	41
	1757	21	41
	1758	20	43
	1759	22	43
	1760	20	44
	1761	23	40
	1762	20	41
	1763	21	40
	1764	21	43
	1765	22	45
	1766	18	40
	1767	20	41
	1768	20	40
	1769	21	42
	1770	16	41
	1771	21	41
	1772	19	40
	1773	18	44
	1774	20	43
	1775	19	42
	1776	22	42
	1777	24	41
	1778	20	39
	1779	25	43
	1780	23	40
	1781	22	43
	1782	22	41
	1783	22	41
	1784	22	44
	1785	20	42
	1786	17	39
	1787	22	44
	1788	22	43
	1789	23	43
	1790	21	42
	1791	22	41
	1792	21	44
	1793	22	41
	1794	20	38
	1795	21	44
	1796	20	42
	1797	20	40
	1798	21	40
	1799	22	40
	1800	17	42
	1801	21	41
	1802	20	44
	1803	22	42
	1804	21	42
	1805	22	38
	1806	17	43
	1807	20	45
	1808	23	40
	1809	21	44
	1810	22	39
	1811	23	41
	1812	17	39
	1813	21	41
	1814	20	38
	1815	21	41
	1816	19	40
	1817	23	42
	1818	21	41
	1819	23	42
	1820	20	42
	1821	21	42
	1822	20	41
	1823	23	41
	1824	22	40
	1825	20	44
	1826	20	39
	1827	21	44
	1828	22	41
	1829	21	42
	1830	22	40
	1831	22	40
	1832	19	39
	1833	22	43
	1834	18	42
	1835	25	41
	1836	20	41
	1837	23	41
	1838	18	42
	1839	21	42
	1840	20	40
	1841	20	39
	1842	23	43
	1843	21	43
	1844	20	41
	1845	21	40
	1846	20	39
	1847	21	44
	1848	21	43
	1849	23	42
	1850	20	43
	1851	21	40
	1852	20	41
	1853	21	44
	1854	19	41
	1855	20	37
	1856	19	41
	1857	21	40
	1858	21	40
	1859	21	41
	1860	19	40
	1861	22	43
	1862	24	40
	1863	20	44
	1864	21	41
	1865	21	44
	1866	19	41
	1867	21	42
	1868	20	40
	1869	22	41
	1870	18	39
	1871	20	39
	1872	21	39
	1873	20	41
	1874	19	41
	1875	19	38
	1876	20	40
	1877	24	39
	1878	21	41
	1879	19	43
	1880	22	39
	1881	22	38
	1882	19	40
	1883	24	39
	1884	21	39
	1885	21	44
	1886	22	37
	1887	22	43
	1888	22	37
	1889	22	41
	1890	17	41
	1891	20	40
	1892	20	37
	1893	19	43
	1894	19	42
	1895	22	40
	1896	19	40
	1897	21	41
	1898	21	41
	1899	22	45
	1900	22	38
	1901	23	39
	1902	20	42
	1903	23	42
	1904	21	42
	1905	21	39
	1906	20	43
	1907	28	42
	1908	17	40
	1909	22	41
	1910	21	40
	1911	18	40
	1912	19	40
	1913	19	40
	1914	20	41
	1915	20	41
	1916	21	40
	1917	22	39
	1918	19	40
	1919	22	42
	1920	19	40
	1921	20	46
	1922	22	42
	1923	24	40
	1924	23	41
	1925	20	40
	1926	20	40
	1927	18	39
	1928	23	42
	1929	23	43
	1930	20	40
	1931	22	40
	1932	19	40
	1933	23	40
	1934	22	38
	1935	19	43
	1936	20	41
	1937	23	44
	1938	18	39
	1939	21	40
	1940	21	43
	1941	19	41
	1942	23	39
	1943	19	39
	1944	17	39
	1945	18	41
	1946	20	41
	1947	20	42
	1948	20	40
	1949	18	41
	1950	22	40
	1951	22	41
	1952	21	38
	1953	22	42
	1954	19	39
	1955	21	41
	1956	21	37
	1957	19	43
	1958	19	39
	1959	19	42
	1960	21	41
	1961	20	39
	1962	19	42
	1963	20	43
	1964	17	40
	1965	18	41
	1966	19	42
	1967	21	39
	1968	20	40
	1969	23	44
	1970	19	44
	1971	20	42
	1972	22	41
	1973	23	41
	1974	19	40
	1975	20	39
	1976	21	40
	1977	22	40
	1978	21	40
	1979	20	41
	1980	17	41
	1981	22	40
	1982	24	39
	1983	22	42
	1984	20	40
	1985	19	43
	1986	18	42
	1987	21	39
	1988	19	40
	1989	21	41
	1990	19	42
	1991	19	41
	1992	21	40
	1993	22	40
	1994	21	40
	1995	22	43
	1996	20	38
	1997	19	41
	1998	21	40
	1999	21	41
	2000	21	40
	2001	20	40
	2002	20	41
	2003	19	41
	2004	17	44
	2005	21	44
	2006	21	42
	2007	22	41
	2008	22	41
	2009	22	40
	2010	19	39
	2011	19	44
	2012	21	42
	2013	19	41
	2014	18	43
	2015	22	41
	2016	20	42
	2017	22	42
	2018	19	39
	2019	21	39
	2020	20	41
	2021	20	39
	2022	18	41
	2023	17	41
	2024	20	41
	2025	19	41
	2026	19	40
	2027	21	42
	2028	22	41
	2029	19	42
	2030	18	38
	2031	21	43
	2032	21	41
	2033	22	41
	2034	21	40
	2035	22	39
	2036	21	38
	2037	21	40
	2038	20	39
	2039	21	38
	2040	20	40
	2041	21	42
	2042	18	39
	2043	20	40
	2044	19	42
	2045	20	40
	2046	22	41
	2047	21	41
	2048	21	41
	2049	22	43
	2050	19	39
	2051	20	42
	2052	21	41
	2053	19	39
	2054	23	42
	2055	20	38
	2056	22	41
	2057	22	39
	2058	21	37
	2059	18	37
	2060	19	41
	2061	19	42
	2062	20	40
	2063	19	40
	2064	17	39
	2065	17	40
	2066	22	38
	2067	20	39
	2068	20	41
	2069	22	39
	2070	17	39
	2071	20	44
	2072	20	41
	2073	19	40
	2074	20	38
	2075	18	45
	2076	20	40
	2077	22	42
	2078	18	41
	2079	22	41
	2080	21	41
	2081	21	42
	2082	20	43
	2083	21	43
	2084	21	39
	2085	21	39
	2086	21	37
	2087	20	42
	2088	21	38
	2089	21	42
	2090	21	38
	2091	18	41
	2092	20	42
	2093	18	39
	2094	22	41
	2095	23	41
	2096	20	39
	2097	20	43
	2098	19	39
	2099	19	41
	2100	21	40
	2101	20	39
	2102	21	39
	2103	20	40
	2104	19	38
	2105	24	41
	2106	19	37
	2107	20	42
	2108	20	39
	2109	19	41
	2110	19	37
	2111	21	40
	2112	19	40
	2113	22	39
	2114	20	42
	2115	21	41
	2116	20	41
	2117	21	40
	2118	18	40
	2119	21	40
	2120	18	37
	2121	23	41
	2122	22	40
	2123	22	43
	2124	19	41
	2125	19	40
	2126	15	40
	2127	19	40
	2128	20	38
	2129	18	41
	2130	19	42
	2131	22	40
	2132	17	43
	2133	21	41
	2134	21	41
	2135	21	41
	2136	19	40
	2137	18	41
	2138	21	41
	2139	20	40
	2140	19	42
	2141	22	41
	2142	20	38
	2143	20	41
	2144	19	39
	2145	22	40
	2146	18	44
	2147	20	41
	2148	21	38
	2149	19	39
	2150	21	38
	2151	21	41
	2152	21	41
	2153	19	42
	2154	22	38
	2155	22	40
	2156	18	40
	2157	22	42
	2158	22	39
	2159	20	40
	2160	20	38
	2161	24	40
	2162	22	42
	2163	22	40
	2164	20	38
	2165	19	39
	2166	20	41
	2167	18	38
	2168	20	40
	2169	21	40
	2170	20	59
	2171	19	40
	2172	21	41
	2173	22	39
	2174	20	42
	2175	23	41
	2176	19	40
	2177	21	39
	2178	24	37
	2179	23	40
	2180	21	39
	2181	22	41
	2182	19	39
	2183	22	40
	2184	20	40
	2185	19	41
	2186	21	40
	2187	21	42
	2188	19	37
	2189	20	41
	2190	19	39
	2191	23	41
	2192	21	41
	2193	21	36
	2194	19	46
	2195	23	41
	2196	19	40
	2197	22	39
	2198	20	43
	2199	21	41
	2200	21	41
	2201	20	42
	2202	21	41
	2203	20	42
	2204	19	41
	2205	25	39
	2206	20	42
	2207	17	41
	2208	18	37
	2209	21	39
	2210	18	40
	2211	20	38
	2212	19	39
	2213	20	41
	2214	19	37
	2215	21	39
	2216	19	41
	2217	22	39
	2218	20	41
	2219	22	43
	2220	20	39
	2221	20	40
	2222	18	42
	2223	22	40
	2224	16	40
	2225	20	41
	2226	19	38
	2227	22	40
	2228	20	39
	2229	20	39
	2230	22	36
	2231	20	41
	2232	21	39
	2233	21	44
	2234	22	40
	2235	22	40
	2236	21	39
	2237	21	39
	2238	18	43
	2239	22	43
	2240	21	39
	2241	21	38
	2242	18	39
	2243	22	39
	2244	19	38
	2245	20	41
	2246	21	39
	2247	21	40
	2248	22	38
	2249	20	40
	2250	21	39
	2251	20	42
	2252	19	39
	2253	21	40
	2254	18	38
	2255	20	40
	2256	20	38
	2257	20	37
	2258	20	39
	2259	23	40
	2260	18	41
	2261	20	42
	2262	20	41
	2263	20	41
	2264	20	40
	2265	21	41
	2266	19	37
	2267	21	43
	2268	22	39
	2269	20	39
	2270	22	38
	2271	21	43
	2272	18	40
	2273	22	38
	2274	21	40
	2275	22	40
	2276	20	39
	2277	21	40
	2278	18	39
	2279	22	41
	2280	21	40
	2281	19	40
	2282	23	37
	2283	19	41
	2284	18	40
	2285	23	40
	2286	21	39
	2287	22	41
	2288	18	39
	2289	21	40
	2290	17	39
	2291	21	42
	2292	20	41
	2293	20	43
	2294	20	42
	2295	21	40
	2296	20	42
	2297	18	40
	2298	22	43
	2299	23	40
	2300	20	41
	2301	21	39
	2302	21	40
	2303	21	39
	2304	21	40
	2305	21	40
	2306	19	35
	2307	23	41
	2308	19	37
	2309	21	43
	2310	21	43
	2311	20	38
	2312	20	37
	2313	22	39
	2314	20	39
	2315	19	42
	2316	20	39
	2317	19	41
	2318	19	39
	2319	22	41
	2320	20	39
	2321	22	40
	2322	20	37
	2323	21	41
	2324	18	41
	2325	24	40
	2326	20	39
	2327	22	39
	2328	19	42
	2329	20	41
	2330	22	40
	2331	20	43
	2332	18	40
	2333	21	36
	2334	20	41
	2335	21	40
	2336	19	42
	2337	22	41
	2338	20	40
	2339	21	42
	2340	19	38
	2341	22	39
	2342	18	41
	2343	21	40
	2344	18	41
	2345	21	40
	2346	22	41
	2347	21	40
	2348	20	40
	2349	21	39
	2350	22	44
	2351	21	41
	2352	21	39
	2353	21	44
	2354	21	39
	2355	22	37
	2356	19	42
	2357	19	39
	2358	20	39
	2359	21	38
	2360	20	40
	2361	20	41
	2362	18	43
	2363	21	42
	2364	20	39
	2365	21	40
	2366	19	40
	2367	20	40
	2368	21	40
	2369	20	38
	2370	20	38
	2371	22	41
	2372	21	38
	2373	22	45
	2374	21	39
	2375	21	42
	2376	19	38
	2377	21	40
	2378	20	38
	2379	21	39
	2380	23	40
	2381	18	42
	2382	20	41
	2383	19	40
	2384	21	40
	2385	19	41
	2386	21	40
	2387	21	39
	2388	20	40
	2389	23	41
	2390	17	42
	2391	21	44
	2392	21	40
	2393	22	40
	2394	19	39
	2395	20	41
	2396	18	36
	2397	20	40
	2398	20	39
	2399	21	42
	2400	18	44
	2401	20	42
	2402	19	39
	2403	28	41
	2404	17	40
	2405	21	40
	2406	17	39
	2407	20	39
	2408	21	42
	2409	19	42
	2410	20	40
	2411	21	40
	2412	21	38
	2413	20	40
	2414	19	41
	2415	22	40
	2416	17	38
	2417	20	43
	2418	22	41
	2419	21	41
	2420	20	39
	2421	24	41
	2422	19	40
	2423	20	38
	2424	19	39
	2425	21	37
	2426	21	42
	2427	21	41
	2428	22	41
	2429	20	42
	2430	19	41
	2431	21	40
	2432	18	36
	2433	23	42
	2434	21	42
	2435	20	41
	2436	21	40
	2437	19	41
	2438	20	40
	2439	20	40
	2440	19	36
	2441	19	41
	2442	20	40
	2443	20	38
	2444	21	39
	2445	21	40
	2446	19	39
	2447	20	43
	2448	20	43
	2449	21	41
	2450	21	38
	2451	19	40
	2452	20	41
	2453	21	41
	2454	20	41
	2455	19	40
	2456	20	40
	2457	17	42
	2458	21	40
	2459	22	39
	2460	19	38
	2461	20	40
	2462	20	39
	2463	17	41
	2464	21	44
	2465	21	39
	2466	20	42
	2467	21	41
	2468	18	39
	2469	18	44
	2470	20	40
	2471	20	41
	2472	21	38
	2473	22	39
	2474	21	42
	2475	21	39
	2476	20	39
	2477	18	40
	2478	20	40
	2479	20	42
	2480	21	40
	2481	21	41
	2482	18	41
	2483	19	39
	2484	19	41
	2485	24	41
	2486	19	41
	2487	23	37
	2488	20	39
	2489	19	38
	2490	17	40
	2491	19	41
	2492	20	41
	2493	20	41
	2494	19	40
	2495	19	39
	2496	19	42
	2497	18	41
	2498	19	39
	2499	20	43
	2500	19	38
	2501	20	40
	2502	20	42
	2503	21	39
	2504	21	38
	2505	19	39
	2506	22	40
	2507	18	45
	2508	19	39
	2509	19	41
	2510	21	40
	2511	17	41
	2512	21	40
	2513	20	43
	2514	19	42
	2515	20	39
	2516	18	40
	2517	23	38
	2518	22	40
	2519	21	41
	2520	21	39
	2521	21	40
	2522	16	41
	2523	20	40
	2524	20	39
	2525	21	37
	2526	21	41
	2527	21	42
	2528	21	40
	2529	22	39
	2530	21	38
	2531	22	38
	2532	19	39
	2533	21	39
	2534	18	40
	2535	22	39
	2536	19	40
	2537	23	44
	2538	22	38
	2539	20	44
	2540	20	40
	2541	19	42
	2542	19	40
	2543	18	41
	2544	20	38
	2545	21	41
	2546	19	41
	2547	20	39
	2548	22	40
	2549	21	38
	2550	18	41
	2551	22	40
	2552	19	39
	2553	21	37
	2554	20	39
	2555	19	42
	2556	20	38
	2557	20	43
	2558	22	40
	2559	21	42
	2560	20	39
	2561	19	38
	2562	22	39
	2563	20	39
	2564	19	38
	2565	21	36
	2566	20	43
	2567	22	43
	2568	17	39
	2569	19	38
	2570	18	40
	2571	22	42
	2572	21	42
	2573	20	40
	2574	20	39
	2575	22	39
	2576	20	40
	2577	21	41
	2578	19	39
	2579	21	38
	2580	18	39
	2581	19	39
	2582	22	39
	2583	24	40
	2584	20	41
	2585	21	39
	2586	20	42
	2587	20	41
	2588	19	40
	2589	18	41
	2590	22	40
	2591	20	42
	2592	18	40
	2593	19	40
	2594	21	38
	2595	21	37
	2596	19	37
	2597	21	41
	2598	19	41
	2599	20	39
	2600	19	37
	2601	19	39
	2602	19	40
	2603	21	44
	2604	21	40
	2605	19	41
	2606	18	44
	2607	20	40
	2608	19	41
	2609	18	39
	2610	19	41
	2611	23	40
	2612	19	39
	2613	24	39
	2614	19	40
	2615	22	41
	2616	19	37
	2617	21	42
	2618	20	40
	2619	19	41
	2620	18	41
	2621	20	42
	2622	20	40
	2623	19	39
	2624	20	40
	2625	20	39
	2626	26	40
	2627	21	41
	2628	19	38
	2629	21	40
	2630	22	37
	2631	21	40
	2632	19	43
	2633	22	42
	2634	20	40
	2635	19	41
	2636	19	40
	2637	19	41
	2638	21	37
	2639	20	39
	2640	18	40
	2641	21	41
	2642	17	40
	2643	19	40
	2644	21	38
	2645	20	38
	2646	19	41
	2647	22	42
	2648	16	41
	2649	21	40
	2650	19	39
	2651	21	40
	2652	21	39
	2653	19	40
	2654	22	39
	2655	22	39
	2656	18	39
	2657	19	39
	2658	21	41
	2659	19	37
	2660	20	39
	2661	19	38
	2662	21	40
	2663	24	41
	2664	19	40
	2665	20	40
	2666	20	39
	2667	21	40
	2668	20	39
	2669	21	42
	2670	19	42
	2671	22	41
	2672	21	37
	2673	18	42
	2674	19	40
	2675	22	38
	2676	18	39
	2677	21	40
	2678	17	38
	2679	21	36
	2680	17	39
	2681	20	42
	2682	21	38
	2683	22	41
	2684	19	38
	2685	21	38
	2686	19	40
	2687	21	40
	2688	19	37
	2689	21	40
	2690	20	42
	2691	22	40
	2692	20	39
	2693	21	40
	2694	19	38
	2695	17	40
	2696	21	39
	2697	21	41
	2698	20	43
	2699	21	42
	2700	21	38
	2701	20	41
	2702	21	38
	2703	20	40
	2704	19	39
	2705	21	40
	2706	19	39
	2707	24	39
	2708	20	35
	2709	19	40
	2710	21	39
	2711	24	41
	2712	17	39
	2713	19	40
	2714	19	39
	2715	19	41
	2716	18	41
	2717	19	40
	2718	17	39
	2719	19	39
	2720	20	38
	2721	26	41
	2722	20	38
	2723	21	40
	2724	20	41
	2725	22	44
	2726	22	41
	2727	21	43
	2728	17	38
	2729	21	41
	2730	20	39
	2731	21	40
	2732	18	43
	2733	18	40
	2734	19	41
	2735	21	40
	2736	20	39
	2737	21	37
	2738	19	41
	2739	24	41
	2740	21	42
	2741	17	39
	2742	21	41
	2743	23	39
	2744	17	40
	2745	19	42
	2746	23	40
	2747	21	39
	2748	17	39
	2749	19	39
	2750	21	41
	2751	22	38
	2752	18	39
	2753	19	44
	2754	17	41
	2755	19	41
	2756	19	39
	2757	22	42
	2758	17	41
	2759	22	41
	2760	19	39
	2761	18	43
	2762	21	43
	2763	23	40
	2764	22	37
	2765	19	40
	2766	20	37
	2767	21	39
	2768	20	42
	2769	20	37
	2770	19	39
	2771	22	42
	2772	17	39
	2773	19	38
	2774	17	37
	2775	20	40
	2776	18	38
	2777	20	41
	2778	19	40
	2779	19	39
	2780	20	38
	2781	23	38
	2782	20	38
	2783	27	40
	2784	22	39
	2785	21	40
	2786	21	38
	2787	18	40
	2788	18	40
	2789	21	40
	2790	20	41
	2791	20	41
	2792	22	41
	2793	21	40
	2794	21	38
	2795	22	40
	2796	24	40
	2797	21	43
	2798	19	39
	2799	21	40
	2800	19	38
	2801	22	40
	2802	20	44
	2803	21	41
	2804	20	39
	2805	22	41
	2806	21	40
	2807	22	41
	2808	19	39
	2809	20	40
	2810	23	40
	2811	21	40
	2812	17	42
	2813	20	43
	2814	19	39
	2815	22	41
	2816	20	39
	2817	23	39
	2818	24	39
	2819	20	43
	2820	22	38
	2821	22	43
	2822	19	41
	2823	21	39
	2824	18	42
	2825	22	39
	2826	19	38
	2827	21	39
	2828	19	41
	2829	20	40
	2830	22	40
	2831	25	41
	2832	18	38
	2833	19	41
	2834	20	40
	2835	20	41
	2836	21	39
	2837	22	43
	2838	21	39
	2839	21	41
	2840	22	40
	2841	21	38
	2842	17	39
	2843	22	38
	2844	18	40
	2845	20	40
	2846	20	40
	2847	19	40
	2848	20	36
	2849	20	38
	2850	20	43
	2851	22	39
	2852	19	38
	2853	23	42
	2854	19	38
	2855	21	40
	2856	21	39
	2857	21	41
	2858	19	40
	2859	25	43
	2860	18	41
	2861	22	39
	2862	20	41
	2863	20	39
	2864	20	41
	2865	20	42
	2866	21	39
	2867	18	41
	2868	15	39
	2869	23	39
	2870	22	39
	2871	22	38
	2872	18	38
	2873	18	41
	2874	21	40
	2875	23	42
	2876	19	39
	2877	18	40
	2878	19	43
	2879	20	41
	2880	19	39
	2881	18	40
	2882	19	41
	2883	20	40
	2884	18	38
	2885	22	41
	2886	17	37
	2887	21	40
	2888	21	39
	2889	45	41
	2890	22	39
	2891	21	44
	2892	19	39
	2893	20	43
	2894	20	41
	2895	21	40
	2896	18	41
	2897	16	40
	2898	20	41
	2899	20	43
	2900	20	40
	2901	22	41
	2902	19	38
	2903	22	40
	2904	21	41
	2905	19	41
	2906	19	39
	2907	20	41
	2908	23	40
	2909	19	41
	2910	19	39
	2911	19	44
	2912	19	39
	2913	20	40
	2914	17	43
	2915	19	41
	2916	19	40
	2917	23	39
	2918	21	39
	2919	24	40
	2920	23	40
	2921	18	41
	2922	19	39
	2923	20	42
	2924	20	39
	2925	19	39
	2926	17	38
	2927	19	40
	2928	19	40
	2929	21	43
	2930	22	40
	2931	17	39
	2932	21	39
	2933	19	40
	2934	18	41
	2935	21	39
	2936	19	43
	2937	19	41
	2938	18	40
	2939	21	41
	2940	18	38
	2941	21	36
	2942	17	41
	2943	19	39
	2944	21	38
	2945	19	45
	2946	22	39
	2947	22	39
	2948	21	40
	2949	23	39
	2950	21	41
	2951	21	40
	2952	17	39
	2953	20	42
	2954	18	39
	2955	21	40
	2956	20	39
	2957	20	38
	2958	19	40
	2959	22	40
	2960	18	39
	2961	22	41
	2962	17	39
	2963	21	39
	2964	20	37
	2965	21	40
	2966	21	38
	2967	20	38
	2968	20	41
	2969	23	41
	2970	19	40
	2971	20	40
	2972	19	39
	2973	21	39
	2974	19	42
	2975	19	39
	2976	19	39
	2977	20	39
	2978	17	41
	2979	20	41
	2980	21	38
	2981	22	39
	2982	17	40
	2983	19	38
	2984	17	36
	2985	18	40
	2986	21	39
	2987	22	42
	2988	19	43
	2989	20	37
	2990	19	40
	2991	17	39
	2992	20	42
	2993	19	40
	2994	20	40
	2995	22	38
	2996	19	37
	2997	23	38
	2998	24	40
	2999	21	39
	3000	19	40
	3001	21	40
	3002	20	40
	3003	23	40
	3004	19	41
	3005	19	39
	3006	20	39
	3007	17	39
	3008	21	40
	3009	18	40
	3010	22	40
	3011	20	39
	3012	21	41
	3013	15	38
	3014	20	41
	3015	21	41
	3016	20	42
	3017	20	43
	3018	17	39
	3019	20	41
	3020	20	39
	3021	20	38
	3022	18	43
	3023	24	41
	3024	19	40
	3025	20	42
	3026	19	39
	3027	18	39
	3028	22	39
	3029	21	41
	3030	19	38
	3031	19	40
	3032	17	38
	3033	19	42
	3034	19	38
	3035	20	39
	3036	19	40
	3037	21	39
	3038	20	38
	3039	21	40
	3040	17	40
	3041	20	41
	3042	22	42
	3043	19	39
	3044	20	40
	3045	17	39
	3046	19	39
	3047	19	39
	3048	20	39
	3049	19	39
	3050	21	37
	3051	22	42
	3052	17	39
	3053	20	38
	3054	21	38
	3055	20	37
	3056	22	39
	3057	19	40
	3058	20	40
	3059	21	39
	3060	19	42
	3061	20	38
	3062	22	41
	3063	23	41
	3064	18	42
	3065	21	38
	3066	17	42
	3067	21	41
	3068	23	40
	3069	18	37
	3070	17	36
	3071	19	40
	3072	21	40
	3073	21	41
	3074	20	39
	3075	20	39
	3076	22	36
	3077	19	39
	3078	19	40
	3079	21	42
	3080	15	41
	3081	21	35
	3082	19	39
	3083	22	41
	3084	17	40
	3085	21	41
	3086	19	38
	3087	19	39
	3088	20	38
	3089	23	39
	3090	19	37
	3091	20	41
	3092	19	39
	3093	21	41
	3094	18	41
	3095	21	41
	3096	18	41
	3097	21	40
	3098	20	39
	3099	21	42
	3100	19	44
	3101	21	38
	3102	21	41
	3103	19	38
	3104	21	40
	3105	19	39
	3106	19	40
	3107	18	41
	3108	20	40
	3109	20	40
	3110	19	36
	3111	22	41
	3112	21	44
	3113	20	41
	3114	18	38
	3115	21	39
	3116	17	39
	3117	22	42
	3118	19	37
	3119	19	39
	3120	19	42
	3121	19	39
	3122	18	39
	3123	22	42
	3124	22	39
	3125	18	40
	3126	21	42
	3127	22	41
	3128	21	39
	3129	22	39
	3130	15	42
	3131	19	42
	3132	17	39
	3133	22	40
	3134	18	41
	3135	21	39
	3136	21	43
	3137	20	39
	3138	20	39
	3139	19	41
	3140	19	41
	3141	20	39
	3142	20	39
	3143	20	40
	3144	21	38
	3145	20	39
	3146	24	41
	3147	20	42
	3148	20	40
	3149	22	40
	3150	20	40
	3151	22	42
	3152	19	43
	3153	20	40
	3154	19	41
	3155	21	40
	3156	20	37
	3157	20	39
	3158	18	41
	3159	19	42
	3160	21	41
	3161	23	38
	3162	20	37
	3163	23	42
	3164	19	40
	3165	22	41
	3166	22	39
	3167	20	38
	3168	21	38
	3169	21	41
	3170	19	39
	3171	20	44
	3172	19	39
	3173	22	39
	3174	19	39
	3175	20	42
	3176	19	41
	3177	23	40
	3178	17	39
	3179	20	40
	3180	19	41
	3181	21	42
	3182	21	37
	3183	23	37
	3184	19	39
	3185	26	42
	3186	21	42
	3187	22	43
	3188	19	40
	3189	18	40
	3190	17	41
	3191	20	41
	3192	20	42
	3193	19	41
	3194	21	40
	3195	21	38
	3196	22	40
	3197	20	40
	3198	19	39
	3199	22	40
	3200	20	37
	3201	21	41
	3202	21	41
	3203	23	40
	3204	21	38
	3205	20	43
	3206	21	42
	3207	20	40
	3208	21	41
	3209	19	41
	3210	20	38
	3211	21	39
	3212	19	40
	3213	21	41
	3214	19	38
	3215	22	38
	3216	20	40
	3217	21	41
	3218	22	39
	3219	19	42
	3220	21	41
	3221	22	42
	3222	21	39
	3223	22	47
	3224	22	37
	3225	23	40
	3226	20	39
	3227	21	41
	3228	20	41
	3229	22	41
	3230	20	40
	3231	22	37
	3232	19	38
	3233	22	41
	3234	16	40
	3235	22	43
	3236	20	41
	3237	19	41
	3238	20	39
	3239	21	40
	3240	19	41
	3241	22	43
	3242	19	38
	3243	20	40
	3244	18	39
	3245	23	39
	3246	18	43
	3247	20	42
	3248	21	39
	3249	17	43
	3250	20	42
	3251	20	44
	3252	20	41
	3253	22	38
	3254	21	40
	3255	20	42
	3256	21	39
	3257	19	40
	3258	22	41
	3259	22	39
	3260	21	38
	3261	23	39
	3262	20	40
	3263	22	42
	3264	18	38
	3265	20	40
	3266	19	39
	3267	22	40
	3268	20	42
	3269	20	41
	3270	19	43
	3271	21	38
	3272	20	39
	3273	21	40
	3274	18	39
	3275	23	43
	3276	20	41
	3277	19	41
	3278	19	40
	3279	19	41
	3280	19	42
	3281	21	41
	3282	22	39
	3283	20	41
	3284	20	39
	3285	26	39
	3286	22	40
	3287	21	39
	3288	20	37
	3289	20	42
	3290	19	38
	3291	21	43
	3292	20	42
	3293	21	39
	3294	20	39
	3295	22	41
	3296	19	39
	3297	24	40
	3298	21	39
	3299	21	38
	3300	22	41
	3301	19	42
	3302	20	35
	3303	19	38
	3304	22	38
	3305	21	39
	3306	21	38
	3307	20	39
	3308	21	40
	3309	23	41
	3310	19	38
	3311	19	41
	3312	21	39
	3313	21	47
	3314	20	40
	3315	21	41
	3316	19	39
	3317	20	40
	3318	20	41
	3319	21	43
	3320	19	39
	3321	22	37
	3322	21	38
	3323	22	40
	3324	18	40
	3325	21	40
	3326	21	41
	3327	20	43
	3328	20	39
	3329	23	39
	3330	19	40
	3331	20	40
	3332	18	43
	3333	20	40
	3334	21	41
	3335	20	39
	3336	20	41
	3337	20	41
	3338	21	39
	3339	21	39
	3340	18	41
	3341	23	42
	3342	19	41
	3343	22	41
	3344	19	40
	3345	21	39
	3346	19	40
	3347	22	43
	3348	20	40
	3349	20	38
	3350	18	37
	3351	22	39
	3352	19	39
	3353	19	40
	3354	20	38
	3355	20	42
	3356	16	43
	3357	21	38
	3358	22	39
	3359	21	42
	3360	20	38
	3361	20	40
	3362	20	39
	3363	19	39
	3364	21	39
	3365	21	43
	3366	21	36
	3367	21	41
	3368	23	41
	3369	22	43
	3370	21	42
	3371	23	38
	3372	21	38
	3373	22	41
	3374	21	36
	3375	21	42
	3376	19	42
	3377	21	39
	3378	19	38
	3379	19	41
	3380	21	40
	3381	20	38
	3382	21	39
	3383	19	38
	3384	18	38
	3385	19	42
	3386	20	40
	3387	22	40
	3388	18	37
	3389	20	40
	3390	18	43
	3391	21	41
	3392	18	40
	3393	18	39
	3394	21	38
	3395	19	40
	3396	20	39
	3397	19	39
	3398	18	38
	3399	21	41
	3400	20	39
	3401	22	42
	3402	22	41
	3403	22	40
	3404	20	39
	3405	23	43
	3406	18	40
	3407	23	40
	3408	19	38
	3409	19	39
	3410	19	43
	3411	19	38
	3412	19	40
	3413	18	38
	3414	22	39
	3415	21	40
	3416	20	41
	3417	19	41
	3418	19	41
	3419	23	41
	3420	20	36
	3421	18	38
	3422	20	41
	3423	20	41
	3424	20	41
	3425	22	39
	3426	21	38
	3427	20	39
	3428	19	39
	3429	20	39
	3430	22	40
	3431	19	40
	3432	19	39
	3433	23	39
	3434	22	39
	3435	22	42
	3436	17	39
	3437	19	41
	3438	22	41
	3439	20	43
	3440	20	41
	3441	25	39
	3442	19	40
	3443	20	41
	3444	21	38
	3445	24	38
	3446	21	41
	3447	21	41
	3448	18	41
	3449	19	40
	3450	20	39
	3451	19	39
	3452	18	38
	3453	22	40
	3454	21	38
	3455	22	41
	3456	18	41
	3457	21	39
	3458	23	40
	3459	22	41
	3460	21	40
	3461	21	42
	3462	19	38
	3463	19	42
	3464	20	42
	3465	19	42
	3466	21	41
	3467	21	43
	3468	18	40
	3469	22	41
	3470	19	41
	3471	20	40
	3472	20	49
	3473	21	41
	3474	20	40
	3475	23	41
	3476	21	38
	3477	19	41
	3478	20	41
	3479	20	41
	3480	22	41
	3481	21	42
	3482	18	41
	3483	19	41
	3484	19	39
	3485	21	42
	3486	17	39
	3487	21	41
	3488	18	40
	3489	19	39
	3490	19	39
	3491	22	38
	3492	23	39
	3493	19	41
	3494	22	38
	3495	18	38
	3496	21	39
	3497	19	41
	3498	16	42
	3499	21	40
	3500	20	42
	3501	19	38
	3502	19	41
	3503	23	40
	3504	20	38
	3505	22	38
	3506	20	37
	3507	21	42
	3508	21	42
	3509	19	41
	3510	19	43
	3511	21	40
	3512	19	38
	3513	20	40
	3514	19	42
	3515	21	41
	3516	20	40
	3517	21	36
	3518	19	40
	3519	21	39
	3520	19	43
	3521	20	40
	3522	16	39
	3523	20	38
	3524	18	40
	3525	21	42
	3526	20	39
	3527	21	41
	3528	21	43
	3529	19	39
	3530	20	41
	3531	18	45
	3532	21	41
	3533	21	43
	3534	19	39
	3535	22	41
	3536	19	40
	3537	21	42
	3538	20	40
	3539	20	40
	3540	20	46
	3541	19	39
	3542	22	39
	3543	20	40
	3544	22	37
	3545	20	41
	3546	19	38
	3547	22	41
	3548	19	41
	3549	21	39
	3550	22	42
	3551	20	40
	3552	19	39
	3553	25	40
	3554	19	39
	3555	21	42
	3556	19	40
	3557	21	40
	3558	20	41
	3559	23	45
	3560	21	40
	3561	19	39
	3562	19	41
	3563	20	43
	3564	25	38
	3565	23	42
	3566	21	41
	3567	20	37
	3568	19	41
	3569	20	39
	3570	20	36
	3571	22	39
	3572	19	41
	3573	20	41
	3574	19	42
	3575	20	38
	3576	20	38
	3577	18	43
	3578	20	40
	3579	21	42
	3580	20	41
	3581	21	42
	3582	19	41
	3583	24	41
	3584	19	43
	3585	22	39
	3586	21	39
	3587	19	39
	3588	19	43
	3589	20	41
	3590	22	39
	3591	20	41
	3592	19	40
	3593	20	38
	3594	19	41
	3595	19	42
	3596	19	42
	3597	18	40
	3598	19	38
	3599	21	41
	3600	21	41
	3601	22	39
	3602	19	39
	3603	20	38
	3604	21	37
	3605	19	43
	3606	20	39
	3607	20	41
	3608	19	39
	3609	20	40
	3610	19	40
	3611	19	43
	3612	19	40
	3613	20	39
	3614	17	41
	3615	21	40
	3616	18	39
	3617	20	38
	3618	19	41
	3619	22	39
	3620	21	43
	3621	21	41
	3622	20	40
	3623	19	41
	3624	18	39
	3625	17	40
	3626	23	42
	3627	20	41
	3628	19	40
	3629	22	40
	3630	19	35
	3631	20	39
	3632	19	41
	3633	22	41
	3634	18	41
	3635	21	38
	3636	20	40
	3637	22	38
	3638	20	43
	3639	22	40
	3640	19	40
	3641	18	43
	3642	16	40
	3643	21	40
	3644	19	40
	3645	20	39
	3646	19	37
	3647	19	39
	3648	20	41
	3649	20	40
	3650	18	41
	3651	22	39
	3652	19	41
	3653	21	39
	3654	20	40
	3655	20	41
	3656	19	40
	3657	21	43
	3658	20	40
	3659	21	42
	3660	22	41
	3661	20	43
	3662	19	37
	3663	21	41
	3664	20	43
	3665	22	39
	3666	17	41
	3667	21	39
	3668	18	40
	3669	22	40
	3670	18	38
	3671	20	39
	3672	21	38
	3673	21	38
	3674	21	42
	3675	16	41
	3676	20	38
	3677	22	42
	3678	21	40
	3679	19	39
	3680	19	40
	3681	20	37
	3682	21	37
	3683	20	39
	3684	20	38
	3685	19	42
	3686	18	42
	3687	18	37
	3688	21	37
	3689	19	39
	3690	19	38
	3691	20	39
	3692	18	40
	3693	19	43
	3694	18	38
	3695	19	44
	3696	21	37
	3697	19	42
	3698	21	40
	3699	22	40
	3700	24	39
	3701	18	40
	3702	18	39
	3703	21	40
	3704	18	40
	3705	19	40
	3706	18	39
	3707	21	41
	3708	21	39
	3709	18	41
	3710	21	38
	3711	21	39
	3712	21	40
	3713	23	40
	3714	18	38
	3715	21	40
	3716	18	35
	3717	21	37
	3718	19	39
	3719	20	40
	3720	19	38
	3721	19	41
	3722	19	41
	3723	19	38
