	0	19	38
	1	18	39
	2	14	41
	3	17	38
	4	16	38
	5	19	38
	6	18	38
	7	17	37
	8	19	39
	9	20	41
	10	15	39
	11	17	40
	12	22	38
	13	19	39
	14	21	39
	15	18	38
	16	18	35
	17	20	40
	18	19	39
	19	18	39
	20	15	40
	21	18	36
	22	17	40
	23	20	40
	24	17	39
	25	18	38
	26	24	42
	27	19	42
	28	20	42
	29	20	42
	30	21	42
	31	22	45
	32	20	42
	33	21	43
	34	20	42
	35	21	41
	36	19	38
	37	21	41
	38	21	42
	39	21	41
	40	23	42
	41	22	44
	42	22	41
	43	21	44
	44	20	40
	45	22	41
	46	19	41
	47	20	40
	48	22	39
	49	21	41
	50	19	40
	51	25	43
	52	23	42
	53	24	43
	54	19	39
	55	21	43
	56	20	43
	57	20	41
	58	23	44
	59	20	44
	60	23	42
	61	22	41
	62	23	44
	63	23	43
	64	20	44
	65	23	39
	66	21	41
	67	23	42
	68	21	41
	69	27	44
	70	21	41
	71	19	44
	72	21	43
	73	21	41
	74	22	45
	75	22	46
	76	21	44
	77	23	44
	78	21	42
	79	22	40
	80	19	41
	81	20	42
	82	22	44
	83	21	46
	84	22	43
	85	22	41
	86	21	40
	87	23	47
	88	22	43
	89	22	46
	90	23	45
	91	23	41
	92	21	42
	93	20	46
	94	20	44
	95	22	39
	96	22	48
	97	22	44
	98	22	44
	99	25	44
	100	18	41
	101	23	40
	102	25	44
	103	24	46
	104	23	43
	105	22	41
	106	22	42
	107	23	40
	108	19	43
	109	24	47
	110	21	41
	111	24	41
	112	23	42
	113	24	42
	114	20	40
	115	23	43
	116	19	42
	117	26	42
	118	24	43
	119	23	45
	120	18	44
	121	24	43
	122	21	43
	123	24	45
	124	24	40
	125	21	43
	126	23	42
	127	19	41
	128	22	41
	129	20	41
	130	20	44
	131	23	45
	132	22	45
	133	22	42
	134	21	41
	135	24	46
	136	29	42
	137	20	43
	138	24	46
	139	21	43
	140	21	42
	141	27	45
	142	21	42
	143	24	44
	144	23	41
	145	21	43
	146	22	43
	147	23	43
	148	23	44
	149	19	45
	150	24	44
	151	22	44
	152	24	43
	153	22	46
	154	23	44
	155	25	43
	156	21	45
	157	21	43
	158	23	44
	159	22	44
	160	23	46
	161	23	43
	162	22	42
	163	26	42
	164	22	43
	165	22	47
	166	24	45
	167	23	47
	168	21	41
	169	23	45
	170	23	44
	171	22	45
	172	23	44
	173	23	40
	174	22	45
	175	24	47
	176	21	44
	177	26	45
	178	22	46
	179	20	45
	180	22	45
	181	24	46
	182	20	42
	183	23	44
	184	20	42
	185	22	44
	186	21	44
	187	22	48
	188	25	43
	189	25	41
	190	23	44
	191	23	43
	192	25	41
	193	24	47
	194	22	44
	195	20	47
	196	22	43
	197	24	43
	198	22	43
	199	23	43
	200	20	45
	201	25	46
	202	24	44
	203	25	41
	204	19	46
	205	24	38
	206	23	44
	207	24	45
	208	22	45
	209	27	45
	210	23	46
	211	25	50
	212	19	44
	213	26	44
	214	22	45
	215	21	48
	216	20	42
	217	25	47
	218	22	47
	219	24	53
	220	21	43
	221	22	45
	222	21	44
	223	26	44
	224	20	45
	225	23	44
	226	20	42
	227	21	46
	228	21	45
	229	23	45
	230	24	46
	231	24	43
	232	21	47
	233	23	44
	234	23	44
	235	20	44
	236	23	44
	237	22	43
	238	19	46
	239	22	49
	240	22	45
	241	20	49
	242	22	44
	243	23	45
	244	22	46
	245	23	48
	246	19	44
	247	24	47
	248	21	47
	249	23	45
	250	23	42
	251	22	47
	252	23	43
	253	22	47
	254	21	41
	255	23	46
	256	21	45
	257	23	46
	258	21	46
	259	25	47
	260	21	42
	261	23	42
	262	25	45
	263	22	44
	264	21	44
	265	19	48
	266	22	45
	267	24	45
	268	23	43
	269	24	46
	270	21	43
	271	23	47
	272	23	44
	273	21	46
	274	22	43
	275	25	46
	276	23	44
	277	25	41
	278	22	44
	279	21	45
	280	18	44
	281	22	43
	282	20	44
	283	20	42
	284	20	40
	285	22	42
	286	22	44
	287	25	46
	288	21	45
	289	21	43
	290	24	45
	291	22	44
	292	20	44
	293	21	40
	294	20	46
	295	23	45
	296	19	43
	297	24	45
	298	29	46
	299	23	45
	300	23	44
	301	24	46
	302	21	46
	303	25	45
	304	23	42
	305	21	41
	306	23	42
	307	22	46
	308	21	44
	309	21	45
	310	21	45
	311	23	43
	312	20	43
	313	20	44
	314	19	44
	315	22	43
	316	21	44
	317	22	43
	318	20	43
	319	20	45
	320	23	42
	321	23	46
	322	21	45
	323	22	44
	324	23	43
	325	21	40
	326	22	43
	327	24	44
	328	21	44
	329	23	43
	330	21	46
	331	24	45
	332	22	41
	333	22	46
	334	23	41
	335	22	45
	336	19	45
	337	21	45
	338	22	44
	339	28	44
	340	21	43
	341	20	44
	342	19	42
	343	24	44
	344	19	41
	345	25	47
	346	23	44
	347	21	44
	348	21	40
	349	25	43
	350	19	42
	351	24	46
	352	21	43
	353	21	44
	354	19	46
	355	23	45
	356	21	42
	357	21	42
	358	22	44
	359	21	45
	360	24	43
	361	23	45
	362	20	45
	363	26	44
	364	21	45
	365	22	48
	366	22	43
	367	22	43
	368	23	46
	369	23	43
	370	24	44
	371	24	42
	372	20	45
	373	23	42
	374	24	43
	375	23	42
	376	25	41
	377	24	41
	378	20	43
	379	21	45
	380	22	43
	381	23	42
	382	22	41
	383	22	46
	384	22	45
	385	24	45
	386	26	44
	387	22	43
	388	21	45
	389	25	43
	390	22	47
	391	22	45
	392	21	41
	393	22	43
	394	20	44
	395	24	44
	396	23	43
	397	22	46
	398	23	42
	399	22	52
	400	22	45
	401	22	45
	402	24	43
	403	22	46
	404	23	44
	405	25	43
	406	22	42
	407	22	43
	408	23	47
	409	23	42
	410	24	44
	411	24	45
	412	24	43
	413	24	47
	414	24	43
	415	21	46
	416	23	42
	417	21	44
	418	24	43
	419	23	45
	420	23	44
	421	22	46
	422	26	44
	423	24	45
	424	24	46
	425	21	47
	426	23	45
	427	20	47
	428	21	46
	429	23	46
	430	21	43
	431	22	47
	432	22	42
	433	22	42
	434	23	47
	435	24	43
	436	22	42
	437	23	45
	438	22	42
	439	23	46
	440	21	43
	441	24	44
	442	25	46
	443	24	46
	444	23	42
	445	21	45
	446	23	44
	447	24	44
	448	21	44
	449	24	44
	450	21	44
	451	24	46
	452	33	40
	453	23	46
	454	25	46
	455	23	44
	456	22	43
	457	24	45
	458	22	42
	459	22	45
	460	24	45
	461	21	45
	462	22	45
	463	23	44
	464	24	43
	465	23	48
	466	23	46
	467	27	44
	468	22	42
	469	26	48
	470	23	43
	471	24	50
	472	24	44
	473	24	45
	474	26	44
	475	26	45
	476	22	45
	477	25	47
	478	22	44
	479	24	44
	480	23	48
	481	24	45
	482	23	44
	483	27	47
	484	24	45
	485	23	45
	486	25	46
	487	24	46
	488	25	45
	489	24	47
	490	24	43
	491	23	49
	492	19	44
	493	22	45
	494	23	43
	495	21	44
	496	25	43
	497	26	44
	498	24	44
	499	21	47
	500	22	45
	501	25	43
	502	23	44
	503	24	46
	504	21	44
	505	24	47
	506	25	43
	507	23	45
	508	20	44
	509	25	44
	510	23	44
	511	23	48
	512	23	44
	513	25	48
	514	25	46
	515	27	46
	516	23	48
	517	25	47
	518	22	46
	519	25	46
	520	25	46
	521	22	51
	522	24	43
	523	27	46
	524	23	47
	525	24	48
	526	26	46
	527	25	47
	528	24	43
	529	25	46
	530	26	44
	531	22	47
	532	22	44
	533	26	42
	534	24	49
	535	23	46
	536	26	47
	537	25	47
	538	22	47
	539	25	46
	540	27	48
	541	24	45
	542	23	44
	543	27	47
	544	25	46
	545	25	47
	546	23	47
	547	25	48
	548	27	47
	549	25	49
	550	26	47
	551	24	48
	552	22	46
	553	26	48
	554	29	46
	555	26	45
	556	24	47
	557	25	52
	558	25	46
	559	24	46
	560	23	48
	561	25	48
	562	29	51
	563	28	48
	564	27	45
	565	27	48
	566	24	50
	567	23	50
	568	26	48
	569	25	48
	570	24	49
	571	29	49
	572	24	49
	573	25	48
	574	25	48
	575	24	49
	576	26	45
	577	24	51
	578	24	49
	579	28	49
	580	26	47
	581	26	48
	582	26	47
	583	25	53
	584	24	50
	585	24	52
	586	25	49
	587	26	50
	588	26	48
	589	26	46
	590	26	50
	591	26	49
	592	26	47
	593	27	47
	594	26	48
	595	25	49
	596	26	50
	597	26	49
	598	27	48
	599	29	50
	600	26	49
	601	27	47
	602	24	47
	603	27	53
	604	26	50
	605	23	51
	606	26	49
	607	27	51
	608	26	50
	609	28	51
	610	26	48
	611	26	49
	612	29	53
	613	28	50
	614	29	49
	615	29	50
	616	27	51
	617	28	50
	618	29	48
	619	28	50
	620	25	48
	621	27	49
	622	26	49
	623	25	48
	624	29	47
	625	27	50
	626	25	51
	627	27	51
	628	29	49
	629	28	51
	630	30	51
	631	29	49
	632	28	51
	633	28	51
	634	28	52
	635	31	52
	636	28	49
	637	28	51
	638	26	52
	639	27	55
	640	26	51
	641	27	52
	642	25	53
	643	28	52
	644	29	53
	645	25	53
	646	26	50
	647	30	54
	648	29	52
	649	29	50
	650	28	52
	651	32	50
	652	27	51
	653	31	52
	654	27	51
	655	26	54
	656	27	50
	657	31	51
	658	28	52
	659	26	55
	660	29	53
	661	32	54
	662	29	53
	663	30	54
	664	28	53
	665	31	51
	666	33	53
	667	31	56
	668	27	54
	669	29	53
	670	29	51
	671	30	56
	672	28	53
	673	29	51
	674	31	59
	675	28	55
	676	29	56
	677	30	57
	678	30	54
	679	29	56
	680	28	53
	681	28	57
	682	29	53
	683	30	55
	684	29	55
	685	30	55
	686	28	57
	687	33	57
	688	34	52
	689	32	56
	690	30	55
	691	32	56
	692	29	55
	693	31	56
	694	30	55
	695	30	55
	696	28	53
	697	29	57
	698	28	55
	699	32	56
	700	30	55
	701	34	57
	702	30	54
	703	33	57
	704	28	57
	705	31	52
	706	30	56
	707	30	57
	708	37	54
	709	32	57
	710	30	56
	711	30	55
	712	30	55
	713	31	57
	714	31	54
	715	32	60
	716	31	59
	717	33	58
	718	31	57
	719	31	57
	720	31	56
	721	32	56
	722	31	55
	723	30	56
	724	29	57
	725	32	57
	726	33	54
	727	34	56
	728	32	57
	729	34	58
	730	31	56
	731	29	60
	732	29	55
	733	33	57
	734	29	57
	735	29	58
	736	31	58
	737	32	57
	738	31	59
	739	31	59
	740	29	56
	741	31	56
	742	32	55
	743	31	57
	744	29	60
	745	33	59
	746	32	60
	747	33	56
	748	32	55
	749	31	59
	750	25	59
	751	30	58
	752	28	56
	753	28	58
	754	30	54
	755	30	53
	756	29	56
	757	29	57
	758	29	58
	759	32	58
	760	31	57
	761	32	57
	762	30	56
	763	29	59
	764	27	53
	765	29	56
	766	30	54
	767	33	59
	768	32	56
	769	31	54
	770	31	55
	771	27	58
	772	32	57
	773	33	57
	774	32	55
	775	34	54
	776	37	58
	777	30	54
	778	30	59
	779	29	60
	780	28	56
	781	33	59
	782	29	58
	783	29	57
	784	28	56
	785	31	56
	786	30	57
	787	34	60
	788	28	57
	789	30	59
	790	28	61
	791	30	57
	792	26	55
	793	31	57
	794	29	56
	795	28	56
	796	31	59
	797	29	58
	798	29	56
	799	31	55
	800	33	54
	801	30	57
	802	27	56
	803	31	65
	804	26	54
	805	30	56
	806	27	56
	807	29	57
	808	28	59
	809	33	54
	810	28	57
	811	28	60
	812	29	53
	813	29	57
	814	27	57
	815	30	52
	816	27	54
	817	28	54
	818	26	54
	819	29	54
	820	28	52
	821	29	55
	822	30	55
	823	30	55
	824	24	54
	825	27	54
	826	29	52
	827	28	53
	828	30	57
	829	27	54
	830	26	53
	831	27	53
	832	29	54
	833	27	53
	834	30	53
	835	26	51
	836	26	53
	837	27	52
	838	28	49
	839	27	54
	840	28	52
	841	26	56
	842	27	52
	843	28	54
	844	27	50
	845	28	51
	846	27	51
	847	30	53
	848	27	52
	849	30	53
	850	26	52
	851	25	53
	852	27	52
	853	26	54
	854	28	53
	855	29	55
	856	28	53
	857	28	51
	858	25	53
	859	28	51
	860	28	50
	861	24	51
	862	27	52
	863	28	52
	864	24	52
	865	26	54
	866	29	51
	867	27	50
	868	26	51
	869	24	52
	870	27	51
	871	28	53
	872	26	52
	873	27	51
	874	24	49
	875	25	53
	876	25	52
	877	26	50
	878	23	50
	879	29	52
	880	27	51
	881	28	51
	882	27	50
	883	25	51
	884	26	54
	885	28	52
	886	25	51
	887	29	50
	888	29	53
	889	24	50
	890	26	51
	891	28	51
	892	28	49
	893	27	54
	894	25	50
	895	26	50
	896	25	53
	897	29	50
	898	25	50
	899	23	51
	900	24	51
	901	29	51
	902	26	51
	903	23	48
	904	24	48
	905	26	51
	906	28	46
	907	29	50
	908	27	48
	909	24	48
	910	24	47
	911	26	48
	912	26	47
	913	24	52
	914	24	49
	915	24	50
	916	22	53
	917	24	52
	918	26	51
	919	27	48
	920	23	47
	921	25	49
	922	26	49
	923	27	51
	924	23	47
	925	26	49
	926	26	46
	927	27	46
	928	23	51
	929	24	49
	930	22	51
	931	24	50
	932	23	45
	933	24	47
	934	24	47
	935	27	46
	936	28	47
	937	22	46
	938	25	45
	939	25	48
	940	26	47
	941	24	49
	942	23	45
	943	24	50
	944	24	50
	945	24	53
	946	24	46
	947	27	49
	948	23	48
	949	25	45
	950	23	57
	951	25	50
	952	27	48
	953	23	47
	954	25	46
	955	25	47
	956	26	47
	957	27	46
	958	23	47
	959	24	48
	960	24	47
	961	26	47
	962	25	45
	963	24	45
	964	24	46
	965	23	45
	966	24	46
	967	20	49
	968	23	46
	969	23	46
	970	23	49
	971	23	47
	972	23	48
	973	24	48
	974	24	45
	975	23	45
	976	20	46
	977	22	45
	978	22	45
	979	24	45
	980	22	49
	981	23	48
	982	22	47
	983	25	45
	984	22	46
	985	24	44
	986	22	44
	987	23	45
	988	24	45
	989	23	48
	990	21	45
	991	24	44
	992	22	44
	993	24	47
	994	25	46
	995	26	47
	996	22	48
	997	26	45
	998	23	46
	999	23	47
	1000	26	47
	1001	21	47
	1002	23	46
	1003	23	48
	1004	23	44
	1005	24	47
	1006	24	46
	1007	23	47
	1008	19	49
	1009	22	47
	1010	22	46
	1011	26	47
	1012	23	47
	1013	23	46
	1014	23	46
	1015	24	44
	1016	25	44
	1017	21	42
	1018	22	43
	1019	23	45
	1020	23	46
	1021	23	47
	1022	24	44
	1023	25	46
	1024	22	45
	1025	24	44
	1026	22	46
	1027	27	45
	1028	23	43
	1029	21	45
	1030	20	44
	1031	26	45
	1032	21	46
	1033	23	43
	1034	21	43
	1035	21	44
	1036	23	42
	1037	22	46
	1038	23	44
	1039	22	43
	1040	19	46
	1041	24	44
	1042	20	43
	1043	22	46
	1044	21	46
	1045	23	44
	1046	20	44
	1047	22	44
	1048	22	45
	1049	23	47
	1050	19	42
	1051	22	44
	1052	22	42
	1053	23	42
	1054	22	44
	1055	23	51
	1056	23	42
	1057	22	44
	1058	21	43
	1059	24	47
	1060	22	44
	1061	22	46
	1062	21	44
	1063	24	44
	1064	24	44
	1065	24	42
	1066	22	43
	1067	21	44
	1068	24	44
	1069	23	47
	1070	24	43
	1071	23	43
	1072	22	46
	1073	22	42
	1074	22	44
	1075	22	44
	1076	19	46
	1077	28	46
	1078	23	43
	1079	23	45
	1080	22	43
	1081	23	43
	1082	21	41
	1083	20	44
	1084	21	45
	1085	24	43
	1086	24	45
	1087	22	42
	1088	22	41
	1089	22	42
	1090	22	43
	1091	24	45
	1092	23	42
	1093	22	42
	1094	20	42
	1095	21	45
	1096	23	45
	1097	18	45
	1098	20	43
	1099	22	44
	1100	21	43
	1101	24	45
	1102	20	41
	1103	24	43
	1104	20	42
	1105	19	43
	1106	24	45
	1107	25	42
	1108	25	46
	1109	24	45
	1110	22	48
	1111	21	44
	1112	24	45
	1113	23	44
	1114	22	44
	1115	21	44
	1116	20	43
	1117	20	44
	1118	22	44
	1119	25	39
	1120	21	44
	1121	23	43
	1122	19	43
	1123	22	43
	1124	22	44
	1125	23	44
	1126	24	45
	1127	22	44
	1128	18	43
	1129	21	42
	1130	23	44
	1131	19	45
	1132	23	45
	1133	22	42
	1134	23	44
	1135	21	44
	1136	18	47
	1137	23	46
	1138	23	42
	1139	22	44
	1140	25	44
	1141	22	41
	1142	21	45
	1143	23	43
	1144	23	44
	1145	23	42
	1146	21	41
	1147	24	44
	1148	25	44
	1149	20	47
	1150	25	42
	1151	24	45
	1152	20	44
	1153	23	44
	1154	20	44
	1155	23	45
	1156	17	42
	1157	24	40
	1158	21	46
	1159	23	43
	1160	20	42
	1161	21	46
	1162	21	44
	1163	19	48
	1164	20	46
	1165	21	44
	1166	23	44
	1167	22	43
	1168	23	46
	1169	24	44
	1170	20	44
	1171	24	44
	1172	22	42
	1173	22	45
	1174	21	44
	1175	22	46
	1176	24	44
	1177	22	43
	1178	24	42
	1179	23	43
	1180	24	46
	1181	22	44
	1182	23	44
	1183	25	43
	1184	23	43
	1185	26	42
	1186	22	45
	1187	23	43
	1188	21	43
	1189	22	45
	1190	21	44
	1191	21	44
	1192	22	43
	1193	22	45
	1194	24	44
	1195	23	46
	1196	23	44
	1197	23	46
	1198	22	44
	1199	25	45
	1200	23	42
	1201	22	43
	1202	21	45
	1203	22	43
	1204	21	43
	1205	24	43
	1206	21	43
	1207	23	45
	1208	20	42
	1209	22	42
	1210	22	43
	1211	23	42
	1212	19	42
	1213	24	45
	1214	24	42
	1215	23	40
	1216	22	42
	1217	23	44
	1218	20	44
	1219	23	44
	1220	23	41
	1221	25	46
	1222	19	43
	1223	23	43
	1224	22	44
	1225	23	45
	1226	20	44
	1227	21	45
	1228	23	42
	1229	20	43
	1230	23	41
	1231	22	43
	1232	22	42
	1233	24	42
	1234	17	44
	1235	21	43
	1236	23	41
	1237	22	41
	1238	22	41
	1239	21	43
	1240	20	44
	1241	23	46
	1242	24	40
	1243	20	42
	1244	21	43
	1245	20	41
	1246	23	43
	1247	24	44
	1248	18	41
	1249	25	43
	1250	22	41
	1251	23	44
	1252	20	45
	1253	23	43
	1254	22	42
	1255	20	42
	1256	22	43
	1257	19	46
	1258	26	42
	1259	22	45
	1260	24	44
	1261	23	45
	1262	24	44
	1263	23	46
	1264	25	40
	1265	24	44
	1266	30	41
	1267	30	42
	1268	20	43
	1269	21	44
	1270	21	43
	1271	23	42
	1272	22	45
	1273	21	46
	1274	19	45
	1275	23	49
	1276	22	42
	1277	24	45
	1278	23	44
	1279	22	44
	1280	19	41
	1281	23	44
	1282	23	43
	1283	21	46
	1284	23	43
	1285	20	45
	1286	19	42
	1287	22	44
	1288	23	41
	1289	23	44
	1290	21	45
	1291	23	43
	1292	23	41
	1293	23	42
	1294	22	45
	1295	20	42
	1296	20	41
	1297	21	45
	1298	21	45
	1299	24	44
	1300	22	42
	1301	24	41
	1302	20	42
	1303	22	46
	1304	22	40
	1305	24	43
	1306	20	44
	1307	22	45
	1308	21	39
	1309	23	44
	1310	20	44
	1311	24	44
	1312	19	45
	1313	24	44
	1314	20	42
	1315	21	48
	1316	19	44
	1317	22	43
	1318	22	43
	1319	22	45
	1320	22	45
	1321	22	45
	1322	23	44
	1323	22	44
	1324	20	40
	1325	22	43
	1326	21	43
	1327	24	44
	1328	21	44
	1329	22	41
	1330	22	44
	1331	27	44
	1332	21	43
	1333	23	44
	1334	21	42
	1335	24	43
	1336	17	42
	1337	21	43
	1338	22	45
	1339	23	46
	1340	24	40
	1341	23	45
	1342	21	44
	1343	23	44
	1344	20	41
	1345	24	44
	1346	21	46
	1347	23	44
	1348	23	44
	1349	22	43
	1350	23	41
	1351	25	43
	1352	23	42
	1353	22	47
	1354	21	44
	1355	23	44
	1356	22	40
	1357	23	44
	1358	21	43
	1359	21	41
	1360	22	42
	1361	22	41
	1362	24	43
	1363	21	43
	1364	21	42
	1365	22	42
	1366	24	42
	1367	20	43
	1368	21	42
	1369	20	43
	1370	23	41
	1371	25	43
	1372	27	45
	1373	21	44
	1374	22	44
	1375	23	44
	1376	19	45
	1377	23	44
	1378	23	39
	1379	25	43
	1380	21	41
	1381	29	42
	1382	23	45
	1383	24	44
	1384	22	44
	1385	22	43
	1386	22	43
	1387	22	41
	1388	22	41
	1389	20	40
	1390	21	44
	1391	22	46
	1392	22	40
	1393	20	45
	1394	17	45
	1395	22	42
	1396	23	47
	1397	22	43
	1398	19	44
	1399	24	42
	1400	18	42
	1401	22	42
	1402	23	43
	1403	22	43
	1404	21	41
	1405	23	43
	1406	22	42
	1407	19	40
	1408	21	38
	1409	21	40
	1410	23	43
	1411	23	43
	1412	21	44
	1413	23	44
	1414	20	44
	1415	26	43
	1416	20	41
	1417	20	43
	1418	24	41
	1419	23	43
	1420	21	42
	1421	20	42
	1422	20	43
	1423	24	44
	1424	19	42
	1425	21	45
	1426	22	42
	1427	20	41
	1428	18	43
	1429	22	39
	1430	23	44
	1431	21	44
	1432	19	41
	1433	19	46
	1434	19	43
	1435	24	44
	1436	19	45
	1437	23	41
	1438	21	44
	1439	21	45
	1440	21	44
	1441	22	43
	1442	21	44
	1443	23	42
	1444	21	41
	1445	20	42
	1446	19	43
	1447	21	46
	1448	18	40
	1449	18	42
	1450	19	40
	1451	21	42
	1452	21	45
	1453	21	45
	1454	21	44
	1455	22	44
	1456	19	43
	1457	23	41
	1458	24	43
	1459	20	44
	1460	22	42
	1461	20	40
	1462	20	44
	1463	22	44
	1464	22	40
	1465	22	43
	1466	22	41
	1467	20	42
	1468	22	43
	1469	22	44
	1470	21	43
	1471	20	46
	1472	23	42
	1473	20	45
	1474	22	47
	1475	23	43
	1476	21	43
	1477	23	43
	1478	21	39
	1479	22	45
	1480	20	40
	1481	22	44
	1482	22	42
	1483	20	42
	1484	21	43
	1485	22	41
	1486	21	44
	1487	20	45
	1488	19	44
	1489	23	43
	1490	20	42
	1491	24	42
	1492	22	44
	1493	23	42
	1494	21	42
	1495	20	45
	1496	21	43
	1497	23	46
	1498	18	41
	1499	23	46
	1500	20	42
	1501	20	42
	1502	20	44
	1503	23	45
	1504	21	42
	1505	20	44
	1506	21	42
	1507	21	43
	1508	19	42
	1509	21	43
	1510	21	41
	1511	23	42
	1512	22	40
	1513	21	40
	1514	19	42
	1515	18	42
	1516	19	44
	1517	21	41
	1518	20	42
	1519	19	43
	1520	23	42
	1521	17	44
	1522	21	42
	1523	24	42
	1524	20	42
	1525	23	41
	1526	19	42
	1527	21	44
	1528	21	44
	1529	23	41
	1530	24	43
	1531	30	43
	1532	18	45
	1533	22	44
	1534	22	42
	1535	20	45
	1536	22	43
	1537	22	45
	1538	20	42
	1539	23	44
	1540	24	41
	1541	24	44
	1542	18	40
	1543	24	44
	1544	20	42
	1545	21	42
	1546	20	43
	1547	22	42
	1548	21	39
	1549	21	45
	1550	22	43
	1551	21	44
	1552	20	44
	1553	21	43
	1554	20	39
	1555	20	45
	1556	20	40
	1557	21	44
	1558	23	46
	1559	23	45
	1560	20	45
	1561	23	42
	1562	20	41
	1563	21	44
	1564	23	42
	1565	23	43
	1566	22	43
	1567	24	43
	1568	21	42
	1569	24	44
	1570	28	42
	1571	22	54
	1572	19	40
	1573	21	45
	1574	18	44
	1575	25	47
	1576	23	46
	1577	23	43
	1578	22	48
	1579	21	45
	1580	22	46
	1581	23	47
	1582	21	45
	1583	23	46
	1584	26	44
	1585	24	47
	1586	22	45
	1587	22	45
	1588	18	43
	1589	25	45
	1590	24	46
	1591	22	45
	1592	20	46
	1593	24	44
	1594	22	44
	1595	21	50
	1596	22	43
	1597	26	45
	1598	23	46
	1599	22	45
	1600	21	47
	1601	24	44
	1602	23	47
	1603	24	43
	1604	24	46
	1605	24	44
	1606	20	44
	1607	22	46
	1608	22	48
	1609	27	50
	1610	22	45
	1611	24	47
	1612	23	45
	1613	22	48
	1614	24	45
	1615	24	45
	1616	21	43
	1617	26	43
	1618	23	44
	1619	25	45
	1620	23	47
	1621	23	45
	1622	22	48
	1623	23	45
	1624	24	47
	1625	21	47
	1626	22	46
	1627	23	44
	1628	18	47
	1629	21	48
	1630	23	46
	1631	21	44
	1632	22	42
	1633	20	47
	1634	22	45
	1635	25	49
	1636	24	42
	1637	22	48
	1638	23	47
	1639	23	45
	1640	20	45
	1641	21	47
	1642	21	46
	1643	23	44
	1644	21	44
	1645	22	45
	1646	29	46
	1647	21	44
	1648	21	44
	1649	23	45
	1650	22	45
	1651	23	45
	1652	21	43
	1653	25	48
	1654	23	46
	1655	27	46
	1656	21	42
	1657	24	46
	1658	20	46
	1659	23	44
	1660	23	46
	1661	22	45
	1662	24	47
	1663	27	46
	1664	21	45
	1665	23	45
	1666	25	43
	1667	21	45
	1668	21	42
	1669	21	45
	1670	22	45
	1671	23	43
	1672	19	44
	1673	22	44
	1674	20	43
	1675	22	46
	1676	22	44
	1677	24	44
	1678	24	47
	1679	23	45
	1680	23	44
	1681	23	43
	1682	26	42
	1683	23	43
	1684	20	43
	1685	23	41
	1686	23	45
	1687	24	49
	1688	21	43
	1689	22	45
	1690	20	45
	1691	25	44
	1692	20	47
	1693	22	46
	1694	22	45
	1695	22	44
	1696	20	43
	1697	19	44
	1698	19	43
	1699	21	44
	1700	20	42
	1701	21	43
	1702	18	44
	1703	20	44
	1704	21	43
	1705	25	41
	1706	19	40
	1707	20	42
	1708	20	42
	1709	20	43
	1710	19	40
	1711	19	38
	1712	17	38
	1713	20	39
	1714	21	42
	1715	22	44
	1716	21	43
	1717	19	41
	1718	19	41
	1719	21	44
	1720	21	41
	1721	24	44
	1722	22	41
	1723	21	43
	1724	19	40
	1725	22	43
	1726	25	39
	1727	20	44
	1728	22	38
	1729	21	43
	1730	24	41
	1731	21	39
	1732	20	41
	1733	22	42
	1734	21	40
	1735	22	42
	1736	20	39
	1737	19	41
	1738	20	43
	1739	23	40
	1740	21	39
	1741	20	41
	1742	22	39
	1743	23	43
	1744	23	38
	1745	19	42
	1746	21	38
	1747	23	42
	1748	21	41
	1749	21	43
	1750	20	40
	1751	19	40
	1752	21	41
	1753	21	38
	1754	21	41
	1755	24	44
	1756	19	41
	1757	20	43
	1758	22	42
	1759	21	43
	1760	21	42
	1761	22	43
	1762	19	45
	1763	21	42
	1764	20	43
	1765	22	40
	1766	25	39
	1767	18	41
	1768	19	39
	1769	20	43
	1770	20	42
	1771	21	39
	1772	18	39
	1773	21	44
	1774	18	41
	1775	21	40
	1776	19	39
	1777	21	42
	1778	21	43
	1779	20	42
	1780	22	43
	1781	20	41
	1782	21	42
	1783	23	40
	1784	18	41
	1785	19	40
	1786	18	41
	1787	18	40
	1788	19	42
	1789	21	41
	1790	20	41
	1791	19	44
	1792	19	43
	1793	17	43
	1794	21	41
	1795	19	41
	1796	21	37
	1797	22	43
	1798	21	40
	1799	20	41
	1800	21	39
	1801	21	40
	1802	20	41
	1803	23	40
	1804	21	40
	1805	25	43
	1806	19	42
	1807	19	43
	1808	19	41
	1809	21	41
	1810	21	42
	1811	20	40
	1812	20	41
	1813	19	46
	1814	18	39
	1815	21	41
	1816	20	40
	1817	21	40
	1818	20	42
	1819	21	41
	1820	22	41
	1821	21	42
	1822	18	40
	1823	23	42
	1824	18	38
	1825	20	40
	1826	20	40
	1827	18	46
	1828	21	43
	1829	18	40
	1830	19	40
	1831	22	39
	1832	21	41
	1833	22	42
	1834	20	40
	1835	24	40
	1836	20	40
	1837	24	41
	1838	21	42
	1839	20	42
	1840	17	39
	1841	19	40
	1842	23	43
	1843	19	40
	1844	21	41
	1845	17	41
	1846	20	40
	1847	21	43
	1848	22	42
	1849	22	41
	1850	20	40
	1851	21	41
	1852	22	40
	1853	20	41
	1854	20	41
	1855	22	43
	1856	23	41
	1857	23	41
	1858	20	37
	1859	20	40
	1860	21	40
	1861	22	39
	1862	21	43
	1863	22	42
	1864	20	44
	1865	21	42
	1866	17	38
	1867	24	42
	1868	20	42
	1869	20	41
	1870	20	41
	1871	22	41
	1872	22	41
	1873	22	41
	1874	20	41
	1875	21	42
	1876	21	44
	1877	20	47
	1878	21	42
	1879	19	38
	1880	22	40
	1881	19	38
	1882	20	38
	1883	22	42
	1884	18	41
	1885	20	43
	1886	18	39
	1887	19	45
	1888	23	39
	1889	21	42
	1890	19	40
	1891	20	42
	1892	21	41
	1893	22	41
	1894	19	43
	1895	19	39
	1896	21	41
	1897	19	43
	1898	21	41
	1899	20	45
	1900	19	39
	1901	25	40
	1902	21	43
	1903	24	43
	1904	22	40
	1905	20	43
	1906	19	43
	1907	30	40
	1908	19	38
	1909	21	40
	1910	21	39
	1911	20	42
	1912	22	43
	1913	20	43
	1914	18	44
	1915	22	37
	1916	19	40
	1917	19	42
	1918	19	41
	1919	21	44
	1920	19	40
	1921	18	46
	1922	20	41
	1923	21	42
	1924	20	42
	1925	18	41
	1926	21	39
	1927	21	38
	1928	21	42
	1929	20	42
	1930	20	40
	1931	18	42
	1932	20	39
	1933	22	40
	1934	20	42
	1935	20	43
	1936	18	40
	1937	20	41
	1938	19	41
	1939	19	41
	1940	21	42
	1941	19	41
	1942	21	39
	1943	19	41
	1944	20	37
	1945	21	43
	1946	21	40
	1947	20	42
	1948	20	41
	1949	21	40
	1950	17	41
	1951	16	39
	1952	20	42
	1953	19	40
	1954	19	41
	1955	20	39
	1956	21	38
	1957	18	40
	1958	19	39
	1959	18	41
	1960	20	39
	1961	23	42
	1962	20	40
	1963	21	42
	1964	17	41
	1965	19	41
	1966	19	40
	1967	20	41
	1968	22	41
	1969	23	43
	1970	20	40
	1971	22	42
	1972	22	41
	1973	19	38
	1974	20	38
	1975	21	39
	1976	18	40
	1977	22	43
	1978	21	42
	1979	20	40
	1980	20	39
	1981	21	42
	1982	21	42
	1983	22	42
	1984	20	39
	1985	24	40
	1986	19	41
	1987	22	40
	1988	21	41
	1989	21	42
	1990	21	40
	1991	20	42
	1992	19	39
	1993	20	42
	1994	21	39
	1995	22	40
	1996	20	42
	1997	22	41
	1998	19	41
	1999	21	42
	2000	17	38
	2001	20	41
	2002	22	40
	2003	19	41
	2004	19	40
	2005	19	42
	2006	20	41
	2007	19	38
	2008	20	38
	2009	19	42
	2010	19	41
	2011	19	43
	2012	21	43
	2013	22	40
	2014	19	40
	2015	20	42
	2016	17	39
	2017	22	40
	2018	17	41
	2019	20	36
	2020	19	41
	2021	22	38
	2022	22	39
	2023	20	39
	2024	20	41
	2025	20	42
	2026	20	45
	2027	21	42
	2028	19	41
	2029	22	40
	2030	17	40
	2031	19	43
	2032	18	42
	2033	18	43
	2034	21	40
	2035	22	40
	2036	21	38
	2037	19	41
	2038	20	43
	2039	20	45
	2040	20	42
	2041	24	40
	2042	21	43
	2043	19	42
	2044	18	41
	2045	21	42
	2046	20	39
	2047	21	39
	2048	19	42
	2049	20	44
	2050	22	38
	2051	22	41
	2052	19	39
	2053	22	41
	2054	19	42
	2055	19	42
	2056	22	40
	2057	20	40
	2058	20	39
	2059	19	40
	2060	21	41
	2061	23	40
	2062	19	39
	2063	20	39
	2064	18	39
	2065	21	41
	2066	18	40
	2067	19	40
	2068	18	40
	2069	20	40
	2070	20	37
	2071	18	41
	2072	20	40
	2073	22	39
	2074	19	40
	2075	21	40
	2076	19	40
	2077	21	38
	2078	20	41
	2079	21	41
	2080	19	39
	2081	21	41
	2082	19	39
	2083	20	36
	2084	19	41
	2085	18	39
	2086	17	39
	2087	20	40
	2088	21	39
	2089	19	41
	2090	21	39
	2091	21	40
	2092	22	40
	2093	21	41
	2094	21	39
	2095	23	41
	2096	20	42
	2097	23	42
	2098	19	43
	2099	19	39
	2100	19	39
	2101	19	42
	2102	20	40
	2103	19	40
	2104	19	41
	2105	20	39
	2106	21	41
	2107	23	40
	2108	21	41
	2109	20	40
	2110	20	37
	2111	21	38
	2112	20	41
	2113	22	38
	2114	21	40
	2115	20	40
	2116	19	39
	2117	21	41
	2118	20	43
	2119	19	43
	2120	21	39
	2121	22	39
	2122	19	39
	2123	22	43
	2124	20	42
	2125	20	41
	2126	19	39
	2127	18	42
	2128	19	36
	2129	23	40
	2130	20	40
	2131	22	40
	2132	18	42
	2133	20	41
	2134	21	40
	2135	21	39
	2136	21	39
	2137	20	39
	2138	19	41
	2139	21	39
	2140	18	40
	2141	22	41
	2142	22	38
	2143	22	41
	2144	18	42
	2145	23	39
	2146	21	42
	2147	23	42
	2148	22	37
	2149	18	41
	2150	20	43
	2151	20	41
	2152	20	40
	2153	19	38
	2154	22	41
	2155	18	41
	2156	18	38
	2157	20	40
	2158	19	39
	2159	20	39
	2160	19	40
	2161	19	43
	2162	21	39
	2163	22	42
	2164	20	38
	2165	23	41
	2166	20	42
	2167	20	40
	2168	20	37
	2169	19	40
	2170	19	62
	2171	21	40
	2172	19	39
	2173	17	41
	2174	20	39
	2175	18	40
	2176	20	41
	2177	22	43
	2178	16	39
	2179	23	40
	2180	20	42
	2181	19	43
	2182	22	40
	2183	21	39
	2184	18	41
	2185	19	38
	2186	20	38
	2187	22	41
	2188	21	40
	2189	20	41
	2190	18	40
	2191	21	40
	2192	18	40
	2193	18	40
	2194	22	46
	2195	19	42
	2196	19	40
	2197	19	39
	2198	19	41
	2199	20	41
	2200	21	39
	2201	20	43
	2202	18	43
	2203	21	40
	2204	19	41
	2205	23	43
	2206	19	39
	2207	20	39
	2208	21	39
	2209	20	43
	2210	20	41
	2211	22	42
	2212	15	40
	2213	21	39
	2214	20	39
	2215	20	42
	2216	22	40
	2217	22	39
	2218	20	39
	2219	21	41
	2220	18	36
	2221	23	44
	2222	19	40
	2223	23	40
	2224	18	41
	2225	21	38
	2226	18	39
	2227	22	39
	2228	18	38
	2229	20	43
	2230	20	37
	2231	18	37
	2232	21	36
	2233	22	38
	2234	21	39
	2235	23	41
	2236	21	39
	2237	23	38
	2238	19	40
	2239	20	42
	2240	21	38
	2241	24	42
	2242	20	38
	2243	21	41
	2244	21	39
	2245	19	40
	2246	19	41
	2247	20	39
	2248	21	40
	2249	18	39
	2250	19	38
	2251	19	40
	2252	19	39
	2253	21	42
	2254	17	39
	2255	20	40
	2256	17	41
	2257	19	39
	2258	19	41
	2259	21	40
	2260	17	39
	2261	21	42
	2262	22	38
	2263	19	40
	2264	18	41
	2265	21	40
	2266	18	38
	2267	19	41
	2268	22	40
	2269	21	39
	2270	19	42
	2271	19	41
	2272	19	41
	2273	20	41
	2274	23	39
	2275	19	40
	2276	19	40
	2277	21	38
	2278	22	41
	2279	19	40
	2280	23	40
	2281	21	41
	2282	23	41
	2283	19	39
	2284	17	38
	2285	20	40
	2286	19	41
	2287	23	40
	2288	19	39
	2289	21	39
	2290	16	38
	2291	20	39
	2292	24	36
	2293	21	39
	2294	21	39
	2295	18	42
	2296	21	40
	2297	20	40
	2298	20	39
	2299	21	40
	2300	19	40
	2301	20	41
	2302	19	41
	2303	21	40
	2304	19	37
	2305	22	42
	2306	21	38
	2307	22	41
	2308	18	42
	2309	20	40
	2310	20	39
	2311	21	40
	2312	19	37
	2313	22	40
	2314	22	41
	2315	20	42
	2316	20	40
	2317	20	40
	2318	20	40
	2319	21	38
	2320	18	39
	2321	21	39
	2322	16	41
	2323	23	39
	2324	18	40
	2325	22	39
	2326	19	39
	2327	22	41
	2328	19	39
	2329	21	43
	2330	22	39
	2331	19	40
	2332	21	40
	2333	20	44
	2334	20	42
	2335	20	41
	2336	17	41
	2337	19	38
	2338	20	40
	2339	23	41
	2340	21	41
	2341	19	39
	2342	20	39
	2343	20	41
	2344	19	38
	2345	18	42
	2346	20	38
	2347	19	37
	2348	22	43
	2349	19	43
	2350	21	41
	2351	19	43
	2352	20	39
	2353	22	42
	2354	17	42
	2355	21	40
	2356	16	40
	2357	18	39
	2358	20	40
	2359	19	42
	2360	20	40
	2361	19	40
	2362	18	41
	2363	17	39
	2364	19	39
	2365	21	42
	2366	20	39
	2367	21	42
	2368	21	39
	2369	20	40
	2370	19	37
	2371	21	40
	2372	19	41
	2373	23	40
	2374	19	41
	2375	22	38
	2376	20	40
	2377	20	40
	2378	20	39
	2379	22	42
	2380	19	41
	2381	19	43
	2382	20	40
	2383	23	38
	2384	19	40
	2385	21	41
	2386	19	42
	2387	23	40
	2388	18	39
	2389	22	42
	2390	21	38
	2391	21	43
	2392	20	38
	2393	22	41
	2394	20	43
	2395	18	40
	2396	21	37
	2397	19	42
	2398	20	41
	2399	21	41
	2400	19	44
	2401	19	39
	2402	18	37
	2403	26	40
	2404	18	38
	2405	19	37
	2406	18	39
	2407	20	39
	2408	18	42
	2409	19	44
	2410	18	39
	2411	19	40
	2412	21	40
	2413	22	42
	2414	20	40
	2415	21	40
	2416	19	40
	2417	22	47
	2418	22	41
	2419	22	39
	2420	19	40
	2421	22	39
	2422	21	37
	2423	17	41
	2424	22	42
	2425	19	39
	2426	20	41
	2427	20	39
	2428	19	42
	2429	17	38
	2430	18	40
	2431	19	38
	2432	22	37
	2433	22	44
	2434	19	39
	2435	18	38
	2436	18	39
	2437	20	43
	2438	19	36
	2439	23	41
	2440	20	39
	2441	19	42
	2442	18	40
	2443	21	40
	2444	18	37
	2445	17	40
	2446	20	39
	2447	21	38
	2448	17	41
	2449	20	39
	2450	18	39
	2451	23	40
	2452	22	39
	2453	21	43
	2454	20	38
	2455	20	39
	2456	21	42
	2457	21	41
	2458	21	40
	2459	21	40
	2460	19	38
	2461	20	39
	2462	18	41
	2463	16	40
	2464	19	41
	2465	19	40
	2466	22	39
	2467	21	40
	2468	21	40
	2469	21	39
	2470	20	42
	2471	17	41
	2472	19	41
	2473	19	40
	2474	21	41
	2475	19	44
	2476	19	39
	2477	20	42
	2478	20	40
	2479	20	41
	2480	21	41
	2481	22	40
	2482	21	40
	2483	20	41
	2484	20	39
	2485	21	42
	2486	18	41
	2487	18	40
	2488	19	39
	2489	20	42
	2490	22	40
	2491	19	43
	2492	20	40
	2493	19	40
	2494	22	38
	2495	20	40
	2496	17	43
	2497	21	41
	2498	22	38
	2499	22	39
	2500	19	41
	2501	20	39
	2502	20	41
	2503	21	41
	2504	22	40
	2505	20	40
	2506	20	38
	2507	20	43
	2508	20	40
	2509	18	38
	2510	19	39
	2511	22	40
	2512	19	41
	2513	22	43
	2514	20	40
	2515	20	41
	2516	21	39
	2517	21	42
	2518	19	40
	2519	20	38
	2520	18	43
	2521	17	40
	2522	18	41
	2523	20	41
	2524	21	40
	2525	22	40
	2526	20	40
	2527	21	41
	2528	17	38
	2529	22	41
	2530	22	39
	2531	21	43
	2532	20	42
	2533	22	40
	2534	20	39
	2535	21	42
	2536	22	39
	2537	21	40
	2538	20	40
	2539	20	43
	2540	17	38
	2541	18	40
	2542	20	37
	2543	18	40
	2544	20	39
	2545	20	38
	2546	19	39
	2547	22	42
	2548	19	40
	2549	21	40
	2550	22	40
	2551	20	41
	2552	21	39
	2553	18	42
	2554	18	40
	2555	20	41
	2556	21	38
	2557	19	41
	2558	18	38
	2559	21	39
	2560	18	37
	2561	21	42
	2562	19	39
	2563	19	42
	2564	19	38
	2565	21	41
	2566	19	40
	2567	23	45
	2568	19	40
	2569	21	41
	2570	17	41
	2571	21	41
	2572	21	37
	2573	18	38
	2574	21	41
	2575	20	41
	2576	21	38
	2577	19	42
	2578	20	39
	2579	20	40
	2580	21	40
	2581	19	40
	2582	17	40
	2583	20	41
	2584	19	42
	2585	19	42
	2586	20	38
	2587	21	39
	2588	22	43
	2589	18	39
	2590	21	38
	2591	20	40
	2592	21	39
	2593	18	39
	2594	18	38
	2595	19	43
	2596	20	38
	2597	22	42
	2598	19	40
	2599	21	41
	2600	20	39
	2601	22	41
	2602	21	37
	2603	23	39
	2604	20	39
	2605	20	39
	2606	20	40
	2607	19	39
	2608	18	41
	2609	19	44
	2610	18	40
	2611	21	40
	2612	18	41
	2613	18	39
	2614	19	40
	2615	22	41
	2616	17	40
	2617	19	39
	2618	21	38
	2619	19	39
	2620	19	39
	2621	20	40
	2622	20	42
	2623	20	43
	2624	20	41
	2625	22	40
	2626	26	43
	2627	17	39
	2628	18	39
	2629	19	39
	2630	19	42
	2631	20	40
	2632	20	40
	2633	20	41
	2634	19	40
	2635	19	40
	2636	21	42
	2637	20	40
	2638	19	41
	2639	20	40
	2640	19	40
	2641	21	43
	2642	19	41
	2643	20	41
	2644	19	39
	2645	22	39
	2646	19	41
	2647	20	44
	2648	19	37
	2649	19	40
	2650	17	41
	2651	19	40
	2652	21	39
	2653	20	42
	2654	21	38
	2655	16	41
	2656	19	39
	2657	22	39
	2658	20	41
	2659	21	41
	2660	21	40
	2661	21	41
	2662	19	38
	2663	18	41
	2664	19	40
	2665	19	37
	2666	18	41
	2667	20	40
	2668	19	38
	2669	19	42
	2670	20	41
	2671	20	40
	2672	19	39
	2673	20	40
	2674	20	39
	2675	22	42
	2676	19	42
	2677	21	40
	2678	21	36
	2679	22	39
	2680	20	40
	2681	20	40
	2682	17	40
	2683	19	41
	2684	20	38
	2685	23	39
	2686	21	36
	2687	21	38
	2688	21	39
	2689	20	37
	2690	20	40
	2691	22	38
	2692	20	39
	2693	20	38
	2694	17	36
	2695	19	40
	2696	20	37
	2697	20	41
	2698	20	40
	2699	22	43
	2700	19	37
	2701	21	40
	2702	22	38
	2703	22	42
	2704	21	41
	2705	21	42
	2706	21	39
	2707	19	40
	2708	18	39
	2709	20	43
	2710	19	39
	2711	20	43
	2712	20	37
	2713	19	38
	2714	18	40
	2715	19	38
	2716	19	39
	2717	18	42
	2718	19	40
	2719	18	42
	2720	21	40
	2721	24	40
	2722	18	38
	2723	18	39
	2724	18	39
	2725	24	43
	2726	23	40
	2727	20	37
	2728	19	40
	2729	19	40
	2730	18	38
	2731	21	41
	2732	21	43
	2733	21	42
	2734	21	41
	2735	20	42
	2736	21	41
	2737	20	40
	2738	19	41
	2739	22	41
	2740	20	41
	2741	20	40
	2742	18	39
	2743	22	37
	2744	21	39
	2745	19	40
	2746	20	40
	2747	21	42
	2748	22	41
	2749	22	41
	2750	20	39
	2751	22	40
	2752	20	40
	2753	21	41
	2754	22	38
	2755	21	41
	2756	18	38
	2757	20	40
	2758	19	40
	2759	19	41
	2760	16	36
	2761	20	40
	2762	18	42
	2763	19	42
	2764	19	43
	2765	19	39
	2766	20	40
	2767	19	42
	2768	18	40
	2769	20	40
	2770	20	41
	2771	23	42
	2772	18	36
	2773	19	39
	2774	20	40
	2775	20	40
	2776	18	39
	2777	20	37
	2778	19	37
	2779	20	40
	2780	19	41
	2781	20	41
	2782	19	40
	2783	25	40
	2784	19	42
	2785	19	41
	2786	23	37
	2787	23	40
	2788	20	40
	2789	19	39
	2790	23	38
	2791	20	40
	2792	18	39
	2793	21	39
	2794	19	39
	2795	22	41
	2796	20	43
	2797	22	42
	2798	20	40
	2799	22	40
	2800	21	38
	2801	19	42
	2802	19	44
	2803	19	41
	2804	16	39
	2805	22	41
	2806	19	39
	2807	20	41
	2808	20	40
	2809	22	42
	2810	21	41
	2811	19	43
	2812	17	40
	2813	19	40
	2814	19	38
	2815	19	40
	2816	19	40
	2817	22	41
	2818	19	38
	2819	22	43
	2820	19	40
	2821	21	41
	2822	20	38
	2823	22	42
	2824	18	40
	2825	21	39
	2826	20	39
	2827	21	42
	2828	20	40
	2829	19	42
	2830	21	41
	2831	25	39
	2832	18	39
	2833	19	42
	2834	20	41
	2835	20	40
	2836	21	38
	2837	22	42
	2838	21	40
	2839	20	44
	2840	19	41
	2841	22	41
	2842	21	36
	2843	19	39
	2844	19	42
	2845	22	40
	2846	20	40
	2847	21	40
	2848	19	42
	2849	18	42
	2850	20	42
	2851	20	37
	2852	19	41
	2853	22	39
	2854	21	41
	2855	19	41
	2856	19	38
	2857	19	38
	2858	18	38
	2859	22	44
	2860	19	39
	2861	21	39
	2862	20	40
	2863	19	39
	2864	24	40
	2865	17	40
	2866	20	39
	2867	17	40
	2868	17	39
	2869	20	37
	2870	20	42
	2871	20	41
	2872	18	38
	2873	20	41
	2874	16	40
	2875	20	41
	2876	18	40
	2877	20	42
	2878	19	38
	2879	19	42
	2880	18	39
	2881	17	41
	2882	19	38
	2883	21	40
	2884	18	40
	2885	22	40
	2886	19	41
	2887	22	39
	2888	19	41
	2889	44	39
	2890	21	40
	2891	21	41
	2892	18	40
	2893	21	43
	2894	21	40
	2895	21	38
	2896	20	37
	2897	19	39
	2898	20	39
	2899	20	40
	2900	18	41
	2901	21	39
	2902	18	38
	2903	19	42
	2904	19	40
	2905	20	40
	2906	18	41
	2907	20	38
	2908	17	40
	2909	19	39
	2910	19	39
	2911	19	43
	2912	21	39
	2913	21	41
	2914	19	44
	2915	21	42
	2916	20	40
	2917	20	39
	2918	22	41
	2919	20	40
	2920	24	39
	2921	20	39
	2922	19	40
	2923	19	40
	2924	21	41
	2925	18	39
	2926	19	38
	2927	20	39
	2928	21	38
	2929	19	41
	2930	19	41
	2931	19	42
	2932	16	38
	2933	18	39
	2934	19	40
	2935	20	39
	2936	20	41
	2937	21	42
	2938	20	41
	2939	18	42
	2940	18	38
	2941	18	39
	2942	18	39
	2943	19	40
	2944	18	37
	2945	20	40
	2946	18	40
	2947	19	39
	2948	21	39
	2949	22	40
	2950	20	38
	2951	21	44
	2952	19	40
	2953	21	40
	2954	19	39
	2955	20	39
	2956	21	38
	2957	20	42
	2958	19	39
	2959	21	40
	2960	20	39
	2961	19	37
	2962	20	37
	2963	21	41
	2964	20	39
	2965	21	43
	2966	20	37
	2967	20	42
	2968	19	41
	2969	22	43
	2970	18	35
	2971	23	39
	2972	18	39
	2973	19	43
	2974	19	42
	2975	19	42
	2976	18	39
	2977	23	43
	2978	18	40
	2979	19	41
	2980	20	43
	2981	22	38
	2982	19	38
	2983	21	41
	2984	23	40
	2985	22	43
	2986	19	40
	2987	20	39
	2988	20	41
	2989	23	39
	2990	20	38
	2991	21	37
	2992	20	38
	2993	22	39
	2994	19	41
	2995	18	40
	2996	17	39
	2997	18	40
	2998	22	40
	2999	22	41
	3000	19	38
	3001	20	38
	3002	20	39
	3003	24	41
	3004	22	42
	3005	21	39
	3006	19	40
	3007	19	42
	3008	20	37
	3009	18	41
	3010	23	39
	3011	18	41
	3012	20	41
	3013	20	39
	3014	19	43
	3015	21	40
	3016	20	40
	3017	21	40
	3018	20	37
	3019	21	38
	3020	15	41
	3021	18	39
	3022	19	39
	3023	21	41
	3024	20	39
	3025	18	39
	3026	17	40
	3027	18	39
	3028	20	39
	3029	23	39
	3030	21	38
	3031	19	40
	3032	19	39
	3033	21	41
	3034	20	40
	3035	20	40
	3036	19	40
	3037	20	43
	3038	19	40
	3039	20	39
	3040	20	40
	3041	22	40
	3042	18	41
	3043	20	41
	3044	23	39
	3045	19	39
	3046	19	41
	3047	18	40
	3048	18	40
	3049	20	40
	3050	20	40
	3051	19	41
	3052	19	41
	3053	19	40
	3054	17	42
	3055	21	41
	3056	21	40
	3057	20	40
	3058	20	37
	3059	19	36
	3060	20	39
	3061	19	39
	3062	20	38
	3063	19	41
	3064	21	41
	3065	19	39
	3066	18	40
	3067	21	42
	3068	19	38
	3069	18	40
	3070	17	38
	3071	19	40
	3072	22	41
	3073	19	37
	3074	21	39
	3075	19	40
	3076	21	38
	3077	20	40
	3078	18	40
	3079	21	38
	3080	19	39
	3081	19	39
	3082	18	39
	3083	22	40
	3084	19	42
	3085	19	38
	3086	21	38
	3087	20	39
	3088	20	39
	3089	22	41
	3090	17	38
	3091	21	43
	3092	22	39
	3093	20	39
	3094	19	39
	3095	22	39
	3096	18	37
	3097	22	41
	3098	20	39
	3099	17	40
	3100	20	41
	3101	22	42
	3102	18	41
	3103	21	40
	3104	17	40
	3105	18	36
	3106	17	39
	3107	19	42
	3108	18	41
	3109	21	41
	3110	20	42
	3111	21	39
	3112	18	40
	3113	21	43
	3114	20	40
	3115	20	41
	3116	18	37
	3117	24	41
	3118	16	41
	3119	21	41
	3120	17	41
	3121	17	41
	3122	20	39
	3123	19	42
	3124	19	40
	3125	18	40
	3126	18	41
	3127	20	37
	3128	18	39
	3129	20	41
	3130	20	39
	3131	22	39
	3132	17	40
	3133	19	41
	3134	19	38
	3135	19	43
	3136	19	38
	3137	21	39
	3138	17	38
	3139	19	40
	3140	17	36
	3141	19	41
	3142	19	40
	3143	20	39
	3144	20	43
	3145	21	38
	3146	19	39
	3147	20	41
	3148	20	42
	3149	20	40
	3150	18	39
	3151	23	41
	3152	18	40
	3153	20	41
	3154	20	37
	3155	17	39
	3156	20	38
	3157	21	38
	3158	21	43
	3159	19	38
	3160	18	40
	3161	20	43
	3162	18	38
	3163	20	38
	3164	19	41
	3165	20	40
	3166	19	40
	3167	22	42
	3168	21	41
	3169	20	40
	3170	20	38
	3171	21	41
	3172	20	39
	3173	19	40
	3174	20	39
	3175	22	41
	3176	19	39
	3177	20	39
	3178	18	39
	3179	18	38
	3180	17	42
	3181	20	39
	3182	18	36
	3183	20	40
	3184	18	41
	3185	24	39
	3186	19	39
	3187	20	40
	3188	19	35
	3189	22	40
	3190	19	39
	3191	22	42
	3192	21	40
	3193	20	40
	3194	19	40
	3195	20	41
	3196	18	40
	3197	18	41
	3198	18	41
	3199	18	42
	3200	19	40
	3201	20	38
	3202	19	39
	3203	19	39
	3204	21	39
	3205	21	41
	3206	21	38
	3207	20	41
	3208	19	35
	3209	19	40
	3210	20	44
	3211	22	39
	3212	17	40
	3213	21	41
	3214	19	39
	3215	21	40
	3216	20	39
	3217	18	40
	3218	21	39
	3219	20	39
	3220	19	38
	3221	19	45
	3222	19	36
	3223	20	44
	3224	19	38
	3225	19	39
	3226	20	41
	3227	22	41
	3228	22	38
	3229	24	41
	3230	17	35
	3231	20	40
	3232	19	41
	3233	20	41
	3234	16	40
	3235	21	40
	3236	18	43
	3237	21	39
	3238	19	38
	3239	20	40
	3240	19	36
	3241	22	45
	3242	16	39
	3243	18	38
	3244	20	37
	3245	17	41
	3246	20	39
	3247	23	41
	3248	18	40
	3249	21	41
	3250	20	41
	3251	20	41
	3252	20	41
	3253	19	39
	3254	19	39
	3255	21	39
	3256	18	40
	3257	19	44
	3258	19	40
	3259	19	40
	3260	21	38
	3261	19	42
	3262	19	39
	3263	22	39
	3264	17	38
	3265	20	41
	3266	19	40
	3267	22	40
	3268	19	41
	3269	19	39
	3270	19	44
	3271	19	38
	3272	21	39
	3273	18	41
	3274	18	38
	3275	20	43
	3276	20	40
	3277	20	42
	3278	16	37
	3279	19	40
	3280	16	38
	3281	20	41
	3282	21	40
	3283	21	38
	3284	18	41
	3285	24	41
	3286	20	40
	3287	18	42
	3288	19	41
	3289	20	40
	3290	19	39
	3291	20	42
	3292	19	42
	3293	21	37
	3294	19	38
	3295	23	39
	3296	19	41
	3297	19	39
	3298	21	40
	3299	21	41
	3300	19	40
	3301	21	41
	3302	24	41
	3303	19	40
	3304	20	41
	3305	18	38
	3306	20	39
	3307	20	40
	3308	19	41
	3309	21	40
	3310	20	41
	3311	23	39
	3312	18	39
	3313	20	41
	3314	19	42
	3315	19	40
	3316	21	39
	3317	20	39
	3318	17	41
	3319	19	40
	3320	18	40
	3321	21	39
	3322	20	38
	3323	21	40
	3324	20	40
	3325	22	40
	3326	19	42
	3327	20	39
	3328	17	37
	3329	18	40
	3330	20	39
	3331	19	43
	3332	19	39
	3333	21	43
	3334	19	39
	3335	21	41
	3336	20	38
	3337	20	40
	3338	20	40
	3339	20	40
	3340	19	41
	3341	19	39
	3342	20	39
	3343	20	39
	3344	16	41
	3345	21	42
	3346	17	41
	3347	21	41
	3348	20	40
	3349	20	38
	3350	19	41
	3351	23	41
	3352	19	39
	3353	22	42
	3354	19	38
	3355	21	39
	3356	19	40
	3357	19	39
	3358	19	36
	3359	20	38
	3360	19	38
	3361	23	41
	3362	20	41
	3363	20	41
	3364	20	39
	3365	20	41
	3366	20	39
	3367	20	41
	3368	19	40
	3369	21	41
	3370	22	40
	3371	22	39
	3372	20	38
	3373	19	43
	3374	20	40
	3375	23	39
	3376	21	40
	3377	20	39
	3378	16	40
	3379	21	41
	3380	19	39
	3381	22	39
	3382	19	43
	3383	22	41
	3384	23	39
	3385	19	41
	3386	17	40
	3387	23	39
	3388	21	41
	3389	21	40
	3390	19	41
	3391	19	42
	3392	18	36
	3393	18	40
	3394	19	41
	3395	21	45
	3396	20	39
	3397	19	40
	3398	17	38
	3399	20	40
	3400	19	41
	3401	21	41
	3402	19	41
	3403	20	41
	3404	19	40
	3405	20	41
	3406	22	40
	3407	21	39
	3408	19	37
	3409	22	41
	3410	18	41
	3411	21	41
	3412	19	38
	3413	19	40
	3414	20	38
	3415	22	41
	3416	19	39
	3417	20	39
	3418	18	36
	3419	17	39
	3420	19	39
	3421	19	38
	3422	23	41
	3423	22	42
	3424	19	39
	3425	19	41
	3426	19	39
	3427	22	41
	3428	18	38
	3429	21	39
	3430	16	38
	3431	22	39
	3432	20	40
	3433	19	37
	3434	20	39
	3435	19	40
	3436	18	39
	3437	19	44
	3438	19	40
	3439	20	41
	3440	21	44
	3441	19	40
	3442	18	42
	3443	21	38
	3444	17	41
	3445	19	40
	3446	19	42
	3447	20	39
	3448	23	38
	3449	22	42
	3450	18	39
	3451	16	41
	3452	18	36
	3453	21	39
	3454	17	40
	3455	22	39
	3456	20	40
	3457	20	41
	3458	17	40
	3459	21	41
	3460	19	37
	3461	20	40
	3462	19	41
	3463	19	43
	3464	21	39
	3465	20	42
	3466	19	38
	3467	19	45
	3468	21	41
	3469	20	41
	3470	16	40
	3471	20	41
	3472	18	44
	3473	20	38
	3474	20	41
	3475	22	39
	3476	21	40
	3477	19	40
	3478	18	44
	3479	21	39
	3480	21	41
	3481	22	41
	3482	22	40
	3483	19	40
	3484	18	41
	3485	20	42
	3486	19	41
	3487	20	38
	3488	19	41
	3489	20	41
	3490	17	40
	3491	20	39
	3492	19	39
	3493	21	40
	3494	20	37
	3495	20	39
	3496	21	40
	3497	22	39
	3498	19	39
	3499	22	38
	3500	20	41
	3501	20	43
	3502	19	38
	3503	19	41
	3504	20	39
	3505	21	41
	3506	19	39
	3507	21	40
	3508	20	42
	3509	17	41
	3510	21	39
	3511	20	40
	3512	19	38
	3513	20	40
	3514	21	40
	3515	20	41
	3516	21	38
	3517	21	41
	3518	18	41
	3519	21	41
	3520	19	40
	3521	22	42
	3522	18	41
	3523	21	41
	3524	19	40
	3525	20	40
	3526	20	41
	3527	19	39
	3528	20	38
	3529	20	42
	3530	23	40
	3531	16	41
	3532	19	39
	3533	21	40
	3534	18	40
	3535	22	41
	3536	21	40
	3537	20	43
	3538	19	41
	3539	21	41
	3540	20	44
	3541	19	39
	3542	19	36
	3543	19	39
	3544	23	40
	3545	18	39
	3546	20	39
	3547	21	39
	3548	19	39
	3549	22	42
	3550	23	47
	3551	22	40
	3552	18	39
	3553	18	39
	3554	20	39
	3555	22	44
	3556	18	38
	3557	20	42
	3558	20	41
	3559	21	41
	3560	21	39
	3561	20	41
	3562	21	39
	3563	21	41
	3564	18	39
	3565	21	41
	3566	18	40
	3567	20	44
	3568	20	41
	3569	22	42
	3570	19	39
	3571	20	41
	3572	18	38
	3573	21	41
	3574	21	39
	3575	19	43
	3576	18	39
	3577	19	43
	3578	19	41
	3579	22	42
	3580	21	40
	3581	20	41
	3582	23	42
	3583	24	42
	3584	18	39
	3585	21	39
	3586	24	41
	3587	20	39
	3588	19	40
	3589	21	43
	3590	21	41
	3591	21	40
	3592	17	39
	3593	22	40
	3594	20	40
	3595	22	40
	3596	19	41
	3597	21	39
	3598	18	38
	3599	19	40
	3600	19	39
	3601	18	38
	3602	21	40
	3603	21	40
	3604	18	39
	3605	19	38
	3606	17	39
	3607	19	43
	3608	20	39
	3609	20	41
	3610	19	39
	3611	21	41
	3612	19	39
	3613	18	42
	3614	19	40
	3615	20	39
	3616	17	37
	3617	20	40
	3618	17	39
	3619	22	41
	3620	19	40
	3621	23	43
	3622	21	39
	3623	20	40
	3624	18	38
	3625	19	40
	3626	20	39
	3627	20	40
	3628	21	40
	3629	21	42
	3630	20	39
	3631	19	40
	3632	20	39
	3633	21	40
	3634	18	39
	3635	21	40
	3636	20	41
	3637	21	41
	3638	19	41
	3639	22	37
	3640	20	37
	3641	20	41
	3642	20	41
	3643	19	43
	3644	21	39
	3645	20	41
	3646	19	40
	3647	22	42
	3648	18	39
	3649	22	39
	3650	21	40
	3651	20	41
	3652	19	40
	3653	22	42
	3654	21	40
	3655	20	37
	3656	18	41
	3657	20	41
	3658	20	42
	3659	21	39
	3660	22	38
	3661	19	39
	3662	20	40
	3663	20	42
	3664	20	40
	3665	22	39
	3666	19	39
	3667	26	41
	3668	19	39
	3669	22	42
	3670	20	41
	3671	21	41
	3672	20	40
	3673	20	39
	3674	19	39
	3675	19	41
	3676	19	37
	3677	18	38
	3678	20	39
	3679	22	40
	3680	22	41
	3681	21	42
	3682	19	39
	3683	22	39
	3684	17	40
	3685	20	43
	3686	19	40
	3687	20	41
	3688	18	39
	3689	17	41
	3690	19	41
	3691	19	39
	3692	21	42
	3693	18	43
	3694	18	40
	3695	21	42
	3696	22	39
	3697	19	39
	3698	19	40
	3699	23	39
	3700	22	39
	3701	23	39
	3702	20	41
	3703	23	41
	3704	18	41
	3705	22	41
	3706	18	38
	3707	22	41
	3708	20	40
	3709	18	40
	3710	19	40
	3711	19	39
	3712	18	41
	3713	21	44
	3714	21	40
	3715	19	39
	3716	19	38
	3717	20	38
	3718	19	39
	3719	19	41
	3720	19	40
	3721	18	41
	3722	17	41
	3723	20	40
