	0	20	39
	1	20	37
	2	18	36
	3	19	39
	4	17	39
	5	21	40
	6	18	36
	7	17	38
	8	18	38
	9	17	40
	10	16	39
	11	19	38
	12	20	42
	13	17	37
	14	20	37
	15	18	37
	16	18	39
	17	19	39
	18	18	38
	19	20	36
	20	19	38
	21	18	39
	22	19	35
	23	17	38
	24	17	38
	25	20	40
	26	21	41
	27	20	43
	28	21	39
	29	20	43
	30	22	40
	31	20	41
	32	21	41
	33	23	41
	34	22	39
	35	21	41
	36	22	41
	37	21	40
	38	20	40
	39	22	40
	40	21	41
	41	21	44
	42	21	41
	43	21	44
	44	21	40
	45	18	41
	46	19	40
	47	20	42
	48	23	39
	49	20	39
	50	18	38
	51	23	42
	52	21	40
	53	23	44
	54	20	40
	55	22	43
	56	22	42
	57	21	41
	58	22	41
	59	20	40
	60	20	41
	61	23	40
	62	21	41
	63	22	40
	64	22	45
	65	20	43
	66	23	41
	67	24	43
	68	20	43
	69	24	42
	70	24	40
	71	23	44
	72	23	41
	73	23	42
	74	20	42
	75	25	45
	76	22	40
	77	23	41
	78	24	41
	79	22	40
	80	20	41
	81	24	40
	82	17	42
	83	20	47
	84	20	46
	85	23	39
	86	24	45
	87	26	42
	88	18	45
	89	23	42
	90	25	42
	91	25	41
	92	23	39
	93	23	43
	94	23	41
	95	22	43
	96	20	52
	97	22	42
	98	25	45
	99	21	45
	100	23	42
	101	24	43
	102	24	41
	103	24	44
	104	24	45
	105	22	43
	106	23	42
	107	22	44
	108	22	41
	109	24	45
	110	23	42
	111	26	40
	112	24	39
	113	26	40
	114	23	42
	115	25	44
	116	22	41
	117	26	41
	118	23	42
	119	23	41
	120	22	41
	121	21	42
	122	21	41
	123	21	45
	124	22	42
	125	24	46
	126	23	45
	127	22	42
	128	22	39
	129	21	45
	130	20	43
	131	22	45
	132	22	43
	133	21	43
	134	25	42
	135	24	43
	136	30	42
	137	23	42
	138	22	46
	139	23	42
	140	21	41
	141	28	42
	142	24	44
	143	25	43
	144	22	40
	145	23	42
	146	26	41
	147	24	44
	148	24	43
	149	23	45
	150	22	45
	151	23	43
	152	24	41
	153	23	44
	154	21	40
	155	24	43
	156	21	39
	157	25	41
	158	25	41
	159	22	44
	160	23	42
	161	20	47
	162	22	45
	163	23	41
	164	23	44
	165	22	44
	166	22	42
	167	24	44
	168	23	39
	169	27	44
	170	23	43
	171	24	43
	172	23	46
	173	25	42
	174	25	43
	175	23	45
	176	22	40
	177	23	42
	178	23	43
	179	23	43
	180	20	41
	181	24	44
	182	21	43
	183	24	42
	184	23	43
	185	26	43
	186	20	44
	187	24	42
	188	23	41
	189	25	40
	190	26	43
	191	23	43
	192	22	42
	193	22	44
	194	21	41
	195	22	44
	196	24	44
	197	25	41
	198	21	42
	199	26	42
	200	22	41
	201	25	46
	202	25	41
	203	23	42
	204	23	41
	205	23	39
	206	23	40
	207	25	41
	208	20	43
	209	27	44
	210	26	43
	211	25	44
	212	21	44
	213	27	42
	214	23	44
	215	25	45
	216	23	38
	217	23	44
	218	26	41
	219	23	50
	220	24	40
	221	21	45
	222	24	43
	223	27	40
	224	23	42
	225	23	43
	226	25	40
	227	24	44
	228	23	44
	229	28	45
	230	25	47
	231	25	44
	232	24	43
	233	23	43
	234	24	42
	235	25	44
	236	23	43
	237	21	43
	238	24	41
	239	21	42
	240	25	44
	241	24	45
	242	22	42
	243	23	42
	244	21	43
	245	23	43
	246	23	42
	247	21	43
	248	20	43
	249	25	44
	250	24	41
	251	23	44
	252	19	43
	253	22	43
	254	25	41
	255	26	46
	256	20	43
	257	25	45
	258	23	44
	259	28	42
	260	23	43
	261	25	44
	262	23	46
	263	24	45
	264	23	41
	265	25	42
	266	21	45
	267	24	43
	268	27	41
	269	21	45
	270	22	42
	271	24	42
	272	25	40
	273	22	39
	274	24	41
	275	24	44
	276	24	43
	277	24	41
	278	21	44
	279	25	42
	280	24	41
	281	24	41
	282	25	41
	283	23	41
	284	24	44
	285	26	41
	286	24	39
	287	25	42
	288	23	41
	289	21	43
	290	27	44
	291	23	43
	292	20	45
	293	25	43
	294	20	44
	295	22	46
	296	25	41
	297	24	46
	298	31	44
	299	25	42
	300	24	43
	301	25	44
	302	23	42
	303	25	41
	304	25	43
	305	24	43
	306	21	44
	307	26	44
	308	23	41
	309	24	44
	310	21	42
	311	23	44
	312	22	42
	313	22	41
	314	23	39
	315	24	41
	316	25	44
	317	24	43
	318	24	40
	319	24	43
	320	23	43
	321	25	45
	322	26	44
	323	23	41
	324	25	39
	325	23	43
	326	26	43
	327	27	44
	328	24	44
	329	25	43
	330	21	44
	331	25	44
	332	28	42
	333	26	46
	334	23	41
	335	26	39
	336	24	41
	337	24	42
	338	24	43
	339	28	47
	340	25	40
	341	26	45
	342	25	41
	343	28	42
	344	25	41
	345	27	42
	346	24	46
	347	24	43
	348	24	41
	349	26	40
	350	26	41
	351	25	43
	352	25	44
	353	25	43
	354	25	43
	355	25	44
	356	22	42
	357	22	41
	358	25	43
	359	26	42
	360	25	40
	361	26	43
	362	26	42
	363	27	44
	364	24	38
	365	27	43
	366	25	41
	367	25	44
	368	25	42
	369	26	43
	370	26	46
	371	30	41
	372	27	39
	373	29	41
	374	26	43
	375	27	45
	376	29	40
	377	29	42
	378	26	43
	379	28	45
	380	26	42
	381	24	43
	382	27	43
	383	27	44
	384	24	44
	385	27	42
	386	25	43
	387	28	45
	388	23	44
	389	29	45
	390	26	44
	391	28	44
	392	27	43
	393	25	43
	394	28	43
	395	26	44
	396	26	43
	397	29	41
	398	26	43
	399	28	50
	400	30	42
	401	27	42
	402	27	42
	403	29	44
	404	26	44
	405	30	43
	406	25	42
	407	26	45
	408	26	42
	409	29	44
	410	27	44
	411	26	45
	412	30	40
	413	29	43
	414	30	46
	415	28	45
	416	28	44
	417	27	42
	418	30	45
	419	31	45
	420	29	44
	421	30	44
	422	28	40
	423	30	44
	424	31	45
	425	31	46
	426	29	43
	427	31	45
	428	30	40
	429	26	44
	430	28	43
	431	29	48
	432	29	45
	433	35	44
	434	29	40
	435	28	42
	436	32	43
	437	32	43
	438	31	43
	439	31	43
	440	32	42
	441	29	44
	442	30	42
	443	30	44
	444	30	41
	445	31	45
	446	32	44
	447	33	43
	448	29	43
	449	30	41
	450	30	41
	451	33	45
	452	39	41
	453	35	44
	454	37	42
	455	33	43
	456	37	46
	457	31	45
	458	34	45
	459	32	44
	460	32	42
	461	32	43
	462	33	41
	463	33	43
	464	33	42
	465	36	44
	466	33	44
	467	36	47
	468	31	42
	469	34	44
	470	35	44
	471	37	45
	472	39	46
	473	36	46
	474	38	43
	475	38	42
	476	37	46
	477	37	46
	478	36	45
	479	38	43
	480	38	41
	481	35	45
	482	36	45
	483	39	46
	484	37	43
	485	35	43
	486	36	44
	487	38	46
	488	37	44
	489	38	43
	490	39	44
	491	40	44
	492	41	45
	493	38	44
	494	39	44
	495	41	47
	496	40	42
	497	41	42
	498	39	43
	499	41	45
	500	38	42
	501	42	46
	502	40	44
	503	40	44
	504	41	45
	505	41	44
	506	43	44
	507	40	44
	508	40	43
	509	43	43
	510	44	45
	511	47	47
	512	43	45
	513	40	47
	514	44	46
	515	44	43
	516	41	47
	517	46	50
	518	44	44
	519	47	46
	520	43	44
	521	42	48
	522	44	47
	523	42	47
	524	47	42
	525	43	44
	526	44	42
	527	45	48
	528	44	43
	529	48	46
	530	45	45
	531	49	47
	532	46	48
	533	50	44
	534	48	44
	535	48	46
	536	47	44
	537	51	43
	538	48	44
	539	50	47
	540	49	44
	541	49	45
	542	49	43
	543	49	48
	544	49	45
	545	53	48
	546	49	47
	547	53	48
	548	56	46
	549	50	46
	550	52	46
	551	55	48
	552	54	46
	553	54	44
	554	53	44
	555	51	44
	556	53	48
	557	55	52
	558	55	44
	559	55	46
	560	54	42
	561	57	45
	562	56	46
	563	57	47
	564	55	44
	565	60	47
	566	58	47
	567	59	49
	568	58	47
	569	59	48
	570	61	48
	571	62	47
	572	60	46
	573	59	43
	574	61	45
	575	59	47
	576	64	44
	577	60	50
	578	62	44
	579	64	48
	580	60	47
	581	62	47
	582	66	46
	583	65	48
	584	62	48
	585	63	46
	586	67	47
	587	66	49
	588	66	45
	589	67	47
	590	65	46
	591	66	46
	592	66	48
	593	66	46
	594	67	43
	595	69	48
	596	66	46
	597	71	47
	598	71	44
	599	70	46
	600	72	45
	601	71	50
	602	72	50
	603	72	48
	604	75	45
	605	70	49
	606	78	44
	607	73	48
	608	74	48
	609	76	48
	610	75	46
	611	76	49
	612	74	51
	613	74	51
	614	79	46
	615	78	47
	616	74	47
	617	78	47
	618	79	48
	619	78	49
	620	75	45
	621	78	48
	622	78	50
	623	82	46
	624	77	49
	625	79	48
	626	79	47
	627	83	51
	628	81	46
	629	86	46
	630	82	50
	631	85	47
	632	84	49
	633	85	50
	634	85	49
	635	84	50
	636	84	48
	637	88	51
	638	83	53
	639	84	53
	640	88	49
	641	87	49
	642	85	49
	643	89	54
	644	87	48
	645	87	50
	646	88	47
	647	89	49
	648	90	48
	649	88	51
	650	89	48
	651	91	51
	652	91	51
	653	90	49
	654	87	48
	655	91	50
	656	94	49
	657	95	51
	658	91	51
	659	91	54
	660	94	54
	661	94	54
	662	93	52
	663	93	50
	664	94	50
	665	98	50
	666	97	50
	667	97	54
	668	95	50
	669	96	49
	670	94	51
	671	95	52
	672	97	55
	673	101	53
	674	98	53
	675	99	54
	676	98	53
	677	99	53
	678	95	51
	679	102	52
	680	101	52
	681	98	53
	682	103	51
	683	102	53
	684	103	49
	685	100	54
	686	101	52
	687	106	53
	688	104	54
	689	103	54
	690	104	54
	691	103	51
	692	105	54
	693	105	50
	694	104	55
	695	103	52
	696	106	51
	697	104	53
	698	107	52
	699	111	51
	700	108	53
	701	111	53
	702	108	54
	703	108	54
	704	105	55
	705	107	56
	706	107	52
	707	111	53
	708	117	51
	709	108	54
	710	107	54
	711	111	54
	712	109	55
	713	111	54
	714	110	52
	715	111	54
	716	115	56
	717	110	58
	718	112	53
	719	115	56
	720	114	53
	721	118	55
	722	115	55
	723	114	56
	724	114	58
	725	115	55
	726	119	53
	727	116	51
	728	116	53
	729	112	52
	730	117	55
	731	115	55
	732	113	53
	733	116	54
	734	118	54
	735	117	55
	736	117	55
	737	116	55
	738	117	53
	739	115	59
	740	113	54
	741	120	56
	742	116	52
	743	114	56
	744	113	56
	745	116	56
	746	116	58
	747	113	55
	748	115	52
	749	118	56
	750	115	55
	751	115	54
	752	118	54
	753	119	58
	754	118	51
	755	116	54
	756	116	56
	757	119	54
	758	117	55
	759	121	54
	760	119	51
	761	119	53
	762	120	58
	763	115	56
	764	117	54
	765	121	52
	766	118	53
	767	115	55
	768	117	53
	769	118	56
	770	115	55
	771	117	56
	772	120	55
	773	116	58
	774	119	53
	775	118	51
	776	126	51
	777	115	57
	778	116	55
	779	120	56
	780	117	54
	781	117	54
	782	116	50
	783	115	52
	784	118	51
	785	120	56
	786	116	56
	787	117	55
	788	113	52
	789	116	52
	790	114	54
	791	118	59
	792	117	52
	793	114	52
	794	115	54
	795	113	56
	796	118	53
	797	114	52
	798	113	54
	799	114	56
	800	116	56
	801	115	54
	802	111	59
	803	111	56
	804	112	52
	805	116	55
	806	109	55
	807	111	56
	808	110	55
	809	111	51
	810	112	51
	811	115	52
	812	110	51
	813	110	52
	814	107	54
	815	111	52
	816	109	52
	817	108	51
	818	108	49
	819	106	50
	820	109	51
	821	107	55
	822	108	51
	823	108	55
	824	105	52
	825	107	51
	826	107	51
	827	107	54
	828	104	53
	829	105	53
	830	102	50
	831	103	54
	832	102	50
	833	105	53
	834	104	53
	835	99	50
	836	105	53
	837	100	49
	838	100	50
	839	100	50
	840	102	51
	841	102	53
	842	101	50
	843	100	52
	844	101	51
	845	100	47
	846	99	47
	847	100	52
	848	97	50
	849	99	52
	850	99	49
	851	98	48
	852	96	48
	853	97	53
	854	99	50
	855	99	52
	856	97	48
	857	96	52
	858	98	51
	859	94	50
	860	93	48
	861	95	49
	862	94	51
	863	98	48
	864	97	53
	865	95	53
	866	98	50
	867	96	50
	868	98	50
	869	93	53
	870	89	52
	871	92	52
	872	92	50
	873	93	49
	874	91	49
	875	89	49
	876	94	50
	877	92	47
	878	88	50
	879	93	50
	880	87	47
	881	92	51
	882	90	50
	883	89	50
	884	92	50
	885	94	48
	886	91	49
	887	90	47
	888	87	49
	889	90	48
	890	88	48
	891	91	49
	892	86	48
	893	89	52
	894	88	47
	895	87	49
	896	84	55
	897	86	47
	898	89	50
	899	85	48
	900	85	48
	901	88	50
	902	86	48
	903	84	47
	904	83	48
	905	86	48
	906	87	46
	907	83	48
	908	84	47
	909	83	44
	910	82	48
	911	87	47
	912	83	47
	913	84	48
	914	79	47
	915	81	48
	916	81	47
	917	79	48
	918	82	47
	919	80	48
	920	82	47
	921	76	45
	922	83	44
	923	81	48
	924	75	46
	925	78	49
	926	75	46
	927	76	47
	928	77	48
	929	74	47
	930	80	49
	931	75	47
	932	72	47
	933	73	49
	934	73	46
	935	73	47
	936	75	43
	937	71	47
	938	72	45
	939	74	46
	940	70	47
	941	76	47
	942	71	46
	943	69	45
	944	70	47
	945	73	48
	946	69	44
	947	70	48
	948	68	45
	949	70	44
	950	70	55
	951	71	46
	952	71	46
	953	67	47
	954	68	47
	955	65	46
	956	67	47
	957	67	46
	958	68	44
	959	70	45
	960	64	46
	961	65	47
	962	66	48
	963	65	44
	964	64	46
	965	62	45
	966	63	47
	967	66	45
	968	64	44
	969	65	46
	970	63	44
	971	61	48
	972	60	46
	973	62	45
	974	62	45
	975	61	43
	976	60	47
	977	60	44
	978	58	46
	979	61	47
	980	58	48
	981	54	47
	982	58	45
	983	55	47
	984	55	46
	985	57	47
	986	55	43
	987	54	45
	988	57	44
	989	55	44
	990	51	46
	991	52	41
	992	47	46
	993	50	45
	994	53	46
	995	49	46
	996	53	47
	997	54	43
	998	48	44
	999	47	42
	1000	52	41
	1001	50	45
	1002	52	44
	1003	53	45
	1004	49	44
	1005	49	47
	1006	50	41
	1007	50	43
	1008	47	45
	1009	49	44
	1010	48	44
	1011	49	43
	1012	49	45
	1013	44	44
	1014	50	45
	1015	47	43
	1016	47	45
	1017	48	41
	1018	47	43
	1019	47	43
	1020	46	43
	1021	44	45
	1022	46	45
	1023	50	44
	1024	48	45
	1025	48	45
	1026	48	43
	1027	47	42
	1028	48	41
	1029	46	42
	1030	45	43
	1031	45	45
	1032	46	44
	1033	43	43
	1034	45	42
	1035	45	44
	1036	46	40
	1037	46	47
	1038	43	44
	1039	46	42
	1040	45	43
	1041	44	43
	1042	46	40
	1043	44	45
	1044	43	50
	1045	41	46
	1046	44	43
	1047	45	44
	1048	46	47
	1049	45	44
	1050	42	41
	1051	41	42
	1052	48	43
	1053	44	44
	1054	43	42
	1055	45	50
	1056	41	41
	1057	42	41
	1058	42	43
	1059	45	50
	1060	43	41
	1061	42	41
	1062	43	43
	1063	45	42
	1064	45	44
	1065	41	44
	1066	43	44
	1067	45	44
	1068	41	44
	1069	44	42
	1070	39	44
	1071	41	44
	1072	39	41
	1073	42	42
	1074	42	42
	1075	44	42
	1076	40	42
	1077	46	46
	1078	41	42
	1079	42	46
	1080	41	44
	1081	41	41
	1082	42	43
	1083	40	42
	1084	40	45
	1085	39	45
	1086	39	45
	1087	43	43
	1088	39	42
	1089	43	42
	1090	40	44
	1091	42	44
	1092	39	41
	1093	38	45
	1094	41	42
	1095	43	45
	1096	41	41
	1097	42	43
	1098	41	44
	1099	42	41
	1100	39	45
	1101	43	44
	1102	39	39
	1103	42	42
	1104	38	42
	1105	40	44
	1106	42	40
	1107	37	44
	1108	42	43
	1109	41	45
	1110	43	44
	1111	36	44
	1112	41	37
	1113	44	44
	1114	41	43
	1115	43	41
	1116	39	41
	1117	38	42
	1118	40	43
	1119	43	43
	1120	39	43
	1121	41	44
	1122	43	45
	1123	39	41
	1124	40	42
	1125	40	44
	1126	41	42
	1127	37	43
	1128	39	42
	1129	40	44
	1130	42	41
	1131	41	44
	1132	40	42
	1133	40	42
	1134	41	45
	1135	40	43
	1136	40	47
	1137	40	41
	1138	37	43
	1139	41	44
	1140	42	42
	1141	40	40
	1142	39	44
	1143	39	46
	1144	39	43
	1145	39	42
	1146	38	41
	1147	42	43
	1148	39	41
	1149	37	44
	1150	41	41
	1151	38	45
	1152	38	41
	1153	36	44
	1154	41	43
	1155	39	39
	1156	37	43
	1157	37	43
	1158	40	42
	1159	40	42
	1160	39	39
	1161	39	44
	1162	39	40
	1163	38	43
	1164	36	44
	1165	39	44
	1166	38	37
	1167	37	43
	1168	37	46
	1169	38	47
	1170	38	41
	1171	40	42
	1172	40	41
	1173	39	39
	1174	38	42
	1175	37	43
	1176	39	44
	1177	38	42
	1178	39	41
	1179	42	43
	1180	39	41
	1181	38	43
	1182	39	43
	1183	38	43
	1184	39	43
	1185	38	42
	1186	35	43
	1187	37	42
	1188	35	44
	1189	39	43
	1190	38	43
	1191	39	44
	1192	38	40
	1193	39	45
	1194	35	44
	1195	41	40
	1196	38	42
	1197	36	46
	1198	37	42
	1199	40	44
	1200	35	40
	1201	38	41
	1202	38	45
	1203	36	43
	1204	40	43
	1205	39	43
	1206	38	41
	1207	41	40
	1208	37	40
	1209	41	40
	1210	38	43
	1211	39	42
	1212	35	43
	1213	40	44
	1214	36	43
	1215	38	41
	1216	37	45
	1217	40	43
	1218	37	41
	1219	37	45
	1220	38	42
	1221	39	43
	1222	39	40
	1223	34	45
	1224	36	44
	1225	39	43
	1226	37	43
	1227	37	42
	1228	33	40
	1229	36	43
	1230	39	40
	1231	38	43
	1232	38	44
	1233	40	43
	1234	37	41
	1235	38	42
	1236	39	42
	1237	39	43
	1238	37	42
	1239	39	42
	1240	36	42
	1241	38	42
	1242	37	44
	1243	40	40
	1244	36	42
	1245	38	40
	1246	35	40
	1247	39	43
	1248	38	44
	1249	37	40
	1250	36	38
	1251	41	43
	1252	38	42
	1253	33	43
	1254	36	42
	1255	35	39
	1256	33	41
	1257	39	40
	1258	38	42
	1259	37	44
	1260	37	43
	1261	35	43
	1262	33	45
	1263	36	43
	1264	34	40
	1265	35	42
	1266	46	42
	1267	43	40
	1268	37	40
	1269	37	41
	1270	36	42
	1271	39	42
	1272	36	42
	1273	38	44
	1274	37	41
	1275	38	45
	1276	37	42
	1277	38	42
	1278	37	44
	1279	38	44
	1280	35	42
	1281	37	44
	1282	38	43
	1283	38	42
	1284	36	42
	1285	37	41
	1286	34	43
	1287	39	41
	1288	35	43
	1289	35	42
	1290	36	43
	1291	39	45
	1292	36	40
	1293	40	42
	1294	35	41
	1295	39	42
	1296	36	43
	1297	36	43
	1298	37	42
	1299	36	44
	1300	35	43
	1301	35	41
	1302	36	42
	1303	37	40
	1304	33	40
	1305	35	43
	1306	34	42
	1307	35	45
	1308	33	41
	1309	36	43
	1310	40	42
	1311	37	44
	1312	34	43
	1313	37	41
	1314	35	42
	1315	35	42
	1316	36	42
	1317	36	40
	1318	35	42
	1319	36	40
	1320	34	42
	1321	38	44
	1322	38	44
	1323	35	42
	1324	34	42
	1325	36	42
	1326	35	40
	1327	34	44
	1328	35	42
	1329	34	41
	1330	36	41
	1331	37	45
	1332	35	42
	1333	35	40
	1334	34	43
	1335	39	41
	1336	33	42
	1337	33	42
	1338	35	41
	1339	35	46
	1340	32	41
	1341	35	42
	1342	32	43
	1343	36	45
	1344	33	40
	1345	33	48
	1346	34	41
	1347	34	41
	1348	34	40
	1349	37	42
	1350	37	42
	1351	35	45
	1352	34	40
	1353	35	43
	1354	34	43
	1355	38	41
	1356	34	42
	1357	33	43
	1358	34	44
	1359	35	44
	1360	34	41
	1361	35	42
	1362	33	43
	1363	35	43
	1364	32	40
	1365	32	45
	1366	33	40
	1367	35	43
	1368	35	41
	1369	37	42
	1370	33	41
	1371	36	43
	1372	41	43
	1373	33	42
	1374	30	43
	1375	36	42
	1376	32	42
	1377	34	42
	1378	33	40
	1379	32	41
	1380	34	41
	1381	43	40
	1382	33	40
	1383	35	41
	1384	32	38
	1385	32	42
	1386	37	41
	1387	34	42
	1388	31	41
	1389	34	39
	1390	31	41
	1391	32	42
	1392	34	42
	1393	32	46
	1394	33	39
	1395	31	43
	1396	31	43
	1397	32	40
	1398	32	39
	1399	33	43
	1400	33	42
	1401	35	43
	1402	34	42
	1403	35	42
	1404	33	41
	1405	34	41
	1406	32	41
	1407	32	42
	1408	34	43
	1409	31	41
	1410	35	44
	1411	36	40
	1412	33	43
	1413	31	43
	1414	33	43
	1415	35	41
	1416	34	41
	1417	32	41
	1418	30	40
	1419	35	44
	1420	33	42
	1421	31	43
	1422	30	44
	1423	33	43
	1424	32	40
	1425	32	42
	1426	33	43
	1427	33	42
	1428	31	43
	1429	33	44
	1430	33	41
	1431	34	42
	1432	31	38
	1433	34	42
	1434	33	41
	1435	32	41
	1436	32	43
	1437	33	42
	1438	30	41
	1439	33	43
	1440	32	42
	1441	30	43
	1442	33	43
	1443	31	41
	1444	30	41
	1445	30	41
	1446	30	44
	1447	32	43
	1448	29	39
	1449	31	44
	1450	32	40
	1451	32	46
	1452	28	39
	1453	28	42
	1454	30	44
	1455	33	42
	1456	32	41
	1457	31	42
	1458	32	39
	1459	33	40
	1460	31	41
	1461	32	39
	1462	31	43
	1463	33	44
	1464	30	41
	1465	31	42
	1466	30	42
	1467	31	41
	1468	29	42
	1469	30	42
	1470	29	40
	1471	31	45
	1472	32	41
	1473	31	41
	1474	32	42
	1475	33	42
	1476	30	42
	1477	31	41
	1478	30	38
	1479	32	40
	1480	29	40
	1481	35	38
	1482	31	42
	1483	32	42
	1484	28	41
	1485	30	41
	1486	32	39
	1487	30	44
	1488	28	42
	1489	30	41
	1490	27	41
	1491	29	43
	1492	29	40
	1493	28	40
	1494	30	41
	1495	31	40
	1496	29	40
	1497	32	42
	1498	28	41
	1499	31	40
	1500	28	42
	1501	31	44
	1502	29	41
	1503	34	44
	1504	31	39
	1505	30	42
	1506	31	41
	1507	31	41
	1508	28	41
	1509	29	43
	1510	29	41
	1511	31	42
	1512	31	42
	1513	29	39
	1514	30	43
	1515	28	41
	1516	29	42
	1517	27	41
	1518	28	42
	1519	29	44
	1520	31	41
	1521	30	39
	1522	29	41
	1523	29	39
	1524	28	41
	1525	30	41
	1526	30	39
	1527	33	40
	1528	31	41
	1529	28	43
	1530	26	39
	1531	36	44
	1532	27	41
	1533	29	43
	1534	28	42
	1535	32	41
	1536	25	41
	1537	29	41
	1538	30	40
	1539	33	45
	1540	27	40
	1541	27	41
	1542	28	40
	1543	30	40
	1544	26	41
	1545	29	41
	1546	28	41
	1547	30	43
	1548	29	41
	1549	27	41
	1550	27	42
	1551	32	41
	1552	30	42
	1553	29	44
	1554	30	42
	1555	32	43
	1556	29	42
	1557	30	40
	1558	32	44
	1559	33	39
	1560	31	44
	1561	32	41
	1562	33	42
	1563	33	44
	1564	33	41
	1565	35	43
	1566	34	44
	1567	35	42
	1568	32	44
	1569	37	45
	1570	36	40
	1571	39	49
	1572	35	42
	1573	38	43
	1574	34	44
	1575	38	41
	1576	39	43
	1577	37	43
	1578	37	42
	1579	37	44
	1580	40	44
	1581	38	44
	1582	41	45
	1583	40	42
	1584	40	42
	1585	40	44
	1586	39	43
	1587	38	42
	1588	41	43
	1589	40	45
	1590	39	41
	1591	38	46
	1592	39	40
	1593	41	41
	1594	38	42
	1595	40	46
	1596	39	43
	1597	45	45
	1598	41	42
	1599	40	46
	1600	37	43
	1601	38	43
	1602	37	43
	1603	37	42
	1604	38	42
	1605	36	45
	1606	38	43
	1607	38	44
	1608	36	43
	1609	39	43
	1610	38	41
	1611	39	44
	1612	39	41
	1613	38	45
	1614	38	43
	1615	36	42
	1616	39	43
	1617	39	43
	1618	36	39
	1619	39	45
	1620	36	42
	1621	37	45
	1622	37	45
	1623	39	41
	1624	40	43
	1625	38	44
	1626	38	41
	1627	39	44
	1628	38	43
	1629	36	46
	1630	38	44
	1631	40	47
	1632	39	42
	1633	41	44
	1634	38	44
	1635	37	44
	1636	36	41
	1637	36	45
	1638	35	44
	1639	37	43
	1640	38	42
	1641	35	40
	1642	33	39
	1643	36	43
	1644	36	43
	1645	38	46
	1646	42	41
	1647	35	40
	1648	36	42
	1649	37	45
	1650	36	43
	1651	38	42
	1652	37	41
	1653	36	45
	1654	38	43
	1655	39	42
	1656	36	43
	1657	39	45
	1658	36	41
	1659	39	45
	1660	36	42
	1661	37	42
	1662	36	43
	1663	40	41
	1664	37	39
	1665	38	45
	1666	36	43
	1667	39	43
	1668	35	43
	1669	35	43
	1670	37	42
	1671	37	41
	1672	34	44
	1673	38	40
	1674	33	44
	1675	34	41
	1676	38	39
	1677	37	43
	1678	34	42
	1679	37	45
	1680	36	43
	1681	33	40
	1682	34	42
	1683	35	46
	1684	33	39
	1685	36	43
	1686	33	44
	1687	34	45
	1688	35	42
	1689	35	41
	1690	32	40
	1691	29	43
	1692	28	42
	1693	30	45
	1694	31	43
	1695	29	44
	1696	33	42
	1697	28	44
	1698	28	40
	1699	29	44
	1700	27	42
	1701	29	42
	1702	28	43
	1703	26	42
	1704	26	41
	1705	31	39
	1706	25	41
	1707	26	41
	1708	26	42
	1709	25	42
	1710	28	39
	1711	27	42
	1712	27	39
	1713	23	40
	1714	25	41
	1715	30	43
	1716	24	40
	1717	23	40
	1718	24	39
	1719	25	43
	1720	23	37
	1721	26	41
	1722	25	39
	1723	25	41
	1724	28	39
	1725	23	41
	1726	32	39
	1727	25	41
	1728	25	41
	1729	27	42
	1730	24	41
	1731	25	41
	1732	24	38
	1733	26	40
	1734	22	41
	1735	24	41
	1736	25	42
	1737	22	41
	1738	23	40
	1739	26	39
	1740	23	39
	1741	24	42
	1742	25	42
	1743	25	42
	1744	27	39
	1745	22	41
	1746	24	38
	1747	24	39
	1748	25	40
	1749	26	39
	1750	25	39
	1751	22	40
	1752	22	39
	1753	24	41
	1754	22	41
	1755	25	41
	1756	25	42
	1757	25	44
	1758	24	37
	1759	21	42
	1760	23	43
	1761	23	40
	1762	24	43
	1763	26	41
	1764	22	40
	1765	25	38
	1766	22	39
	1767	24	40
	1768	25	40
	1769	24	44
	1770	23	40
	1771	25	41
	1772	21	36
	1773	21	40
	1774	23	40
	1775	23	41
	1776	22	39
	1777	25	39
	1778	25	40
	1779	25	41
	1780	26	41
	1781	24	41
	1782	24	40
	1783	24	42
	1784	22	41
	1785	27	40
	1786	23	41
	1787	24	39
	1788	25	43
	1789	22	43
	1790	24	42
	1791	22	43
	1792	22	39
	1793	23	39
	1794	22	40
	1795	24	41
	1796	22	37
	1797	23	41
	1798	23	39
	1799	23	41
	1800	20	41
	1801	22	39
	1802	25	42
	1803	23	42
	1804	25	38
	1805	22	39
	1806	22	41
	1807	25	38
	1808	21	40
	1809	24	39
	1810	20	40
	1811	24	40
	1812	21	41
	1813	24	40
	1814	27	41
	1815	22	40
	1816	23	41
	1817	22	38
	1818	22	41
	1819	25	39
	1820	23	42
	1821	21	41
	1822	22	41
	1823	27	40
	1824	22	40
	1825	23	39
	1826	23	39
	1827	24	41
	1828	23	41
	1829	22	41
	1830	21	39
	1831	21	41
	1832	21	40
	1833	23	38
	1834	22	41
	1835	26	42
	1836	20	38
	1837	22	39
	1838	24	40
	1839	23	39
	1840	21	38
	1841	23	40
	1842	23	36
	1843	23	41
	1844	22	40
	1845	25	43
	1846	22	40
	1847	25	37
	1848	23	40
	1849	23	41
	1850	23	38
	1851	21	40
	1852	23	38
	1853	25	41
	1854	21	40
	1855	20	41
	1856	20	41
	1857	23	38
	1858	25	38
	1859	24	40
	1860	23	39
	1861	25	37
	1862	24	40
	1863	24	39
	1864	24	40
	1865	22	42
	1866	21	40
	1867	22	41
	1868	26	40
	1869	20	41
	1870	21	39
	1871	21	41
	1872	24	40
	1873	23	38
	1874	23	39
	1875	26	38
	1876	21	42
	1877	24	41
	1878	20	39
	1879	25	39
	1880	23	41
	1881	22	40
	1882	22	40
	1883	23	39
	1884	22	39
	1885	22	40
	1886	20	40
	1887	22	43
	1888	24	39
	1889	25	39
	1890	21	43
	1891	24	41
	1892	22	40
	1893	25	40
	1894	21	40
	1895	23	40
	1896	21	39
	1897	22	43
	1898	22	40
	1899	24	40
	1900	23	39
	1901	23	40
	1902	19	42
	1903	21	41
	1904	23	39
	1905	24	39
	1906	21	41
	1907	32	40
	1908	20	39
	1909	22	40
	1910	22	40
	1911	21	40
	1912	25	39
	1913	22	40
	1914	25	42
	1915	23	44
	1916	24	40
	1917	22	41
	1918	25	41
	1919	23	40
	1920	20	39
	1921	22	46
	1922	23	38
	1923	24	42
	1924	20	38
	1925	23	41
	1926	24	42
	1927	22	38
	1928	25	42
	1929	21	42
	1930	25	41
	1931	23	42
	1932	23	43
	1933	24	41
	1934	23	42
	1935	23	41
	1936	21	39
	1937	23	42
	1938	19	40
	1939	23	38
	1940	24	41
	1941	21	39
	1942	23	41
	1943	22	40
	1944	19	41
	1945	22	41
	1946	22	41
	1947	23	39
	1948	21	40
	1949	19	41
	1950	20	42
	1951	22	42
	1952	22	39
	1953	25	41
	1954	22	38
	1955	23	41
	1956	23	39
	1957	22	40
	1958	23	40
	1959	24	40
	1960	22	39
	1961	21	39
	1962	22	41
	1963	22	41
	1964	20	38
	1965	24	39
	1966	20	40
	1967	25	38
	1968	21	39
	1969	21	40
	1970	19	44
	1971	24	43
	1972	26	40
	1973	23	40
	1974	22	39
	1975	20	38
	1976	21	38
	1977	22	43
	1978	23	42
	1979	25	39
	1980	20	43
	1981	23	39
	1982	22	39
	1983	21	40
	1984	24	38
	1985	24	44
	1986	21	40
	1987	25	41
	1988	20	40
	1989	23	41
	1990	24	41
	1991	21	39
	1992	22	39
	1993	21	40
	1994	18	42
	1995	21	41
	1996	20	38
	1997	23	39
	1998	22	38
	1999	22	40
	2000	21	39
	2001	24	40
	2002	23	40
	2003	22	39
	2004	18	41
	2005	21	40
	2006	21	41
	2007	24	42
	2008	20	40
	2009	20	42
	2010	20	38
	2011	23	42
	2012	22	42
	2013	22	42
	2014	20	42
	2015	21	38
	2016	19	41
	2017	22	40
	2018	21	41
	2019	22	39
	2020	21	42
	2021	22	42
	2022	19	41
	2023	22	40
	2024	21	40
	2025	20	38
	2026	21	42
	2027	18	39
	2028	18	41
	2029	21	39
	2030	17	40
	2031	21	41
	2032	23	40
	2033	21	40
	2034	18	38
	2035	19	39
	2036	21	40
	2037	20	42
	2038	20	39
	2039	21	39
	2040	22	39
	2041	22	43
	2042	20	40
	2043	21	42
	2044	19	41
	2045	22	39
	2046	20	42
	2047	19	39
	2048	22	40
	2049	19	39
	2050	17	38
	2051	24	40
	2052	17	41
	2053	21	39
	2054	19	40
	2055	22	40
	2056	21	40
	2057	20	40
	2058	19	39
	2059	20	39
	2060	23	38
	2061	20	41
	2062	19	40
	2063	22	40
	2064	20	39
	2065	22	38
	2066	21	41
	2067	21	37
	2068	18	42
	2069	22	40
	2070	20	41
	2071	21	43
	2072	20	39
	2073	18	40
	2074	21	39
	2075	19	41
	2076	24	41
	2077	22	40
	2078	20	39
	2079	23	40
	2080	19	39
	2081	21	39
	2082	22	40
	2083	20	39
	2084	20	39
	2085	22	39
	2086	23	42
	2087	20	38
	2088	19	39
	2089	21	41
	2090	22	40
	2091	21	38
	2092	21	40
	2093	20	41
	2094	20	39
	2095	19	41
	2096	21	38
	2097	22	41
	2098	22	40
	2099	19	38
	2100	19	43
	2101	21	40
	2102	20	39
	2103	22	40
	2104	20	39
	2105	20	39
	2106	19	41
	2107	20	41
	2108	22	40
	2109	19	41
	2110	21	39
	2111	22	43
	2112	19	38
	2113	23	40
	2114	19	39
	2115	20	41
	2116	19	36
	2117	22	43
	2118	19	40
	2119	20	40
	2120	17	41
	2121	21	38
	2122	19	40
	2123	21	40
	2124	20	41
	2125	17	39
	2126	20	40
	2127	22	38
	2128	20	38
	2129	19	43
	2130	19	38
	2131	20	40
	2132	17	39
	2133	22	38
	2134	20	41
	2135	21	38
	2136	20	37
	2137	21	39
	2138	19	37
	2139	19	41
	2140	21	43
	2141	24	41
	2142	19	42
	2143	22	38
	2144	21	38
	2145	19	40
	2146	21	40
	2147	23	41
	2148	20	38
	2149	21	40
	2150	19	40
	2151	21	42
	2152	22	42
	2153	20	40
	2154	20	39
	2155	19	38
	2156	19	39
	2157	22	41
	2158	19	37
	2159	19	39
	2160	19	39
	2161	20	40
	2162	23	39
	2163	22	39
	2164	21	38
	2165	20	41
	2166	20	41
	2167	18	40
	2168	18	39
	2169	21	42
	2170	21	55
	2171	19	41
	2172	19	38
	2173	20	37
	2174	20	41
	2175	20	39
	2176	20	41
	2177	19	39
	2178	15	37
	2179	21	41
	2180	21	40
	2181	19	39
	2182	20	38
	2183	20	40
	2184	19	39
	2185	21	39
	2186	20	39
	2187	20	40
	2188	19	39
	2189	21	41
	2190	18	39
	2191	21	41
	2192	17	40
	2193	22	36
	2194	21	47
	2195	22	40
	2196	20	43
	2197	21	41
	2198	20	40
	2199	22	40
	2200	19	41
	2201	21	41
	2202	22	40
	2203	21	43
	2204	21	40
	2205	23	40
	2206	22	42
	2207	20	36
	2208	20	40
	2209	21	39
	2210	18	40
	2211	21	40
	2212	16	38
	2213	20	39
	2214	17	42
	2215	20	41
	2216	21	42
	2217	21	41
	2218	19	39
	2219	19	40
	2220	18	39
	2221	21	41
	2222	19	39
	2223	20	41
	2224	16	39
	2225	18	41
	2226	17	39
	2227	20	38
	2228	18	38
	2229	19	39
	2230	20	41
	2231	21	38
	2232	21	41
	2233	20	41
	2234	19	39
	2235	19	42
	2236	21	41
	2237	23	42
	2238	19	39
	2239	22	40
	2240	20	38
	2241	23	41
	2242	17	38
	2243	21	41
	2244	21	40
	2245	18	43
	2246	18	40
	2247	22	35
	2248	21	38
	2249	18	44
	2250	21	39
	2251	19	40
	2252	18	40
	2253	22	38
	2254	19	39
	2255	23	40
	2256	19	40
	2257	20	42
	2258	20	38
	2259	20	39
	2260	19	42
	2261	21	38
	2262	22	42
	2263	19	40
	2264	20	37
	2265	21	44
	2266	20	40
	2267	18	40
	2268	19	39
	2269	23	40
	2270	17	38
	2271	18	40
	2272	20	40
	2273	19	38
	2274	21	43
	2275	24	39
	2276	20	40
	2277	20	41
	2278	19	41
	2279	25	40
	2280	21	40
	2281	19	41
	2282	21	41
	2283	19	40
	2284	21	40
	2285	21	41
	2286	23	43
	2287	24	43
	2288	19	41
	2289	20	41
	2290	19	42
	2291	22	43
	2292	19	39
	2293	19	41
	2294	22	40
	2295	19	43
	2296	18	39
	2297	23	42
	2298	22	39
	2299	21	39
	2300	22	41
	2301	19	40
	2302	19	36
	2303	20	39
	2304	20	39
	2305	23	40
	2306	21	38
	2307	22	40
	2308	18	40
	2309	21	40
	2310	21	38
	2311	21	40
	2312	20	37
	2313	21	41
	2314	22	41
	2315	19	38
	2316	21	39
	2317	20	41
	2318	18	40
	2319	21	41
	2320	17	39
	2321	21	41
	2322	19	39
	2323	23	40
	2324	20	37
	2325	23	39
	2326	16	39
	2327	19	39
	2328	20	42
	2329	19	43
	2330	20	37
	2331	20	40
	2332	21	39
	2333	22	37
	2334	17	38
	2335	20	40
	2336	18	39
	2337	19	41
	2338	18	39
	2339	21	39
	2340	17	41
	2341	19	39
	2342	20	37
	2343	19	40
	2344	18	39
	2345	20	40
	2346	18	39
	2347	21	36
	2348	18	41
	2349	21	41
	2350	20	38
	2351	20	41
	2352	19	38
	2353	21	39
	2354	18	39
	2355	22	39
	2356	20	39
	2357	21	39
	2358	18	42
	2359	20	42
	2360	20	39
	2361	19	39
	2362	19	37
	2363	18	42
	2364	19	39
	2365	22	41
	2366	21	39
	2367	19	42
	2368	18	38
	2369	20	38
	2370	21	40
	2371	21	40
	2372	19	39
	2373	20	40
	2374	19	39
	2375	23	42
	2376	21	37
	2377	20	41
	2378	21	40
	2379	21	39
	2380	20	39
	2381	19	38
	2382	21	40
	2383	19	37
	2384	21	39
	2385	20	37
	2386	20	38
	2387	22	39
	2388	18	41
	2389	20	40
	2390	21	36
	2391	20	40
	2392	23	40
	2393	20	41
	2394	20	40
	2395	19	38
	2396	18	36
	2397	18	43
	2398	18	41
	2399	20	42
	2400	18	43
	2401	19	39
	2402	20	37
	2403	23	40
	2404	20	40
	2405	20	42
	2406	19	39
	2407	18	39
	2408	22	40
	2409	18	43
	2410	19	41
	2411	24	40
	2412	18	40
	2413	20	40
	2414	18	38
	2415	23	42
	2416	18	39
	2417	21	45
	2418	18	41
	2419	20	39
	2420	21	40
	2421	21	39
	2422	19	39
	2423	21	41
	2424	21	38
	2425	21	38
	2426	20	40
	2427	22	41
	2428	20	39
	2429	21	42
	2430	21	38
	2431	24	40
	2432	22	39
	2433	20	42
	2434	19	40
	2435	19	41
	2436	22	37
	2437	22	41
	2438	21	41
	2439	21	40
	2440	22	39
	2441	19	39
	2442	19	42
	2443	22	39
	2444	20	39
	2445	23	39
	2446	19	41
	2447	19	43
	2448	21	38
	2449	20	39
	2450	18	40
	2451	19	41
	2452	22	39
	2453	22	41
	2454	21	39
	2455	20	41
	2456	23	39
	2457	19	42
	2458	19	42
	2459	21	41
	2460	18	39
	2461	23	41
	2462	21	40
	2463	20	39
	2464	21	45
	2465	20	38
	2466	20	39
	2467	21	40
	2468	19	38
	2469	17	42
	2470	20	41
	2471	18	39
	2472	19	41
	2473	19	40
	2474	20	38
	2475	22	40
	2476	20	39
	2477	18	40
	2478	21	39
	2479	18	40
	2480	19	40
	2481	20	40
	2482	20	40
	2483	20	41
	2484	19	39
	2485	19	40
	2486	17	41
	2487	22	39
	2488	19	39
	2489	20	43
	2490	20	39
	2491	20	45
	2492	21	40
	2493	21	42
	2494	17	39
	2495	20	41
	2496	21	39
	2497	21	41
	2498	18	39
	2499	20	40
	2500	19	38
	2501	21	42
	2502	20	40
	2503	20	40
	2504	21	41
	2505	19	40
	2506	18	42
	2507	18	41
	2508	18	41
	2509	20	42
	2510	20	40
	2511	19	38
	2512	19	38
	2513	23	41
	2514	19	41
	2515	20	42
	2516	20	40
	2517	23	39
	2518	19	41
	2519	20	39
	2520	19	42
	2521	21	39
	2522	19	40
	2523	22	42
	2524	18	40
	2525	18	39
	2526	21	38
	2527	21	41
	2528	20	38
	2529	23	38
	2530	18	38
	2531	17	41
	2532	20	39
	2533	20	37
	2534	20	41
	2535	20	38
	2536	19	41
	2537	23	41
	2538	20	38
	2539	20	41
	2540	20	39
	2541	22	41
	2542	19	39
	2543	21	42
	2544	18	40
	2545	20	39
	2546	20	40
	2547	20	39
	2548	20	40
	2549	19	37
	2550	20	38
	2551	18	38
	2552	17	41
	2553	17	41
	2554	20	38
	2555	20	40
	2556	18	38
	2557	21	39
	2558	18	42
	2559	18	43
	2560	19	41
	2561	19	40
	2562	23	38
	2563	18	40
	2564	20	40
	2565	22	39
	2566	19	42
	2567	19	40
	2568	19	37
	2569	21	41
	2570	19	39
	2571	21	41
	2572	19	39
	2573	20	42
	2574	21	39
	2575	20	40
	2576	20	38
	2577	19	40
	2578	17	39
	2579	23	41
	2580	18	41
	2581	19	42
	2582	20	41
	2583	18	40
	2584	19	38
	2585	18	42
	2586	17	42
	2587	18	42
	2588	19	39
	2589	20	39
	2590	18	40
	2591	22	39
	2592	20	39
	2593	20	39
	2594	19	40
	2595	22	40
	2596	19	36
	2597	20	41
	2598	19	40
	2599	21	40
	2600	18	41
	2601	21	38
	2602	19	40
	2603	19	42
	2604	22	39
	2605	23	40
	2606	17	39
	2607	20	42
	2608	17	39
	2609	19	41
	2610	20	38
	2611	17	37
	2612	19	39
	2613	22	38
	2614	16	39
	2615	23	43
	2616	19	39
	2617	21	39
	2618	18	39
	2619	21	40
	2620	17	37
	2621	20	41
	2622	21	40
	2623	20	39
	2624	18	40
	2625	20	37
	2626	26	38
	2627	19	40
	2628	19	39
	2629	19	41
	2630	21	39
	2631	16	41
	2632	18	40
	2633	21	40
	2634	19	40
	2635	20	41
	2636	18	42
	2637	20	39
	2638	18	39
	2639	20	38
	2640	18	37
	2641	22	43
	2642	18	40
	2643	18	40
	2644	16	41
	2645	19	40
	2646	20	42
	2647	19	43
	2648	17	39
	2649	21	41
	2650	21	40
	2651	19	40
	2652	21	39
	2653	21	40
	2654	19	38
	2655	20	41
	2656	19	39
	2657	20	39
	2658	19	39
	2659	21	38
	2660	21	41
	2661	18	42
	2662	19	41
	2663	20	39
	2664	19	37
	2665	19	39
	2666	20	37
	2667	22	41
	2668	19	40
	2669	20	38
	2670	19	39
	2671	23	40
	2672	20	40
	2673	20	40
	2674	21	38
	2675	18	40
	2676	19	38
	2677	21	42
	2678	18	42
	2679	21	40
	2680	20	40
	2681	17	40
	2682	18	40
	2683	21	40
	2684	18	37
	2685	22	37
	2686	20	35
	2687	18	39
	2688	20	38
	2689	20	41
	2690	19	40
	2691	23	39
	2692	20	41
	2693	18	38
	2694	22	38
	2695	19	37
	2696	19	40
	2697	19	39
	2698	16	37
	2699	23	42
	2700	19	41
	2701	20	40
	2702	17	37
	2703	22	42
	2704	21	39
	2705	21	38
	2706	21	41
	2707	23	39
	2708	22	39
	2709	17	40
	2710	18	40
	2711	20	42
	2712	19	40
	2713	23	38
	2714	20	39
	2715	18	39
	2716	18	38
	2717	18	41
	2718	20	38
	2719	20	40
	2720	18	38
	2721	24	42
	2722	18	38
	2723	18	39
	2724	19	38
	2725	22	42
	2726	26	40
	2727	21	39
	2728	21	39
	2729	20	39
	2730	21	38
	2731	23	39
	2732	20	40
	2733	22	40
	2734	18	39
	2735	18	39
	2736	18	37
	2737	19	39
	2738	21	39
	2739	18	42
	2740	20	41
	2741	19	41
	2742	22	38
	2743	19	39
	2744	20	41
	2745	19	42
	2746	21	40
	2747	22	39
	2748	19	39
	2749	21	39
	2750	19	39
	2751	20	38
	2752	20	39
	2753	21	39
	2754	19	40
	2755	16	41
	2756	19	37
	2757	20	39
	2758	20	39
	2759	20	39
	2760	20	39
	2761	19	41
	2762	17	42
	2763	22	37
	2764	18	40
	2765	18	40
	2766	21	38
	2767	22	41
	2768	20	40
	2769	20	41
	2770	20	38
	2771	24	41
	2772	21	41
	2773	19	42
	2774	19	39
	2775	18	43
	2776	18	40
	2777	20	41
	2778	19	39
	2779	21	42
	2780	21	42
	2781	18	42
	2782	19	39
	2783	24	38
	2784	20	40
	2785	19	38
	2786	21	41
	2787	20	43
	2788	17	40
	2789	18	42
	2790	20	39
	2791	19	41
	2792	20	41
	2793	17	37
	2794	20	40
	2795	19	41
	2796	17	40
	2797	20	40
	2798	21	37
	2799	18	36
	2800	21	40
	2801	21	44
	2802	18	44
	2803	18	39
	2804	16	38
	2805	21	39
	2806	19	39
	2807	18	42
	2808	22	42
	2809	20	42
	2810	19	40
	2811	21	42
	2812	17	41
	2813	19	40
	2814	20	37
	2815	21	38
	2816	23	40
	2817	21	40
	2818	20	41
	2819	22	41
	2820	18	36
	2821	18	41
	2822	19	39
	2823	21	42
	2824	19	39
	2825	22	41
	2826	19	37
	2827	22	38
	2828	19	36
	2829	20	41
	2830	18	40
	2831	22	39
	2832	19	41
	2833	21	38
	2834	18	39
	2835	18	41
	2836	21	39
	2837	21	42
	2838	18	42
	2839	17	40
	2840	18	39
	2841	18	38
	2842	21	36
	2843	21	41
	2844	18	41
	2845	21	42
	2846	20	38
	2847	20	38
	2848	17	35
	2849	19	38
	2850	23	43
	2851	19	40
	2852	18	39
	2853	19	39
	2854	19	39
	2855	19	40
	2856	19	40
	2857	20	42
	2858	18	39
	2859	20	40
	2860	17	39
	2861	21	40
	2862	20	40
	2863	19	41
	2864	20	36
	2865	19	41
	2866	18	41
	2867	19	41
	2868	18	41
	2869	22	39
	2870	23	39
	2871	19	38
	2872	17	42
	2873	21	42
	2874	16	39
	2875	21	41
	2876	19	40
	2877	20	40
	2878	19	41
	2879	17	40
	2880	21	39
	2881	21	42
	2882	19	38
	2883	22	41
	2884	20	39
	2885	20	41
	2886	19	40
	2887	19	40
	2888	19	39
	2889	44	40
	2890	17	40
	2891	20	42
	2892	18	39
	2893	19	39
	2894	19	38
	2895	19	40
	2896	19	38
	2897	22	39
	2898	19	40
	2899	19	43
	2900	19	42
	2901	20	41
	2902	17	39
	2903	21	42
	2904	19	40
	2905	19	39
	2906	19	39
	2907	22	37
	2908	18	38
	2909	22	39
	2910	21	41
	2911	19	44
	2912	19	39
	2913	19	40
	2914	22	43
	2915	21	41
	2916	18	41
	2917	20	38
	2918	20	38
	2919	17	41
	2920	26	38
	2921	19	41
	2922	19	39
	2923	22	39
	2924	19	38
	2925	20	38
	2926	20	40
	2927	16	39
	2928	20	37
	2929	20	40
	2930	21	41
	2931	21	41
	2932	18	39
	2933	18	37
	2934	18	40
	2935	19	41
	2936	22	41
	2937	20	39
	2938	18	39
	2939	18	39
	2940	19	38
	2941	20	40
	2942	18	40
	2943	19	41
	2944	17	42
	2945	19	41
	2946	20	38
	2947	17	40
	2948	20	38
	2949	20	41
	2950	16	41
	2951	19	40
	2952	17	38
	2953	20	40
	2954	15	39
	2955	20	39
	2956	22	40
	2957	22	37
	2958	17	38
	2959	21	42
	2960	18	38
	2961	17	41
	2962	21	39
	2963	20	41
	2964	21	39
	2965	20	39
	2966	19	37
	2967	21	41
	2968	20	39
	2969	20	43
	2970	19	40
	2971	20	38
	2972	18	38
	2973	19	40
	2974	19	37
	2975	21	40
	2976	22	38
	2977	19	40
	2978	20	39
	2979	21	41
	2980	20	40
	2981	21	40
	2982	17	37
	2983	22	40
	2984	17	39
	2985	19	39
	2986	18	40
	2987	21	39
	2988	21	38
	2989	19	41
	2990	20	41
	2991	19	39
	2992	20	39
	2993	22	39
	2994	21	38
	2995	21	40
	2996	20	38
	2997	21	40
	2998	24	42
	2999	22	38
	3000	19	39
	3001	21	40
	3002	21	37
	3003	23	39
	3004	20	39
	3005	22	39
	3006	21	40
	3007	21	40
	3008	21	36
	3009	22	37
	3010	19	40
	3011	19	42
	3012	18	39
	3013	19	41
	3014	21	39
	3015	21	39
	3016	16	41
	3017	17	40
	3018	20	38
	3019	22	40
	3020	21	35
	3021	22	40
	3022	17	35
	3023	19	40
	3024	19	40
	3025	19	39
	3026	19	41
	3027	17	40
	3028	18	39
	3029	23	37
	3030	19	38
	3031	19	38
	3032	21	40
	3033	21	40
	3034	21	38
	3035	23	41
	3036	19	40
	3037	21	38
	3038	20	41
	3039	19	40
	3040	21	40
	3041	19	42
	3042	18	37
	3043	18	42
	3044	21	39
	3045	20	40
	3046	19	40
	3047	20	37
	3048	17	39
	3049	20	40
	3050	21	39
	3051	20	41
	3052	19	40
	3053	22	41
	3054	20	40
	3055	19	40
	3056	19	37
	3057	19	38
	3058	20	39
	3059	22	41
	3060	18	41
	3061	22	42
	3062	20	40
	3063	20	41
	3064	19	42
	3065	22	38
	3066	19	39
	3067	22	41
	3068	21	37
	3069	18	41
	3070	18	39
	3071	20	37
	3072	21	41
	3073	20	39
	3074	20	38
	3075	17	42
	3076	21	39
	3077	17	40
	3078	21	41
	3079	17	40
	3080	19	40
	3081	22	39
	3082	17	38
	3083	22	39
	3084	20	40
	3085	20	41
	3086	19	37
	3087	19	39
	3088	19	37
	3089	19	38
	3090	20	41
	3091	21	41
	3092	20	40
	3093	20	38
	3094	19	40
	3095	20	38
	3096	16	39
	3097	20	41
	3098	19	38
	3099	19	42
	3100	20	38
	3101	17	39
	3102	19	39
	3103	20	42
	3104	19	41
	3105	20	38
	3106	16	39
	3107	23	42
	3108	19	42
	3109	19	43
	3110	19	38
	3111	20	39
	3112	20	40
	3113	22	41
	3114	20	37
	3115	18	40
	3116	19	38
	3117	20	40
	3118	21	39
	3119	15	38
	3120	21	39
	3121	19	40
	3122	19	41
	3123	20	40
	3124	19	42
	3125	18	38
	3126	19	40
	3127	20	38
	3128	17	39
	3129	20	41
	3130	18	38
	3131	20	41
	3132	20	38
	3133	20	39
	3134	17	40
	3135	18	39
	3136	20	38
	3137	19	42
	3138	20	40
	3139	20	39
	3140	17	40
	3141	19	40
	3142	17	39
	3143	18	42
	3144	19	41
	3145	18	40
	3146	21	38
	3147	18	39
	3148	19	39
	3149	21	41
	3150	18	39
	3151	20	39
	3152	21	37
	3153	19	42
	3154	18	39
	3155	20	41
	3156	18	39
	3157	21	39
	3158	17	43
	3159	19	39
	3160	18	37
	3161	18	40
	3162	17	40
	3163	20	39
	3164	22	41
	3165	22	41
	3166	20	41
	3167	22	40
	3168	19	39
	3169	18	39
	3170	19	42
	3171	22	41
	3172	19	39
	3173	19	39
	3174	20	39
	3175	19	39
	3176	19	37
	3177	20	38
	3178	19	42
	3179	20	40
	3180	19	41
	3181	18	40
	3182	20	38
	3183	21	39
	3184	21	42
	3185	26	40
	3186	20	38
	3187	20	44
	3188	21	40
	3189	22	39
	3190	17	40
	3191	22	39
	3192	19	39
	3193	20	43
	3194	18	38
	3195	19	37
	3196	18	41
	3197	20	40
	3198	20	40
	3199	20	41
	3200	19	40
	3201	19	42
	3202	20	37
	3203	22	40
	3204	19	41
	3205	19	39
	3206	21	37
	3207	22	43
	3208	18	37
	3209	20	40
	3210	19	41
	3211	22	39
	3212	17	41
	3213	20	41
	3214	21	38
	3215	19	42
	3216	19	39
	3217	21	41
	3218	19	43
	3219	19	37
	3220	19	40
	3221	20	42
	3222	19	40
	3223	22	47
	3224	20	37
	3225	24	41
	3226	19	40
	3227	19	41
	3228	19	42
	3229	19	42
	3230	20	39
	3231	19	37
	3232	18	39
	3233	21	42
	3234	18	38
	3235	19	40
	3236	19	39
	3237	19	41
	3238	17	39
	3239	20	38
	3240	19	37
	3241	18	45
	3242	20	39
	3243	18	40
	3244	22	37
	3245	20	38
	3246	18	42
	3247	20	42
	3248	18	40
	3249	22	42
	3250	18	42
	3251	21	38
	3252	21	41
	3253	21	41
	3254	19	38
	3255	21	41
	3256	20	37
	3257	18	40
	3258	19	40
	3259	20	39
	3260	19	37
	3261	20	41
	3262	21	40
	3263	21	41
	3264	19	42
	3265	20	39
	3266	19	41
	3267	19	38
	3268	20	39
	3269	20	40
	3270	20	37
	3271	22	38
	3272	16	36
	3273	21	41
	3274	16	40
	3275	20	41
	3276	21	38
	3277	17	41
	3278	21	38
	3279	16	42
	3280	18	37
	3281	21	42
	3282	18	36
	3283	19	39
	3284	20	40
	3285	25	38
	3286	18	38
	3287	20	37
	3288	21	41
	3289	19	41
	3290	19	40
	3291	18	41
	3292	20	40
	3293	23	40
	3294	19	37
	3295	17	39
	3296	20	43
	3297	20	40
	3298	20	38
	3299	18	39
	3300	19	38
	3301	18	39
	3302	19	40
	3303	20	40
	3304	19	40
	3305	20	37
	3306	18	40
	3307	19	42
	3308	20	38
	3309	21	42
	3310	19	38
	3311	19	40
	3312	20	40
	3313	18	40
	3314	22	40
	3315	21	40
	3316	19	38
	3317	21	42
	3318	18	41
	3319	19	40
	3320	17	39
	3321	23	38
	3322	23	38
	3323	19	39
	3324	19	40
	3325	18	40
	3326	17	43
	3327	19	41
	3328	20	39
	3329	18	43
	3330	19	38
	3331	21	41
	3332	22	40
	3333	22	41
	3334	18	41
	3335	19	40
	3336	20	40
	3337	20	39
	3338	21	40
	3339	21	40
	3340	20	41
	3341	23	42
	3342	19	40
	3343	18	37
	3344	18	39
	3345	19	39
	3346	18	42
	3347	23	44
	3348	19	37
	3349	21	39
	3350	18	39
	3351	21	40
	3352	21	41
	3353	20	39
	3354	19	35
	3355	19	42
	3356	20	42
	3357	18	38
	3358	21	41
	3359	20	37
	3360	19	40
	3361	21	38
	3362	20	39
	3363	21	40
	3364	19	38
	3365	18	42
	3366	18	40
	3367	19	42
	3368	18	40
	3369	19	39
	3370	18	35
	3371	19	39
	3372	19	40
	3373	22	40
	3374	19	40
	3375	20	39
	3376	19	43
	3377	20	39
	3378	19	39
	3379	21	40
	3380	20	38
	3381	21	41
	3382	18	41
	3383	21	39
	3384	17	40
	3385	21	40
	3386	19	40
	3387	20	39
	3388	21	42
	3389	19	41
	3390	22	39
	3391	19	36
	3392	21	38
	3393	20	37
	3394	21	38
	3395	20	39
	3396	19	40
	3397	19	39
	3398	20	37
	3399	21	38
	3400	20	39
	3401	20	41
	3402	17	40
	3403	24	41
	3404	17	40
	3405	19	39
	3406	19	40
	3407	21	39
	3408	21	37
	3409	21	38
	3410	19	42
	3411	20	42
	3412	19	39
	3413	18	39
	3414	19	40
	3415	24	38
	3416	19	40
	3417	20	40
	3418	19	36
	3419	19	40
	3420	19	36
	3421	19	39
	3422	22	40
	3423	20	39
	3424	17	39
	3425	20	39
	3426	20	39
	3427	22	39
	3428	22	39
	3429	23	40
	3430	19	39
	3431	22	40
	3432	20	38
	3433	19	38
	3434	20	36
	3435	23	40
	3436	18	40
	3437	19	43
	3438	19	39
	3439	20	41
	3440	19	42
	3441	21	41
	3442	19	41
	3443	20	40
	3444	19	41
	3445	21	38
	3446	22	39
	3447	19	38
	3448	18	36
	3449	20	39
	3450	20	38
	3451	21	43
	3452	18	38
	3453	20	40
	3454	19	36
	3455	21	39
	3456	21	41
	3457	20	39
	3458	20	39
	3459	22	41
	3460	20	39
	3461	19	41
	3462	17	41
	3463	20	39
	3464	19	40
	3465	21	41
	3466	19	40
	3467	22	43
	3468	19	37
	3469	19	38
	3470	19	42
	3471	24	38
	3472	18	49
	3473	22	39
	3474	18	36
	3475	18	38
	3476	19	40
	3477	20	39
	3478	20	44
	3479	21	38
	3480	18	38
	3481	23	40
	3482	21	40
	3483	19	38
	3484	20	39
	3485	20	42
	3486	21	41
	3487	20	43
	3488	20	37
	3489	21	40
	3490	19	40
	3491	21	41
	3492	20	42
	3493	23	38
	3494	22	40
	3495	21	39
	3496	20	40
	3497	21	40
	3498	18	40
	3499	21	40
	3500	19	39
	3501	19	38
	3502	19	39
	3503	19	39
	3504	20	40
	3505	20	41
	3506	18	41
	3507	19	40
	3508	17	38
	3509	19	39
	3510	19	36
	3511	21	41
	3512	18	40
	3513	21	40
	3514	19	39
	3515	21	40
	3516	20	39
	3517	20	39
	3518	18	38
	3519	21	38
	3520	18	38
	3521	18	41
	3522	20	38
	3523	19	40
	3524	17	39
	3525	21	43
	3526	18	38
	3527	19	41
	3528	17	36
	3529	19	38
	3530	20	42
	3531	19	41
	3532	19	41
	3533	19	41
	3534	20	40
	3535	19	40
	3536	20	43
	3537	20	39
	3538	19	39
	3539	19	37
	3540	18	45
	3541	21	41
	3542	19	40
	3543	21	37
	3544	23	38
	3545	22	43
	3546	19	39
	3547	19	39
	3548	20	40
	3549	21	41
	3550	24	44
	3551	21	42
	3552	18	37
	3553	16	39
	3554	18	38
	3555	21	43
	3556	16	40
	3557	20	38
	3558	19	38
	3559	19	39
	3560	20	39
	3561	20	41
	3562	17	44
	3563	21	41
	3564	21	40
	3565	19	40
	3566	20	37
	3567	20	42
	3568	19	37
	3569	19	39
	3570	18	39
	3571	21	40
	3572	18	40
	3573	21	38
	3574	18	38
	3575	17	40
	3576	19	37
	3577	18	40
	3578	20	37
	3579	20	41
	3580	18	37
	3581	18	40
	3582	19	38
	3583	26	41
	3584	20	39
	3585	22	36
	3586	20	39
	3587	20	38
	3588	17	39
	3589	20	41
	3590	20	40
	3591	21	39
	3592	22	38
	3593	20	40
	3594	19	38
	3595	21	42
	3596	20	40
	3597	21	39
	3598	16	38
	3599	19	43
	3600	19	39
	3601	19	39
	3602	21	37
	3603	20	39
	3604	19	40
	3605	19	37
	3606	19	36
	3607	19	36
	3608	16	40
	3609	18	40
	3610	19	39
	3611	20	42
	3612	21	38
	3613	19	42
	3614	19	39
	3615	18	39
	3616	19	42
	3617	19	39
	3618	19	39
	3619	21	41
	3620	19	40
	3621	20	41
	3622	21	40
	3623	20	42
	3624	21	41
	3625	21	41
	3626	19	41
	3627	19	39
	3628	19	40
	3629	19	38
	3630	20	41
	3631	19	40
	3632	19	42
	3633	21	41
	3634	17	41
	3635	19	41
	3636	21	39
	3637	20	41
	3638	17	41
	3639	21	41
	3640	19	38
	3641	22	40
	3642	18	39
	3643	21	39
	3644	22	38
	3645	21	41
	3646	19	40
	3647	21	42
	3648	17	39
	3649	21	41
	3650	19	40
	3651	20	40
	3652	18	37
	3653	17	41
	3654	18	39
	3655	18	36
	3656	19	40
	3657	21	37
	3658	22	38
	3659	19	39
	3660	19	38
	3661	20	38
	3662	18	42
	3663	20	41
	3664	15	39
	3665	19	40
	3666	16	38
	3667	19	41
	3668	20	40
	3669	20	42
	3670	17	39
	3671	18	37
	3672	18	38
	3673	19	40
	3674	21	38
	3675	17	41
	3676	19	41
	3677	18	39
	3678	18	40
	3679	19	40
	3680	22	40
	3681	21	42
	3682	21	38
	3683	22	35
	3684	17	38
	3685	20	39
	3686	17	39
	3687	20	38
	3688	20	39
	3689	16	41
	3690	19	42
	3691	20	40
	3692	20	38
	3693	19	43
	3694	19	39
	3695	20	41
	3696	18	42
	3697	21	37
	3698	18	39
	3699	19	40
	3700	23	41
	3701	19	39
	3702	19	37
	3703	20	36
	3704	19	39
	3705	20	39
	3706	19	37
	3707	17	40
	3708	19	40
	3709	20	41
	3710	19	41
	3711	18	39
	3712	19	39
	3713	20	39
	3714	18	38
	3715	18	39
	3716	18	36
	3717	21	39
	3718	17	37
	3719	20	40
	3720	20	41
	3721	18	41
	3722	19	39
	3723	20	38
