	0	16	39
	1	18	38
	2	18	38
	3	20	39
	4	19	39
	5	19	39
	6	20	36
	7	16	37
	8	17	34
	9	20	37
	10	16	39
	11	19	39
	12	18	34
	13	17	38
	14	17	39
	15	18	39
	16	15	38
	17	18	38
	18	18	36
	19	15	36
	20	18	38
	21	16	36
	22	18	37
	23	20	36
	24	17	36
	25	16	41
	26	21	40
	27	20	39
	28	20	42
	29	20	41
	30	21	43
	31	22	43
	32	18	39
	33	21	43
	34	21	41
	35	23	43
	36	20	41
	37	21	41
	38	20	43
	39	20	41
	40	20	39
	41	21	42
	42	19	40
	43	20	44
	44	20	43
	45	21	41
	46	21	42
	47	19	41
	48	19	38
	49	21	42
	50	24	42
	51	21	41
	52	19	43
	53	21	41
	54	22	40
	55	22	40
	56	21	41
	57	20	40
	58	22	42
	59	21	42
	60	21	42
	61	23	42
	62	23	42
	63	21	43
	64	22	45
	65	24	46
	66	23	41
	67	23	40
	68	20	41
	69	24	42
	70	22	40
	71	20	43
	72	22	41
	73	21	42
	74	22	45
	75	22	43
	76	20	41
	77	24	42
	78	23	40
	79	23	43
	80	21	43
	81	22	42
	82	22	40
	83	21	44
	84	21	43
	85	22	42
	86	21	43
	87	25	42
	88	21	44
	89	21	41
	90	23	42
	91	25	42
	92	20	41
	93	23	45
	94	20	44
	95	22	41
	96	22	51
	97	23	46
	98	22	42
	99	20	44
	100	22	42
	101	24	42
	102	23	40
	103	21	43
	104	25	41
	105	21	42
	106	24	43
	107	20	42
	108	20	43
	109	23	43
	110	22	41
	111	25	42
	112	21	42
	113	22	42
	114	20	43
	115	21	42
	116	23	41
	117	24	42
	118	22	43
	119	22	45
	120	21	42
	121	21	42
	122	21	41
	123	24	47
	124	23	43
	125	23	43
	126	24	41
	127	26	40
	128	23	44
	129	26	43
	130	21	41
	131	21	41
	132	23	39
	133	23	39
	134	23	40
	135	24	43
	136	30	43
	137	24	44
	138	22	43
	139	23	42
	140	23	42
	141	28	43
	142	27	40
	143	25	40
	144	22	40
	145	23	42
	146	22	42
	147	25	41
	148	21	46
	149	25	41
	150	21	42
	151	25	42
	152	23	38
	153	23	42
	154	24	43
	155	24	43
	156	21	43
	157	25	46
	158	21	42
	159	25	43
	160	25	41
	161	25	42
	162	22	41
	163	27	39
	164	22	41
	165	23	42
	166	25	42
	167	23	45
	168	23	44
	169	24	41
	170	22	43
	171	24	45
	172	22	40
	173	25	42
	174	23	43
	175	23	43
	176	23	42
	177	24	43
	178	24	43
	179	23	42
	180	22	39
	181	25	42
	182	23	43
	183	24	42
	184	23	43
	185	22	42
	186	22	43
	187	24	44
	188	25	45
	189	25	41
	190	23	45
	191	22	46
	192	22	44
	193	24	44
	194	25	42
	195	21	43
	196	23	43
	197	23	39
	198	21	43
	199	21	46
	200	21	40
	201	25	41
	202	25	43
	203	22	43
	204	23	43
	205	24	43
	206	23	40
	207	25	41
	208	23	44
	209	26	40
	210	23	44
	211	24	44
	212	22	41
	213	24	46
	214	24	42
	215	23	44
	216	25	43
	217	24	45
	218	23	42
	219	24	51
	220	20	44
	221	22	44
	222	24	44
	223	27	43
	224	22	42
	225	23	45
	226	23	43
	227	24	42
	228	25	45
	229	24	44
	230	24	42
	231	24	43
	232	18	39
	233	23	41
	234	26	40
	235	25	39
	236	22	42
	237	22	42
	238	26	43
	239	23	43
	240	23	43
	241	25	47
	242	22	45
	243	24	43
	244	23	42
	245	19	46
	246	23	42
	247	23	45
	248	24	45
	249	23	45
	250	23	42
	251	22	47
	252	22	43
	253	23	42
	254	23	44
	255	24	46
	256	23	43
	257	28	45
	258	22	48
	259	25	45
	260	25	45
	261	23	44
	262	24	44
	263	24	43
	264	23	43
	265	22	43
	266	21	39
	267	25	45
	268	23	46
	269	23	42
	270	23	40
	271	24	40
	272	23	42
	273	24	42
	274	23	40
	275	25	43
	276	23	44
	277	25	46
	278	23	42
	279	21	42
	280	22	40
	281	24	42
	282	23	43
	283	26	45
	284	22	43
	285	24	43
	286	23	43
	287	26	43
	288	24	45
	289	24	44
	290	28	44
	291	25	40
	292	22	45
	293	20	43
	294	25	44
	295	24	45
	296	22	41
	297	25	47
	298	32	39
	299	25	43
	300	23	41
	301	25	42
	302	20	45
	303	26	43
	304	19	43
	305	23	45
	306	22	41
	307	26	42
	308	27	43
	309	22	43
	310	23	44
	311	26	46
	312	23	43
	313	22	45
	314	24	41
	315	23	44
	316	23	44
	317	25	45
	318	24	43
	319	29	45
	320	24	42
	321	25	45
	322	25	45
	323	24	44
	324	23	40
	325	25	41
	326	23	43
	327	25	43
	328	23	43
	329	23	43
	330	26	42
	331	25	45
	332	25	43
	333	28	46
	334	22	39
	335	25	42
	336	23	41
	337	25	46
	338	24	40
	339	27	44
	340	23	44
	341	24	42
	342	23	42
	343	25	43
	344	24	42
	345	25	43
	346	27	41
	347	23	41
	348	22	43
	349	24	41
	350	27	42
	351	27	47
	352	25	40
	353	25	44
	354	25	42
	355	23	41
	356	24	43
	357	24	43
	358	28	43
	359	28	44
	360	24	41
	361	25	42
	362	25	43
	363	30	43
	364	27	40
	365	27	44
	366	25	45
	367	27	44
	368	25	43
	369	24	41
	370	25	43
	371	28	44
	372	22	42
	373	28	40
	374	26	38
	375	25	42
	376	27	40
	377	26	43
	378	28	43
	379	28	40
	380	26	44
	381	27	42
	382	25	43
	383	25	43
	384	28	43
	385	29	44
	386	28	42
	387	29	43
	388	28	43
	389	28	40
	390	26	41
	391	27	45
	392	26	43
	393	26	45
	394	28	44
	395	27	41
	396	24	44
	397	28	46
	398	26	44
	399	25	49
	400	28	40
	401	29	42
	402	30	42
	403	26	46
	404	27	42
	405	32	43
	406	30	42
	407	28	41
	408	27	42
	409	29	45
	410	28	42
	411	30	43
	412	28	43
	413	27	42
	414	25	44
	415	28	44
	416	27	40
	417	29	42
	418	29	44
	419	29	43
	420	29	41
	421	28	44
	422	30	39
	423	29	47
	424	29	43
	425	33	43
	426	27	43
	427	28	46
	428	30	44
	429	29	43
	430	29	42
	431	29	44
	432	30	44
	433	33	39
	434	31	44
	435	28	44
	436	31	43
	437	34	43
	438	30	40
	439	31	46
	440	31	47
	441	33	47
	442	33	43
	443	32	45
	444	29	41
	445	33	45
	446	31	44
	447	32	44
	448	29	46
	449	33	44
	450	34	44
	451	33	45
	452	39	43
	453	30	42
	454	34	41
	455	30	42
	456	34	46
	457	33	44
	458	33	40
	459	33	43
	460	29	46
	461	33	42
	462	32	43
	463	35	43
	464	36	42
	465	34	43
	466	37	43
	467	36	44
	468	34	45
	469	36	45
	470	36	42
	471	37	44
	472	36	44
	473	37	47
	474	37	44
	475	37	43
	476	38	46
	477	35	45
	478	40	44
	479	37	44
	480	38	42
	481	38	41
	482	36	46
	483	37	44
	484	36	43
	485	36	45
	486	37	44
	487	38	42
	488	38	45
	489	39	45
	490	38	47
	491	42	46
	492	39	43
	493	40	41
	494	37	44
	495	39	46
	496	42	41
	497	43	43
	498	40	42
	499	38	45
	500	40	45
	501	44	44
	502	43	43
	503	42	41
	504	42	41
	505	42	44
	506	40	44
	507	43	48
	508	42	44
	509	44	45
	510	41	45
	511	41	49
	512	44	46
	513	41	45
	514	43	43
	515	43	43
	516	42	48
	517	47	46
	518	45	43
	519	45	44
	520	44	45
	521	44	46
	522	43	45
	523	45	47
	524	45	48
	525	49	46
	526	46	43
	527	46	48
	528	44	43
	529	48	46
	530	47	44
	531	48	46
	532	42	45
	533	47	44
	534	46	47
	535	47	45
	536	49	48
	537	51	46
	538	48	44
	539	48	44
	540	49	46
	541	50	44
	542	49	42
	543	51	48
	544	50	47
	545	51	44
	546	49	45
	547	52	46
	548	56	44
	549	51	44
	550	51	47
	551	54	46
	552	49	46
	553	53	46
	554	52	47
	555	56	46
	556	55	47
	557	56	51
	558	57	45
	559	58	49
	560	54	45
	561	57	46
	562	55	43
	563	57	45
	564	57	43
	565	56	48
	566	59	48
	567	55	48
	568	60	47
	569	55	48
	570	56	46
	571	63	47
	572	59	44
	573	59	49
	574	59	48
	575	59	47
	576	62	46
	577	61	48
	578	57	43
	579	61	46
	580	61	47
	581	63	46
	582	63	46
	583	65	47
	584	64	47
	585	63	48
	586	65	49
	587	70	47
	588	65	46
	589	67	44
	590	65	47
	591	66	47
	592	69	46
	593	72	48
	594	70	47
	595	66	47
	596	69	47
	597	68	44
	598	69	46
	599	71	49
	600	70	46
	601	73	47
	602	68	49
	603	71	49
	604	69	47
	605	73	49
	606	74	45
	607	75	48
	608	74	50
	609	76	47
	610	79	47
	611	74	50
	612	73	52
	613	75	47
	614	75	46
	615	77	49
	616	78	46
	617	78	48
	618	78	47
	619	80	51
	620	77	47
	621	78	47
	622	79	49
	623	81	49
	624	80	48
	625	78	50
	626	81	49
	627	81	48
	628	80	49
	629	85	51
	630	83	51
	631	84	52
	632	83	49
	633	84	52
	634	86	51
	635	85	51
	636	87	49
	637	84	51
	638	83	51
	639	81	53
	640	85	51
	641	86	50
	642	85	50
	643	86	48
	644	86	49
	645	88	49
	646	89	50
	647	85	49
	648	90	47
	649	92	51
	650	88	49
	651	92	51
	652	91	50
	653	90	51
	654	92	48
	655	93	48
	656	92	50
	657	93	51
	658	91	52
	659	91	51
	660	92	52
	661	93	52
	662	91	54
	663	93	51
	664	93	51
	665	99	50
	666	97	53
	667	96	51
	668	95	50
	669	98	51
	670	96	50
	671	94	53
	672	98	48
	673	98	53
	674	100	54
	675	99	50
	676	99	49
	677	100	53
	678	98	52
	679	102	55
	680	101	51
	681	98	55
	682	100	51
	683	101	51
	684	102	51
	685	102	50
	686	100	52
	687	107	52
	688	104	50
	689	104	53
	690	108	52
	691	107	53
	692	103	50
	693	107	54
	694	107	53
	695	109	52
	696	104	50
	697	105	54
	698	104	52
	699	108	54
	700	105	53
	701	109	52
	702	110	48
	703	111	51
	704	109	54
	705	107	52
	706	110	52
	707	109	51
	708	115	51
	709	110	52
	710	109	53
	711	112	54
	712	108	53
	713	109	55
	714	112	59
	715	110	55
	716	111	55
	717	111	53
	718	110	54
	719	111	54
	720	112	55
	721	111	55
	722	115	52
	723	110	54
	724	113	54
	725	115	54
	726	115	55
	727	115	52
	728	116	52
	729	115	56
	730	115	54
	731	115	58
	732	113	54
	733	114	55
	734	113	53
	735	117	53
	736	114	55
	737	114	55
	738	119	56
	739	117	53
	740	112	56
	741	116	54
	742	117	57
	743	116	59
	744	114	56
	745	117	54
	746	117	58
	747	119	55
	748	118	56
	749	120	58
	750	116	53
	751	117	56
	752	113	55
	753	113	54
	754	115	54
	755	119	55
	756	121	53
	757	116	56
	758	115	54
	759	120	57
	760	113	55
	761	118	51
	762	112	56
	763	118	57
	764	117	56
	765	114	52
	766	120	55
	767	116	57
	768	113	56
	769	116	57
	770	114	52
	771	118	54
	772	116	51
	773	118	53
	774	116	54
	775	119	55
	776	118	52
	777	118	55
	778	116	54
	779	117	53
	780	116	55
	781	117	54
	782	115	55
	783	114	55
	784	116	54
	785	120	54
	786	118	56
	787	115	53
	788	114	54
	789	116	57
	790	114	53
	791	119	54
	792	112	55
	793	114	56
	794	111	51
	795	114	55
	796	116	53
	797	113	56
	798	115	52
	799	115	52
	800	115	54
	801	114	53
	802	113	53
	803	115	60
	804	113	53
	805	115	55
	806	113	53
	807	113	51
	808	112	57
	809	113	53
	810	108	51
	811	113	52
	812	106	53
	813	109	51
	814	106	52
	815	107	52
	816	110	50
	817	106	55
	818	108	51
	819	109	51
	820	105	51
	821	105	52
	822	107	50
	823	109	56
	824	107	52
	825	107	52
	826	107	52
	827	106	52
	828	107	51
	829	102	52
	830	105	51
	831	106	54
	832	103	52
	833	101	52
	834	102	50
	835	96	49
	836	100	47
	837	104	49
	838	99	51
	839	102	52
	840	102	51
	841	101	53
	842	102	48
	843	98	51
	844	99	49
	845	98	49
	846	98	52
	847	100	50
	848	96	48
	849	99	52
	850	101	50
	851	97	51
	852	96	50
	853	98	51
	854	98	52
	855	99	52
	856	99	50
	857	99	51
	858	97	50
	859	100	49
	860	97	51
	861	97	49
	862	96	50
	863	97	48
	864	95	51
	865	94	47
	866	96	49
	867	97	52
	868	95	51
	869	96	51
	870	91	49
	871	94	53
	872	89	51
	873	89	53
	874	92	50
	875	91	49
	876	91	50
	877	95	48
	878	91	47
	879	95	49
	880	89	47
	881	93	50
	882	89	48
	883	91	51
	884	94	48
	885	88	48
	886	87	47
	887	93	49
	888	91	49
	889	87	51
	890	88	49
	891	87	52
	892	90	49
	893	88	51
	894	90	49
	895	89	49
	896	86	52
	897	90	47
	898	85	48
	899	87	47
	900	82	50
	901	86	47
	902	86	47
	903	86	49
	904	86	47
	905	83	53
	906	82	48
	907	85	47
	908	86	49
	909	86	47
	910	84	45
	911	83	47
	912	82	48
	913	77	48
	914	84	47
	915	81	47
	916	81	48
	917	78	49
	918	78	49
	919	83	48
	920	82	47
	921	79	48
	922	79	47
	923	80	51
	924	76	46
	925	77	48
	926	76	45
	927	76	46
	928	77	47
	929	78	46
	930	74	49
	931	79	49
	932	74	45
	933	72	45
	934	73	47
	935	76	45
	936	75	45
	937	75	47
	938	73	47
	939	71	47
	940	74	47
	941	70	46
	942	71	46
	943	68	46
	944	72	43
	945	71	46
	946	71	46
	947	68	45
	948	71	45
	949	73	45
	950	67	53
	951	67	46
	952	67	47
	953	69	48
	954	67	44
	955	69	44
	956	70	44
	957	65	49
	958	68	45
	959	66	47
	960	64	39
	961	69	46
	962	66	45
	963	65	46
	964	64	45
	965	62	44
	966	63	45
	967	63	45
	968	64	45
	969	61	48
	970	63	48
	971	61	44
	972	59	46
	973	65	45
	974	62	45
	975	59	44
	976	62	44
	977	58	46
	978	58	46
	979	56	44
	980	54	45
	981	58	46
	982	56	45
	983	59	49
	984	54	44
	985	57	47
	986	52	45
	987	53	46
	988	53	44
	989	53	44
	990	50	42
	991	50	44
	992	51	42
	993	50	46
	994	51	42
	995	50	46
	996	51	42
	997	51	46
	998	50	43
	999	50	45
	1000	51	46
	1001	51	45
	1002	48	44
	1003	50	46
	1004	47	44
	1005	48	42
	1006	53	45
	1007	52	48
	1008	48	44
	1009	49	45
	1010	49	41
	1011	49	43
	1012	46	46
	1013	49	42
	1014	47	42
	1015	49	44
	1016	49	46
	1017	48	43
	1018	49	43
	1019	50	43
	1020	46	47
	1021	46	45
	1022	48	42
	1023	46	43
	1024	47	44
	1025	45	41
	1026	45	46
	1027	50	45
	1028	47	43
	1029	46	43
	1030	45	38
	1031	45	45
	1032	45	42
	1033	45	43
	1034	43	45
	1035	45	43
	1036	45	43
	1037	47	48
	1038	44	44
	1039	45	42
	1040	45	44
	1041	43	42
	1042	43	40
	1043	46	42
	1044	44	49
	1045	43	41
	1046	45	40
	1047	44	43
	1048	45	44
	1049	45	43
	1050	43	43
	1051	44	43
	1052	44	39
	1053	46	41
	1054	44	43
	1055	46	47
	1056	43	42
	1057	41	40
	1058	43	43
	1059	42	42
	1060	40	43
	1061	43	45
	1062	40	43
	1063	44	46
	1064	40	42
	1065	42	38
	1066	42	42
	1067	40	41
	1068	42	42
	1069	41	41
	1070	41	41
	1071	42	41
	1072	38	42
	1073	42	39
	1074	40	41
	1075	38	44
	1076	39	44
	1077	48	43
	1078	43	43
	1079	45	44
	1080	40	44
	1081	41	42
	1082	41	43
	1083	43	45
	1084	41	42
	1085	41	42
	1086	39	44
	1087	40	43
	1088	39	41
	1089	42	40
	1090	43	39
	1091	40	44
	1092	41	41
	1093	40	43
	1094	40	41
	1095	42	42
	1096	42	42
	1097	40	44
	1098	40	42
	1099	41	43
	1100	41	40
	1101	42	46
	1102	40	40
	1103	38	42
	1104	41	41
	1105	41	40
	1106	40	44
	1107	43	43
	1108	41	43
	1109	40	44
	1110	42	50
	1111	39	42
	1112	41	42
	1113	41	40
	1114	38	43
	1115	38	43
	1116	42	42
	1117	42	43
	1118	41	41
	1119	42	40
	1120	39	40
	1121	43	44
	1122	38	39
	1123	40	44
	1124	38	41
	1125	40	41
	1126	38	47
	1127	39	42
	1128	36	42
	1129	40	42
	1130	38	44
	1131	39	43
	1132	41	46
	1133	38	44
	1134	37	41
	1135	37	43
	1136	39	48
	1137	39	44
	1138	39	39
	1139	39	45
	1140	42	43
	1141	41	41
	1142	36	43
	1143	37	41
	1144	40	43
	1145	39	43
	1146	38	45
	1147	41	43
	1148	39	43
	1149	36	41
	1150	38	43
	1151	39	42
	1152	38	41
	1153	36	44
	1154	42	40
	1155	41	41
	1156	37	39
	1157	40	42
	1158	38	44
	1159	38	43
	1160	39	46
	1161	40	43
	1162	38	40
	1163	37	45
	1164	38	43
	1165	39	41
	1166	39	43
	1167	41	43
	1168	36	39
	1169	39	42
	1170	38	39
	1171	42	43
	1172	37	42
	1173	38	41
	1174	38	41
	1175	38	44
	1176	38	43
	1177	40	43
	1178	41	41
	1179	37	41
	1180	39	45
	1181	38	42
	1182	40	43
	1183	38	41
	1184	37	45
	1185	37	38
	1186	37	38
	1187	38	42
	1188	36	42
	1189	38	45
	1190	38	41
	1191	39	41
	1192	36	41
	1193	36	43
	1194	37	43
	1195	37	44
	1196	38	41
	1197	40	46
	1198	37	42
	1199	36	42
	1200	37	43
	1201	37	45
	1202	37	42
	1203	36	42
	1204	39	41
	1205	40	42
	1206	38	43
	1207	41	42
	1208	37	40
	1209	39	43
	1210	40	44
	1211	39	43
	1212	39	42
	1213	39	39
	1214	36	43
	1215	35	42
	1216	36	43
	1217	39	41
	1218	37	41
	1219	38	40
	1220	37	42
	1221	41	44
	1222	37	40
	1223	37	41
	1224	34	39
	1225	39	43
	1226	36	43
	1227	37	41
	1228	38	43
	1229	37	45
	1230	38	41
	1231	35	44
	1232	33	41
	1233	38	40
	1234	31	43
	1235	37	44
	1236	38	41
	1237	39	45
	1238	37	43
	1239	36	42
	1240	36	40
	1241	36	45
	1242	37	39
	1243	36	43
	1244	39	42
	1245	38	41
	1246	36	44
	1247	39	44
	1248	36	40
	1249	39	42
	1250	35	39
	1251	38	41
	1252	33	44
	1253	36	42
	1254	35	42
	1255	37	44
	1256	34	42
	1257	36	43
	1258	38	41
	1259	36	42
	1260	37	43
	1261	38	42
	1262	36	41
	1263	36	44
	1264	36	41
	1265	36	43
	1266	43	44
	1267	43	44
	1268	37	43
	1269	36	43
	1270	34	43
	1271	38	42
	1272	33	43
	1273	39	42
	1274	39	42
	1275	39	47
	1276	35	41
	1277	39	41
	1278	38	39
	1279	35	43
	1280	35	42
	1281	36	44
	1282	36	40
	1283	37	41
	1284	35	45
	1285	34	44
	1286	36	41
	1287	36	40
	1288	36	40
	1289	38	41
	1290	37	44
	1291	35	43
	1292	35	41
	1293	35	43
	1294	31	39
	1295	37	43
	1296	35	43
	1297	35	41
	1298	34	44
	1299	37	45
	1300	36	42
	1301	35	45
	1302	35	42
	1303	35	43
	1304	35	42
	1305	34	45
	1306	37	46
	1307	35	40
	1308	34	40
	1309	33	41
	1310	34	37
	1311	38	42
	1312	35	41
	1313	37	41
	1314	39	43
	1315	38	43
	1316	38	39
	1317	37	42
	1318	32	42
	1319	38	41
	1320	35	44
	1321	37	44
	1322	36	43
	1323	34	42
	1324	36	42
	1325	35	40
	1326	35	43
	1327	34	44
	1328	33	43
	1329	36	43
	1330	34	42
	1331	36	39
	1332	29	41
	1333	34	42
	1334	35	43
	1335	34	44
	1336	34	40
	1337	33	42
	1338	31	41
	1339	32	41
	1340	36	38
	1341	37	44
	1342	34	41
	1343	34	41
	1344	33	41
	1345	35	40
	1346	33	42
	1347	34	43
	1348	35	39
	1349	34	44
	1350	33	40
	1351	35	41
	1352	32	42
	1353	34	39
	1354	32	44
	1355	36	43
	1356	34	42
	1357	32	43
	1358	37	42
	1359	37	40
	1360	34	41
	1361	37	43
	1362	31	39
	1363	33	41
	1364	32	42
	1365	33	43
	1366	31	41
	1367	31	40
	1368	32	41
	1369	33	43
	1370	32	42
	1371	33	42
	1372	39	40
	1373	31	40
	1374	34	40
	1375	35	42
	1376	31	39
	1377	32	43
	1378	31	42
	1379	33	41
	1380	35	41
	1381	42	43
	1382	34	41
	1383	33	43
	1384	31	43
	1385	32	44
	1386	35	39
	1387	34	42
	1388	33	42
	1389	34	44
	1390	33	41
	1391	34	42
	1392	33	42
	1393	31	43
	1394	30	41
	1395	36	43
	1396	32	41
	1397	31	43
	1398	32	44
	1399	31	46
	1400	35	45
	1401	34	39
	1402	32	41
	1403	31	43
	1404	32	41
	1405	32	41
	1406	31	40
	1407	33	42
	1408	31	41
	1409	33	42
	1410	34	45
	1411	33	42
	1412	31	43
	1413	33	41
	1414	33	40
	1415	36	42
	1416	33	42
	1417	31	40
	1418	33	37
	1419	34	41
	1420	31	42
	1421	30	42
	1422	29	42
	1423	32	41
	1424	27	46
	1425	35	39
	1426	31	42
	1427	33	44
	1428	32	42
	1429	32	44
	1430	31	42
	1431	31	43
	1432	31	44
	1433	32	41
	1434	32	41
	1435	32	41
	1436	31	43
	1437	32	40
	1438	34	41
	1439	31	42
	1440	30	42
	1441	32	42
	1442	32	40
	1443	32	40
	1444	30	40
	1445	31	41
	1446	31	40
	1447	34	42
	1448	34	40
	1449	32	43
	1450	31	39
	1451	28	40
	1452	29	43
	1453	33	42
	1454	30	43
	1455	32	43
	1456	30	40
	1457	32	42
	1458	31	42
	1459	32	43
	1460	31	42
	1461	30	43
	1462	31	42
	1463	30	45
	1464	31	41
	1465	32	40
	1466	31	41
	1467	30	43
	1468	31	43
	1469	30	41
	1470	31	45
	1471	29	43
	1472	32	41
	1473	31	41
	1474	29	43
	1475	30	42
	1476	30	38
	1477	33	42
	1478	31	43
	1479	29	40
	1480	29	42
	1481	28	38
	1482	29	39
	1483	28	40
	1484	27	39
	1485	32	43
	1486	30	43
	1487	30	44
	1488	27	39
	1489	30	43
	1490	29	40
	1491	30	40
	1492	27	43
	1493	30	43
	1494	30	43
	1495	29	45
	1496	25	42
	1497	28	40
	1498	29	39
	1499	27	44
	1500	28	43
	1501	28	43
	1502	26	40
	1503	31	41
	1504	29	41
	1505	29	42
	1506	31	42
	1507	31	44
	1508	29	40
	1509	31	42
	1510	29	41
	1511	30	40
	1512	29	41
	1513	30	42
	1514	30	39
	1515	26	43
	1516	28	40
	1517	31	39
	1518	29	43
	1519	29	41
	1520	29	42
	1521	28	40
	1522	28	41
	1523	30	42
	1524	29	43
	1525	29	40
	1526	30	40
	1527	30	43
	1528	31	41
	1529	29	42
	1530	28	38
	1531	37	42
	1532	29	40
	1533	31	43
	1534	29	43
	1535	30	42
	1536	27	41
	1537	30	40
	1538	29	41
	1539	31	43
	1540	30	41
	1541	27	42
	1542	30	39
	1543	32	44
	1544	31	41
	1545	29	39
	1546	28	40
	1547	28	40
	1548	29	40
	1549	30	39
	1550	27	43
	1551	30	45
	1552	29	43
	1553	31	42
	1554	28	42
	1555	27	43
	1556	30	41
	1557	32	41
	1558	30	48
	1559	29	39
	1560	29	41
	1561	33	42
	1562	31	42
	1563	34	43
	1564	34	39
	1565	35	44
	1566	34	40
	1567	31	42
	1568	32	41
	1569	36	42
	1570	34	42
	1571	36	50
	1572	33	44
	1573	32	43
	1574	35	40
	1575	35	43
	1576	33	44
	1577	36	45
	1578	36	45
	1579	35	41
	1580	40	42
	1581	39	46
	1582	35	43
	1583	40	47
	1584	40	44
	1585	44	44
	1586	39	46
	1587	39	43
	1588	39	43
	1589	38	47
	1590	39	42
	1591	39	42
	1592	37	46
	1593	39	43
	1594	36	40
	1595	38	43
	1596	39	43
	1597	44	44
	1598	41	43
	1599	39	46
	1600	33	42
	1601	39	42
	1602	38	44
	1603	38	42
	1604	39	44
	1605	38	45
	1606	35	41
	1607	37	47
	1608	38	41
	1609	39	45
	1610	35	45
	1611	37	42
	1612	36	42
	1613	35	44
	1614	35	42
	1615	36	44
	1616	35	41
	1617	39	45
	1618	37	44
	1619	38	46
	1620	39	41
	1621	38	45
	1622	40	41
	1623	35	43
	1624	40	44
	1625	39	43
	1626	38	44
	1627	37	43
	1628	37	43
	1629	36	42
	1630	34	42
	1631	37	40
	1632	37	43
	1633	40	46
	1634	34	45
	1635	38	45
	1636	36	43
	1637	38	44
	1638	35	43
	1639	37	45
	1640	39	41
	1641	38	43
	1642	36	42
	1643	38	42
	1644	33	44
	1645	37	41
	1646	41	42
	1647	39	43
	1648	36	42
	1649	37	44
	1650	35	45
	1651	35	44
	1652	35	41
	1653	35	45
	1654	36	43
	1655	40	42
	1656	32	42
	1657	37	44
	1658	39	42
	1659	37	41
	1660	37	42
	1661	38	44
	1662	37	44
	1663	41	43
	1664	37	42
	1665	37	41
	1666	39	45
	1667	40	43
	1668	35	45
	1669	37	45
	1670	36	43
	1671	38	45
	1672	35	43
	1673	38	41
	1674	34	43
	1675	37	44
	1676	36	40
	1677	40	43
	1678	33	43
	1679	36	42
	1680	36	42
	1681	35	42
	1682	35	42
	1683	32	43
	1684	35	45
	1685	31	39
	1686	32	43
	1687	36	45
	1688	32	44
	1689	33	44
	1690	31	42
	1691	34	44
	1692	28	41
	1693	32	44
	1694	29	41
	1695	32	42
	1696	30	43
	1697	27	44
	1698	29	44
	1699	29	40
	1700	27	40
	1701	28	42
	1702	28	40
	1703	26	40
	1704	24	41
	1705	28	42
	1706	25	39
	1707	24	41
	1708	25	39
	1709	26	41
	1710	23	42
	1711	23	37
	1712	22	38
	1713	24	41
	1714	24	42
	1715	28	41
	1716	25	40
	1717	26	42
	1718	27	43
	1719	23	42
	1720	24	39
	1721	27	41
	1722	25	40
	1723	25	39
	1724	21	39
	1725	26	42
	1726	30	39
	1727	27	41
	1728	25	39
	1729	24	42
	1730	22	40
	1731	26	42
	1732	26	44
	1733	25	39
	1734	22	41
	1735	23	41
	1736	22	41
	1737	24	41
	1738	24	41
	1739	25	41
	1740	26	40
	1741	25	41
	1742	23	37
	1743	26	43
	1744	22	39
	1745	22	42
	1746	24	40
	1747	23	41
	1748	27	41
	1749	24	39
	1750	22	41
	1751	22	39
	1752	20	42
	1753	24	40
	1754	24	40
	1755	25	43
	1756	24	41
	1757	24	39
	1758	22	39
	1759	25	43
	1760	24	44
	1761	24	41
	1762	25	39
	1763	26	42
	1764	23	42
	1765	24	40
	1766	25	41
	1767	22	42
	1768	23	40
	1769	24	40
	1770	23	40
	1771	25	39
	1772	22	38
	1773	23	42
	1774	25	42
	1775	22	41
	1776	23	42
	1777	26	40
	1778	24	40
	1779	22	42
	1780	23	41
	1781	24	44
	1782	26	40
	1783	21	39
	1784	23	40
	1785	21	42
	1786	23	41
	1787	26	42
	1788	25	39
	1789	23	39
	1790	21	40
	1791	25	40
	1792	21	40
	1793	24	40
	1794	23	36
	1795	23	47
	1796	21	38
	1797	24	41
	1798	19	39
	1799	24	40
	1800	24	38
	1801	25	42
	1802	23	39
	1803	24	42
	1804	22	40
	1805	21	37
	1806	23	41
	1807	23	41
	1808	22	40
	1809	24	42
	1810	24	41
	1811	26	41
	1812	24	42
	1813	24	40
	1814	24	41
	1815	22	42
	1816	19	40
	1817	21	41
	1818	24	39
	1819	25	41
	1820	21	40
	1821	22	41
	1822	21	40
	1823	25	39
	1824	20	40
	1825	25	39
	1826	23	39
	1827	23	41
	1828	23	40
	1829	24	40
	1830	22	41
	1831	24	40
	1832	24	37
	1833	23	40
	1834	22	40
	1835	25	39
	1836	20	39
	1837	24	40
	1838	22	41
	1839	24	40
	1840	22	39
	1841	22	43
	1842	23	42
	1843	20	36
	1844	21	41
	1845	20	40
	1846	23	40
	1847	24	40
	1848	24	39
	1849	22	41
	1850	22	39
	1851	21	37
	1852	22	40
	1853	24	38
	1854	23	38
	1855	22	40
	1856	23	42
	1857	25	42
	1858	23	40
	1859	22	40
	1860	20	38
	1861	24	41
	1862	23	39
	1863	22	41
	1864	20	39
	1865	24	40
	1866	21	39
	1867	24	41
	1868	22	39
	1869	22	40
	1870	22	40
	1871	23	39
	1872	24	41
	1873	22	39
	1874	24	39
	1875	24	39
	1876	22	39
	1877	21	40
	1878	24	40
	1879	22	42
	1880	23	39
	1881	24	38
	1882	23	39
	1883	25	40
	1884	22	39
	1885	22	42
	1886	21	39
	1887	23	41
	1888	21	37
	1889	23	41
	1890	23	42
	1891	23	42
	1892	23	39
	1893	22	42
	1894	21	42
	1895	24	39
	1896	22	39
	1897	19	41
	1898	24	41
	1899	23	41
	1900	20	39
	1901	25	39
	1902	22	40
	1903	24	40
	1904	22	38
	1905	23	41
	1906	23	42
	1907	29	41
	1908	19	37
	1909	22	41
	1910	21	38
	1911	22	41
	1912	25	42
	1913	22	38
	1914	23	40
	1915	22	42
	1916	23	36
	1917	25	39
	1918	23	39
	1919	23	42
	1920	22	40
	1921	23	47
	1922	22	39
	1923	25	38
	1924	23	38
	1925	20	41
	1926	24	42
	1927	23	38
	1928	23	38
	1929	24	40
	1930	23	40
	1931	25	40
	1932	21	39
	1933	25	40
	1934	16	37
	1935	24	41
	1936	19	41
	1937	22	42
	1938	21	41
	1939	22	39
	1940	20	41
	1941	19	43
	1942	20	39
	1943	23	41
	1944	23	35
	1945	21	42
	1946	23	39
	1947	22	42
	1948	22	40
	1949	22	41
	1950	20	43
	1951	24	40
	1952	18	38
	1953	22	39
	1954	22	40
	1955	19	41
	1956	25	40
	1957	23	42
	1958	21	39
	1959	23	39
	1960	23	39
	1961	23	39
	1962	22	39
	1963	24	40
	1964	23	39
	1965	24	40
	1966	21	40
	1967	22	38
	1968	21	38
	1969	23	42
	1970	22	43
	1971	21	41
	1972	22	37
	1973	21	42
	1974	22	39
	1975	22	42
	1976	22	40
	1977	21	39
	1978	22	41
	1979	23	40
	1980	19	40
	1981	21	39
	1982	22	41
	1983	19	39
	1984	23	41
	1985	22	39
	1986	19	40
	1987	22	40
	1988	22	37
	1989	22	38
	1990	23	40
	1991	20	39
	1992	21	38
	1993	21	38
	1994	21	40
	1995	22	42
	1996	21	39
	1997	22	40
	1998	24	40
	1999	22	40
	2000	20	39
	2001	22	42
	2002	22	40
	2003	20	39
	2004	25	45
	2005	22	42
	2006	22	39
	2007	21	38
	2008	20	41
	2009	20	40
	2010	22	39
	2011	22	41
	2012	20	43
	2013	22	41
	2014	18	40
	2015	24	39
	2016	22	40
	2017	21	40
	2018	20	39
	2019	19	40
	2020	22	36
	2021	22	39
	2022	20	40
	2023	20	38
	2024	24	40
	2025	21	39
	2026	20	38
	2027	21	38
	2028	20	38
	2029	22	39
	2030	22	41
	2031	21	42
	2032	20	38
	2033	20	42
	2034	20	37
	2035	22	43
	2036	21	40
	2037	21	39
	2038	20	41
	2039	18	42
	2040	20	38
	2041	23	41
	2042	21	38
	2043	20	40
	2044	20	41
	2045	17	41
	2046	21	42
	2047	20	38
	2048	21	37
	2049	21	40
	2050	22	42
	2051	20	39
	2052	19	41
	2053	16	40
	2054	21	41
	2055	19	41
	2056	19	39
	2057	21	38
	2058	18	36
	2059	18	41
	2060	22	39
	2061	21	40
	2062	19	42
	2063	24	42
	2064	19	41
	2065	20	41
	2066	19	40
	2067	19	41
	2068	20	38
	2069	21	41
	2070	19	40
	2071	21	41
	2072	21	39
	2073	18	40
	2074	23	39
	2075	19	42
	2076	17	41
	2077	21	38
	2078	19	40
	2079	22	41
	2080	18	39
	2081	20	41
	2082	21	40
	2083	21	40
	2084	17	37
	2085	21	42
	2086	17	37
	2087	18	40
	2088	20	37
	2089	18	37
	2090	19	40
	2091	21	42
	2092	18	39
	2093	20	42
	2094	23	42
	2095	20	40
	2096	18	39
	2097	21	41
	2098	18	41
	2099	17	41
	2100	19	40
	2101	19	43
	2102	18	38
	2103	22	42
	2104	22	42
	2105	21	40
	2106	18	38
	2107	21	40
	2108	20	39
	2109	20	41
	2110	19	41
	2111	21	38
	2112	18	40
	2113	22	40
	2114	20	40
	2115	20	41
	2116	19	45
	2117	19	41
	2118	19	37
	2119	20	43
	2120	20	39
	2121	25	42
	2122	18	41
	2123	20	41
	2124	17	41
	2125	18	40
	2126	19	38
	2127	19	39
	2128	19	39
	2129	20	40
	2130	19	43
	2131	16	40
	2132	18	41
	2133	21	43
	2134	20	41
	2135	25	39
	2136	18	40
	2137	21	40
	2138	18	39
	2139	20	39
	2140	17	38
	2141	22	39
	2142	20	41
	2143	19	42
	2144	20	42
	2145	20	40
	2146	22	39
	2147	22	40
	2148	19	39
	2149	20	39
	2150	21	36
	2151	23	39
	2152	19	40
	2153	19	37
	2154	21	40
	2155	22	39
	2156	21	41
	2157	19	39
	2158	20	39
	2159	21	39
	2160	20	38
	2161	22	40
	2162	18	41
	2163	20	40
	2164	19	41
	2165	20	41
	2166	20	39
	2167	19	41
	2168	19	40
	2169	22	39
	2170	19	58
	2171	22	39
	2172	19	42
	2173	18	43
	2174	20	40
	2175	19	41
	2176	20	40
	2177	19	39
	2178	19	40
	2179	22	39
	2180	21	39
	2181	20	40
	2182	19	38
	2183	23	38
	2184	20	39
	2185	21	39
	2186	21	38
	2187	20	38
	2188	20	39
	2189	19	40
	2190	21	40
	2191	20	42
	2192	21	40
	2193	20	44
	2194	21	45
	2195	20	42
	2196	20	41
	2197	22	39
	2198	20	42
	2199	22	39
	2200	20	39
	2201	20	39
	2202	18	42
	2203	22	41
	2204	16	41
	2205	25	40
	2206	20	36
	2207	19	40
	2208	18	38
	2209	18	38
	2210	18	38
	2211	20	40
	2212	19	40
	2213	21	40
	2214	20	37
	2215	17	40
	2216	18	39
	2217	19	39
	2218	19	38
	2219	20	41
	2220	17	36
	2221	20	40
	2222	19	41
	2223	21	43
	2224	18	40
	2225	20	39
	2226	22	39
	2227	19	44
	2228	22	40
	2229	22	39
	2230	22	36
	2231	20	40
	2232	18	39
	2233	19	39
	2234	19	39
	2235	20	39
	2236	20	39
	2237	24	39
	2238	19	40
	2239	19	45
	2240	16	39
	2241	20	40
	2242	21	40
	2243	19	41
	2244	20	40
	2245	20	41
	2246	19	39
	2247	24	41
	2248	18	40
	2249	19	41
	2250	20	40
	2251	21	39
	2252	19	37
	2253	21	42
	2254	19	39
	2255	19	41
	2256	19	41
	2257	21	39
	2258	17	41
	2259	20	39
	2260	18	39
	2261	20	41
	2262	20	38
	2263	20	41
	2264	20	43
	2265	21	40
	2266	21	37
	2267	21	38
	2268	17	42
	2269	21	40
	2270	20	39
	2271	21	38
	2272	19	41
	2273	19	40
	2274	20	39
	2275	19	40
	2276	19	41
	2277	18	38
	2278	20	40
	2279	18	39
	2280	19	40
	2281	20	40
	2282	19	41
	2283	21	41
	2284	18	41
	2285	20	40
	2286	21	39
	2287	20	40
	2288	19	41
	2289	18	38
	2290	19	42
	2291	19	40
	2292	20	38
	2293	18	40
	2294	21	40
	2295	21	38
	2296	19	40
	2297	21	39
	2298	22	41
	2299	19	41
	2300	21	36
	2301	20	40
	2302	21	42
	2303	21	41
	2304	20	42
	2305	19	40
	2306	21	38
	2307	20	40
	2308	18	39
	2309	20	38
	2310	21	39
	2311	23	41
	2312	18	38
	2313	21	39
	2314	18	38
	2315	17	41
	2316	17	40
	2317	22	38
	2318	18	41
	2319	19	41
	2320	21	41
	2321	21	42
	2322	21	36
	2323	21	43
	2324	20	43
	2325	23	41
	2326	19	40
	2327	23	39
	2328	18	39
	2329	22	39
	2330	21	38
	2331	21	39
	2332	19	41
	2333	20	40
	2334	18	38
	2335	18	40
	2336	20	40
	2337	20	40
	2338	21	38
	2339	23	41
	2340	20	39
	2341	21	39
	2342	21	41
	2343	19	39
	2344	22	41
	2345	18	42
	2346	19	38
	2347	21	40
	2348	18	39
	2349	16	41
	2350	20	38
	2351	19	40
	2352	20	38
	2353	22	42
	2354	21	40
	2355	20	41
	2356	19	40
	2357	21	42
	2358	18	41
	2359	22	41
	2360	17	38
	2361	19	39
	2362	21	40
	2363	19	39
	2364	20	38
	2365	23	41
	2366	18	38
	2367	20	42
	2368	20	39
	2369	19	40
	2370	18	40
	2371	18	40
	2372	17	39
	2373	19	41
	2374	17	37
	2375	21	41
	2376	19	37
	2377	22	40
	2378	18	39
	2379	22	41
	2380	19	41
	2381	20	41
	2382	20	41
	2383	23	41
	2384	22	39
	2385	20	40
	2386	19	39
	2387	23	43
	2388	21	39
	2389	21	40
	2390	17	37
	2391	21	40
	2392	21	40
	2393	22	39
	2394	20	39
	2395	22	39
	2396	19	40
	2397	20	39
	2398	19	40
	2399	19	41
	2400	19	40
	2401	20	41
	2402	18	37
	2403	29	40
	2404	18	40
	2405	19	38
	2406	19	38
	2407	20	41
	2408	19	38
	2409	20	38
	2410	20	40
	2411	20	40
	2412	20	39
	2413	20	40
	2414	19	41
	2415	22	40
	2416	19	45
	2417	23	44
	2418	20	39
	2419	21	41
	2420	22	40
	2421	20	41
	2422	21	41
	2423	23	41
	2424	18	37
	2425	20	41
	2426	19	41
	2427	21	41
	2428	19	38
	2429	20	39
	2430	18	41
	2431	23	39
	2432	19	40
	2433	18	41
	2434	19	41
	2435	19	38
	2436	21	39
	2437	18	40
	2438	20	38
	2439	21	41
	2440	19	38
	2441	21	40
	2442	19	41
	2443	22	40
	2444	18	39
	2445	18	40
	2446	20	38
	2447	16	41
	2448	19	40
	2449	20	39
	2450	21	40
	2451	21	40
	2452	22	37
	2453	20	42
	2454	22	39
	2455	22	40
	2456	20	39
	2457	20	40
	2458	20	41
	2459	22	42
	2460	21	35
	2461	20	41
	2462	21	39
	2463	20	40
	2464	19	44
	2465	19	40
	2466	19	40
	2467	19	39
	2468	19	39
	2469	20	42
	2470	20	40
	2471	21	42
	2472	17	42
	2473	19	41
	2474	20	39
	2475	22	43
	2476	19	41
	2477	19	41
	2478	19	37
	2479	18	43
	2480	19	39
	2481	19	41
	2482	22	41
	2483	17	40
	2484	18	43
	2485	19	40
	2486	17	39
	2487	19	41
	2488	18	39
	2489	21	37
	2490	20	39
	2491	19	41
	2492	21	41
	2493	21	41
	2494	20	37
	2495	19	43
	2496	20	41
	2497	21	41
	2498	20	39
	2499	21	39
	2500	20	40
	2501	22	39
	2502	21	39
	2503	20	36
	2504	18	38
	2505	18	35
	2506	18	41
	2507	18	43
	2508	20	40
	2509	19	41
	2510	20	41
	2511	19	40
	2512	19	37
	2513	22	44
	2514	20	38
	2515	21	39
	2516	20	37
	2517	20	41
	2518	19	39
	2519	21	40
	2520	20	41
	2521	21	39
	2522	17	40
	2523	19	38
	2524	18	41
	2525	21	39
	2526	19	39
	2527	19	40
	2528	19	40
	2529	21	39
	2530	21	39
	2531	20	39
	2532	22	39
	2533	18	39
	2534	18	39
	2535	24	41
	2536	22	39
	2537	22	39
	2538	23	38
	2539	22	39
	2540	22	43
	2541	20	45
	2542	19	40
	2543	19	39
	2544	20	40
	2545	21	41
	2546	19	39
	2547	19	43
	2548	20	40
	2549	23	40
	2550	20	38
	2551	19	39
	2552	21	38
	2553	19	43
	2554	21	39
	2555	19	42
	2556	18	38
	2557	19	39
	2558	20	39
	2559	20	43
	2560	20	42
	2561	22	43
	2562	18	39
	2563	22	38
	2564	19	40
	2565	20	39
	2566	19	40
	2567	21	45
	2568	20	40
	2569	19	39
	2570	16	39
	2571	25	42
	2572	19	39
	2573	19	39
	2574	20	40
	2575	21	43
	2576	21	42
	2577	23	41
	2578	21	37
	2579	21	41
	2580	20	39
	2581	21	42
	2582	17	39
	2583	20	41
	2584	16	37
	2585	20	44
	2586	20	40
	2587	18	40
	2588	19	39
	2589	21	39
	2590	20	41
	2591	21	39
	2592	17	37
	2593	22	42
	2594	20	39
	2595	20	41
	2596	20	40
	2597	19	40
	2598	19	39
	2599	22	42
	2600	18	39
	2601	21	40
	2602	17	39
	2603	22	40
	2604	20	41
	2605	20	43
	2606	21	40
	2607	18	37
	2608	17	40
	2609	18	40
	2610	19	43
	2611	19	39
	2612	19	38
	2613	22	41
	2614	18	39
	2615	21	40
	2616	20	40
	2617	22	41
	2618	20	36
	2619	19	44
	2620	18	40
	2621	21	41
	2622	20	42
	2623	19	40
	2624	22	41
	2625	22	38
	2626	27	39
	2627	21	37
	2628	21	41
	2629	19	36
	2630	23	40
	2631	19	41
	2632	20	38
	2633	20	41
	2634	17	37
	2635	20	40
	2636	19	40
	2637	19	42
	2638	21	40
	2639	23	41
	2640	19	42
	2641	20	41
	2642	18	40
	2643	21	40
	2644	18	38
	2645	20	41
	2646	20	41
	2647	21	39
	2648	19	39
	2649	21	37
	2650	21	38
	2651	17	40
	2652	18	40
	2653	20	43
	2654	21	38
	2655	19	40
	2656	18	39
	2657	18	42
	2658	19	40
	2659	21	38
	2660	19	40
	2661	21	39
	2662	19	39
	2663	20	39
	2664	18	42
	2665	20	40
	2666	18	39
	2667	19	39
	2668	20	39
	2669	20	39
	2670	19	39
	2671	23	43
	2672	19	37
	2673	19	42
	2674	17	39
	2675	18	42
	2676	18	40
	2677	20	41
	2678	18	38
	2679	19	39
	2680	19	38
	2681	19	39
	2682	16	37
	2683	22	37
	2684	17	38
	2685	19	42
	2686	19	39
	2687	18	39
	2688	18	40
	2689	19	38
	2690	19	38
	2691	19	41
	2692	19	39
	2693	18	40
	2694	18	42
	2695	22	41
	2696	20	40
	2697	19	40
	2698	18	39
	2699	22	42
	2700	20	37
	2701	16	40
	2702	17	41
	2703	21	40
	2704	22	40
	2705	20	39
	2706	20	40
	2707	19	40
	2708	19	38
	2709	20	41
	2710	18	40
	2711	22	41
	2712	20	39
	2713	20	41
	2714	19	36
	2715	19	42
	2716	19	40
	2717	20	39
	2718	20	40
	2719	20	39
	2720	19	40
	2721	25	38
	2722	17	40
	2723	20	40
	2724	20	40
	2725	23	41
	2726	24	38
	2727	20	40
	2728	18	39
	2729	18	42
	2730	17	39
	2731	19	41
	2732	19	39
	2733	18	41
	2734	18	40
	2735	21	38
	2736	19	40
	2737	21	38
	2738	21	39
	2739	23	39
	2740	17	41
	2741	20	39
	2742	18	38
	2743	20	42
	2744	19	40
	2745	20	39
	2746	19	38
	2747	20	37
	2748	19	41
	2749	19	41
	2750	20	39
	2751	23	41
	2752	19	37
	2753	19	38
	2754	16	40
	2755	22	38
	2756	20	39
	2757	22	39
	2758	21	39
	2759	20	41
	2760	21	37
	2761	19	38
	2762	19	42
	2763	22	36
	2764	20	39
	2765	21	44
	2766	19	39
	2767	21	40
	2768	18	38
	2769	22	39
	2770	21	44
	2771	21	40
	2772	20	41
	2773	20	39
	2774	17	37
	2775	22	42
	2776	20	40
	2777	20	39
	2778	21	42
	2779	20	42
	2780	20	39
	2781	21	38
	2782	20	41
	2783	29	41
	2784	21	42
	2785	21	39
	2786	20	38
	2787	19	40
	2788	19	40
	2789	21	40
	2790	20	38
	2791	18	39
	2792	22	39
	2793	19	41
	2794	21	39
	2795	21	38
	2796	19	41
	2797	22	40
	2798	20	40
	2799	20	42
	2800	21	39
	2801	17	39
	2802	19	45
	2803	21	42
	2804	18	42
	2805	21	41
	2806	19	37
	2807	18	38
	2808	19	39
	2809	21	39
	2810	20	40
	2811	23	40
	2812	22	39
	2813	19	43
	2814	17	40
	2815	21	40
	2816	18	35
	2817	21	41
	2818	17	43
	2819	21	40
	2820	20	39
	2821	22	37
	2822	19	35
	2823	21	42
	2824	20	38
	2825	21	38
	2826	20	39
	2827	20	39
	2828	21	41
	2829	22	40
	2830	20	38
	2831	26	41
	2832	19	39
	2833	19	40
	2834	19	40
	2835	21	39
	2836	20	38
	2837	20	43
	2838	20	38
	2839	23	41
	2840	22	40
	2841	17	39
	2842	19	40
	2843	20	38
	2844	19	39
	2845	18	42
	2846	18	40
	2847	20	39
	2848	19	40
	2849	19	38
	2850	18	41
	2851	21	40
	2852	18	39
	2853	20	42
	2854	21	40
	2855	19	39
	2856	23	44
	2857	20	38
	2858	20	41
	2859	23	40
	2860	20	39
	2861	20	41
	2862	21	41
	2863	20	40
	2864	20	40
	2865	19	40
	2866	18	41
	2867	18	40
	2868	19	38
	2869	20	40
	2870	22	39
	2871	21	41
	2872	18	41
	2873	22	41
	2874	19	39
	2875	22	40
	2876	21	41
	2877	19	42
	2878	19	42
	2879	20	41
	2880	20	41
	2881	20	40
	2882	17	41
	2883	21	41
	2884	18	41
	2885	21	41
	2886	18	40
	2887	24	39
	2888	21	39
	2889	44	40
	2890	22	41
	2891	16	45
	2892	19	40
	2893	22	41
	2894	19	40
	2895	22	40
	2896	19	42
	2897	17	38
	2898	20	45
	2899	19	42
	2900	18	40
	2901	20	40
	2902	18	40
	2903	19	40
	2904	18	38
	2905	18	41
	2906	18	37
	2907	21	40
	2908	19	41
	2909	20	40
	2910	20	41
	2911	21	44
	2912	18	39
	2913	21	41
	2914	17	42
	2915	22	40
	2916	19	41
	2917	21	39
	2918	19	40
	2919	20	40
	2920	24	40
	2921	23	42
	2922	19	41
	2923	21	41
	2924	21	40
	2925	19	42
	2926	20	42
	2927	17	40
	2928	22	38
	2929	20	40
	2930	17	41
	2931	19	41
	2932	22	39
	2933	19	40
	2934	22	42
	2935	20	39
	2936	18	43
	2937	17	38
	2938	20	41
	2939	19	41
	2940	19	37
	2941	19	38
	2942	18	39
	2943	21	39
	2944	18	40
	2945	23	40
	2946	21	37
	2947	23	38
	2948	19	39
	2949	22	41
	2950	20	41
	2951	20	39
	2952	18	39
	2953	19	42
	2954	22	40
	2955	21	41
	2956	21	40
	2957	20	42
	2958	21	43
	2959	22	42
	2960	19	39
	2961	21	39
	2962	21	41
	2963	19	41
	2964	18	39
	2965	20	37
	2966	21	40
	2967	22	41
	2968	20	40
	2969	21	40
	2970	19	41
	2971	21	40
	2972	17	40
	2973	23	43
	2974	20	40
	2975	18	39
	2976	19	39
	2977	19	41
	2978	18	38
	2979	21	40
	2980	18	39
	2981	21	40
	2982	20	38
	2983	19	39
	2984	17	38
	2985	18	41
	2986	20	43
	2987	19	42
	2988	21	41
	2989	23	39
	2990	20	40
	2991	19	41
	2992	18	39
	2993	21	41
	2994	19	40
	2995	21	37
	2996	19	39
	2997	22	42
	2998	23	38
	2999	20	38
	3000	18	39
	3001	22	41
	3002	21	39
	3003	20	39
	3004	21	41
	3005	21	40
	3006	19	38
	3007	20	42
	3008	18	41
	3009	20	40
	3010	21	37
	3011	20	42
	3012	20	39
	3013	20	40
	3014	19	41
	3015	18	38
	3016	18	35
	3017	21	41
	3018	21	42
	3019	20	41
	3020	18	40
	3021	20	41
	3022	17	41
	3023	20	40
	3024	21	40
	3025	21	38
	3026	17	38
	3027	22	39
	3028	20	40
	3029	22	42
	3030	19	38
	3031	19	39
	3032	19	37
	3033	19	41
	3034	19	38
	3035	17	40
	3036	19	43
	3037	19	39
	3038	19	38
	3039	18	37
	3040	20	40
	3041	21	40
	3042	19	40
	3043	19	40
	3044	20	39
	3045	22	39
	3046	20	39
	3047	21	38
	3048	19	39
	3049	19	41
	3050	19	41
	3051	17	41
	3052	20	40
	3053	21	41
	3054	19	37
	3055	21	40
	3056	22	41
	3057	24	42
	3058	19	38
	3059	19	38
	3060	16	39
	3061	20	39
	3062	19	39
	3063	19	40
	3064	19	40
	3065	19	39
	3066	19	40
	3067	19	40
	3068	20	40
	3069	20	39
	3070	19	38
	3071	21	41
	3072	17	39
	3073	21	38
	3074	18	40
	3075	21	42
	3076	19	38
	3077	20	41
	3078	19	38
	3079	20	40
	3080	18	38
	3081	17	42
	3082	19	39
	3083	21	42
	3084	17	39
	3085	21	44
	3086	20	38
	3087	18	41
	3088	19	41
	3089	19	39
	3090	18	40
	3091	21	41
	3092	22	40
	3093	19	41
	3094	19	39
	3095	20	39
	3096	19	40
	3097	22	41
	3098	18	37
	3099	20	42
	3100	18	37
	3101	21	39
	3102	18	38
	3103	18	40
	3104	19	40
	3105	21	40
	3106	17	39
	3107	20	39
	3108	20	41
	3109	20	39
	3110	20	43
	3111	18	41
	3112	21	39
	3113	18	45
	3114	18	40
	3115	17	41
	3116	18	37
	3117	22	39
	3118	22	37
	3119	20	41
	3120	17	41
	3121	20	40
	3122	20	40
	3123	22	43
	3124	20	38
	3125	20	42
	3126	18	40
	3127	20	41
	3128	21	44
	3129	21	39
	3130	20	40
	3131	21	41
	3132	21	39
	3133	21	39
	3134	18	39
	3135	20	40
	3136	21	38
	3137	21	42
	3138	21	41
	3139	21	42
	3140	20	40
	3141	21	41
	3142	20	42
	3143	20	39
	3144	19	39
	3145	18	39
	3146	23	40
	3147	18	40
	3148	22	40
	3149	21	41
	3150	19	36
	3151	19	41
	3152	19	39
	3153	18	40
	3154	16	39
	3155	19	41
	3156	21	39
	3157	20	42
	3158	19	39
	3159	20	40
	3160	17	40
	3161	21	41
	3162	18	39
	3163	22	40
	3164	20	40
	3165	18	39
	3166	21	42
	3167	23	42
	3168	20	39
	3169	22	39
	3170	20	39
	3171	23	41
	3172	18	38
	3173	21	40
	3174	21	40
	3175	22	40
	3176	21	43
	3177	21	39
	3178	20	39
	3179	20	41
	3180	21	39
	3181	19	42
	3182	21	39
	3183	23	40
	3184	18	39
	3185	21	38
	3186	19	39
	3187	19	39
	3188	19	39
	3189	17	39
	3190	19	39
	3191	23	41
	3192	17	40
	3193	19	40
	3194	18	39
	3195	22	40
	3196	19	42
	3197	20	42
	3198	18	38
	3199	20	37
	3200	19	40
	3201	21	40
	3202	19	41
	3203	22	38
	3204	20	39
	3205	21	42
	3206	20	39
	3207	19	39
	3208	19	39
	3209	22	41
	3210	19	39
	3211	22	44
	3212	19	40
	3213	22	42
	3214	20	42
	3215	24	40
	3216	23	41
	3217	22	42
	3218	19	38
	3219	21	41
	3220	19	39
	3221	16	38
	3222	20	39
	3223	20	47
	3224	19	38
	3225	20	42
	3226	21	38
	3227	18	41
	3228	20	40
	3229	20	42
	3230	17	41
	3231	22	38
	3232	15	40
	3233	18	41
	3234	18	39
	3235	19	38
	3236	22	39
	3237	19	40
	3238	19	40
	3239	20	40
	3240	20	41
	3241	20	47
	3242	19	39
	3243	20	42
	3244	20	38
	3245	19	45
	3246	17	43
	3247	24	41
	3248	19	39
	3249	22	40
	3250	19	37
	3251	19	42
	3252	22	39
	3253	20	40
	3254	19	41
	3255	20	39
	3256	23	41
	3257	19	40
	3258	21	40
	3259	20	40
	3260	19	39
	3261	20	39
	3262	20	39
	3263	21	39
	3264	15	37
	3265	19	40
	3266	19	41
	3267	20	39
	3268	20	39
	3269	19	40
	3270	19	40
	3271	19	40
	3272	19	41
	3273	22	40
	3274	18	37
	3275	21	41
	3276	19	39
	3277	18	40
	3278	19	38
	3279	17	41
	3280	21	39
	3281	20	39
	3282	20	39
	3283	21	42
	3284	20	39
	3285	26	39
	3286	19	41
	3287	20	41
	3288	18	39
	3289	20	39
	3290	19	36
	3291	20	42
	3292	18	43
	3293	22	41
	3294	18	39
	3295	20	40
	3296	18	37
	3297	23	39
	3298	20	39
	3299	17	40
	3300	18	39
	3301	20	38
	3302	18	40
	3303	19	39
	3304	21	41
	3305	18	40
	3306	19	37
	3307	17	40
	3308	18	40
	3309	21	42
	3310	16	39
	3311	20	39
	3312	20	37
	3313	20	40
	3314	19	42
	3315	19	41
	3316	17	42
	3317	20	38
	3318	20	38
	3319	20	42
	3320	20	40
	3321	21	40
	3322	21	40
	3323	21	38
	3324	19	38
	3325	21	40
	3326	22	40
	3327	20	40
	3328	19	39
	3329	21	39
	3330	19	40
	3331	22	43
	3332	19	38
	3333	20	39
	3334	21	38
	3335	19	43
	3336	17	39
	3337	19	40
	3338	17	39
	3339	22	37
	3340	17	41
	3341	21	38
	3342	19	40
	3343	22	42
	3344	18	40
	3345	19	40
	3346	20	41
	3347	24	39
	3348	21	40
	3349	19	39
	3350	19	40
	3351	19	39
	3352	19	39
	3353	18	38
	3354	18	39
	3355	21	40
	3356	19	40
	3357	19	39
	3358	17	38
	3359	20	42
	3360	16	39
	3361	22	40
	3362	19	42
	3363	20	38
	3364	20	41
	3365	20	41
	3366	20	35
	3367	20	43
	3368	22	40
	3369	18	40
	3370	21	40
	3371	19	41
	3372	18	39
	3373	22	42
	3374	20	40
	3375	22	38
	3376	19	40
	3377	19	39
	3378	18	38
	3379	20	37
	3380	20	38
	3381	21	38
	3382	18	38
	3383	18	43
	3384	19	41
	3385	21	39
	3386	20	39
	3387	22	36
	3388	19	38
	3389	18	39
	3390	19	39
	3391	23	41
	3392	20	39
	3393	19	38
	3394	19	38
	3395	19	36
	3396	20	38
	3397	19	40
	3398	19	39
	3399	21	40
	3400	20	42
	3401	20	41
	3402	20	42
	3403	22	37
	3404	20	38
	3405	23	40
	3406	20	38
	3407	21	39
	3408	21	38
	3409	21	38
	3410	21	38
	3411	21	42
	3412	19	38
	3413	20	40
	3414	19	41
	3415	18	39
	3416	19	41
	3417	18	41
	3418	20	38
	3419	21	39
	3420	19	38
	3421	20	43
	3422	19	40
	3423	20	39
	3424	18	39
	3425	20	43
	3426	22	38
	3427	20	39
	3428	18	43
	3429	21	39
	3430	19	36
	3431	20	41
	3432	19	38
	3433	19	40
	3434	20	39
	3435	23	38
	3436	18	39
	3437	18	40
	3438	19	40
	3439	21	41
	3440	19	39
	3441	19	40
	3442	21	40
	3443	21	41
	3444	19	36
	3445	22	40
	3446	22	39
	3447	22	41
	3448	18	40
	3449	19	41
	3450	22	36
	3451	21	39
	3452	19	37
	3453	20	39
	3454	18	43
	3455	22	39
	3456	20	40
	3457	19	40
	3458	18	39
	3459	20	40
	3460	19	39
	3461	17	42
	3462	21	40
	3463	22	41
	3464	19	38
	3465	21	38
	3466	17	40
	3467	21	42
	3468	20	41
	3469	19	39
	3470	20	40
	3471	22	40
	3472	19	46
	3473	18	38
	3474	21	38
	3475	18	39
	3476	19	38
	3477	20	41
	3478	17	40
	3479	20	38
	3480	19	39
	3481	20	40
	3482	20	39
	3483	17	40
	3484	20	40
	3485	23	42
	3486	19	38
	3487	18	40
	3488	21	40
	3489	19	38
	3490	19	40
	3491	21	42
	3492	18	39
	3493	19	41
	3494	20	38
	3495	18	39
	3496	18	37
	3497	21	40
	3498	23	39
	3499	22	44
	3500	19	41
	3501	20	40
	3502	20	41
	3503	22	41
	3504	20	41
	3505	19	38
	3506	18	37
	3507	18	39
	3508	18	39
	3509	19	39
	3510	20	39
	3511	21	41
	3512	16	39
	3513	22	41
	3514	17	42
	3515	20	40
	3516	18	38
	3517	19	37
	3518	17	39
	3519	22	41
	3520	20	41
	3521	19	38
	3522	19	39
	3523	20	41
	3524	21	41
	3525	21	41
	3526	20	39
	3527	18	40
	3528	18	39
	3529	20	43
	3530	20	38
	3531	21	45
	3532	17	41
	3533	20	40
	3534	18	40
	3535	19	39
	3536	18	40
	3537	20	41
	3538	20	39
	3539	21	43
	3540	20	44
	3541	22	38
	3542	20	40
	3543	22	38
	3544	19	37
	3545	18	42
	3546	19	39
	3547	20	39
	3548	20	40
	3549	21	39
	3550	23	43
	3551	20	39
	3552	18	40
	3553	21	40
	3554	18	38
	3555	21	44
	3556	19	40
	3557	22	41
	3558	19	44
	3559	20	41
	3560	16	41
	3561	20	40
	3562	19	38
	3563	21	41
	3564	19	39
	3565	21	44
	3566	16	40
	3567	19	41
	3568	19	40
	3569	19	40
	3570	20	37
	3571	19	43
	3572	17	40
	3573	16	40
	3574	17	40
	3575	20	38
	3576	19	38
	3577	19	39
	3578	18	39
	3579	20	43
	3580	18	38
	3581	19	41
	3582	21	40
	3583	25	42
	3584	19	40
	3585	19	39
	3586	20	40
	3587	19	41
	3588	21	42
	3589	18	38
	3590	17	40
	3591	21	38
	3592	18	41
	3593	20	40
	3594	20	42
	3595	20	42
	3596	19	40
	3597	21	39
	3598	20	40
	3599	22	42
	3600	21	38
	3601	20	42
	3602	22	41
	3603	22	42
	3604	23	39
	3605	20	40
	3606	17	37
	3607	21	39
	3608	20	39
	3609	18	40
	3610	18	39
	3611	20	40
	3612	17	38
	3613	19	40
	3614	21	42
	3615	19	39
	3616	20	40
	3617	19	41
	3618	19	38
	3619	20	41
	3620	20	40
	3621	20	39
	3622	19	39
	3623	19	39
	3624	19	39
	3625	20	41
	3626	19	39
	3627	22	39
	3628	20	42
	3629	20	39
	3630	18	40
	3631	20	40
	3632	20	40
	3633	21	38
	3634	17	40
	3635	23	41
	3636	21	40
	3637	21	40
	3638	19	39
	3639	20	42
	3640	20	38
	3641	21	38
	3642	18	40
	3643	20	40
	3644	19	37
	3645	19	39
	3646	19	39
	3647	20	40
	3648	19	39
	3649	19	39
	3650	17	39
	3651	20	37
	3652	19	39
	3653	23	40
	3654	21	41
	3655	20	40
	3656	19	39
	3657	21	43
	3658	22	38
	3659	21	39
	3660	19	39
	3661	20	40
	3662	17	37
	3663	20	41
	3664	19	39
	3665	17	40
	3666	21	41
	3667	23	38
	3668	18	39
	3669	20	42
	3670	18	41
	3671	21	41
	3672	20	39
	3673	18	39
	3674	19	38
	3675	21	40
	3676	19	40
	3677	20	42
	3678	19	38
	3679	18	43
	3680	20	39
	3681	18	38
	3682	23	42
	3683	20	40
	3684	20	38
	3685	17	38
	3686	21	39
	3687	20	39
	3688	20	39
	3689	21	41
	3690	17	40
	3691	20	42
	3692	20	41
	3693	20	41
	3694	21	38
	3695	19	42
	3696	18	37
	3697	21	41
	3698	17	42
	3699	19	41
	3700	22	41
	3701	19	37
	3702	17	41
	3703	22	42
	3704	19	37
	3705	22	42
	3706	20	40
	3707	19	42
	3708	21	37
	3709	20	40
	3710	19	38
	3711	23	40
	3712	17	38
	3713	21	40
	3714	21	41
	3715	18	39
	3716	19	37
	3717	19	39
	3718	17	41
	3719	19	39
	3720	20	41
	3721	21	39
	3722	19	39
	3723	20	39
