	0	16	39
	1	17	37
	2	17	37
	3	20	39
	4	17	39
	5	18	40
	6	16	37
	7	16	39
	8	19	38
	9	18	38
	10	17	40
	11	17	40
	12	16	35
	13	17	39
	14	18	38
	15	18	38
	16	18	39
	17	20	41
	18	15	38
	19	16	39
	20	17	37
	21	19	41
	22	19	38
	23	20	41
	24	17	42
	25	18	40
	26	20	39
	27	21	42
	28	21	40
	29	20	42
	30	20	43
	31	21	42
	32	18	41
	33	21	44
	34	22	40
	35	20	39
	36	20	39
	37	22	45
	38	21	42
	39	19	43
	40	21	40
	41	18	42
	42	23	43
	43	19	43
	44	18	43
	45	21	41
	46	20	39
	47	22	38
	48	19	43
	49	21	40
	50	20	41
	51	23	42
	52	20	42
	53	24	42
	54	24	45
	55	22	42
	56	23	41
	57	18	40
	58	24	39
	59	23	44
	60	21	40
	61	23	41
	62	24	43
	63	21	41
	64	21	45
	65	22	43
	66	23	40
	67	24	44
	68	19	41
	69	22	42
	70	23	45
	71	23	44
	72	21	40
	73	23	45
	74	23	43
	75	23	44
	76	22	42
	77	22	40
	78	24	43
	79	23	43
	80	22	43
	81	23	45
	82	20	44
	83	22	45
	84	22	42
	85	23	43
	86	22	43
	87	22	44
	88	22	45
	89	24	44
	90	21	41
	91	23	42
	92	22	44
	93	21	44
	94	24	44
	95	25	41
	96	20	51
	97	22	43
	98	22	44
	99	22	45
	100	22	41
	101	23	44
	102	20	42
	103	22	43
	104	23	42
	105	24	40
	106	22	41
	107	23	42
	108	23	42
	109	27	45
	110	23	43
	111	22	42
	112	24	41
	113	23	45
	114	21	42
	115	27	44
	116	21	39
	117	23	42
	118	23	44
	119	22	46
	120	21	44
	121	24	42
	122	23	44
	123	21	43
	124	22	41
	125	19	42
	126	20	42
	127	25	39
	128	21	40
	129	23	42
	130	20	41
	131	23	44
	132	22	40
	133	21	39
	134	25	45
	135	26	42
	136	28	43
	137	24	43
	138	23	45
	139	23	42
	140	23	42
	141	29	42
	142	22	42
	143	24	43
	144	21	41
	145	25	43
	146	24	42
	147	24	45
	148	24	45
	149	22	42
	150	22	44
	151	26	45
	152	24	43
	153	23	42
	154	24	42
	155	25	43
	156	27	43
	157	22	45
	158	22	44
	159	24	43
	160	21	44
	161	25	42
	162	22	44
	163	25	42
	164	22	44
	165	23	43
	166	25	43
	167	25	46
	168	25	42
	169	25	43
	170	21	45
	171	25	44
	172	26	43
	173	23	43
	174	22	44
	175	22	44
	176	20	42
	177	24	43
	178	24	43
	179	26	43
	180	24	41
	181	24	41
	182	24	43
	183	23	43
	184	24	41
	185	26	46
	186	22	44
	187	25	44
	188	20	42
	189	23	40
	190	23	43
	191	23	46
	192	22	43
	193	27	45
	194	21	41
	195	23	41
	196	25	44
	197	24	40
	198	23	41
	199	24	46
	200	23	41
	201	26	43
	202	24	43
	203	24	41
	204	23	43
	205	25	43
	206	23	41
	207	25	40
	208	23	44
	209	28	41
	210	24	45
	211	25	44
	212	22	44
	213	25	43
	214	20	41
	215	22	43
	216	23	40
	217	19	45
	218	24	46
	219	23	54
	220	23	42
	221	21	44
	222	22	44
	223	25	44
	224	24	43
	225	23	45
	226	21	44
	227	24	44
	228	22	42
	229	24	42
	230	23	39
	231	25	45
	232	23	45
	233	23	41
	234	25	41
	235	22	43
	236	25	43
	237	24	45
	238	22	41
	239	20	42
	240	24	42
	241	24	47
	242	23	46
	243	24	43
	244	27	41
	245	26	46
	246	22	45
	247	22	45
	248	21	46
	249	27	47
	250	23	44
	251	24	42
	252	25	43
	253	22	44
	254	21	43
	255	28	47
	256	24	41
	257	27	43
	258	24	42
	259	24	45
	260	23	43
	261	25	42
	262	23	43
	263	23	44
	264	22	42
	265	22	46
	266	22	44
	267	24	44
	268	23	44
	269	24	44
	270	23	43
	271	23	41
	272	23	39
	273	23	44
	274	20	44
	275	25	43
	276	21	43
	277	24	43
	278	22	43
	279	23	43
	280	23	44
	281	23	43
	282	25	46
	283	25	41
	284	24	44
	285	27	41
	286	23	42
	287	25	44
	288	22	44
	289	24	40
	290	25	43
	291	25	41
	292	24	44
	293	21	41
	294	21	46
	295	23	45
	296	23	43
	297	26	44
	298	31	41
	299	23	42
	300	24	43
	301	27	43
	302	23	46
	303	24	43
	304	23	43
	305	25	41
	306	25	44
	307	25	43
	308	23	46
	309	25	45
	310	24	42
	311	27	45
	312	24	45
	313	20	44
	314	23	43
	315	24	43
	316	24	42
	317	23	42
	318	24	45
	319	24	41
	320	22	42
	321	24	46
	322	24	44
	323	24	42
	324	26	44
	325	24	44
	326	22	41
	327	26	43
	328	24	43
	329	25	44
	330	24	45
	331	26	46
	332	25	37
	333	25	45
	334	24	45
	335	24	41
	336	22	43
	337	25	41
	338	24	43
	339	27	45
	340	24	44
	341	26	44
	342	22	42
	343	27	44
	344	27	43
	345	26	47
	346	27	43
	347	24	41
	348	23	39
	349	27	41
	350	24	42
	351	26	45
	352	24	43
	353	26	44
	354	23	42
	355	25	42
	356	25	44
	357	25	42
	358	26	43
	359	23	45
	360	25	43
	361	26	44
	362	25	41
	363	26	42
	364	25	40
	365	24	44
	366	22	47
	367	26	41
	368	25	44
	369	28	42
	370	25	43
	371	27	45
	372	25	41
	373	25	44
	374	29	45
	375	27	41
	376	25	39
	377	28	42
	378	26	42
	379	29	42
	380	27	42
	381	26	41
	382	27	41
	383	29	47
	384	26	42
	385	26	45
	386	26	43
	387	29	43
	388	24	43
	389	30	43
	390	26	44
	391	29	45
	392	28	44
	393	24	43
	394	25	43
	395	30	42
	396	28	44
	397	25	42
	398	28	44
	399	26	47
	400	28	42
	401	29	43
	402	33	41
	403	29	45
	404	27	43
	405	31	42
	406	30	43
	407	30	43
	408	29	43
	409	28	44
	410	29	44
	411	28	44
	412	26	43
	413	27	43
	414	29	45
	415	28	45
	416	27	42
	417	28	44
	418	28	43
	419	29	46
	420	28	45
	421	28	46
	422	32	44
	423	30	42
	424	28	42
	425	29	47
	426	28	44
	427	27	45
	428	25	41
	429	28	42
	430	27	43
	431	32	47
	432	27	42
	433	30	45
	434	29	43
	435	31	46
	436	31	43
	437	29	45
	438	27	45
	439	31	45
	440	30	45
	441	34	48
	442	31	44
	443	31	47
	444	31	43
	445	31	41
	446	31	43
	447	32	41
	448	29	42
	449	30	46
	450	31	43
	451	33	47
	452	41	41
	453	31	42
	454	34	45
	455	33	43
	456	34	42
	457	32	43
	458	36	43
	459	35	45
	460	31	44
	461	36	42
	462	32	44
	463	36	46
	464	31	43
	465	35	47
	466	36	47
	467	36	43
	468	33	43
	469	37	44
	470	36	45
	471	34	46
	472	37	44
	473	38	46
	474	39	45
	475	38	43
	476	34	47
	477	38	46
	478	36	44
	479	37	45
	480	39	46
	481	35	42
	482	37	45
	483	39	48
	484	35	43
	485	36	46
	486	41	45
	487	40	45
	488	37	42
	489	40	45
	490	40	45
	491	41	48
	492	41	42
	493	41	43
	494	40	44
	495	43	45
	496	35	43
	497	41	45
	498	41	42
	499	40	41
	500	39	45
	501	41	47
	502	42	41
	503	41	46
	504	41	44
	505	39	44
	506	42	45
	507	45	44
	508	41	43
	509	43	43
	510	40	43
	511	43	47
	512	47	45
	513	42	46
	514	43	46
	515	45	43
	516	43	46
	517	44	45
	518	45	44
	519	45	47
	520	44	45
	521	44	45
	522	44	43
	523	47	46
	524	45	44
	525	46	47
	526	47	43
	527	46	49
	528	46	45
	529	49	47
	530	48	47
	531	48	49
	532	48	45
	533	50	45
	534	50	47
	535	48	45
	536	46	45
	537	49	44
	538	48	47
	539	52	48
	540	50	44
	541	51	44
	542	47	40
	543	51	46
	544	48	45
	545	52	48
	546	50	45
	547	54	44
	548	54	47
	549	52	44
	550	51	47
	551	54	46
	552	51	44
	553	57	45
	554	52	45
	555	55	45
	556	53	46
	557	54	50
	558	56	43
	559	57	51
	560	56	46
	561	59	45
	562	56	46
	563	57	49
	564	55	48
	565	59	45
	566	60	50
	567	58	49
	568	61	51
	569	59	48
	570	59	47
	571	59	46
	572	61	44
	573	60	45
	574	57	47
	575	58	49
	576	62	49
	577	61	48
	578	60	45
	579	62	48
	580	60	46
	581	65	48
	582	63	45
	583	59	49
	584	66	48
	585	64	47
	586	64	46
	587	67	45
	588	64	46
	589	67	50
	590	63	46
	591	67	45
	592	67	44
	593	66	50
	594	69	47
	595	69	48
	596	70	46
	597	68	49
	598	74	50
	599	71	50
	600	69	48
	601	72	47
	602	70	48
	603	73	50
	604	73	47
	605	73	48
	606	76	48
	607	76	47
	608	74	46
	609	76	49
	610	77	47
	611	76	48
	612	78	49
	613	77	47
	614	75	47
	615	79	49
	616	73	48
	617	77	46
	618	79	49
	619	79	49
	620	77	48
	621	76	43
	622	77	49
	623	79	49
	624	78	49
	625	79	47
	626	80	50
	627	82	52
	628	83	49
	629	83	48
	630	79	49
	631	87	49
	632	84	49
	633	82	52
	634	81	50
	635	83	53
	636	84	52
	637	86	50
	638	88	54
	639	85	51
	640	83	49
	641	85	48
	642	85	50
	643	85	53
	644	87	50
	645	86	50
	646	88	48
	647	89	49
	648	89	49
	649	88	53
	650	90	49
	651	93	53
	652	88	49
	653	92	51
	654	88	49
	655	90	48
	656	86	51
	657	91	51
	658	95	52
	659	93	53
	660	95	53
	661	92	51
	662	91	50
	663	96	52
	664	94	48
	665	97	53
	666	95	49
	667	93	53
	668	93	50
	669	95	53
	670	98	51
	671	97	52
	672	98	53
	673	100	53
	674	99	55
	675	100	52
	676	98	51
	677	99	53
	678	100	52
	679	102	53
	680	100	53
	681	98	55
	682	100	50
	683	101	53
	684	104	51
	685	103	55
	686	99	55
	687	107	54
	688	104	50
	689	102	56
	690	103	51
	691	102	54
	692	102	52
	693	103	55
	694	105	57
	695	103	52
	696	104	53
	697	107	57
	698	111	51
	699	108	55
	700	108	52
	701	106	55
	702	110	54
	703	108	54
	704	109	53
	705	109	55
	706	110	53
	707	111	52
	708	114	53
	709	109	54
	710	112	55
	711	112	54
	712	108	56
	713	109	53
	714	107	51
	715	113	55
	716	112	53
	717	110	54
	718	112	55
	719	113	55
	720	113	53
	721	113	53
	722	113	54
	723	114	56
	724	114	56
	725	115	54
	726	115	56
	727	111	53
	728	115	56
	729	115	55
	730	114	51
	731	115	56
	732	114	54
	733	117	53
	734	113	55
	735	113	55
	736	116	56
	737	116	55
	738	117	54
	739	115	56
	740	115	51
	741	116	53
	742	114	57
	743	117	57
	744	116	56
	745	121	55
	746	115	58
	747	117	53
	748	119	55
	749	117	56
	750	115	55
	751	117	57
	752	118	54
	753	118	55
	754	119	53
	755	120	58
	756	116	54
	757	116	58
	758	119	56
	759	122	55
	760	118	55
	761	119	53
	762	115	59
	763	121	54
	764	118	58
	765	118	56
	766	117	56
	767	118	54
	768	112	53
	769	119	55
	770	117	55
	771	117	55
	772	120	55
	773	116	53
	774	117	55
	775	116	55
	776	123	54
	777	118	57
	778	117	55
	779	113	53
	780	117	55
	781	114	55
	782	116	54
	783	115	54
	784	116	53
	785	115	51
	786	119	56
	787	118	56
	788	119	52
	789	116	55
	790	116	54
	791	119	57
	792	113	54
	793	117	57
	794	114	53
	795	112	50
	796	111	53
	797	117	55
	798	115	55
	799	117	55
	800	113	54
	801	112	52
	802	113	52
	803	115	65
	804	110	50
	805	111	52
	806	108	55
	807	116	54
	808	112	58
	809	113	52
	810	109	51
	811	112	53
	812	111	53
	813	111	51
	814	113	55
	815	108	52
	816	108	52
	817	108	52
	818	105	51
	819	110	53
	820	108	56
	821	105	54
	822	110	53
	823	107	55
	824	105	54
	825	107	53
	826	105	55
	827	108	55
	828	106	56
	829	103	52
	830	105	51
	831	106	50
	832	104	51
	833	104	51
	834	105	50
	835	102	51
	836	102	54
	837	105	52
	838	103	48
	839	100	51
	840	100	49
	841	100	52
	842	104	49
	843	102	52
	844	98	49
	845	99	50
	846	100	49
	847	99	55
	848	100	49
	849	98	52
	850	99	49
	851	96	52
	852	98	50
	853	97	52
	854	99	50
	855	100	51
	856	96	49
	857	101	52
	858	96	49
	859	99	49
	860	94	51
	861	97	55
	862	98	50
	863	97	49
	864	99	49
	865	96	49
	866	103	50
	867	98	52
	868	96	54
	869	95	51
	870	93	49
	871	94	51
	872	93	50
	873	90	50
	874	93	48
	875	94	51
	876	94	50
	877	95	51
	878	92	49
	879	94	50
	880	92	48
	881	93	52
	882	93	52
	883	90	52
	884	93	50
	885	89	50
	886	89	48
	887	93	52
	888	89	50
	889	88	48
	890	87	50
	891	88	51
	892	89	46
	893	89	51
	894	91	48
	895	89	49
	896	86	55
	897	86	48
	898	86	47
	899	85	51
	900	88	50
	901	91	48
	902	85	49
	903	85	47
	904	83	47
	905	85	51
	906	85	44
	907	87	48
	908	85	48
	909	84	48
	910	81	49
	911	83	49
	912	84	45
	913	82	46
	914	82	49
	915	81	50
	916	78	50
	917	80	54
	918	81	48
	919	83	47
	920	76	45
	921	82	49
	922	79	47
	923	79	48
	924	74	44
	925	78	48
	926	78	46
	927	75	45
	928	76	47
	929	77	47
	930	78	43
	931	76	51
	932	74	49
	933	76	48
	934	71	47
	935	73	47
	936	71	45
	937	71	47
	938	71	45
	939	72	47
	940	72	46
	941	71	48
	942	71	47
	943	69	46
	944	71	46
	945	74	47
	946	68	48
	947	71	48
	948	71	45
	949	69	47
	950	68	53
	951	68	50
	952	70	51
	953	69	47
	954	69	44
	955	71	44
	956	67	44
	957	65	48
	958	67	46
	959	67	49
	960	65	48
	961	66	44
	962	69	46
	963	64	48
	964	63	44
	965	65	47
	966	61	47
	967	66	45
	968	65	47
	969	61	46
	970	60	45
	971	63	46
	972	62	46
	973	60	45
	974	59	44
	975	59	46
	976	61	47
	977	59	45
	978	59	46
	979	57	46
	980	56	49
	981	59	44
	982	56	44
	983	56	47
	984	58	43
	985	56	48
	986	51	46
	987	56	47
	988	55	45
	989	51	45
	990	52	45
	991	52	45
	992	54	45
	993	54	48
	994	50	45
	995	49	46
	996	48	48
	997	51	46
	998	50	44
	999	50	45
	1000	51	44
	1001	47	45
	1002	49	48
	1003	49	44
	1004	51	44
	1005	49	44
	1006	51	43
	1007	49	45
	1008	48	43
	1009	47	44
	1010	50	43
	1011	49	42
	1012	48	45
	1013	47	45
	1014	46	46
	1015	51	45
	1016	45	44
	1017	46	43
	1018	48	42
	1019	50	45
	1020	48	46
	1021	49	43
	1022	47	47
	1023	50	43
	1024	48	43
	1025	47	44
	1026	47	44
	1027	46	45
	1028	48	44
	1029	47	45
	1030	42	42
	1031	48	44
	1032	46	45
	1033	47	40
	1034	41	41
	1035	46	43
	1036	46	43
	1037	45	43
	1038	44	44
	1039	47	46
	1040	47	43
	1041	42	45
	1042	43	42
	1043	46	43
	1044	46	48
	1045	48	45
	1046	43	42
	1047	44	42
	1048	44	46
	1049	44	44
	1050	39	44
	1051	43	43
	1052	47	41
	1053	41	38
	1054	42	43
	1055	40	51
	1056	44	44
	1057	43	46
	1058	40	41
	1059	45	46
	1060	40	44
	1061	43	46
	1062	39	40
	1063	46	43
	1064	40	43
	1065	46	43
	1066	43	42
	1067	43	42
	1068	43	45
	1069	42	44
	1070	41	44
	1071	42	44
	1072	38	41
	1073	40	40
	1074	40	44
	1075	42	45
	1076	44	42
	1077	50	44
	1078	43	43
	1079	44	44
	1080	40	42
	1081	42	42
	1082	40	42
	1083	42	43
	1084	42	45
	1085	42	41
	1086	41	47
	1087	41	43
	1088	38	42
	1089	38	42
	1090	42	42
	1091	40	44
	1092	39	41
	1093	38	45
	1094	39	42
	1095	43	42
	1096	40	41
	1097	43	44
	1098	41	44
	1099	42	46
	1100	40	43
	1101	43	44
	1102	37	41
	1103	39	43
	1104	44	43
	1105	44	44
	1106	42	45
	1107	41	41
	1108	38	44
	1109	41	46
	1110	38	47
	1111	44	45
	1112	40	42
	1113	43	40
	1114	39	41
	1115	40	44
	1116	41	43
	1117	41	43
	1118	41	40
	1119	40	45
	1120	41	46
	1121	41	44
	1122	39	43
	1123	39	42
	1124	39	43
	1125	36	43
	1126	39	43
	1127	40	42
	1128	41	44
	1129	40	43
	1130	41	44
	1131	42	43
	1132	41	44
	1133	39	45
	1134	39	44
	1135	40	43
	1136	39	48
	1137	42	41
	1138	40	44
	1139	42	44
	1140	43	42
	1141	39	43
	1142	37	44
	1143	41	44
	1144	39	43
	1145	39	42
	1146	39	46
	1147	41	44
	1148	38	42
	1149	39	42
	1150	41	41
	1151	39	44
	1152	37	42
	1153	36	44
	1154	40	43
	1155	42	41
	1156	35	42
	1157	41	44
	1158	37	45
	1159	40	44
	1160	39	42
	1161	39	43
	1162	38	43
	1163	38	46
	1164	36	39
	1165	39	42
	1166	41	40
	1167	39	43
	1168	37	45
	1169	37	43
	1170	38	44
	1171	40	43
	1172	37	45
	1173	38	41
	1174	39	46
	1175	38	46
	1176	38	42
	1177	41	44
	1178	37	41
	1179	40	42
	1180	35	44
	1181	37	45
	1182	39	39
	1183	40	45
	1184	37	42
	1185	36	43
	1186	36	43
	1187	38	43
	1188	39	46
	1189	37	44
	1190	35	45
	1191	37	43
	1192	36	40
	1193	35	39
	1194	41	42
	1195	40	46
	1196	40	45
	1197	37	44
	1198	38	40
	1199	39	44
	1200	41	43
	1201	37	43
	1202	37	41
	1203	36	46
	1204	39	44
	1205	38	43
	1206	37	41
	1207	39	44
	1208	39	41
	1209	39	42
	1210	37	40
	1211	38	45
	1212	36	45
	1213	38	44
	1214	39	43
	1215	41	42
	1216	37	46
	1217	35	43
	1218	38	41
	1219	38	43
	1220	37	41
	1221	40	42
	1222	36	43
	1223	40	45
	1224	34	40
	1225	38	43
	1226	34	44
	1227	36	40
	1228	36	42
	1229	37	45
	1230	39	44
	1231	36	41
	1232	36	42
	1233	39	40
	1234	35	41
	1235	38	46
	1236	35	40
	1237	36	44
	1238	35	43
	1239	37	44
	1240	37	37
	1241	37	46
	1242	37	40
	1243	36	43
	1244	38	44
	1245	36	44
	1246	38	44
	1247	37	39
	1248	39	43
	1249	40	41
	1250	40	41
	1251	39	45
	1252	36	42
	1253	38	42
	1254	36	40
	1255	41	43
	1256	36	40
	1257	36	44
	1258	39	42
	1259	37	42
	1260	38	42
	1261	38	43
	1262	37	44
	1263	36	45
	1264	35	42
	1265	38	44
	1266	42	46
	1267	45	43
	1268	37	40
	1269	37	42
	1270	33	44
	1271	36	44
	1272	36	43
	1273	35	42
	1274	39	41
	1275	37	49
	1276	34	40
	1277	37	42
	1278	38	45
	1279	35	44
	1280	36	42
	1281	33	43
	1282	35	42
	1283	38	45
	1284	33	44
	1285	38	45
	1286	34	44
	1287	36	43
	1288	32	40
	1289	35	43
	1290	36	40
	1291	35	42
	1292	35	41
	1293	37	43
	1294	39	44
	1295	36	42
	1296	36	41
	1297	34	43
	1298	34	43
	1299	35	45
	1300	37	45
	1301	35	43
	1302	35	39
	1303	36	44
	1304	33	42
	1305	34	43
	1306	34	44
	1307	35	45
	1308	35	41
	1309	36	45
	1310	38	42
	1311	35	43
	1312	35	43
	1313	38	44
	1314	37	43
	1315	37	40
	1316	34	44
	1317	35	41
	1318	36	45
	1319	35	42
	1320	36	44
	1321	35	43
	1322	33	41
	1323	32	42
	1324	36	42
	1325	36	45
	1326	35	41
	1327	35	44
	1328	34	44
	1329	35	45
	1330	34	40
	1331	38	45
	1332	33	43
	1333	37	45
	1334	33	46
	1335	35	43
	1336	31	42
	1337	34	42
	1338	36	40
	1339	34	43
	1340	37	41
	1341	34	45
	1342	35	42
	1343	33	43
	1344	33	40
	1345	35	43
	1346	33	42
	1347	32	45
	1348	32	41
	1349	34	41
	1350	35	41
	1351	31	42
	1352	34	41
	1353	34	45
	1354	32	41
	1355	35	43
	1356	34	43
	1357	31	43
	1358	33	44
	1359	37	44
	1360	33	43
	1361	35	42
	1362	31	43
	1363	29	44
	1364	31	43
	1365	33	42
	1366	35	39
	1367	31	41
	1368	30	44
	1369	34	43
	1370	32	44
	1371	34	41
	1372	41	45
	1373	33	41
	1374	31	44
	1375	33	39
	1376	30	39
	1377	33	44
	1378	30	42
	1379	33	41
	1380	34	39
	1381	41	41
	1382	31	41
	1383	33	44
	1384	34	43
	1385	35	43
	1386	38	41
	1387	33	41
	1388	35	42
	1389	33	44
	1390	32	43
	1391	34	42
	1392	33	40
	1393	35	46
	1394	32	41
	1395	31	44
	1396	33	43
	1397	32	44
	1398	32	42
	1399	34	42
	1400	35	44
	1401	32	43
	1402	34	44
	1403	35	41
	1404	34	41
	1405	32	44
	1406	34	45
	1407	31	40
	1408	34	40
	1409	32	40
	1410	32	44
	1411	34	42
	1412	30	43
	1413	34	43
	1414	29	41
	1415	32	44
	1416	30	44
	1417	29	44
	1418	33	43
	1419	33	42
	1420	32	41
	1421	31	45
	1422	30	44
	1423	35	45
	1424	32	43
	1425	34	41
	1426	27	45
	1427	30	44
	1428	32	42
	1429	31	42
	1430	31	42
	1431	31	44
	1432	31	43
	1433	31	42
	1434	33	44
	1435	31	42
	1436	32	41
	1437	32	42
	1438	29	45
	1439	31	43
	1440	32	44
	1441	31	37
	1442	32	43
	1443	33	43
	1444	32	42
	1445	37	41
	1446	33	40
	1447	31	43
	1448	33	42
	1449	31	43
	1450	32	41
	1451	31	43
	1452	29	42
	1453	27	43
	1454	29	44
	1455	29	44
	1456	32	41
	1457	33	41
	1458	33	44
	1459	31	46
	1460	29	43
	1461	31	43
	1462	31	44
	1463	33	41
	1464	31	41
	1465	29	39
	1466	32	43
	1467	30	41
	1468	29	43
	1469	30	42
	1470	28	40
	1471	28	43
	1472	30	42
	1473	31	44
	1474	27	45
	1475	33	44
	1476	30	40
	1477	33	38
	1478	28	42
	1479	28	43
	1480	32	43
	1481	29	41
	1482	29	40
	1483	30	42
	1484	30	41
	1485	30	43
	1486	30	41
	1487	30	47
	1488	27	41
	1489	32	42
	1490	29	42
	1491	29	42
	1492	27	43
	1493	30	43
	1494	30	40
	1495	29	42
	1496	29	44
	1497	33	42
	1498	28	42
	1499	29	39
	1500	28	41
	1501	32	43
	1502	28	40
	1503	30	44
	1504	29	40
	1505	30	42
	1506	29	41
	1507	29	44
	1508	28	40
	1509	28	41
	1510	27	41
	1511	30	41
	1512	30	39
	1513	30	41
	1514	29	43
	1515	30	41
	1516	29	39
	1517	27	43
	1518	31	44
	1519	27	42
	1520	30	43
	1521	31	41
	1522	29	42
	1523	31	43
	1524	29	42
	1525	29	37
	1526	29	38
	1527	29	44
	1528	31	42
	1529	30	42
	1530	29	40
	1531	34	43
	1532	28	43
	1533	30	41
	1534	27	41
	1535	29	41
	1536	29	42
	1537	29	42
	1538	26	41
	1539	28	43
	1540	30	39
	1541	29	40
	1542	30	41
	1543	30	42
	1544	30	41
	1545	27	43
	1546	26	44
	1547	27	43
	1548	28	43
	1549	29	40
	1550	27	43
	1551	28	43
	1552	30	44
	1553	30	40
	1554	28	41
	1555	30	40
	1556	29	41
	1557	32	44
	1558	35	49
	1559	30	41
	1560	29	40
	1561	34	41
	1562	35	43
	1563	34	43
	1564	32	43
	1565	33	44
	1566	32	39
	1567	34	40
	1568	35	41
	1569	35	44
	1570	35	40
	1571	37	52
	1572	34	41
	1573	34	43
	1574	39	43
	1575	37	43
	1576	38	45
	1577	36	43
	1578	37	45
	1579	35	41
	1580	37	41
	1581	41	42
	1582	40	42
	1583	38	45
	1584	39	44
	1585	38	42
	1586	37	43
	1587	40	43
	1588	38	42
	1589	38	42
	1590	40	42
	1591	38	43
	1592	38	44
	1593	43	42
	1594	39	42
	1595	39	42
	1596	39	41
	1597	46	43
	1598	39	44
	1599	39	46
	1600	37	45
	1601	41	43
	1602	37	41
	1603	38	42
	1604	38	45
	1605	36	44
	1606	35	45
	1607	39	43
	1608	36	44
	1609	41	42
	1610	37	42
	1611	38	44
	1612	39	41
	1613	37	44
	1614	36	40
	1615	38	44
	1616	34	43
	1617	39	44
	1618	37	39
	1619	38	42
	1620	34	43
	1621	37	43
	1622	38	45
	1623	39	41
	1624	36	45
	1625	34	43
	1626	38	45
	1627	37	45
	1628	36	44
	1629	36	42
	1630	37	43
	1631	40	46
	1632	36	42
	1633	38	44
	1634	35	43
	1635	40	44
	1636	35	44
	1637	36	43
	1638	35	46
	1639	38	41
	1640	36	44
	1641	37	45
	1642	33	41
	1643	36	43
	1644	35	43
	1645	37	40
	1646	41	42
	1647	36	43
	1648	36	46
	1649	37	47
	1650	36	42
	1651	33	45
	1652	36	42
	1653	38	44
	1654	38	41
	1655	37	42
	1656	33	42
	1657	38	43
	1658	37	41
	1659	36	43
	1660	35	42
	1661	38	42
	1662	35	44
	1663	41	43
	1664	35	43
	1665	38	43
	1666	37	41
	1667	39	43
	1668	36	43
	1669	37	42
	1670	35	45
	1671	40	40
	1672	34	41
	1673	37	43
	1674	36	43
	1675	35	43
	1676	37	42
	1677	37	44
	1678	36	43
	1679	37	44
	1680	35	42
	1681	31	45
	1682	33	41
	1683	35	42
	1684	33	42
	1685	35	42
	1686	35	40
	1687	37	46
	1688	33	40
	1689	34	41
	1690	31	41
	1691	35	44
	1692	32	40
	1693	32	40
	1694	33	43
	1695	30	44
	1696	27	45
	1697	30	43
	1698	27	42
	1699	31	40
	1700	30	43
	1701	27	43
	1702	28	41
	1703	26	42
	1704	27	41
	1705	29	40
	1706	24	42
	1707	23	42
	1708	25	40
	1709	25	40
	1710	26	40
	1711	25	40
	1712	25	41
	1713	28	41
	1714	23	42
	1715	26	41
	1716	24	40
	1717	24	40
	1718	25	40
	1719	25	42
	1720	25	38
	1721	24	40
	1722	23	38
	1723	25	41
	1724	25	42
	1725	23	42
	1726	29	40
	1727	27	41
	1728	23	38
	1729	22	39
	1730	26	41
	1731	25	42
	1732	27	41
	1733	23	39
	1734	24	39
	1735	23	42
	1736	24	41
	1737	23	40
	1738	23	40
	1739	25	41
	1740	24	41
	1741	25	41
	1742	22	41
	1743	25	42
	1744	25	43
	1745	24	41
	1746	24	42
	1747	25	39
	1748	27	41
	1749	24	41
	1750	22	39
	1751	24	40
	1752	26	41
	1753	27	40
	1754	23	43
	1755	25	44
	1756	23	42
	1757	23	40
	1758	22	37
	1759	26	41
	1760	22	45
	1761	24	42
	1762	24	43
	1763	23	38
	1764	23	42
	1765	26	42
	1766	24	41
	1767	25	40
	1768	23	39
	1769	24	44
	1770	23	42
	1771	25	41
	1772	22	42
	1773	23	41
	1774	24	39
	1775	23	44
	1776	22	40
	1777	27	41
	1778	25	40
	1779	25	41
	1780	26	42
	1781	26	42
	1782	26	40
	1783	21	38
	1784	21	42
	1785	27	38
	1786	22	41
	1787	22	42
	1788	24	42
	1789	24	47
	1790	25	39
	1791	25	43
	1792	22	43
	1793	22	41
	1794	21	41
	1795	21	43
	1796	23	41
	1797	23	39
	1798	21	39
	1799	26	41
	1800	23	41
	1801	24	40
	1802	23	41
	1803	28	43
	1804	22	41
	1805	24	39
	1806	24	43
	1807	26	41
	1808	23	39
	1809	23	43
	1810	24	38
	1811	25	39
	1812	21	41
	1813	21	41
	1814	22	40
	1815	20	42
	1816	25	44
	1817	22	41
	1818	23	41
	1819	27	40
	1820	23	41
	1821	23	41
	1822	22	41
	1823	23	43
	1824	22	38
	1825	24	40
	1826	20	38
	1827	22	43
	1828	22	39
	1829	24	43
	1830	23	40
	1831	24	40
	1832	23	40
	1833	21	41
	1834	19	40
	1835	24	42
	1836	21	41
	1837	24	43
	1838	22	41
	1839	24	39
	1840	21	44
	1841	22	43
	1842	20	38
	1843	19	41
	1844	23	40
	1845	24	42
	1846	20	42
	1847	22	41
	1848	25	40
	1849	22	40
	1850	23	39
	1851	24	42
	1852	21	40
	1853	23	39
	1854	19	41
	1855	22	41
	1856	22	40
	1857	24	42
	1858	19	39
	1859	23	41
	1860	22	40
	1861	26	40
	1862	24	40
	1863	23	42
	1864	27	41
	1865	23	43
	1866	21	41
	1867	22	42
	1868	21	40
	1869	21	43
	1870	20	42
	1871	21	43
	1872	22	42
	1873	21	39
	1874	19	41
	1875	22	39
	1876	23	39
	1877	21	38
	1878	23	38
	1879	26	41
	1880	24	41
	1881	24	37
	1882	20	37
	1883	24	40
	1884	22	43
	1885	22	40
	1886	23	42
	1887	21	40
	1888	21	39
	1889	22	41
	1890	23	43
	1891	23	44
	1892	20	41
	1893	22	40
	1894	23	39
	1895	22	42
	1896	19	40
	1897	22	42
	1898	23	40
	1899	22	41
	1900	22	41
	1901	23	43
	1902	23	41
	1903	24	39
	1904	23	40
	1905	23	41
	1906	22	42
	1907	30	43
	1908	20	38
	1909	22	40
	1910	23	41
	1911	23	41
	1912	22	43
	1913	20	39
	1914	22	40
	1915	25	42
	1916	22	42
	1917	24	39
	1918	24	41
	1919	24	42
	1920	21	40
	1921	22	45
	1922	22	38
	1923	23	41
	1924	23	42
	1925	23	40
	1926	24	42
	1927	22	41
	1928	22	40
	1929	21	41
	1930	21	39
	1931	22	44
	1932	24	41
	1933	21	40
	1934	21	43
	1935	24	43
	1936	21	41
	1937	23	41
	1938	21	40
	1939	23	43
	1940	22	42
	1941	22	42
	1942	26	39
	1943	24	40
	1944	22	39
	1945	22	41
	1946	20	40
	1947	22	42
	1948	22	41
	1949	21	40
	1950	19	41
	1951	23	43
	1952	19	41
	1953	23	41
	1954	21	40
	1955	22	40
	1956	24	39
	1957	21	38
	1958	19	41
	1959	21	40
	1960	21	39
	1961	23	42
	1962	21	41
	1963	22	42
	1964	22	42
	1965	23	39
	1966	20	42
	1967	25	42
	1968	20	40
	1969	25	43
	1970	22	41
	1971	21	42
	1972	23	41
	1973	24	41
	1974	21	39
	1975	23	41
	1976	22	39
	1977	21	40
	1978	23	40
	1979	22	38
	1980	19	40
	1981	25	40
	1982	20	41
	1983	23	43
	1984	22	41
	1985	21	40
	1986	21	41
	1987	23	41
	1988	20	39
	1989	22	43
	1990	23	40
	1991	24	40
	1992	21	39
	1993	23	44
	1994	23	40
	1995	23	41
	1996	21	39
	1997	21	40
	1998	24	44
	1999	25	41
	2000	22	40
	2001	21	41
	2002	21	41
	2003	20	39
	2004	22	43
	2005	21	43
	2006	20	35
	2007	20	42
	2008	20	36
	2009	21	40
	2010	19	42
	2011	20	40
	2012	21	44
	2013	22	42
	2014	23	38
	2015	23	40
	2016	18	41
	2017	21	39
	2018	23	40
	2019	21	38
	2020	22	40
	2021	18	39
	2022	21	37
	2023	17	43
	2024	21	40
	2025	18	39
	2026	20	40
	2027	22	43
	2028	19	41
	2029	22	41
	2030	20	42
	2031	22	39
	2032	22	40
	2033	23	40
	2034	20	42
	2035	23	37
	2036	20	38
	2037	19	38
	2038	19	42
	2039	19	44
	2040	22	40
	2041	20	41
	2042	21	38
	2043	20	41
	2044	17	39
	2045	21	40
	2046	20	42
	2047	22	39
	2048	22	40
	2049	20	39
	2050	20	40
	2051	23	40
	2052	19	39
	2053	22	41
	2054	20	41
	2055	20	41
	2056	18	38
	2057	20	42
	2058	19	43
	2059	19	41
	2060	19	43
	2061	19	42
	2062	17	39
	2063	21	40
	2064	17	38
	2065	20	42
	2066	20	39
	2067	21	39
	2068	22	39
	2069	20	38
	2070	20	37
	2071	20	41
	2072	20	37
	2073	22	41
	2074	19	39
	2075	19	40
	2076	19	41
	2077	21	39
	2078	19	40
	2079	22	41
	2080	19	42
	2081	18	40
	2082	21	40
	2083	20	41
	2084	20	40
	2085	19	38
	2086	22	37
	2087	22	40
	2088	22	40
	2089	19	41
	2090	22	41
	2091	21	41
	2092	19	41
	2093	22	42
	2094	19	41
	2095	20	42
	2096	18	40
	2097	19	38
	2098	22	38
	2099	18	42
	2100	19	39
	2101	20	43
	2102	19	38
	2103	18	40
	2104	18	40
	2105	22	39
	2106	17	37
	2107	21	38
	2108	20	37
	2109	18	40
	2110	19	43
	2111	21	39
	2112	20	40
	2113	20	39
	2114	19	39
	2115	18	42
	2116	17	40
	2117	18	40
	2118	19	41
	2119	19	42
	2120	20	39
	2121	22	41
	2122	18	41
	2123	21	42
	2124	19	43
	2125	21	40
	2126	19	38
	2127	21	41
	2128	20	40
	2129	21	41
	2130	19	41
	2131	20	39
	2132	22	40
	2133	21	42
	2134	18	40
	2135	19	41
	2136	20	40
	2137	19	43
	2138	18	41
	2139	19	39
	2140	20	40
	2141	19	41
	2142	17	41
	2143	23	41
	2144	21	42
	2145	18	38
	2146	21	43
	2147	21	40
	2148	21	36
	2149	19	40
	2150	20	40
	2151	22	38
	2152	20	41
	2153	21	41
	2154	21	40
	2155	18	41
	2156	17	38
	2157	20	40
	2158	20	42
	2159	22	41
	2160	19	41
	2161	19	38
	2162	20	39
	2163	22	40
	2164	21	40
	2165	17	42
	2166	20	41
	2167	20	41
	2168	21	38
	2169	21	43
	2170	21	59
	2171	23	41
	2172	19	40
	2173	20	40
	2174	19	39
	2175	18	38
	2176	17	40
	2177	18	41
	2178	19	39
	2179	21	40
	2180	19	39
	2181	19	41
	2182	19	38
	2183	23	40
	2184	19	39
	2185	20	40
	2186	19	41
	2187	19	43
	2188	20	39
	2189	21	42
	2190	20	39
	2191	20	43
	2192	18	43
	2193	20	40
	2194	20	46
	2195	19	40
	2196	17	39
	2197	18	39
	2198	18	43
	2199	19	41
	2200	17	41
	2201	21	41
	2202	22	39
	2203	21	40
	2204	21	39
	2205	28	41
	2206	20	41
	2207	22	41
	2208	18	40
	2209	21	41
	2210	23	37
	2211	20	40
	2212	18	41
	2213	18	41
	2214	20	41
	2215	18	40
	2216	17	39
	2217	21	40
	2218	22	43
	2219	21	41
	2220	17	38
	2221	21	41
	2222	19	39
	2223	20	41
	2224	20	39
	2225	20	40
	2226	17	40
	2227	20	40
	2228	20	40
	2229	20	40
	2230	23	39
	2231	20	38
	2232	19	42
	2233	21	43
	2234	21	40
	2235	19	41
	2236	19	39
	2237	22	39
	2238	20	41
	2239	21	46
	2240	19	40
	2241	21	41
	2242	21	40
	2243	19	39
	2244	22	41
	2245	23	40
	2246	21	40
	2247	24	38
	2248	22	39
	2249	20	41
	2250	21	39
	2251	21	41
	2252	18	39
	2253	21	37
	2254	18	39
	2255	19	42
	2256	20	40
	2257	22	39
	2258	23	39
	2259	19	39
	2260	19	39
	2261	20	38
	2262	20	40
	2263	21	43
	2264	22	40
	2265	18	40
	2266	21	41
	2267	21	43
	2268	18	43
	2269	22	39
	2270	21	40
	2271	18	43
	2272	20	41
	2273	20	42
	2274	20	38
	2275	22	40
	2276	18	39
	2277	20	43
	2278	21	39
	2279	19	40
	2280	19	38
	2281	20	40
	2282	20	40
	2283	20	41
	2284	18	45
	2285	19	39
	2286	20	41
	2287	23	39
	2288	21	39
	2289	19	39
	2290	19	40
	2291	23	40
	2292	21	38
	2293	19	40
	2294	19	38
	2295	19	42
	2296	20	41
	2297	22	42
	2298	19	42
	2299	19	39
	2300	22	39
	2301	20	40
	2302	19	42
	2303	21	42
	2304	18	41
	2305	20	42
	2306	20	39
	2307	19	39
	2308	19	37
	2309	19	40
	2310	20	37
	2311	23	42
	2312	17	39
	2313	20	42
	2314	18	39
	2315	21	42
	2316	19	38
	2317	21	39
	2318	19	39
	2319	19	38
	2320	19	40
	2321	22	39
	2322	21	37
	2323	20	41
	2324	19	41
	2325	20	42
	2326	18	41
	2327	25	41
	2328	19	38
	2329	21	39
	2330	21	39
	2331	22	40
	2332	21	43
	2333	20	39
	2334	18	38
	2335	21	39
	2336	22	41
	2337	19	39
	2338	20	42
	2339	20	42
	2340	18	39
	2341	21	42
	2342	19	39
	2343	23	38
	2344	18	41
	2345	18	41
	2346	18	42
	2347	21	43
	2348	20	40
	2349	21	39
	2350	21	38
	2351	20	43
	2352	20	41
	2353	21	40
	2354	20	40
	2355	22	38
	2356	20	40
	2357	19	41
	2358	20	39
	2359	19	38
	2360	19	39
	2361	22	43
	2362	19	39
	2363	22	42
	2364	18	39
	2365	19	42
	2366	20	40
	2367	21	39
	2368	18	40
	2369	21	40
	2370	18	40
	2371	20	39
	2372	18	41
	2373	20	39
	2374	18	40
	2375	22	41
	2376	18	40
	2377	21	42
	2378	21	39
	2379	21	41
	2380	20	40
	2381	22	42
	2382	19	37
	2383	21	40
	2384	19	41
	2385	19	38
	2386	22	42
	2387	21	40
	2388	20	38
	2389	20	40
	2390	21	39
	2391	20	42
	2392	22	40
	2393	21	37
	2394	19	41
	2395	21	42
	2396	20	40
	2397	18	42
	2398	19	42
	2399	19	40
	2400	18	42
	2401	17	39
	2402	19	37
	2403	25	39
	2404	19	37
	2405	20	39
	2406	20	40
	2407	22	42
	2408	19	40
	2409	20	39
	2410	19	43
	2411	21	43
	2412	21	42
	2413	19	40
	2414	21	39
	2415	20	41
	2416	18	42
	2417	22	46
	2418	20	40
	2419	20	41
	2420	21	38
	2421	21	38
	2422	19	39
	2423	21	42
	2424	17	40
	2425	23	37
	2426	21	38
	2427	21	42
	2428	18	39
	2429	19	42
	2430	21	42
	2431	21	42
	2432	21	40
	2433	23	42
	2434	20	38
	2435	21	39
	2436	20	37
	2437	20	41
	2438	20	42
	2439	20	40
	2440	18	39
	2441	17	42
	2442	20	39
	2443	20	42
	2444	15	43
	2445	18	41
	2446	24	41
	2447	19	39
	2448	19	41
	2449	17	43
	2450	19	40
	2451	23	44
	2452	20	37
	2453	19	41
	2454	18	37
	2455	21	40
	2456	19	40
	2457	20	41
	2458	18	39
	2459	21	42
	2460	18	39
	2461	19	39
	2462	20	41
	2463	19	40
	2464	19	43
	2465	20	38
	2466	23	40
	2467	19	41
	2468	21	37
	2469	20	39
	2470	22	43
	2471	20	42
	2472	20	39
	2473	22	42
	2474	20	39
	2475	22	42
	2476	18	39
	2477	20	40
	2478	19	44
	2479	17	41
	2480	18	38
	2481	18	43
	2482	20	40
	2483	18	39
	2484	19	41
	2485	20	40
	2486	18	39
	2487	20	40
	2488	19	39
	2489	18	41
	2490	19	39
	2491	19	42
	2492	19	37
	2493	20	41
	2494	19	41
	2495	21	43
	2496	20	38
	2497	20	37
	2498	18	41
	2499	20	39
	2500	19	42
	2501	21	41
	2502	18	39
	2503	21	41
	2504	22	40
	2505	19	40
	2506	21	39
	2507	20	42
	2508	19	41
	2509	19	43
	2510	20	42
	2511	21	40
	2512	22	41
	2513	21	43
	2514	17	41
	2515	20	38
	2516	21	38
	2517	20	38
	2518	19	41
	2519	21	41
	2520	20	41
	2521	21	41
	2522	15	37
	2523	18	44
	2524	20	40
	2525	19	40
	2526	20	44
	2527	18	40
	2528	16	37
	2529	18	40
	2530	18	42
	2531	18	41
	2532	19	41
	2533	17	40
	2534	17	42
	2535	20	40
	2536	19	42
	2537	21	41
	2538	18	40
	2539	18	42
	2540	19	39
	2541	19	44
	2542	19	40
	2543	19	40
	2544	20	34
	2545	19	39
	2546	18	39
	2547	17	41
	2548	21	39
	2549	18	38
	2550	18	40
	2551	21	40
	2552	18	38
	2553	20	43
	2554	19	41
	2555	21	40
	2556	19	41
	2557	20	40
	2558	20	38
	2559	21	42
	2560	22	37
	2561	20	39
	2562	20	38
	2563	21	41
	2564	21	39
	2565	20	38
	2566	17	43
	2567	22	45
	2568	19	40
	2569	19	42
	2570	19	41
	2571	21	41
	2572	19	41
	2573	19	41
	2574	18	37
	2575	19	40
	2576	21	40
	2577	21	39
	2578	17	40
	2579	19	40
	2580	19	38
	2581	22	39
	2582	19	41
	2583	21	39
	2584	21	40
	2585	22	40
	2586	18	40
	2587	21	40
	2588	19	39
	2589	21	39
	2590	23	40
	2591	21	40
	2592	18	40
	2593	18	41
	2594	20	39
	2595	21	42
	2596	18	39
	2597	21	40
	2598	19	39
	2599	22	41
	2600	17	41
	2601	20	40
	2602	19	39
	2603	22	39
	2604	21	40
	2605	18	38
	2606	19	37
	2607	19	39
	2608	18	41
	2609	19	39
	2610	20	39
	2611	21	39
	2612	20	40
	2613	20	41
	2614	18	36
	2615	22	41
	2616	21	40
	2617	18	44
	2618	20	43
	2619	19	40
	2620	18	41
	2621	22	43
	2622	17	39
	2623	21	41
	2624	19	43
	2625	19	42
	2626	24	40
	2627	16	40
	2628	19	40
	2629	20	41
	2630	19	42
	2631	18	42
	2632	17	40
	2633	21	44
	2634	19	40
	2635	22	40
	2636	19	40
	2637	18	42
	2638	19	37
	2639	19	41
	2640	19	39
	2641	20	39
	2642	19	39
	2643	22	41
	2644	18	39
	2645	21	42
	2646	19	37
	2647	20	43
	2648	19	38
	2649	22	40
	2650	20	41
	2651	21	42
	2652	19	40
	2653	21	42
	2654	18	40
	2655	21	42
	2656	23	40
	2657	19	38
	2658	19	40
	2659	19	39
	2660	20	37
	2661	21	39
	2662	21	40
	2663	19	38
	2664	19	41
	2665	19	41
	2666	19	39
	2667	19	41
	2668	20	42
	2669	22	41
	2670	17	40
	2671	18	39
	2672	19	40
	2673	19	39
	2674	19	42
	2675	20	42
	2676	19	39
	2677	21	38
	2678	17	40
	2679	21	39
	2680	20	39
	2681	20	41
	2682	18	40
	2683	18	39
	2684	16	39
	2685	18	39
	2686	18	39
	2687	18	39
	2688	18	40
	2689	20	39
	2690	21	42
	2691	19	37
	2692	19	40
	2693	22	39
	2694	20	38
	2695	20	42
	2696	19	41
	2697	20	42
	2698	19	41
	2699	22	42
	2700	18	38
	2701	19	42
	2702	21	40
	2703	21	42
	2704	19	41
	2705	19	37
	2706	19	42
	2707	18	41
	2708	22	39
	2709	18	40
	2710	18	40
	2711	20	36
	2712	19	38
	2713	20	41
	2714	23	40
	2715	20	42
	2716	19	40
	2717	20	40
	2718	19	41
	2719	20	43
	2720	20	36
	2721	26	39
	2722	21	40
	2723	17	40
	2724	18	39
	2725	22	42
	2726	21	39
	2727	21	40
	2728	18	42
	2729	19	42
	2730	22	42
	2731	17	40
	2732	19	38
	2733	20	40
	2734	21	43
	2735	19	40
	2736	21	41
	2737	19	41
	2738	21	39
	2739	21	42
	2740	18	40
	2741	19	41
	2742	18	37
	2743	19	40
	2744	18	44
	2745	18	40
	2746	18	39
	2747	19	40
	2748	18	38
	2749	19	41
	2750	20	43
	2751	18	40
	2752	21	39
	2753	20	42
	2754	20	39
	2755	20	39
	2756	18	41
	2757	19	42
	2758	20	42
	2759	22	39
	2760	18	40
	2761	19	40
	2762	20	40
	2763	23	40
	2764	19	40
	2765	20	40
	2766	20	39
	2767	20	41
	2768	18	39
	2769	21	40
	2770	20	38
	2771	20	42
	2772	18	39
	2773	23	43
	2774	19	36
	2775	21	39
	2776	17	43
	2777	20	40
	2778	18	42
	2779	19	43
	2780	22	39
	2781	18	42
	2782	19	41
	2783	24	41
	2784	18	42
	2785	20	40
	2786	20	37
	2787	16	39
	2788	19	40
	2789	20	39
	2790	15	41
	2791	21	37
	2792	19	39
	2793	20	42
	2794	23	38
	2795	22	39
	2796	19	41
	2797	19	41
	2798	21	42
	2799	18	40
	2800	18	39
	2801	20	41
	2802	17	44
	2803	20	38
	2804	16	39
	2805	17	42
	2806	19	42
	2807	19	41
	2808	21	41
	2809	22	39
	2810	18	41
	2811	20	41
	2812	21	41
	2813	20	42
	2814	22	42
	2815	20	41
	2816	20	41
	2817	19	39
	2818	21	37
	2819	20	41
	2820	18	40
	2821	19	41
	2822	16	40
	2823	22	41
	2824	18	41
	2825	19	40
	2826	20	40
	2827	21	42
	2828	20	39
	2829	19	40
	2830	21	39
	2831	26	41
	2832	19	41
	2833	22	39
	2834	19	40
	2835	19	41
	2836	19	43
	2837	17	42
	2838	20	41
	2839	21	41
	2840	18	42
	2841	17	41
	2842	19	38
	2843	20	41
	2844	20	39
	2845	16	39
	2846	20	41
	2847	19	41
	2848	19	40
	2849	20	39
	2850	18	42
	2851	19	40
	2852	20	39
	2853	22	43
	2854	19	39
	2855	23	41
	2856	17	42
	2857	20	39
	2858	19	42
	2859	23	41
	2860	18	40
	2861	20	40
	2862	17	38
	2863	20	41
	2864	19	39
	2865	19	40
	2866	19	38
	2867	20	38
	2868	19	38
	2869	20	41
	2870	22	39
	2871	20	39
	2872	19	37
	2873	20	40
	2874	19	42
	2875	19	42
	2876	19	40
	2877	19	41
	2878	19	43
	2879	19	40
	2880	20	38
	2881	18	40
	2882	20	40
	2883	22	42
	2884	17	38
	2885	22	42
	2886	18	39
	2887	21	40
	2888	20	40
	2889	43	42
	2890	18	42
	2891	20	43
	2892	20	40
	2893	20	38
	2894	17	39
	2895	17	39
	2896	16	40
	2897	18	40
	2898	20	43
	2899	21	41
	2900	16	41
	2901	22	41
	2902	17	40
	2903	22	43
	2904	18	43
	2905	19	41
	2906	19	41
	2907	18	40
	2908	20	40
	2909	21	40
	2910	22	38
	2911	18	43
	2912	19	39
	2913	20	42
	2914	18	45
	2915	21	41
	2916	18	41
	2917	21	41
	2918	19	42
	2919	21	42
	2920	23	41
	2921	21	41
	2922	20	43
	2923	17	40
	2924	21	42
	2925	22	39
	2926	19	41
	2927	22	40
	2928	19	40
	2929	18	40
	2930	19	41
	2931	20	42
	2932	21	39
	2933	21	40
	2934	18	39
	2935	20	40
	2936	16	43
	2937	18	41
	2938	17	41
	2939	21	41
	2940	18	39
	2941	19	41
	2942	17	38
	2943	21	40
	2944	19	44
	2945	20	38
	2946	20	39
	2947	22	41
	2948	21	39
	2949	21	43
	2950	19	40
	2951	21	43
	2952	20	40
	2953	20	43
	2954	18	41
	2955	19	41
	2956	20	40
	2957	19	41
	2958	19	39
	2959	20	42
	2960	21	39
	2961	16	41
	2962	21	43
	2963	19	38
	2964	18	40
	2965	21	39
	2966	19	40
	2967	21	44
	2968	21	40
	2969	19	43
	2970	21	40
	2971	20	40
	2972	21	39
	2973	18	41
	2974	20	36
	2975	21	38
	2976	19	39
	2977	20	41
	2978	21	40
	2979	21	41
	2980	18	38
	2981	21	43
	2982	23	39
	2983	20	40
	2984	20	41
	2985	19	42
	2986	21	43
	2987	19	41
	2988	20	39
	2989	18	39
	2990	20	37
	2991	21	41
	2992	20	40
	2993	20	39
	2994	16	38
	2995	19	40
	2996	18	39
	2997	20	39
	2998	22	38
	2999	23	39
	3000	19	40
	3001	20	40
	3002	19	39
	3003	20	38
	3004	22	38
	3005	21	40
	3006	21	38
	3007	20	42
	3008	18	41
	3009	21	40
	3010	20	42
	3011	20	40
	3012	19	40
	3013	19	42
	3014	18	40
	3015	22	40
	3016	20	39
	3017	21	39
	3018	21	39
	3019	20	44
	3020	18	42
	3021	22	40
	3022	20	39
	3023	22	40
	3024	20	41
	3025	21	41
	3026	20	39
	3027	19	39
	3028	18	39
	3029	22	41
	3030	21	42
	3031	20	43
	3032	20	42
	3033	20	41
	3034	22	41
	3035	19	38
	3036	20	38
	3037	19	39
	3038	19	39
	3039	19	41
	3040	19	38
	3041	23	43
	3042	21	40
	3043	22	40
	3044	17	40
	3045	19	42
	3046	20	41
	3047	21	43
	3048	19	40
	3049	21	41
	3050	21	40
	3051	20	41
	3052	19	42
	3053	18	39
	3054	16	38
	3055	20	40
	3056	22	41
	3057	20	40
	3058	16	40
	3059	20	40
	3060	17	39
	3061	20	40
	3062	20	41
	3063	23	43
	3064	20	40
	3065	20	41
	3066	18	37
	3067	19	41
	3068	20	38
	3069	19	41
	3070	18	40
	3071	19	40
	3072	19	40
	3073	18	38
	3074	21	38
	3075	22	42
	3076	20	39
	3077	20	39
	3078	21	43
	3079	21	43
	3080	21	41
	3081	21	41
	3082	20	39
	3083	20	41
	3084	22	40
	3085	18	40
	3086	21	37
	3087	21	40
	3088	17	40
	3089	20	40
	3090	21	38
	3091	18	42
	3092	19	39
	3093	17	41
	3094	21	39
	3095	20	41
	3096	22	42
	3097	20	41
	3098	20	40
	3099	21	41
	3100	20	42
	3101	21	40
	3102	21	40
	3103	20	42
	3104	18	40
	3105	20	41
	3106	20	39
	3107	24	41
	3108	19	40
	3109	19	41
	3110	20	41
	3111	23	42
	3112	20	39
	3113	20	41
	3114	18	37
	3115	18	42
	3116	23	39
	3117	21	41
	3118	21	40
	3119	19	38
	3120	21	41
	3121	21	41
	3122	18	40
	3123	17	39
	3124	20	40
	3125	21	42
	3126	20	40
	3127	19	43
	3128	18	39
	3129	19	37
	3130	21	39
	3131	20	41
	3132	20	39
	3133	21	39
	3134	18	42
	3135	20	38
	3136	23	40
	3137	17	39
	3138	20	40
	3139	20	40
	3140	19	39
	3141	20	40
	3142	21	39
	3143	20	39
	3144	16	42
	3145	17	42
	3146	24	37
	3147	19	41
	3148	20	38
	3149	17	40
	3150	20	38
	3151	19	43
	3152	18	38
	3153	18	41
	3154	20	40
	3155	21	41
	3156	19	40
	3157	18	40
	3158	18	39
	3159	21	40
	3160	20	40
	3161	20	40
	3162	22	39
	3163	18	41
	3164	18	42
	3165	21	41
	3166	20	38
	3167	20	39
	3168	18	38
	3169	21	39
	3170	18	39
	3171	21	43
	3172	19	38
	3173	19	39
	3174	20	39
	3175	22	41
	3176	18	43
	3177	21	40
	3178	19	39
	3179	19	43
	3180	19	39
	3181	21	41
	3182	19	39
	3183	22	39
	3184	16	39
	3185	26	43
	3186	17	38
	3187	19	43
	3188	20	38
	3189	21	39
	3190	20	42
	3191	20	43
	3192	17	40
	3193	19	42
	3194	19	39
	3195	21	39
	3196	21	41
	3197	16	39
	3198	22	40
	3199	22	41
	3200	17	35
	3201	19	42
	3202	19	39
	3203	20	41
	3204	18	40
	3205	21	42
	3206	21	39
	3207	21	42
	3208	19	40
	3209	19	40
	3210	19	42
	3211	22	40
	3212	15	38
	3213	23	38
	3214	20	39
	3215	22	40
	3216	21	39
	3217	20	42
	3218	17	40
	3219	23	41
	3220	19	39
	3221	20	41
	3222	20	38
	3223	19	47
	3224	20	41
	3225	23	40
	3226	20	39
	3227	20	39
	3228	20	39
	3229	19	40
	3230	20	40
	3231	20	38
	3232	20	38
	3233	22	43
	3234	19	39
	3235	20	43
	3236	18	43
	3237	20	38
	3238	18	40
	3239	19	41
	3240	22	41
	3241	19	47
	3242	20	39
	3243	20	43
	3244	19	41
	3245	22	41
	3246	18	40
	3247	22	40
	3248	15	38
	3249	20	37
	3250	20	41
	3251	20	44
	3252	21	39
	3253	20	39
	3254	20	38
	3255	21	40
	3256	19	40
	3257	18	41
	3258	20	41
	3259	22	40
	3260	18	40
	3261	21	37
	3262	19	40
	3263	21	39
	3264	18	37
	3265	21	39
	3266	19	41
	3267	20	40
	3268	19	41
	3269	20	42
	3270	20	39
	3271	21	41
	3272	22	40
	3273	19	43
	3274	19	40
	3275	20	42
	3276	18	42
	3277	17	42
	3278	18	38
	3279	20	44
	3280	20	39
	3281	20	40
	3282	19	41
	3283	19	39
	3284	19	40
	3285	26	40
	3286	21	37
	3287	20	42
	3288	19	41
	3289	20	43
	3290	21	41
	3291	19	41
	3292	18	38
	3293	20	42
	3294	18	41
	3295	18	40
	3296	18	40
	3297	20	39
	3298	19	40
	3299	21	41
	3300	20	38
	3301	19	40
	3302	18	40
	3303	21	38
	3304	20	41
	3305	19	42
	3306	19	39
	3307	19	42
	3308	19	40
	3309	20	40
	3310	19	42
	3311	18	41
	3312	19	36
	3313	19	40
	3314	16	39
	3315	17	41
	3316	17	41
	3317	20	39
	3318	19	40
	3319	19	39
	3320	21	42
	3321	20	43
	3322	21	41
	3323	21	38
	3324	18	38
	3325	20	40
	3326	19	38
	3327	19	41
	3328	21	40
	3329	20	39
	3330	20	40
	3331	20	41
	3332	21	40
	3333	17	43
	3334	19	40
	3335	19	40
	3336	20	41
	3337	17	41
	3338	18	42
	3339	21	42
	3340	19	39
	3341	19	42
	3342	20	42
	3343	19	42
	3344	21	37
	3345	22	39
	3346	20	36
	3347	19	39
	3348	19	41
	3349	19	39
	3350	20	40
	3351	18	41
	3352	18	41
	3353	17	39
	3354	19	39
	3355	20	39
	3356	17	41
	3357	20	40
	3358	20	39
	3359	21	41
	3360	17	39
	3361	18	39
	3362	19	38
	3363	22	41
	3364	22	40
	3365	18	40
	3366	18	37
	3367	20	40
	3368	20	41
	3369	19	40
	3370	20	42
	3371	19	38
	3372	17	36
	3373	21	38
	3374	19	40
	3375	21	40
	3376	20	40
	3377	19	41
	3378	18	41
	3379	22	43
	3380	20	40
	3381	21	38
	3382	20	39
	3383	20	43
	3384	20	41
	3385	22	41
	3386	18	42
	3387	19	41
	3388	17	41
	3389	20	39
	3390	18	39
	3391	19	38
	3392	16	38
	3393	21	41
	3394	19	38
	3395	21	42
	3396	18	41
	3397	18	40
	3398	17	41
	3399	19	42
	3400	18	39
	3401	20	41
	3402	18	41
	3403	20	40
	3404	19	39
	3405	20	39
	3406	18	40
	3407	19	39
	3408	19	42
	3409	20	38
	3410	18	37
	3411	17	40
	3412	20	38
	3413	18	42
	3414	19	42
	3415	20	39
	3416	18	39
	3417	20	39
	3418	18	41
	3419	20	41
	3420	18	37
	3421	19	39
	3422	20	41
	3423	23	40
	3424	19	37
	3425	19	42
	3426	19	37
	3427	20	44
	3428	18	40
	3429	20	40
	3430	19	39
	3431	20	40
	3432	19	39
	3433	17	43
	3434	19	37
	3435	21	43
	3436	20	38
	3437	19	42
	3438	18	38
	3439	20	41
	3440	19	41
	3441	22	40
	3442	21	42
	3443	20	39
	3444	18	38
	3445	19	39
	3446	19	40
	3447	19	42
	3448	19	40
	3449	23	41
	3450	21	37
	3451	21	41
	3452	19	37
	3453	20	41
	3454	21	41
	3455	19	41
	3456	19	40
	3457	22	41
	3458	19	40
	3459	19	41
	3460	20	37
	3461	19	41
	3462	21	42
	3463	19	41
	3464	21	40
	3465	18	38
	3466	19	39
	3467	20	41
	3468	18	37
	3469	19	38
	3470	16	41
	3471	22	42
	3472	16	47
	3473	20	37
	3474	21	37
	3475	22	38
	3476	18	39
	3477	19	42
	3478	19	44
	3479	21	39
	3480	21	36
	3481	21	39
	3482	19	40
	3483	21	41
	3484	18	39
	3485	20	42
	3486	16	41
	3487	18	40
	3488	21	40
	3489	20	39
	3490	21	41
	3491	18	41
	3492	19	41
	3493	19	41
	3494	20	38
	3495	22	40
	3496	21	40
	3497	21	40
	3498	19	41
	3499	21	40
	3500	18	41
	3501	21	38
	3502	19	36
	3503	20	41
	3504	20	40
	3505	21	43
	3506	17	37
	3507	19	39
	3508	17	38
	3509	21	42
	3510	17	43
	3511	17	41
	3512	19	40
	3513	21	39
	3514	19	39
	3515	20	38
	3516	18	41
	3517	23	41
	3518	19	37
	3519	22	40
	3520	18	39
	3521	22	40
	3522	20	41
	3523	22	40
	3524	20	37
	3525	17	42
	3526	21	39
	3527	18	40
	3528	20	41
	3529	20	41
	3530	18	41
	3531	20	42
	3532	20	39
	3533	21	42
	3534	17	37
	3535	20	38
	3536	18	39
	3537	20	44
	3538	20	41
	3539	22	42
	3540	21	43
	3541	18	39
	3542	19	39
	3543	19	40
	3544	17	38
	3545	17	39
	3546	18	37
	3547	18	37
	3548	20	40
	3549	24	38
	3550	21	41
	3551	17	38
	3552	18	39
	3553	20	41
	3554	19	41
	3555	21	40
	3556	19	41
	3557	19	40
	3558	19	37
	3559	19	44
	3560	20	40
	3561	20	39
	3562	18	40
	3563	20	40
	3564	18	37
	3565	23	41
	3566	19	38
	3567	18	39
	3568	18	38
	3569	20	40
	3570	18	40
	3571	21	40
	3572	20	39
	3573	21	39
	3574	19	39
	3575	19	39
	3576	18	35
	3577	19	39
	3578	18	39
	3579	18	43
	3580	19	38
	3581	17	40
	3582	17	39
	3583	23	39
	3584	17	39
	3585	19	39
	3586	20	38
	3587	19	38
	3588	18	41
	3589	18	41
	3590	18	39
	3591	20	40
	3592	18	39
	3593	21	40
	3594	19	39
	3595	20	38
	3596	19	37
	3597	18	41
	3598	18	38
	3599	23	40
	3600	21	39
	3601	19	40
	3602	19	40
	3603	22	40
	3604	20	36
	3605	23	37
	3606	18	40
	3607	23	39
	3608	19	40
	3609	18	39
	3610	18	39
	3611	19	40
	3612	18	39
	3613	20	40
	3614	18	42
	3615	19	40
	3616	17	39
	3617	20	42
	3618	20	41
	3619	17	39
	3620	17	36
	3621	17	41
	3622	18	41
	3623	19	38
	3624	19	37
	3625	19	38
	3626	18	37
	3627	20	40
	3628	19	39
	3629	21	38
	3630	18	38
	3631	19	38
	3632	21	40
	3633	23	41
	3634	17	41
	3635	21	41
	3636	20	39
	3637	22	39
	3638	20	39
	3639	21	40
	3640	19	39
	3641	19	39
	3642	19	38
	3643	21	40
	3644	19	39
	3645	20	42
	3646	19	38
	3647	21	41
	3648	18	42
	3649	21	39
	3650	22	40
	3651	20	42
	3652	20	39
	3653	19	40
	3654	18	39
	3655	20	39
	3656	18	40
	3657	18	40
	3658	17	38
	3659	21	39
	3660	17	39
	3661	19	39
	3662	19	42
	3663	19	40
	3664	19	40
	3665	20	41
	3666	18	36
	3667	19	38
	3668	19	38
	3669	19	37
	3670	17	38
	3671	20	40
	3672	20	38
	3673	19	41
	3674	17	37
	3675	18	40
	3676	17	40
	3677	18	40
	3678	19	40
	3679	19	41
	3680	19	39
	3681	18	41
	3682	19	39
	3683	21	39
	3684	16	36
	3685	20	40
	3686	17	39
	3687	20	40
	3688	19	36
	3689	18	40
	3690	17	37
	3691	21	41
	3692	19	38
	3693	19	40
	3694	17	38
	3695	18	36
	3696	20	38
	3697	21	41
	3698	19	39
	3699	17	41
	3700	22	39
	3701	17	39
	3702	18	42
	3703	19	40
	3704	19	39
	3705	21	41
	3706	21	38
	3707	20	42
	3708	19	39
	3709	16	38
	3710	19	40
	3711	16	42
	3712	17	39
	3713	17	42
	3714	19	39
	3715	19	40
	3716	19	40
	3717	17	36
	3718	18	38
	3719	17	39
	3720	18	38
	3721	18	39
	3722	18	37
	3723	19	40
