	0	18	38
	1	19	41
	2	18	35
	3	20	39
	4	17	37
	5	17	40
	6	18	38
	7	20	38
	8	18	37
	9	15	36
	10	18	39
	11	18	38
	12	19	37
	13	19	35
	14	17	36
	15	20	39
	16	19	36
	17	18	39
	18	19	39
	19	19	36
	20	16	39
	21	18	38
	22	17	37
	23	18	39
	24	18	38
	25	19	40
	26	19	39
	27	20	41
	28	21	40
	29	21	40
	30	20	41
	31	20	40
	32	21	42
	33	22	43
	34	18	40
	35	19	40
	36	19	41
	37	19	43
	38	17	40
	39	20	42
	40	22	43
	41	21	41
	42	19	41
	43	21	44
	44	22	43
	45	23	40
	46	21	42
	47	21	40
	48	24	40
	49	23	41
	50	22	40
	51	23	41
	52	20	39
	53	24	41
	54	23	39
	55	23	42
	56	24	38
	57	21	42
	58	21	43
	59	23	40
	60	22	41
	61	21	41
	62	22	41
	63	26	43
	64	21	43
	65	23	42
	66	24	43
	67	23	43
	68	20	40
	69	24	44
	70	22	43
	71	21	43
	72	22	44
	73	25	40
	74	19	41
	75	21	46
	76	23	43
	77	23	40
	78	21	39
	79	23	43
	80	21	44
	81	22	42
	82	21	42
	83	20	45
	84	21	44
	85	23	43
	86	24	42
	87	24	44
	88	21	41
	89	22	40
	90	22	41
	91	23	41
	92	23	43
	93	23	45
	94	21	46
	95	23	46
	96	22	49
	97	21	45
	98	24	43
	99	24	44
	100	23	42
	101	21	42
	102	22	42
	103	22	45
	104	24	45
	105	21	40
	106	23	43
	107	24	43
	108	23	40
	109	22	44
	110	23	42
	111	22	41
	112	22	40
	113	23	44
	114	22	42
	115	25	45
	116	20	38
	117	25	43
	118	23	44
	119	23	43
	120	23	43
	121	25	43
	122	22	43
	123	22	45
	124	25	41
	125	24	46
	126	24	42
	127	23	40
	128	22	41
	129	22	46
	130	21	40
	131	23	42
	132	21	39
	133	25	44
	134	24	43
	135	26	44
	136	29	41
	137	25	42
	138	22	44
	139	23	44
	140	23	43
	141	26	43
	142	26	44
	143	23	43
	144	21	41
	145	24	41
	146	25	42
	147	25	41
	148	21	41
	149	24	44
	150	20	46
	151	23	42
	152	21	43
	153	24	45
	154	27	43
	155	22	46
	156	20	44
	157	24	45
	158	26	46
	159	24	45
	160	24	46
	161	21	44
	162	21	42
	163	26	47
	164	22	42
	165	25	48
	166	25	44
	167	22	46
	168	24	42
	169	28	45
	170	22	46
	171	22	46
	172	25	45
	173	23	44
	174	24	45
	175	22	45
	176	20	42
	177	22	40
	178	24	42
	179	24	45
	180	20	43
	181	23	41
	182	21	44
	183	24	44
	184	19	42
	185	24	42
	186	21	44
	187	22	49
	188	23	43
	189	21	43
	190	24	43
	191	22	42
	192	23	43
	193	25	47
	194	20	44
	195	22	44
	196	24	45
	197	25	42
	198	23	42
	199	28	46
	200	22	44
	201	25	45
	202	23	44
	203	25	43
	204	26	43
	205	23	44
	206	23	42
	207	25	44
	208	25	44
	209	24	47
	210	24	46
	211	23	43
	212	23	44
	213	25	47
	214	22	47
	215	24	48
	216	21	44
	217	22	44
	218	22	45
	219	23	49
	220	22	46
	221	22	44
	222	22	44
	223	23	41
	224	22	41
	225	24	45
	226	22	41
	227	21	45
	228	22	42
	229	25	44
	230	24	46
	231	24	45
	232	21	42
	233	25	41
	234	24	42
	235	23	43
	236	22	46
	237	24	44
	238	22	42
	239	23	46
	240	24	39
	241	22	46
	242	25	43
	243	25	43
	244	24	40
	245	25	46
	246	20	45
	247	25	46
	248	24	46
	249	24	47
	250	25	44
	251	24	47
	252	25	46
	253	23	43
	254	22	46
	255	24	47
	256	22	41
	257	25	44
	258	23	47
	259	25	48
	260	23	42
	261	24	43
	262	22	44
	263	23	43
	264	22	44
	265	24	46
	266	24	42
	267	23	41
	268	21	43
	269	22	44
	270	21	45
	271	22	45
	272	23	42
	273	25	44
	274	24	43
	275	25	45
	276	20	46
	277	25	43
	278	21	42
	279	22	48
	280	22	42
	281	24	45
	282	23	43
	283	24	41
	284	23	46
	285	23	43
	286	23	45
	287	25	44
	288	20	43
	289	23	43
	290	24	43
	291	22	42
	292	22	46
	293	22	44
	294	22	46
	295	24	45
	296	20	43
	297	24	43
	298	30	47
	299	22	43
	300	22	41
	301	24	46
	302	22	44
	303	22	46
	304	20	43
	305	20	45
	306	23	43
	307	23	45
	308	22	45
	309	26	44
	310	20	40
	311	23	43
	312	23	43
	313	21	47
	314	20	42
	315	24	41
	316	21	39
	317	24	46
	318	22	43
	319	22	43
	320	23	42
	321	22	46
	322	25	45
	323	22	44
	324	22	42
	325	23	42
	326	20	45
	327	22	46
	328	19	43
	329	21	43
	330	21	44
	331	24	44
	332	23	39
	333	24	46
	334	22	44
	335	20	44
	336	22	41
	337	25	47
	338	21	43
	339	24	47
	340	21	42
	341	23	43
	342	23	44
	343	23	45
	344	23	42
	345	23	43
	346	24	45
	347	23	41
	348	20	44
	349	21	44
	350	20	41
	351	23	47
	352	21	39
	353	24	47
	354	21	42
	355	23	44
	356	21	43
	357	23	44
	358	22	43
	359	23	42
	360	25	42
	361	23	44
	362	21	46
	363	26	43
	364	22	43
	365	22	44
	366	22	44
	367	21	43
	368	23	44
	369	20	43
	370	25	45
	371	23	45
	372	22	42
	373	23	42
	374	23	40
	375	23	44
	376	22	42
	377	24	43
	378	22	45
	379	25	43
	380	22	43
	381	23	43
	382	22	41
	383	22	44
	384	22	44
	385	24	43
	386	22	42
	387	23	40
	388	23	44
	389	22	43
	390	23	42
	391	24	46
	392	23	43
	393	24	45
	394	23	43
	395	25	42
	396	21	42
	397	22	44
	398	24	44
	399	24	48
	400	22	44
	401	23	42
	402	22	42
	403	22	44
	404	25	43
	405	25	43
	406	23	44
	407	23	40
	408	19	45
	409	21	44
	410	23	44
	411	24	43
	412	24	43
	413	21	46
	414	21	47
	415	22	42
	416	23	40
	417	22	44
	418	23	41
	419	23	44
	420	21	42
	421	27	44
	422	23	41
	423	23	43
	424	25	45
	425	24	45
	426	23	46
	427	22	47
	428	20	44
	429	23	46
	430	23	45
	431	24	48
	432	23	44
	433	25	45
	434	22	46
	435	23	45
	436	23	44
	437	22	44
	438	25	44
	439	24	42
	440	24	44
	441	23	47
	442	21	44
	443	24	44
	444	23	41
	445	23	45
	446	23	47
	447	23	46
	448	23	46
	449	24	43
	450	23	42
	451	26	45
	452	31	42
	453	23	45
	454	26	45
	455	24	45
	456	22	45
	457	23	47
	458	23	43
	459	23	47
	460	23	44
	461	22	44
	462	22	45
	463	25	48
	464	25	43
	465	28	45
	466	27	44
	467	25	44
	468	22	47
	469	23	44
	470	23	44
	471	24	43
	472	21	44
	473	24	42
	474	23	45
	475	25	44
	476	25	47
	477	25	47
	478	25	47
	479	25	46
	480	27	45
	481	22	47
	482	23	42
	483	25	45
	484	25	45
	485	23	46
	486	27	45
	487	25	46
	488	25	48
	489	23	42
	490	23	46
	491	26	49
	492	24	46
	493	24	43
	494	24	47
	495	25	46
	496	26	44
	497	28	43
	498	24	43
	499	26	44
	500	26	43
	501	24	46
	502	25	45
	503	24	44
	504	22	45
	505	27	45
	506	25	44
	507	24	46
	508	22	42
	509	23	43
	510	23	48
	511	27	48
	512	25	46
	513	23	45
	514	23	43
	515	21	49
	516	26	47
	517	28	48
	518	23	46
	519	24	45
	520	22	47
	521	26	50
	522	23	45
	523	24	47
	524	23	45
	525	23	44
	526	26	48
	527	25	48
	528	24	45
	529	26	45
	530	27	46
	531	25	47
	532	25	47
	533	28	47
	534	22	44
	535	25	46
	536	25	44
	537	27	45
	538	22	44
	539	26	44
	540	25	46
	541	25	45
	542	24	42
	543	26	48
	544	27	46
	545	27	45
	546	26	48
	547	24	45
	548	28	45
	549	23	50
	550	27	50
	551	27	48
	552	25	46
	553	26	47
	554	25	46
	555	26	47
	556	25	46
	557	24	55
	558	26	45
	559	25	47
	560	24	48
	561	26	48
	562	26	44
	563	24	45
	564	24	47
	565	26	48
	566	26	49
	567	28	49
	568	25	47
	569	24	50
	570	27	50
	571	28	50
	572	27	45
	573	27	47
	574	23	44
	575	26	52
	576	28	48
	577	28	49
	578	27	48
	579	27	46
	580	26	48
	581	25	50
	582	25	48
	583	28	48
	584	26	50
	585	26	48
	586	25	47
	587	28	49
	588	26	46
	589	27	48
	590	26	47
	591	24	48
	592	27	48
	593	28	49
	594	26	48
	595	25	48
	596	26	48
	597	27	48
	598	27	50
	599	27	47
	600	29	47
	601	26	47
	602	26	48
	603	27	51
	604	29	50
	605	28	50
	606	29	46
	607	29	50
	608	26	48
	609	29	49
	610	27	49
	611	30	49
	612	27	49
	613	25	50
	614	28	50
	615	29	50
	616	26	49
	617	31	49
	618	28	51
	619	28	49
	620	27	46
	621	28	49
	622	25	49
	623	29	48
	624	27	49
	625	25	52
	626	27	52
	627	28	51
	628	27	47
	629	29	51
	630	28	50
	631	30	49
	632	26	50
	633	30	52
	634	28	50
	635	28	51
	636	27	50
	637	30	49
	638	32	51
	639	28	53
	640	28	49
	641	27	52
	642	28	51
	643	30	52
	644	28	52
	645	28	52
	646	29	52
	647	32	52
	648	29	49
	649	29	54
	650	28	49
	651	35	51
	652	26	53
	653	28	51
	654	26	51
	655	29	49
	656	27	52
	657	29	49
	658	28	51
	659	29	56
	660	30	53
	661	27	55
	662	26	52
	663	32	53
	664	28	53
	665	32	50
	666	29	51
	667	28	52
	668	30	52
	669	30	55
	670	29	52
	671	29	53
	672	31	53
	673	31	54
	674	27	53
	675	29	52
	676	31	54
	677	30	53
	678	29	52
	679	30	56
	680	31	54
	681	27	53
	682	32	52
	683	33	55
	684	32	52
	685	33	56
	686	30	52
	687	33	56
	688	29	52
	689	31	55
	690	30	55
	691	32	52
	692	30	51
	693	30	57
	694	31	56
	695	26	53
	696	32	55
	697	33	52
	698	34	56
	699	34	55
	700	31	54
	701	31	55
	702	29	56
	703	31	55
	704	35	57
	705	31	55
	706	30	55
	707	33	57
	708	40	55
	709	30	54
	710	33	56
	711	32	55
	712	30	53
	713	33	53
	714	31	57
	715	30	58
	716	31	56
	717	29	57
	718	29	56
	719	33	56
	720	30	56
	721	29	56
	722	32	56
	723	29	57
	724	31	56
	725	33	52
	726	32	54
	727	30	58
	728	29	55
	729	32	54
	730	32	57
	731	28	55
	732	30	57
	733	33	58
	734	28	56
	735	31	55
	736	31	57
	737	34	57
	738	33	58
	739	32	63
	740	30	52
	741	31	57
	742	32	56
	743	33	60
	744	30	61
	745	31	58
	746	29	59
	747	31	59
	748	34	56
	749	32	55
	750	29	56
	751	30	55
	752	30	55
	753	31	57
	754	30	56
	755	31	58
	756	28	56
	757	32	57
	758	31	57
	759	33	62
	760	30	54
	761	30	55
	762	31	55
	763	31	58
	764	29	56
	765	31	55
	766	32	58
	767	28	57
	768	28	58
	769	33	58
	770	30	58
	771	30	56
	772	32	55
	773	28	59
	774	31	57
	775	33	55
	776	38	54
	777	30	57
	778	30	53
	779	30	58
	780	29	56
	781	32	57
	782	30	59
	783	31	54
	784	31	57
	785	31	58
	786	30	58
	787	32	57
	788	31	57
	789	31	57
	790	31	54
	791	33	58
	792	30	54
	793	29	56
	794	29	57
	795	31	56
	796	31	57
	797	34	58
	798	29	56
	799	33	56
	800	30	55
	801	30	57
	802	28	56
	803	28	63
	804	31	56
	805	31	52
	806	31	55
	807	29	55
	808	30	59
	809	34	58
	810	29	53
	811	34	57
	812	28	54
	813	30	58
	814	30	53
	815	29	57
	816	29	54
	817	28	55
	818	30	53
	819	27	53
	820	30	53
	821	27	51
	822	29	54
	823	29	56
	824	27	57
	825	26	55
	826	26	55
	827	29	56
	828	30	55
	829	29	55
	830	28	54
	831	33	55
	832	27	53
	833	30	54
	834	29	53
	835	26	52
	836	27	53
	837	29	52
	838	28	53
	839	29	52
	840	29	51
	841	27	52
	842	28	49
	843	31	55
	844	28	52
	845	28	51
	846	25	50
	847	30	53
	848	28	52
	849	29	55
	850	28	53
	851	27	50
	852	25	52
	853	27	52
	854	27	52
	855	24	52
	856	28	51
	857	29	52
	858	25	52
	859	28	51
	860	25	52
	861	26	52
	862	27	51
	863	28	52
	864	28	50
	865	28	55
	866	29	50
	867	29	53
	868	26	53
	869	28	52
	870	27	47
	871	26	54
	872	26	52
	873	25	52
	874	27	53
	875	25	50
	876	25	52
	877	30	51
	878	26	51
	879	30	52
	880	27	50
	881	27	51
	882	27	52
	883	27	53
	884	31	47
	885	30	52
	886	25	52
	887	29	50
	888	25	51
	889	26	50
	890	25	51
	891	23	52
	892	24	50
	893	29	54
	894	25	52
	895	27	48
	896	26	52
	897	27	50
	898	25	54
	899	25	49
	900	24	51
	901	27	50
	902	26	49
	903	25	48
	904	26	48
	905	26	50
	906	26	50
	907	28	50
	908	26	50
	909	24	48
	910	26	48
	911	27	51
	912	23	48
	913	23	49
	914	26	51
	915	25	50
	916	24	50
	917	24	50
	918	26	46
	919	27	47
	920	22	48
	921	25	49
	922	29	49
	923	25	51
	924	25	47
	925	23	50
	926	25	46
	927	27	48
	928	22	51
	929	28	48
	930	24	47
	931	23	51
	932	24	51
	933	24	47
	934	25	48
	935	23	47
	936	26	48
	937	25	49
	938	25	47
	939	24	50
	940	25	46
	941	24	49
	942	23	48
	943	24	49
	944	26	46
	945	27	47
	946	24	47
	947	25	49
	948	25	47
	949	23	47
	950	23	56
	951	26	49
	952	25	53
	953	23	49
	954	23	47
	955	26	46
	956	25	50
	957	28	51
	958	24	47
	959	24	48
	960	25	48
	961	27	44
	962	26	47
	963	25	47
	964	23	47
	965	20	46
	966	23	49
	967	23	48
	968	23	48
	969	24	46
	970	25	47
	971	25	46
	972	23	48
	973	23	46
	974	23	44
	975	23	48
	976	25	45
	977	26	47
	978	23	48
	979	24	44
	980	24	48
	981	23	50
	982	25	46
	983	23	46
	984	22	46
	985	23	48
	986	23	47
	987	23	48
	988	24	46
	989	23	45
	990	25	47
	991	26	48
	992	22	48
	993	23	49
	994	21	45
	995	26	47
	996	26	47
	997	25	46
	998	23	45
	999	24	45
	1000	26	46
	1001	21	47
	1002	26	45
	1003	24	47
	1004	25	45
	1005	24	47
	1006	22	45
	1007	24	47
	1008	22	42
	1009	24	44
	1010	26	45
	1011	24	47
	1012	20	46
	1013	24	46
	1014	22	44
	1015	25	46
	1016	24	46
	1017	23	46
	1018	25	42
	1019	22	47
	1020	20	47
	1021	22	45
	1022	21	47
	1023	25	45
	1024	21	42
	1025	25	44
	1026	21	44
	1027	26	43
	1028	24	45
	1029	22	44
	1030	22	45
	1031	24	45
	1032	22	45
	1033	24	45
	1034	23	44
	1035	25	45
	1036	24	42
	1037	24	45
	1038	21	42
	1039	23	42
	1040	23	43
	1041	24	44
	1042	23	43
	1043	22	45
	1044	24	48
	1045	24	47
	1046	23	45
	1047	25	46
	1048	21	45
	1049	23	45
	1050	26	43
	1051	23	45
	1052	23	44
	1053	23	46
	1054	22	45
	1055	24	52
	1056	21	43
	1057	23	44
	1058	22	44
	1059	22	44
	1060	20	43
	1061	22	47
	1062	25	44
	1063	24	43
	1064	22	45
	1065	21	42
	1066	22	45
	1067	22	44
	1068	25	43
	1069	24	43
	1070	24	44
	1071	23	45
	1072	19	44
	1073	25	42
	1074	20	42
	1075	25	45
	1076	22	43
	1077	30	46
	1078	22	46
	1079	24	43
	1080	19	44
	1081	25	43
	1082	24	44
	1083	24	43
	1084	23	41
	1085	24	44
	1086	22	49
	1087	21	46
	1088	24	40
	1089	26	43
	1090	22	41
	1091	24	47
	1092	21	43
	1093	22	41
	1094	23	45
	1095	23	43
	1096	25	47
	1097	22	42
	1098	23	43
	1099	21	41
	1100	23	43
	1101	25	43
	1102	23	41
	1103	26	45
	1104	21	45
	1105	23	43
	1106	24	45
	1107	25	47
	1108	26	43
	1109	24	46
	1110	23	48
	1111	21	44
	1112	24	43
	1113	25	43
	1114	25	46
	1115	21	43
	1116	23	44
	1117	25	41
	1118	23	44
	1119	24	43
	1120	23	44
	1121	23	46
	1122	22	41
	1123	23	46
	1124	24	43
	1125	25	44
	1126	21	46
	1127	24	42
	1128	22	42
	1129	22	41
	1130	23	46
	1131	22	44
	1132	24	48
	1133	21	44
	1134	20	43
	1135	22	45
	1136	22	51
	1137	23	45
	1138	22	42
	1139	20	46
	1140	24	42
	1141	23	43
	1142	23	44
	1143	25	43
	1144	23	42
	1145	22	44
	1146	20	42
	1147	21	46
	1148	25	42
	1149	21	44
	1150	23	45
	1151	23	44
	1152	23	43
	1153	22	46
	1154	23	44
	1155	24	43
	1156	21	45
	1157	23	40
	1158	22	42
	1159	23	43
	1160	23	43
	1161	22	45
	1162	23	42
	1163	23	47
	1164	24	45
	1165	24	45
	1166	24	42
	1167	22	42
	1168	21	44
	1169	23	44
	1170	23	47
	1171	23	42
	1172	20	44
	1173	20	44
	1174	22	42
	1175	23	44
	1176	26	44
	1177	24	41
	1178	23	44
	1179	23	47
	1180	22	41
	1181	22	44
	1182	25	42
	1183	21	43
	1184	22	45
	1185	20	43
	1186	21	46
	1187	21	44
	1188	23	43
	1189	20	43
	1190	26	47
	1191	22	43
	1192	21	41
	1193	22	45
	1194	21	42
	1195	25	47
	1196	24	46
	1197	23	44
	1198	21	45
	1199	23	45
	1200	22	43
	1201	23	45
	1202	23	44
	1203	25	45
	1204	22	45
	1205	23	42
	1206	21	46
	1207	24	41
	1208	23	39
	1209	24	40
	1210	23	42
	1211	22	45
	1212	21	44
	1213	23	45
	1214	22	41
	1215	21	44
	1216	20	44
	1217	23	44
	1218	19	44
	1219	22	44
	1220	21	44
	1221	24	42
	1222	21	45
	1223	22	45
	1224	22	39
	1225	24	45
	1226	21	45
	1227	21	40
	1228	23	44
	1229	24	46
	1230	23	42
	1231	22	45
	1232	24	42
	1233	23	43
	1234	24	43
	1235	23	45
	1236	22	44
	1237	24	40
	1238	20	42
	1239	24	44
	1240	21	43
	1241	24	44
	1242	22	45
	1243	21	43
	1244	22	46
	1245	23	44
	1246	22	41
	1247	21	48
	1248	21	44
	1249	25	41
	1250	25	43
	1251	24	45
	1252	23	42
	1253	24	47
	1254	20	43
	1255	23	45
	1256	19	46
	1257	22	44
	1258	20	47
	1259	20	43
	1260	24	44
	1261	22	43
	1262	23	44
	1263	22	44
	1264	21	43
	1265	24	45
	1266	30	42
	1267	31	44
	1268	24	42
	1269	26	44
	1270	22	43
	1271	23	44
	1272	19	41
	1273	22	44
	1274	25	45
	1275	24	48
	1276	21	46
	1277	23	43
	1278	22	46
	1279	20	45
	1280	22	44
	1281	23	43
	1282	22	43
	1283	22	46
	1284	22	41
	1285	21	42
	1286	22	43
	1287	23	44
	1288	22	44
	1289	20	44
	1290	22	46
	1291	21	46
	1292	23	42
	1293	22	43
	1294	22	46
	1295	26	42
	1296	22	46
	1297	23	43
	1298	23	42
	1299	22	44
	1300	23	40
	1301	23	42
	1302	24	42
	1303	24	45
	1304	22	45
	1305	26	43
	1306	22	43
	1307	22	42
	1308	21	42
	1309	20	44
	1310	22	45
	1311	20	42
	1312	19	39
	1313	22	40
	1314	22	44
	1315	22	45
	1316	24	44
	1317	22	43
	1318	19	46
	1319	23	45
	1320	23	45
	1321	24	44
	1322	24	41
	1323	23	45
	1324	24	44
	1325	24	46
	1326	21	41
	1327	22	43
	1328	24	44
	1329	22	44
	1330	22	44
	1331	25	43
	1332	19	40
	1333	25	43
	1334	23	44
	1335	25	43
	1336	21	42
	1337	25	47
	1338	20	44
	1339	21	47
	1340	23	44
	1341	25	46
	1342	23	43
	1343	23	44
	1344	22	40
	1345	23	45
	1346	24	41
	1347	21	42
	1348	21	41
	1349	23	41
	1350	21	42
	1351	24	45
	1352	18	44
	1353	21	44
	1354	22	44
	1355	24	45
	1356	24	43
	1357	21	45
	1358	21	43
	1359	23	44
	1360	20	43
	1361	23	43
	1362	23	41
	1363	18	46
	1364	19	42
	1365	22	43
	1366	23	42
	1367	22	44
	1368	20	44
	1369	21	44
	1370	22	42
	1371	22	42
	1372	29	41
	1373	24	43
	1374	23	46
	1375	23	44
	1376	23	43
	1377	23	45
	1378	21	43
	1379	24	42
	1380	20	42
	1381	30	43
	1382	23	41
	1383	23	44
	1384	21	44
	1385	22	43
	1386	22	43
	1387	22	43
	1388	23	43
	1389	22	44
	1390	21	43
	1391	22	41
	1392	20	40
	1393	22	44
	1394	20	43
	1395	21	44
	1396	23	42
	1397	21	45
	1398	20	41
	1399	25	43
	1400	20	43
	1401	23	43
	1402	19	42
	1403	21	42
	1404	23	44
	1405	20	39
	1406	22	42
	1407	22	43
	1408	21	41
	1409	24	44
	1410	23	43
	1411	22	43
	1412	24	43
	1413	25	42
	1414	21	42
	1415	25	44
	1416	21	43
	1417	22	44
	1418	23	42
	1419	23	45
	1420	21	42
	1421	22	44
	1422	22	43
	1423	24	44
	1424	23	40
	1425	22	43
	1426	23	44
	1427	23	40
	1428	22	45
	1429	23	40
	1430	21	41
	1431	21	42
	1432	22	43
	1433	24	44
	1434	22	42
	1435	22	46
	1436	20	43
	1437	20	44
	1438	20	43
	1439	20	44
	1440	22	38
	1441	21	44
	1442	22	42
	1443	23	44
	1444	23	44
	1445	23	41
	1446	20	44
	1447	25	44
	1448	23	43
	1449	23	42
	1450	22	41
	1451	21	43
	1452	22	44
	1453	21	46
	1454	22	44
	1455	22	45
	1456	19	41
	1457	22	41
	1458	23	43
	1459	21	44
	1460	22	43
	1461	23	42
	1462	23	45
	1463	24	45
	1464	20	41
	1465	21	42
	1466	19	42
	1467	22	42
	1468	22	42
	1469	23	43
	1470	20	40
	1471	19	44
	1472	23	42
	1473	22	44
	1474	24	43
	1475	25	45
	1476	22	45
	1477	21	43
	1478	20	40
	1479	23	43
	1480	22	41
	1481	20	42
	1482	21	42
	1483	23	43
	1484	21	44
	1485	22	44
	1486	19	44
	1487	22	47
	1488	24	43
	1489	23	44
	1490	20	45
	1491	23	43
	1492	23	43
	1493	22	44
	1494	22	43
	1495	21	43
	1496	20	44
	1497	24	43
	1498	18	43
	1499	23	41
	1500	21	43
	1501	23	43
	1502	24	42
	1503	19	44
	1504	22	43
	1505	23	43
	1506	21	43
	1507	25	42
	1508	21	46
	1509	23	47
	1510	19	43
	1511	20	42
	1512	21	41
	1513	24	42
	1514	21	42
	1515	23	43
	1516	22	45
	1517	20	42
	1518	19	44
	1519	24	40
	1520	23	42
	1521	20	39
	1522	21	43
	1523	23	44
	1524	21	41
	1525	19	42
	1526	20	40
	1527	22	45
	1528	21	42
	1529	21	43
	1530	22	44
	1531	30	45
	1532	21	44
	1533	23	44
	1534	20	43
	1535	23	43
	1536	23	40
	1537	20	42
	1538	22	41
	1539	23	40
	1540	21	40
	1541	22	47
	1542	23	42
	1543	21	42
	1544	22	43
	1545	20	45
	1546	20	44
	1547	23	44
	1548	21	43
	1549	20	43
	1550	22	43
	1551	18	43
	1552	22	43
	1553	25	42
	1554	19	40
	1555	25	44
	1556	22	44
	1557	23	42
	1558	22	47
	1559	19	44
	1560	21	42
	1561	25	39
	1562	22	41
	1563	21	45
	1564	20	43
	1565	25	45
	1566	23	44
	1567	20	44
	1568	20	41
	1569	22	42
	1570	25	44
	1571	21	52
	1572	22	44
	1573	22	44
	1574	24	42
	1575	25	41
	1576	23	45
	1577	24	46
	1578	20	46
	1579	22	44
	1580	22	44
	1581	24	47
	1582	21	44
	1583	22	46
	1584	23	46
	1585	25	46
	1586	23	47
	1587	24	47
	1588	21	43
	1589	24	42
	1590	22	45
	1591	24	45
	1592	21	46
	1593	23	43
	1594	20	44
	1595	26	45
	1596	23	44
	1597	31	46
	1598	23	49
	1599	23	44
	1600	22	47
	1601	22	47
	1602	21	42
	1603	23	43
	1604	22	42
	1605	23	47
	1606	23	43
	1607	24	47
	1608	22	46
	1609	27	44
	1610	20	45
	1611	23	47
	1612	21	42
	1613	24	44
	1614	25	41
	1615	23	47
	1616	20	41
	1617	23	46
	1618	21	40
	1619	24	46
	1620	23	43
	1621	24	46
	1622	22	49
	1623	22	43
	1624	20	44
	1625	22	47
	1626	24	46
	1627	22	47
	1628	23	46
	1629	24	44
	1630	24	45
	1631	23	47
	1632	24	45
	1633	24	46
	1634	23	43
	1635	24	47
	1636	23	45
	1637	21	45
	1638	21	43
	1639	24	44
	1640	22	41
	1641	24	47
	1642	21	45
	1643	22	45
	1644	19	46
	1645	23	44
	1646	29	44
	1647	22	44
	1648	23	45
	1649	22	47
	1650	21	44
	1651	23	45
	1652	22	45
	1653	25	47
	1654	25	45
	1655	25	44
	1656	23	47
	1657	24	45
	1658	22	44
	1659	26	46
	1660	21	46
	1661	23	45
	1662	25	47
	1663	25	44
	1664	21	46
	1665	24	44
	1666	23	46
	1667	25	45
	1668	22	46
	1669	23	42
	1670	24	44
	1671	26	44
	1672	21	45
	1673	26	45
	1674	23	39
	1675	20	45
	1676	22	45
	1677	24	44
	1678	21	44
	1679	22	48
	1680	21	43
	1681	23	44
	1682	23	47
	1683	21	45
	1684	20	48
	1685	21	44
	1686	26	47
	1687	27	48
	1688	22	46
	1689	21	44
	1690	21	44
	1691	23	44
	1692	22	44
	1693	22	44
	1694	22	44
	1695	21	46
	1696	21	42
	1697	21	46
	1698	22	42
	1699	23	43
	1700	24	47
	1701	22	46
	1702	22	43
	1703	22	42
	1704	20	41
	1705	23	44
	1706	22	41
	1707	21	41
	1708	20	42
	1709	21	39
	1710	21	42
	1711	21	43
	1712	20	42
	1713	21	44
	1714	21	42
	1715	24	43
	1716	21	43
	1717	19	41
	1718	20	41
	1719	23	42
	1720	22	39
	1721	23	44
	1722	20	43
	1723	20	44
	1724	21	44
	1725	22	42
	1726	26	41
	1727	20	44
	1728	20	44
	1729	20	42
	1730	21	39
	1731	19	43
	1732	25	39
	1733	21	41
	1734	20	41
	1735	20	39
	1736	18	43
	1737	19	42
	1738	19	38
	1739	22	41
	1740	24	42
	1741	21	40
	1742	20	40
	1743	22	42
	1744	19	40
	1745	19	40
	1746	21	41
	1747	20	42
	1748	21	42
	1749	20	44
	1750	20	42
	1751	22	45
	1752	20	42
	1753	20	40
	1754	23	39
	1755	22	42
	1756	19	45
	1757	20	41
	1758	23	41
	1759	22	42
	1760	23	44
	1761	20	42
	1762	20	45
	1763	21	41
	1764	19	42
	1765	24	45
	1766	23	38
	1767	21	41
	1768	19	40
	1769	23	42
	1770	19	42
	1771	21	43
	1772	19	42
	1773	20	42
	1774	23	39
	1775	21	44
	1776	19	43
	1777	26	42
	1778	25	43
	1779	22	43
	1780	22	43
	1781	21	45
	1782	25	42
	1783	20	40
	1784	17	41
	1785	21	43
	1786	20	41
	1787	20	43
	1788	20	41
	1789	22	42
	1790	19	40
	1791	21	41
	1792	22	41
	1793	19	40
	1794	19	43
	1795	20	40
	1796	20	42
	1797	23	42
	1798	21	39
	1799	23	39
	1800	21	41
	1801	21	39
	1802	19	40
	1803	21	42
	1804	21	40
	1805	22	40
	1806	22	37
	1807	22	40
	1808	21	42
	1809	21	39
	1810	22	41
	1811	22	42
	1812	19	44
	1813	23	41
	1814	21	44
	1815	19	43
	1816	21	41
	1817	20	41
	1818	22	41
	1819	25	43
	1820	21	42
	1821	22	43
	1822	19	41
	1823	22	41
	1824	20	37
	1825	22	41
	1826	21	41
	1827	20	44
	1828	21	39
	1829	18	43
	1830	21	41
	1831	24	41
	1832	23	40
	1833	23	41
	1834	21	40
	1835	24	42
	1836	18	39
	1837	21	44
	1838	19	39
	1839	21	37
	1840	19	42
	1841	21	41
	1842	19	39
	1843	18	43
	1844	20	42
	1845	21	44
	1846	19	43
	1847	22	41
	1848	24	43
	1849	21	41
	1850	23	40
	1851	21	41
	1852	20	42
	1853	25	39
	1854	19	40
	1855	20	41
	1856	17	42
	1857	23	42
	1858	19	41
	1859	21	40
	1860	19	38
	1861	17	41
	1862	22	41
	1863	20	41
	1864	19	43
	1865	20	39
	1866	20	42
	1867	22	39
	1868	20	42
	1869	21	42
	1870	19	43
	1871	20	42
	1872	22	42
	1873	22	40
	1874	19	41
	1875	20	40
	1876	21	39
	1877	21	42
	1878	21	39
	1879	24	44
	1880	21	40
	1881	20	39
	1882	20	41
	1883	22	41
	1884	24	41
	1885	22	43
	1886	19	41
	1887	24	40
	1888	19	36
	1889	22	43
	1890	18	43
	1891	21	43
	1892	21	37
	1893	23	41
	1894	20	43
	1895	18	43
	1896	20	38
	1897	18	41
	1898	19	41
	1899	21	43
	1900	19	42
	1901	22	38
	1902	19	40
	1903	23	38
	1904	24	40
	1905	20	40
	1906	21	41
	1907	28	40
	1908	18	40
	1909	19	43
	1910	22	40
	1911	23	43
	1912	20	40
	1913	21	43
	1914	20	39
	1915	23	42
	1916	19	39
	1917	19	43
	1918	21	40
	1919	23	43
	1920	19	41
	1921	20	47
	1922	19	39
	1923	22	39
	1924	21	40
	1925	22	41
	1926	21	43
	1927	19	39
	1928	20	39
	1929	21	43
	1930	21	39
	1931	21	41
	1932	21	39
	1933	21	42
	1934	20	40
	1935	24	39
	1936	18	39
	1937	23	43
	1938	20	40
	1939	23	42
	1940	21	43
	1941	20	41
	1942	21	41
	1943	20	41
	1944	20	40
	1945	21	41
	1946	20	40
	1947	18	41
	1948	21	41
	1949	20	45
	1950	22	42
	1951	22	41
	1952	20	43
	1953	20	39
	1954	20	44
	1955	21	42
	1956	18	41
	1957	21	38
	1958	20	39
	1959	23	38
	1960	23	40
	1961	23	41
	1962	20	39
	1963	22	43
	1964	20	44
	1965	21	42
	1966	20	43
	1967	20	42
	1968	17	41
	1969	20	46
	1970	22	43
	1971	21	40
	1972	21	40
	1973	21	38
	1974	20	40
	1975	19	44
	1976	19	40
	1977	20	41
	1978	19	42
	1979	19	40
	1980	19	42
	1981	18	40
	1982	19	37
	1983	23	42
	1984	21	41
	1985	21	40
	1986	19	43
	1987	19	43
	1988	18	41
	1989	19	40
	1990	20	40
	1991	20	39
	1992	21	40
	1993	19	40
	1994	22	40
	1995	22	42
	1996	22	42
	1997	20	44
	1998	22	44
	1999	22	40
	2000	17	38
	2001	20	42
	2002	21	42
	2003	23	41
	2004	20	43
	2005	23	40
	2006	21	40
	2007	20	42
	2008	20	39
	2009	21	41
	2010	20	42
	2011	19	42
	2012	21	42
	2013	21	40
	2014	19	41
	2015	21	42
	2016	18	40
	2017	21	43
	2018	19	41
	2019	20	41
	2020	20	41
	2021	22	41
	2022	22	41
	2023	19	41
	2024	20	41
	2025	20	40
	2026	20	42
	2027	18	42
	2028	17	42
	2029	22	41
	2030	23	41
	2031	20	41
	2032	20	44
	2033	22	41
	2034	17	39
	2035	20	37
	2036	18	41
	2037	20	39
	2038	20	41
	2039	22	43
	2040	22	40
	2041	21	45
	2042	18	39
	2043	20	42
	2044	20	44
	2045	20	40
	2046	20	42
	2047	22	42
	2048	19	39
	2049	21	41
	2050	20	39
	2051	21	39
	2052	19	43
	2053	22	38
	2054	19	41
	2055	20	42
	2056	19	37
	2057	20	39
	2058	21	37
	2059	19	42
	2060	19	39
	2061	21	40
	2062	21	37
	2063	22	42
	2064	18	39
	2065	20	43
	2066	19	42
	2067	25	41
	2068	20	40
	2069	20	41
	2070	20	38
	2071	22	40
	2072	23	42
	2073	19	43
	2074	19	41
	2075	20	43
	2076	20	41
	2077	24	40
	2078	19	42
	2079	22	41
	2080	20	39
	2081	19	41
	2082	20	41
	2083	23	41
	2084	20	40
	2085	25	40
	2086	20	39
	2087	19	42
	2088	17	40
	2089	20	39
	2090	20	42
	2091	19	44
	2092	19	41
	2093	20	41
	2094	23	41
	2095	18	45
	2096	18	40
	2097	22	38
	2098	20	38
	2099	21	41
	2100	20	38
	2101	20	46
	2102	20	39
	2103	23	41
	2104	23	40
	2105	22	38
	2106	21	41
	2107	21	44
	2108	20	39
	2109	19	42
	2110	19	40
	2111	23	40
	2112	17	42
	2113	22	40
	2114	20	39
	2115	20	42
	2116	20	42
	2117	20	44
	2118	20	42
	2119	21	42
	2120	21	42
	2121	22	40
	2122	19	42
	2123	23	41
	2124	20	44
	2125	21	40
	2126	18	40
	2127	20	41
	2128	19	40
	2129	19	38
	2130	19	41
	2131	21	42
	2132	20	39
	2133	20	42
	2134	20	39
	2135	21	40
	2136	19	42
	2137	20	43
	2138	20	42
	2139	20	40
	2140	19	40
	2141	23	41
	2142	21	40
	2143	23	41
	2144	21	41
	2145	25	39
	2146	20	41
	2147	21	43
	2148	19	40
	2149	21	42
	2150	19	41
	2151	21	40
	2152	21	41
	2153	23	43
	2154	19	40
	2155	20	40
	2156	20	41
	2157	22	41
	2158	21	39
	2159	21	39
	2160	21	42
	2161	19	40
	2162	19	43
	2163	23	38
	2164	20	38
	2165	23	44
	2166	20	39
	2167	22	42
	2168	21	41
	2169	17	41
	2170	20	62
	2171	21	40
	2172	20	40
	2173	19	38
	2174	20	40
	2175	20	40
	2176	20	41
	2177	21	39
	2178	18	41
	2179	22	44
	2180	19	39
	2181	20	42
	2182	23	43
	2183	21	38
	2184	23	38
	2185	22	39
	2186	20	38
	2187	21	43
	2188	20	41
	2189	21	41
	2190	20	38
	2191	22	43
	2192	22	38
	2193	23	41
	2194	19	46
	2195	21	41
	2196	20	42
	2197	19	42
	2198	21	39
	2199	22	40
	2200	19	39
	2201	21	40
	2202	20	41
	2203	22	41
	2204	18	39
	2205	24	38
	2206	20	40
	2207	20	40
	2208	20	36
	2209	21	40
	2210	20	36
	2211	22	42
	2212	20	40
	2213	21	43
	2214	20	39
	2215	22	42
	2216	20	44
	2217	22	41
	2218	21	40
	2219	22	39
	2220	19	39
	2221	18	40
	2222	19	43
	2223	24	42
	2224	20	40
	2225	22	39
	2226	22	39
	2227	21	42
	2228	18	40
	2229	18	40
	2230	21	38
	2231	19	39
	2232	21	41
	2233	19	40
	2234	20	41
	2235	21	43
	2236	19	42
	2237	24	39
	2238	19	41
	2239	19	43
	2240	20	38
	2241	21	42
	2242	20	39
	2243	23	41
	2244	21	41
	2245	18	41
	2246	22	42
	2247	22	40
	2248	19	36
	2249	22	43
	2250	20	41
	2251	20	40
	2252	21	39
	2253	20	42
	2254	20	38
	2255	22	39
	2256	18	37
	2257	25	42
	2258	20	39
	2259	20	40
	2260	19	40
	2261	20	41
	2262	18	38
	2263	19	43
	2264	21	36
	2265	22	44
	2266	21	39
	2267	18	39
	2268	20	42
	2269	22	39
	2270	17	39
	2271	24	42
	2272	21	41
	2273	19	41
	2274	20	42
	2275	18	42
	2276	20	39
	2277	19	42
	2278	20	39
	2279	19	40
	2280	19	40
	2281	18	39
	2282	23	38
	2283	19	40
	2284	18	38
	2285	21	36
	2286	20	39
	2287	21	41
	2288	21	39
	2289	18	39
	2290	19	39
	2291	23	41
	2292	21	40
	2293	21	39
	2294	20	41
	2295	21	40
	2296	18	38
	2297	20	42
	2298	20	41
	2299	20	41
	2300	22	40
	2301	20	41
	2302	20	39
	2303	22	39
	2304	21	40
	2305	23	42
	2306	19	39
	2307	23	41
	2308	20	41
	2309	20	40
	2310	22	36
	2311	22	42
	2312	18	39
	2313	21	39
	2314	18	40
	2315	18	41
	2316	23	40
	2317	20	41
	2318	18	38
	2319	21	38
	2320	21	42
	2321	22	42
	2322	22	40
	2323	21	38
	2324	19	39
	2325	23	42
	2326	20	42
	2327	20	39
	2328	20	41
	2329	20	40
	2330	23	37
	2331	20	39
	2332	21	38
	2333	19	39
	2334	21	39
	2335	19	39
	2336	18	41
	2337	21	41
	2338	18	38
	2339	20	40
	2340	17	44
	2341	19	40
	2342	22	38
	2343	19	40
	2344	20	38
	2345	21	40
	2346	21	44
	2347	18	39
	2348	19	41
	2349	23	41
	2350	19	40
	2351	22	43
	2352	22	40
	2353	20	38
	2354	16	40
	2355	21	40
	2356	21	39
	2357	22	40
	2358	18	38
	2359	19	39
	2360	19	41
	2361	20	40
	2362	17	44
	2363	20	40
	2364	21	39
	2365	20	40
	2366	20	42
	2367	17	42
	2368	19	37
	2369	20	41
	2370	19	39
	2371	20	39
	2372	19	39
	2373	21	40
	2374	18	39
	2375	21	41
	2376	21	39
	2377	20	37
	2378	18	40
	2379	21	40
	2380	19	40
	2381	21	41
	2382	21	42
	2383	23	41
	2384	20	42
	2385	20	41
	2386	20	42
	2387	20	37
	2388	20	41
	2389	18	42
	2390	21	40
	2391	22	42
	2392	21	41
	2393	19	42
	2394	21	40
	2395	21	39
	2396	21	42
	2397	19	42
	2398	22	41
	2399	22	41
	2400	21	45
	2401	19	41
	2402	19	38
	2403	28	41
	2404	20	36
	2405	20	39
	2406	16	40
	2407	21	41
	2408	21	42
	2409	20	41
	2410	22	41
	2411	20	41
	2412	19	39
	2413	19	38
	2414	20	40
	2415	22	41
	2416	17	40
	2417	20	46
	2418	20	39
	2419	22	40
	2420	21	38
	2421	21	43
	2422	18	41
	2423	20	43
	2424	17	41
	2425	22	40
	2426	19	40
	2427	22	41
	2428	23	36
	2429	23	44
	2430	23	38
	2431	20	42
	2432	21	41
	2433	19	40
	2434	19	40
	2435	21	40
	2436	21	36
	2437	19	42
	2438	20	41
	2439	22	39
	2440	19	40
	2441	20	40
	2442	19	39
	2443	21	40
	2444	21	41
	2445	20	41
	2446	23	38
	2447	17	41
	2448	18	36
	2449	21	41
	2450	19	41
	2451	21	40
	2452	20	40
	2453	19	41
	2454	19	41
	2455	20	42
	2456	21	40
	2457	22	39
	2458	18	41
	2459	22	40
	2460	20	41
	2461	19	40
	2462	22	39
	2463	20	41
	2464	20	45
	2465	21	39
	2466	22	39
	2467	19	41
	2468	21	38
	2469	21	41
	2470	21	42
	2471	22	41
	2472	18	39
	2473	21	41
	2474	20	41
	2475	21	41
	2476	20	40
	2477	20	41
	2478	19	40
	2479	17	38
	2480	22	41
	2481	20	44
	2482	20	38
	2483	20	41
	2484	21	41
	2485	22	41
	2486	17	41
	2487	20	40
	2488	21	38
	2489	20	43
	2490	18	39
	2491	20	42
	2492	19	41
	2493	21	38
	2494	17	39
	2495	19	39
	2496	21	40
	2497	21	39
	2498	19	40
	2499	21	41
	2500	22	41
	2501	19	41
	2502	21	37
	2503	18	39
	2504	21	39
	2505	22	40
	2506	19	40
	2507	21	41
	2508	23	41
	2509	21	42
	2510	21	39
	2511	19	37
	2512	18	41
	2513	19	43
	2514	19	41
	2515	19	39
	2516	17	39
	2517	21	42
	2518	20	40
	2519	21	39
	2520	17	41
	2521	22	39
	2522	19	40
	2523	23	42
	2524	22	43
	2525	21	42
	2526	20	36
	2527	20	39
	2528	19	39
	2529	20	40
	2530	21	40
	2531	19	39
	2532	21	41
	2533	21	39
	2534	17	41
	2535	23	43
	2536	20	38
	2537	23	42
	2538	21	39
	2539	21	41
	2540	20	40
	2541	21	41
	2542	18	38
	2543	22	42
	2544	23	39
	2545	19	40
	2546	19	37
	2547	21	41
	2548	19	41
	2549	19	40
	2550	19	40
	2551	19	41
	2552	19	38
	2553	21	40
	2554	20	39
	2555	17	42
	2556	19	39
	2557	22	41
	2558	22	40
	2559	21	42
	2560	20	39
	2561	20	40
	2562	19	40
	2563	21	41
	2564	21	39
	2565	19	37
	2566	19	41
	2567	21	45
	2568	20	41
	2569	21	43
	2570	22	39
	2571	21	40
	2572	22	40
	2573	19	40
	2574	19	38
	2575	21	41
	2576	20	39
	2577	19	42
	2578	19	39
	2579	20	40
	2580	20	42
	2581	21	39
	2582	19	40
	2583	21	42
	2584	21	42
	2585	20	40
	2586	21	40
	2587	20	38
	2588	21	41
	2589	20	39
	2590	21	42
	2591	21	39
	2592	21	37
	2593	20	41
	2594	20	39
	2595	21	37
	2596	21	41
	2597	20	39
	2598	21	41
	2599	20	40
	2600	23	40
	2601	20	38
	2602	19	39
	2603	23	39
	2604	18	41
	2605	19	40
	2606	20	37
	2607	20	42
	2608	19	41
	2609	19	43
	2610	20	39
	2611	19	39
	2612	18	41
	2613	21	41
	2614	21	39
	2615	25	43
	2616	19	40
	2617	23	39
	2618	18	39
	2619	21	40
	2620	17	38
	2621	20	42
	2622	19	40
	2623	19	41
	2624	20	39
	2625	21	44
	2626	26	41
	2627	16	39
	2628	21	43
	2629	21	39
	2630	20	38
	2631	18	43
	2632	18	39
	2633	20	42
	2634	22	39
	2635	22	37
	2636	21	42
	2637	22	39
	2638	19	37
	2639	21	41
	2640	19	39
	2641	21	42
	2642	19	42
	2643	19	41
	2644	20	42
	2645	23	41
	2646	18	39
	2647	20	43
	2648	22	40
	2649	20	41
	2650	22	37
	2651	19	40
	2652	20	37
	2653	23	42
	2654	19	41
	2655	21	41
	2656	20	41
	2657	20	39
	2658	19	39
	2659	18	42
	2660	20	41
	2661	21	39
	2662	22	39
	2663	22	42
	2664	18	39
	2665	19	38
	2666	17	40
	2667	18	41
	2668	20	39
	2669	19	39
	2670	19	43
	2671	20	44
	2672	19	41
	2673	23	40
	2674	21	41
	2675	20	40
	2676	21	42
	2677	18	40
	2678	20	40
	2679	21	42
	2680	19	39
	2681	22	40
	2682	18	40
	2683	24	41
	2684	21	39
	2685	21	41
	2686	22	37
	2687	21	40
	2688	19	40
	2689	20	42
	2690	21	40
	2691	21	39
	2692	20	42
	2693	22	40
	2694	19	39
	2695	20	40
	2696	16	42
	2697	21	42
	2698	23	40
	2699	20	40
	2700	17	38
	2701	23	40
	2702	18	40
	2703	22	44
	2704	18	41
	2705	18	43
	2706	21	41
	2707	22	42
	2708	20	40
	2709	22	42
	2710	20	42
	2711	19	41
	2712	19	37
	2713	23	40
	2714	20	40
	2715	21	39
	2716	20	39
	2717	20	39
	2718	22	42
	2719	19	43
	2720	20	39
	2721	30	41
	2722	21	40
	2723	22	41
	2724	18	41
	2725	22	44
	2726	24	39
	2727	19	42
	2728	17	39
	2729	22	41
	2730	20	40
	2731	20	43
	2732	20	36
	2733	20	40
	2734	17	42
	2735	21	42
	2736	19	39
	2737	21	39
	2738	19	39
	2739	18	45
	2740	20	41
	2741	22	42
	2742	20	39
	2743	19	39
	2744	20	39
	2745	21	39
	2746	20	38
	2747	21	41
	2748	20	41
	2749	22	38
	2750	17	39
	2751	23	41
	2752	21	40
	2753	18	39
	2754	20	40
	2755	21	44
	2756	19	39
	2757	23	41
	2758	18	37
	2759	20	41
	2760	20	40
	2761	19	41
	2762	19	41
	2763	24	42
	2764	18	39
	2765	22	43
	2766	19	40
	2767	22	41
	2768	20	42
	2769	21	40
	2770	18	41
	2771	22	40
	2772	19	42
	2773	20	41
	2774	21	39
	2775	21	38
	2776	23	40
	2777	23	43
	2778	18	39
	2779	21	41
	2780	18	43
	2781	21	40
	2782	20	40
	2783	25	41
	2784	19	41
	2785	21	39
	2786	22	40
	2787	22	40
	2788	22	39
	2789	21	41
	2790	21	38
	2791	21	42
	2792	19	40
	2793	23	40
	2794	22	40
	2795	19	41
	2796	21	41
	2797	23	44
	2798	20	40
	2799	20	37
	2800	19	40
	2801	22	40
	2802	22	46
	2803	20	41
	2804	23	40
	2805	20	40
	2806	21	41
	2807	22	39
	2808	21	42
	2809	21	43
	2810	20	41
	2811	22	44
	2812	18	41
	2813	19	42
	2814	20	41
	2815	23	42
	2816	22	40
	2817	21	43
	2818	20	40
	2819	21	42
	2820	19	40
	2821	20	42
	2822	17	40
	2823	19	39
	2824	21	41
	2825	21	45
	2826	19	43
	2827	23	42
	2828	20	39
	2829	20	40
	2830	22	38
	2831	27	44
	2832	20	39
	2833	20	41
	2834	18	40
	2835	18	41
	2836	22	37
	2837	20	41
	2838	21	40
	2839	20	40
	2840	21	39
	2841	21	39
	2842	22	39
	2843	20	40
	2844	18	39
	2845	20	42
	2846	20	39
	2847	22	42
	2848	20	39
	2849	20	41
	2850	22	38
	2851	18	38
	2852	21	41
	2853	23	40
	2854	20	40
	2855	20	42
	2856	19	40
	2857	22	41
	2858	18	41
	2859	20	41
	2860	19	42
	2861	22	42
	2862	19	38
	2863	19	39
	2864	19	39
	2865	19	38
	2866	18	40
	2867	24	40
	2868	20	40
	2869	22	41
	2870	23	41
	2871	22	42
	2872	20	39
	2873	19	38
	2874	20	43
	2875	23	41
	2876	21	39
	2877	19	41
	2878	19	42
	2879	18	39
	2880	20	42
	2881	21	40
	2882	20	37
	2883	20	40
	2884	20	38
	2885	22	42
	2886	21	41
	2887	23	39
	2888	23	41
	2889	44	43
	2890	21	40
	2891	20	43
	2892	21	42
	2893	23	39
	2894	19	39
	2895	21	40
	2896	21	39
	2897	22	40
	2898	21	40
	2899	20	39
	2900	19	39
	2901	21	41
	2902	18	40
	2903	21	42
	2904	19	37
	2905	20	41
	2906	24	42
	2907	21	39
	2908	20	40
	2909	21	41
	2910	19	40
	2911	20	43
	2912	18	39
	2913	21	38
	2914	20	41
	2915	19	41
	2916	20	42
	2917	20	41
	2918	19	41
	2919	21	42
	2920	24	42
	2921	22	40
	2922	20	41
	2923	20	40
	2924	19	39
	2925	20	40
	2926	19	41
	2927	20	40
	2928	23	38
	2929	21	40
	2930	20	40
	2931	17	40
	2932	19	41
	2933	20	42
	2934	21	41
	2935	20	43
	2936	21	42
	2937	18	39
	2938	20	41
	2939	22	43
	2940	22	40
	2941	22	39
	2942	20	40
	2943	21	42
	2944	18	39
	2945	21	40
	2946	21	41
	2947	20	40
	2948	24	41
	2949	20	39
	2950	21	42
	2951	18	43
	2952	19	41
	2953	20	43
	2954	20	41
	2955	19	41
	2956	21	42
	2957	21	38
	2958	20	40
	2959	20	39
	2960	20	41
	2961	19	42
	2962	19	38
	2963	19	39
	2964	19	37
	2965	20	40
	2966	19	41
	2967	22	42
	2968	23	38
	2969	18	41
	2970	19	40
	2971	24	42
	2972	18	40
	2973	20	39
	2974	20	40
	2975	22	42
	2976	19	38
	2977	20	41
	2978	19	41
	2979	21	43
	2980	20	40
	2981	21	39
	2982	23	42
	2983	21	41
	2984	19	39
	2985	19	41
	2986	20	42
	2987	20	42
	2988	19	40
	2989	23	41
	2990	19	41
	2991	20	38
	2992	19	41
	2993	17	42
	2994	19	39
	2995	22	44
	2996	18	38
	2997	21	37
	2998	22	39
	2999	19	42
	3000	19	41
	3001	23	42
	3002	21	37
	3003	19	40
	3004	19	42
	3005	22	39
	3006	20	40
	3007	20	41
	3008	19	40
	3009	20	43
	3010	19	40
	3011	21	41
	3012	17	40
	3013	21	39
	3014	20	42
	3015	22	42
	3016	21	40
	3017	22	42
	3018	21	37
	3019	19	41
	3020	18	38
	3021	21	42
	3022	18	39
	3023	19	38
	3024	17	41
	3025	19	40
	3026	16	38
	3027	22	43
	3028	21	40
	3029	22	41
	3030	20	41
	3031	17	41
	3032	21	37
	3033	20	39
	3034	20	37
	3035	22	40
	3036	17	40
	3037	20	39
	3038	19	39
	3039	18	40
	3040	20	41
	3041	22	40
	3042	20	38
	3043	22	42
	3044	20	42
	3045	19	40
	3046	20	39
	3047	19	38
	3048	22	38
	3049	22	40
	3050	19	42
	3051	20	42
	3052	21	41
	3053	19	39
	3054	17	40
	3055	21	40
	3056	20	42
	3057	21	39
	3058	20	39
	3059	19	43
	3060	18	41
	3061	20	42
	3062	17	38
	3063	21	39
	3064	20	40
	3065	20	39
	3066	17	39
	3067	21	41
	3068	19	37
	3069	20	44
	3070	20	42
	3071	19	38
	3072	20	40
	3073	21	40
	3074	21	38
	3075	21	41
	3076	20	38
	3077	20	42
	3078	20	42
	3079	22	41
	3080	21	40
	3081	22	42
	3082	20	38
	3083	22	40
	3084	22	42
	3085	24	42
	3086	20	38
	3087	19	38
	3088	20	39
	3089	22	40
	3090	23	42
	3091	20	41
	3092	22	39
	3093	19	40
	3094	22	40
	3095	21	41
	3096	20	41
	3097	20	40
	3098	18	38
	3099	18	42
	3100	18	40
	3101	20	40
	3102	19	43
	3103	21	42
	3104	19	40
	3105	18	42
	3106	19	40
	3107	20	41
	3108	19	40
	3109	19	39
	3110	18	39
	3111	17	43
	3112	19	42
	3113	18	41
	3114	21	38
	3115	22	42
	3116	21	41
	3117	23	40
	3118	17	40
	3119	22	40
	3120	19	40
	3121	20	41
	3122	22	41
	3123	22	42
	3124	21	38
	3125	20	41
	3126	21	40
	3127	20	41
	3128	22	39
	3129	22	41
	3130	20	41
	3131	20	43
	3132	17	38
	3133	19	40
	3134	19	39
	3135	19	41
	3136	19	40
	3137	18	40
	3138	17	44
	3139	21	41
	3140	20	41
	3141	22	38
	3142	21	41
	3143	20	40
	3144	19	40
	3145	19	41
	3146	23	36
	3147	18	38
	3148	20	38
	3149	21	41
	3150	19	41
	3151	20	41
	3152	17	38
	3153	22	41
	3154	22	41
	3155	20	41
	3156	20	40
	3157	20	40
	3158	18	39
	3159	22	41
	3160	21	39
	3161	23	42
	3162	24	41
	3163	21	38
	3164	20	39
	3165	19	41
	3166	19	40
	3167	21	42
	3168	21	40
	3169	20	40
	3170	18	41
	3171	18	40
	3172	19	41
	3173	20	42
	3174	19	40
	3175	21	39
	3176	19	41
	3177	19	38
	3178	18	40
	3179	19	41
	3180	18	40
	3181	22	39
	3182	20	41
	3183	19	43
	3184	21	38
	3185	24	40
	3186	21	38
	3187	21	41
	3188	18	41
	3189	19	36
	3190	16	40
	3191	21	42
	3192	19	39
	3193	21	45
	3194	20	39
	3195	22	42
	3196	18	41
	3197	19	40
	3198	21	38
	3199	20	40
	3200	20	36
	3201	21	38
	3202	18	39
	3203	20	40
	3204	19	38
	3205	18	40
	3206	21	40
	3207	20	38
	3208	19	40
	3209	19	42
	3210	19	39
	3211	16	42
	3212	18	37
	3213	23	43
	3214	18	42
	3215	25	41
	3216	18	39
	3217	19	40
	3218	18	40
	3219	20	40
	3220	20	41
	3221	21	41
	3222	20	41
	3223	22	45
	3224	18	40
	3225	20	41
	3226	20	38
	3227	20	39
	3228	21	42
	3229	22	40
	3230	18	41
	3231	22	42
	3232	20	41
	3233	19	39
	3234	20	38
	3235	20	40
	3236	21	40
	3237	21	39
	3238	20	39
	3239	21	41
	3240	19	41
	3241	19	46
	3242	20	44
	3243	19	41
	3244	19	39
	3245	19	40
	3246	19	42
	3247	21	38
	3248	21	43
	3249	20	39
	3250	19	41
	3251	19	40
	3252	19	41
	3253	21	41
	3254	20	40
	3255	20	36
	3256	18	38
	3257	19	44
	3258	18	41
	3259	20	40
	3260	19	40
	3261	18	41
	3262	18	41
	3263	18	40
	3264	20	41
	3265	20	40
	3266	20	40
	3267	20	39
	3268	22	38
	3269	20	42
	3270	18	38
	3271	20	41
	3272	21	39
	3273	21	40
	3274	23	41
	3275	19	39
	3276	20	40
	3277	22	39
	3278	20	39
	3279	19	41
	3280	20	40
	3281	19	39
	3282	20	41
	3283	19	40
	3284	18	41
	3285	26	40
	3286	22	39
	3287	21	43
	3288	21	40
	3289	18	39
	3290	18	38
	3291	21	43
	3292	19	38
	3293	24	39
	3294	21	38
	3295	21	36
	3296	22	37
	3297	21	37
	3298	19	39
	3299	20	39
	3300	19	41
	3301	19	38
	3302	21	39
	3303	20	39
	3304	21	39
	3305	18	42
	3306	19	41
	3307	21	40
	3308	23	39
	3309	19	41
	3310	22	38
	3311	21	40
	3312	21	38
	3313	23	39
	3314	18	41
	3315	21	40
	3316	16	38
	3317	19	42
	3318	20	40
	3319	20	38
	3320	20	41
	3321	20	38
	3322	24	38
	3323	22	41
	3324	21	37
	3325	21	39
	3326	22	41
	3327	22	45
	3328	20	39
	3329	19	40
	3330	18	36
	3331	20	39
	3332	19	43
	3333	21	39
	3334	22	39
	3335	21	39
	3336	21	40
	3337	20	44
	3338	20	39
	3339	20	41
	3340	20	41
	3341	20	43
	3342	22	42
	3343	20	43
	3344	20	40
	3345	23	39
	3346	21	41
	3347	24	41
	3348	21	42
	3349	19	41
	3350	18	41
	3351	20	40
	3352	18	41
	3353	19	39
	3354	20	40
	3355	21	40
	3356	20	39
	3357	18	39
	3358	20	41
	3359	19	40
	3360	20	41
	3361	21	40
	3362	19	39
	3363	20	41
	3364	20	37
	3365	21	40
	3366	20	39
	3367	20	40
	3368	20	40
	3369	19	41
	3370	20	39
	3371	20	43
	3372	21	43
	3373	19	39
	3374	18	39
	3375	21	40
	3376	19	41
	3377	22	39
	3378	21	38
	3379	20	41
	3380	17	40
	3381	23	40
	3382	19	43
	3383	22	44
	3384	20	39
	3385	21	41
	3386	22	40
	3387	23	40
	3388	20	38
	3389	18	40
	3390	21	41
	3391	21	43
	3392	18	41
	3393	20	40
	3394	21	38
	3395	20	40
	3396	19	41
	3397	20	41
	3398	19	40
	3399	19	39
	3400	20	40
	3401	20	41
	3402	20	39
	3403	19	40
	3404	17	40
	3405	23	38
	3406	21	42
	3407	21	40
	3408	19	38
	3409	21	42
	3410	19	41
	3411	19	39
	3412	17	42
	3413	21	40
	3414	21	39
	3415	21	38
	3416	20	38
	3417	20	40
	3418	19	42
	3419	20	41
	3420	22	38
	3421	21	39
	3422	18	42
	3423	22	41
	3424	19	42
	3425	19	40
	3426	21	38
	3427	18	42
	3428	19	38
	3429	22	39
	3430	17	42
	3431	22	42
	3432	21	41
	3433	23	40
	3434	22	38
	3435	19	43
	3436	20	39
	3437	20	41
	3438	20	39
	3439	20	42
	3440	22	42
	3441	20	41
	3442	20	38
	3443	21	40
	3444	17	38
	3445	21	41
	3446	21	42
	3447	22	43
	3448	21	38
	3449	20	39
	3450	21	40
	3451	20	41
	3452	21	39
	3453	18	39
	3454	20	41
	3455	21	42
	3456	21	39
	3457	21	39
	3458	20	38
	3459	22	37
	3460	20	39
	3461	20	42
	3462	20	41
	3463	20	42
	3464	19	38
	3465	23	40
	3466	20	41
	3467	22	41
	3468	19	41
	3469	18	41
	3470	19	42
	3471	23	40
	3472	19	48
	3473	21	39
	3474	17	41
	3475	21	41
	3476	20	41
	3477	20	41
	3478	21	42
	3479	22	42
	3480	19	39
	3481	22	39
	3482	20	40
	3483	19	40
	3484	21	41
	3485	21	39
	3486	21	38
	3487	20	41
	3488	19	39
	3489	19	41
	3490	20	40
	3491	22	38
	3492	20	37
	3493	21	39
	3494	20	40
	3495	20	43
	3496	20	40
	3497	21	40
	3498	20	39
	3499	21	42
	3500	19	41
	3501	19	39
	3502	20	37
	3503	20	44
	3504	22	42
	3505	20	40
	3506	20	40
	3507	21	37
	3508	17	41
	3509	18	40
	3510	18	37
	3511	19	42
	3512	20	37
	3513	20	39
	3514	17	39
	3515	21	40
	3516	19	39
	3517	18	39
	3518	19	42
	3519	19	40
	3520	19	38
	3521	19	41
	3522	18	39
	3523	20	39
	3524	17	40
	3525	19	42
	3526	19	39
	3527	21	41
	3528	18	38
	3529	18	39
	3530	19	39
	3531	19	41
	3532	21	42
	3533	19	42
	3534	20	38
	3535	19	41
	3536	21	40
	3537	19	42
	3538	19	42
	3539	23	39
	3540	20	45
	3541	21	40
	3542	19	39
	3543	20	41
	3544	19	40
	3545	21	38
	3546	23	40
	3547	19	40
	3548	21	37
	3549	21	42
	3550	24	44
	3551	21	42
	3552	22	40
	3553	21	40
	3554	16	39
	3555	22	42
	3556	18	41
	3557	22	39
	3558	18	41
	3559	20	44
	3560	19	42
	3561	20	41
	3562	19	42
	3563	20	42
	3564	19	42
	3565	22	40
	3566	21	41
	3567	20	41
	3568	19	37
	3569	21	42
	3570	18	37
	3571	21	41
	3572	19	36
	3573	20	39
	3574	21	39
	3575	19	40
	3576	18	39
	3577	21	35
	3578	19	39
	3579	19	44
	3580	20	38
	3581	21	42
	3582	20	38
	3583	27	39
	3584	20	39
	3585	20	41
	3586	20	40
	3587	20	38
	3588	19	35
	3589	22	41
	3590	21	40
	3591	24	41
	3592	21	39
	3593	20	38
	3594	20	41
	3595	20	40
	3596	19	44
	3597	22	40
	3598	21	38
	3599	21	39
	3600	22	42
	3601	22	40
	3602	20	37
	3603	20	43
	3604	18	39
	3605	22	40
	3606	19	37
	3607	19	40
	3608	18	40
	3609	21	40
	3610	18	40
	3611	21	43
	3612	18	38
	3613	20	41
	3614	20	43
	3615	18	41
	3616	19	40
	3617	24	40
	3618	19	38
	3619	21	41
	3620	18	41
	3621	19	40
	3622	17	39
	3623	20	42
	3624	17	39
	3625	21	41
	3626	18	38
	3627	18	41
	3628	20	40
	3629	22	40
	3630	22	42
	3631	22	39
	3632	17	40
	3633	20	39
	3634	20	42
	3635	22	41
	3636	22	38
	3637	22	41
	3638	21	41
	3639	22	42
	3640	20	40
	3641	24	39
	3642	18	39
	3643	21	41
	3644	19	38
	3645	20	42
	3646	18	39
	3647	19	36
	3648	19	43
	3649	22	38
	3650	19	41
	3651	21	43
	3652	21	39
	3653	23	40
	3654	19	39
	3655	19	41
	3656	20	43
	3657	23	40
	3658	22	40
	3659	19	44
	3660	19	39
	3661	18	43
	3662	18	39
	3663	22	40
	3664	22	40
	3665	22	42
	3666	19	41
	3667	21	40
	3668	19	42
	3669	22	39
	3670	19	42
	3671	19	42
	3672	19	39
	3673	23	42
	3674	21	37
	3675	20	41
	3676	20	39
	3677	20	41
	3678	21	41
	3679	21	42
	3680	19	43
	3681	19	39
	3682	19	40
	3683	19	39
	3684	21	39
	3685	21	41
	3686	19	38
	3687	21	41
	3688	17	41
	3689	22	40
	3690	20	40
	3691	20	41
	3692	22	43
	3693	20	42
	3694	21	39
	3695	18	41
	3696	20	39
	3697	20	40
	3698	19	38
	3699	22	40
	3700	22	39
	3701	21	40
	3702	18	44
	3703	21	42
	3704	20	41
	3705	20	40
	3706	20	39
	3707	21	40
	3708	21	42
	3709	17	41
	3710	20	39
	3711	22	38
	3712	19	37
	3713	21	41
	3714	18	38
	3715	20	41
	3716	18	37
	3717	19	39
	3718	19	39
	3719	19	39
	3720	20	41
	3721	21	39
	3722	16	39
	3723	17	40
