	0	19	40
	1	20	39
	2	17	39
	3	17	38
	4	16	37
	5	18	37
	6	14	39
	7	17	38
	8	18	39
	9	19	37
	10	18	37
	11	17	39
	12	17	39
	13	18	39
	14	17	38
	15	19	37
	16	15	41
	17	17	39
	18	15	37
	19	15	37
	20	15	37
	21	16	38
	22	19	39
	23	18	38
	24	19	38
	25	17	37
	26	19	40
	27	21	41
	28	20	43
	29	22	44
	30	22	40
	31	20	42
	32	19	42
	33	21	42
	34	19	40
	35	21	40
	36	20	42
	37	21	41
	38	20	40
	39	21	42
	40	18	41
	41	21	38
	42	23	41
	43	23	43
	44	19	41
	45	18	39
	46	21	37
	47	20	40
	48	23	39
	49	22	42
	50	18	42
	51	22	42
	52	20	40
	53	21	42
	54	22	38
	55	22	40
	56	22	42
	57	21	43
	58	22	41
	59	19	42
	60	22	41
	61	22	43
	62	22	42
	63	21	43
	64	22	43
	65	23	47
	66	24	40
	67	22	44
	68	23	43
	69	25	43
	70	17	44
	71	25	43
	72	24	41
	73	21	39
	74	20	41
	75	24	41
	76	21	44
	77	20	40
	78	21	43
	79	22	43
	80	21	43
	81	22	42
	82	22	43
	83	23	49
	84	20	42
	85	21	43
	86	25	43
	87	24	44
	88	22	41
	89	22	39
	90	19	42
	91	23	42
	92	24	42
	93	20	46
	94	22	44
	95	22	43
	96	21	52
	97	22	43
	98	21	44
	99	20	45
	100	23	42
	101	22	43
	102	22	43
	103	23	43
	104	19	41
	105	22	40
	106	24	43
	107	23	44
	108	24	44
	109	25	44
	110	21	42
	111	21	41
	112	22	44
	113	21	42
	114	21	41
	115	23	45
	116	22	41
	117	26	44
	118	20	45
	119	22	43
	120	23	41
	121	24	45
	122	24	42
	123	24	46
	124	24	43
	125	23	44
	126	23	44
	127	23	44
	128	21	46
	129	19	46
	130	19	44
	131	23	44
	132	21	41
	133	22	42
	134	22	43
	135	23	44
	136	28	41
	137	24	43
	138	23	43
	139	20	43
	140	20	43
	141	28	45
	142	24	43
	143	23	44
	144	22	43
	145	22	42
	146	23	44
	147	23	41
	148	23	47
	149	24	44
	150	21	43
	151	24	44
	152	22	42
	153	25	43
	154	23	42
	155	23	44
	156	23	45
	157	22	45
	158	22	42
	159	23	44
	160	23	44
	161	23	45
	162	24	46
	163	26	46
	164	21	43
	165	24	43
	166	24	41
	167	24	45
	168	22	45
	169	22	45
	170	23	43
	171	21	46
	172	22	42
	173	23	44
	174	23	46
	175	22	46
	176	24	42
	177	22	43
	178	23	43
	179	23	42
	180	21	44
	181	24	42
	182	23	45
	183	21	43
	184	21	44
	185	20	45
	186	20	44
	187	23	45
	188	22	44
	189	23	42
	190	23	44
	191	24	47
	192	24	44
	193	24	47
	194	22	41
	195	24	42
	196	23	45
	197	24	42
	198	21	44
	199	24	45
	200	22	44
	201	25	44
	202	25	45
	203	25	45
	204	24	44
	205	23	44
	206	27	44
	207	24	43
	208	22	43
	209	26	44
	210	25	44
	211	24	48
	212	24	44
	213	25	45
	214	23	44
	215	24	43
	216	26	43
	217	23	47
	218	23	42
	219	23	53
	220	22	45
	221	23	45
	222	21	41
	223	23	44
	224	22	46
	225	23	47
	226	22	46
	227	23	46
	228	23	43
	229	24	44
	230	20	46
	231	23	46
	232	22	46
	233	22	44
	234	24	45
	235	24	43
	236	23	41
	237	23	45
	238	22	43
	239	22	44
	240	23	43
	241	22	46
	242	22	45
	243	24	42
	244	21	44
	245	22	44
	246	20	45
	247	20	47
	248	24	44
	249	22	47
	250	25	45
	251	24	46
	252	21	45
	253	22	46
	254	26	47
	255	24	47
	256	21	40
	257	22	46
	258	21	46
	259	23	46
	260	22	44
	261	23	45
	262	25	47
	263	22	46
	264	19	42
	265	19	46
	266	22	44
	267	23	44
	268	22	43
	269	23	47
	270	21	44
	271	25	44
	272	19	43
	273	24	44
	274	22	44
	275	24	44
	276	19	43
	277	23	43
	278	19	45
	279	22	45
	280	20	43
	281	23	43
	282	20	45
	283	23	42
	284	22	43
	285	26	45
	286	23	46
	287	25	44
	288	23	44
	289	21	41
	290	25	42
	291	23	44
	292	20	48
	293	19	41
	294	21	43
	295	22	46
	296	19	46
	297	24	46
	298	27	46
	299	24	43
	300	23	43
	301	25	43
	302	24	40
	303	24	44
	304	22	44
	305	23	43
	306	21	45
	307	23	44
	308	22	46
	309	22	46
	310	22	43
	311	24	48
	312	22	46
	313	19	45
	314	20	42
	315	22	43
	316	23	44
	317	24	44
	318	21	45
	319	25	43
	320	24	42
	321	23	45
	322	23	44
	323	23	44
	324	21	42
	325	21	45
	326	20	43
	327	22	44
	328	20	43
	329	19	42
	330	20	44
	331	24	46
	332	21	43
	333	22	47
	334	19	42
	335	23	45
	336	21	41
	337	17	44
	338	20	40
	339	24	46
	340	22	43
	341	22	47
	342	21	40
	343	22	47
	344	21	45
	345	22	44
	346	25	45
	347	22	42
	348	19	43
	349	22	40
	350	21	44
	351	21	43
	352	23	41
	353	20	45
	354	23	46
	355	23	45
	356	21	43
	357	22	44
	358	22	45
	359	24	45
	360	22	44
	361	24	43
	362	21	44
	363	24	40
	364	20	42
	365	23	43
	366	21	45
	367	21	45
	368	19	44
	369	20	43
	370	23	45
	371	24	43
	372	19	44
	373	24	44
	374	23	42
	375	24	45
	376	20	41
	377	20	45
	378	24	41
	379	22	43
	380	24	43
	381	21	40
	382	22	44
	383	22	45
	384	22	47
	385	21	42
	386	25	41
	387	23	43
	388	22	42
	389	23	45
	390	22	43
	391	23	45
	392	21	41
	393	22	45
	394	19	43
	395	26	43
	396	20	43
	397	19	43
	398	20	43
	399	21	46
	400	22	43
	401	23	43
	402	23	44
	403	22	45
	404	23	48
	405	22	42
	406	21	43
	407	22	42
	408	22	42
	409	21	45
	410	20	45
	411	25	49
	412	21	43
	413	22	43
	414	22	44
	415	19	45
	416	21	43
	417	21	47
	418	22	45
	419	23	42
	420	23	45
	421	19	43
	422	22	42
	423	20	44
	424	23	47
	425	22	47
	426	22	46
	427	23	47
	428	21	43
	429	21	44
	430	20	46
	431	22	44
	432	20	44
	433	23	44
	434	24	44
	435	21	48
	436	22	42
	437	21	43
	438	23	44
	439	23	47
	440	24	44
	441	22	45
	442	20	44
	443	23	45
	444	21	42
	445	22	46
	446	20	44
	447	23	43
	448	22	40
	449	21	47
	450	19	45
	451	24	44
	452	30	42
	453	22	47
	454	22	45
	455	22	42
	456	21	44
	457	20	44
	458	21	44
	459	24	44
	460	23	44
	461	23	44
	462	24	44
	463	21	44
	464	22	43
	465	24	51
	466	22	45
	467	23	48
	468	23	44
	469	25	44
	470	23	43
	471	27	46
	472	23	43
	473	23	47
	474	24	46
	475	26	47
	476	21	48
	477	23	46
	478	21	45
	479	26	48
	480	23	44
	481	25	49
	482	25	44
	483	22	44
	484	20	44
	485	23	44
	486	21	44
	487	25	45
	488	20	48
	489	22	44
	490	25	45
	491	23	46
	492	25	45
	493	27	44
	494	20	47
	495	23	48
	496	25	45
	497	26	46
	498	22	42
	499	22	45
	500	21	43
	501	24	46
	502	22	45
	503	23	44
	504	26	45
	505	22	43
	506	24	46
	507	26	47
	508	23	43
	509	25	44
	510	22	46
	511	24	44
	512	24	47
	513	24	51
	514	24	44
	515	23	46
	516	22	47
	517	24	47
	518	24	48
	519	26	48
	520	22	45
	521	24	50
	522	22	47
	523	24	45
	524	22	50
	525	26	46
	526	24	48
	527	24	50
	528	22	47
	529	25	49
	530	24	47
	531	22	48
	532	23	49
	533	25	47
	534	23	48
	535	25	47
	536	22	45
	537	27	46
	538	25	48
	539	23	47
	540	25	43
	541	24	47
	542	22	45
	543	26	49
	544	24	49
	545	20	47
	546	27	45
	547	27	45
	548	29	46
	549	22	45
	550	26	46
	551	22	46
	552	25	45
	553	26	48
	554	23	45
	555	25	46
	556	22	49
	557	25	53
	558	27	46
	559	25	50
	560	25	47
	561	25	48
	562	26	48
	563	28	48
	564	26	46
	565	26	48
	566	26	50
	567	25	46
	568	25	49
	569	25	46
	570	25	51
	571	28	48
	572	28	48
	573	25	48
	574	22	47
	575	24	48
	576	26	48
	577	27	51
	578	26	47
	579	26	47
	580	27	47
	581	27	48
	582	26	45
	583	25	48
	584	26	48
	585	24	49
	586	22	47
	587	24	50
	588	23	50
	589	28	45
	590	22	48
	591	29	50
	592	26	49
	593	28	49
	594	30	48
	595	24	45
	596	25	49
	597	25	50
	598	27	46
	599	28	51
	600	27	46
	601	26	50
	602	25	49
	603	29	49
	604	23	49
	605	27	52
	606	29	49
	607	27	49
	608	27	50
	609	26	50
	610	29	48
	611	29	49
	612	25	50
	613	26	50
	614	29	47
	615	31	49
	616	25	52
	617	26	49
	618	25	48
	619	29	49
	620	27	47
	621	28	48
	622	26	49
	623	30	49
	624	26	49
	625	27	47
	626	27	49
	627	29	50
	628	28	48
	629	25	49
	630	28	54
	631	30	52
	632	27	44
	633	29	49
	634	26	51
	635	28	52
	636	28	50
	637	31	51
	638	30	54
	639	28	52
	640	27	52
	641	26	50
	642	23	56
	643	28	50
	644	30	52
	645	27	52
	646	26	53
	647	32	51
	648	30	52
	649	28	49
	650	29	51
	651	29	55
	652	28	52
	653	30	54
	654	28	50
	655	26	50
	656	28	53
	657	31	54
	658	27	52
	659	28	51
	660	31	54
	661	28	53
	662	27	53
	663	26	54
	664	27	52
	665	30	52
	666	31	53
	667	33	53
	668	27	52
	669	27	56
	670	27	52
	671	28	54
	672	30	53
	673	32	56
	674	30	56
	675	30	53
	676	28	55
	677	30	57
	678	29	54
	679	29	55
	680	28	53
	681	29	56
	682	31	53
	683	32	56
	684	29	53
	685	31	55
	686	31	57
	687	33	55
	688	28	51
	689	31	53
	690	29	54
	691	31	54
	692	31	52
	693	30	58
	694	28	55
	695	30	52
	696	31	54
	697	30	56
	698	30	57
	699	31	55
	700	30	57
	701	29	55
	702	29	55
	703	31	52
	704	29	57
	705	28	54
	706	30	55
	707	31	55
	708	36	55
	709	30	56
	710	31	56
	711	29	56
	712	31	56
	713	29	56
	714	30	57
	715	30	58
	716	32	57
	717	32	56
	718	29	56
	719	29	54
	720	32	54
	721	31	55
	722	32	57
	723	29	60
	724	30	52
	725	32	55
	726	34	58
	727	33	55
	728	31	55
	729	33	55
	730	30	55
	731	30	59
	732	29	57
	733	31	55
	734	31	59
	735	29	55
	736	31	57
	737	34	55
	738	31	57
	739	32	58
	740	29	58
	741	29	57
	742	29	57
	743	31	60
	744	27	58
	745	30	58
	746	31	58
	747	31	59
	748	31	59
	749	31	57
	750	30	57
	751	33	58
	752	29	58
	753	29	58
	754	28	56
	755	30	60
	756	28	56
	757	31	59
	758	31	58
	759	34	57
	760	28	56
	761	30	57
	762	30	57
	763	32	57
	764	31	56
	765	31	56
	766	30	56
	767	28	56
	768	30	57
	769	30	58
	770	30	56
	771	32	55
	772	32	58
	773	30	57
	774	29	54
	775	31	56
	776	38	56
	777	35	59
	778	34	58
	779	31	57
	780	27	56
	781	32	58
	782	29	57
	783	30	55
	784	30	56
	785	33	55
	786	32	58
	787	30	56
	788	32	56
	789	28	55
	790	31	57
	791	33	57
	792	31	55
	793	29	59
	794	29	57
	795	27	55
	796	31	55
	797	30	59
	798	27	56
	799	35	57
	800	28	54
	801	29	56
	802	28	58
	803	26	63
	804	29	53
	805	30	56
	806	28	60
	807	28	57
	808	28	58
	809	29	56
	810	30	53
	811	30	55
	812	30	57
	813	28	59
	814	26	55
	815	30	53
	816	30	53
	817	28	55
	818	26	56
	819	31	55
	820	28	56
	821	28	56
	822	28	52
	823	27	58
	824	28	56
	825	28	51
	826	27	54
	827	28	56
	828	29	55
	829	29	53
	830	27	54
	831	29	55
	832	28	51
	833	30	57
	834	31	55
	835	26	56
	836	28	53
	837	27	54
	838	29	51
	839	27	52
	840	25	51
	841	27	55
	842	27	53
	843	26	53
	844	28	52
	845	30	50
	846	25	52
	847	29	54
	848	28	51
	849	29	54
	850	28	52
	851	25	54
	852	26	51
	853	25	53
	854	27	49
	855	28	51
	856	27	54
	857	29	53
	858	28	53
	859	25	48
	860	26	52
	861	28	51
	862	25	52
	863	25	52
	864	26	53
	865	25	53
	866	25	52
	867	23	54
	868	25	51
	869	27	54
	870	26	50
	871	28	50
	872	31	52
	873	26	53
	874	26	51
	875	26	47
	876	27	51
	877	29	51
	878	24	48
	879	27	46
	880	25	52
	881	29	53
	882	24	51
	883	23	50
	884	28	49
	885	28	51
	886	26	51
	887	24	49
	888	24	49
	889	26	51
	890	26	52
	891	25	53
	892	26	49
	893	25	54
	894	23	49
	895	26	54
	896	26	53
	897	27	50
	898	23	53
	899	25	48
	900	25	51
	901	28	51
	902	26	47
	903	25	51
	904	26	50
	905	25	54
	906	24	52
	907	23	49
	908	28	48
	909	26	46
	910	24	47
	911	28	48
	912	26	51
	913	24	49
	914	25	49
	915	25	51
	916	25	51
	917	27	48
	918	25	48
	919	25	49
	920	25	48
	921	24	48
	922	24	50
	923	25	52
	924	23	45
	925	26	48
	926	24	48
	927	24	49
	928	24	48
	929	25	47
	930	23	50
	931	26	51
	932	21	48
	933	26	49
	934	21	48
	935	25	48
	936	25	47
	937	26	46
	938	23	48
	939	27	49
	940	25	48
	941	24	51
	942	24	48
	943	25	47
	944	24	50
	945	27	49
	946	23	48
	947	22	49
	948	23	45
	949	25	46
	950	23	59
	951	24	45
	952	24	51
	953	22	47
	954	23	47
	955	26	50
	956	24	47
	957	25	47
	958	22	49
	959	24	46
	960	23	46
	961	25	46
	962	24	46
	963	25	44
	964	23	44
	965	23	46
	966	21	46
	967	25	49
	968	24	47
	969	22	48
	970	25	51
	971	23	43
	972	21	48
	973	23	49
	974	21	46
	975	25	50
	976	25	48
	977	20	47
	978	23	44
	979	24	46
	980	22	45
	981	22	48
	982	22	46
	983	23	46
	984	23	46
	985	23	48
	986	21	48
	987	20	47
	988	22	45
	989	24	48
	990	25	49
	991	25	46
	992	18	46
	993	23	45
	994	21	45
	995	24	46
	996	21	46
	997	25	44
	998	25	43
	999	24	47
	1000	24	44
	1001	23	49
	1002	22	45
	1003	23	46
	1004	25	46
	1005	22	43
	1006	23	46
	1007	21	46
	1008	22	44
	1009	22	45
	1010	28	45
	1011	23	45
	1012	21	46
	1013	20	46
	1014	22	44
	1015	23	47
	1016	23	46
	1017	21	44
	1018	25	46
	1019	25	46
	1020	23	42
	1021	23	44
	1022	21	46
	1023	25	44
	1024	19	44
	1025	22	41
	1026	20	46
	1027	24	43
	1028	22	42
	1029	24	45
	1030	23	43
	1031	24	47
	1032	20	46
	1033	22	44
	1034	23	42
	1035	24	45
	1036	23	44
	1037	24	45
	1038	22	44
	1039	22	44
	1040	19	43
	1041	21	45
	1042	22	45
	1043	21	41
	1044	22	51
	1045	22	43
	1046	21	45
	1047	22	44
	1048	24	45
	1049	25	44
	1050	18	46
	1051	21	45
	1052	24	44
	1053	22	44
	1054	24	45
	1055	23	50
	1056	23	41
	1057	22	46
	1058	22	44
	1059	21	44
	1060	20	44
	1061	22	45
	1062	21	45
	1063	22	44
	1064	21	43
	1065	20	45
	1066	21	43
	1067	21	46
	1068	21	42
	1069	25	43
	1070	23	44
	1071	25	44
	1072	19	41
	1073	19	44
	1074	22	42
	1075	22	43
	1076	23	43
	1077	30	47
	1078	20	44
	1079	25	45
	1080	20	45
	1081	22	43
	1082	20	43
	1083	22	42
	1084	22	44
	1085	20	42
	1086	21	45
	1087	22	45
	1088	23	43
	1089	22	41
	1090	24	40
	1091	23	45
	1092	20	42
	1093	25	43
	1094	22	42
	1095	24	44
	1096	23	45
	1097	23	44
	1098	23	43
	1099	24	44
	1100	21	42
	1101	21	44
	1102	18	44
	1103	25	46
	1104	20	46
	1105	24	43
	1106	23	41
	1107	22	45
	1108	22	46
	1109	24	43
	1110	23	48
	1111	22	44
	1112	23	41
	1113	23	42
	1114	22	43
	1115	22	44
	1116	24	45
	1117	21	43
	1118	23	43
	1119	25	43
	1120	20	46
	1121	23	42
	1122	24	43
	1123	22	45
	1124	23	45
	1125	23	45
	1126	19	43
	1127	22	47
	1128	23	40
	1129	21	47
	1130	24	46
	1131	20	44
	1132	21	43
	1133	21	45
	1134	19	40
	1135	21	43
	1136	19	50
	1137	19	45
	1138	23	43
	1139	23	46
	1140	22	45
	1141	21	45
	1142	22	46
	1143	23	46
	1144	22	41
	1145	21	49
	1146	18	43
	1147	26	46
	1148	20	41
	1149	22	44
	1150	22	43
	1151	23	44
	1152	21	42
	1153	19	43
	1154	21	40
	1155	24	42
	1156	20	44
	1157	20	43
	1158	23	45
	1159	22	44
	1160	21	43
	1161	23	43
	1162	22	42
	1163	22	45
	1164	20	44
	1165	23	42
	1166	22	41
	1167	21	42
	1168	19	45
	1169	22	42
	1170	23	43
	1171	23	47
	1172	21	44
	1173	21	42
	1174	19	45
	1175	24	43
	1176	23	46
	1177	22	44
	1178	21	44
	1179	20	44
	1180	22	44
	1181	23	44
	1182	23	41
	1183	25	46
	1184	22	42
	1185	21	43
	1186	19	47
	1187	22	47
	1188	19	46
	1189	21	44
	1190	23	43
	1191	20	46
	1192	22	43
	1193	18	43
	1194	21	42
	1195	21	43
	1196	23	41
	1197	23	46
	1198	21	40
	1199	20	45
	1200	22	41
	1201	21	43
	1202	22	46
	1203	22	44
	1204	22	43
	1205	23	45
	1206	20	43
	1207	23	44
	1208	21	42
	1209	23	43
	1210	21	40
	1211	22	42
	1212	20	43
	1213	21	43
	1214	18	43
	1215	24	44
	1216	20	45
	1217	24	45
	1218	20	41
	1219	21	45
	1220	24	43
	1221	21	45
	1222	24	44
	1223	21	45
	1224	21	42
	1225	23	43
	1226	21	44
	1227	20	39
	1228	19	45
	1229	20	45
	1230	21	42
	1231	21	45
	1232	19	42
	1233	25	43
	1234	21	45
	1235	22	43
	1236	23	41
	1237	26	46
	1238	22	42
	1239	21	44
	1240	18	41
	1241	19	44
	1242	22	44
	1243	22	41
	1244	20	42
	1245	19	42
	1246	19	41
	1247	23	41
	1248	21	42
	1249	23	42
	1250	23	41
	1251	22	44
	1252	19	42
	1253	22	42
	1254	21	41
	1255	24	42
	1256	23	44
	1257	23	44
	1258	21	45
	1259	20	41
	1260	22	44
	1261	22	44
	1262	22	45
	1263	20	45
	1264	20	43
	1265	22	42
	1266	26	45
	1267	31	43
	1268	23	40
	1269	25	43
	1270	20	42
	1271	25	43
	1272	24	46
	1273	24	44
	1274	19	42
	1275	23	50
	1276	22	43
	1277	23	41
	1278	21	42
	1279	21	42
	1280	20	43
	1281	24	44
	1282	21	43
	1283	24	46
	1284	19	42
	1285	22	44
	1286	20	43
	1287	22	42
	1288	21	41
	1289	20	41
	1290	21	40
	1291	22	45
	1292	21	42
	1293	22	44
	1294	22	44
	1295	23	43
	1296	21	44
	1297	23	43
	1298	21	43
	1299	25	43
	1300	22	44
	1301	23	44
	1302	23	42
	1303	20	45
	1304	21	41
	1305	24	42
	1306	20	43
	1307	24	42
	1308	20	43
	1309	19	44
	1310	22	40
	1311	22	43
	1312	23	45
	1313	24	42
	1314	21	44
	1315	24	43
	1316	23	42
	1317	23	41
	1318	19	46
	1319	23	41
	1320	20	44
	1321	23	45
	1322	23	43
	1323	22	42
	1324	22	43
	1325	20	43
	1326	21	49
	1327	24	44
	1328	23	45
	1329	21	44
	1330	20	46
	1331	21	45
	1332	19	45
	1333	24	43
	1334	19	46
	1335	21	46
	1336	20	42
	1337	20	42
	1338	21	42
	1339	19	45
	1340	21	41
	1341	22	43
	1342	20	41
	1343	24	45
	1344	20	41
	1345	21	43
	1346	23	44
	1347	21	45
	1348	19	41
	1349	21	43
	1350	20	44
	1351	19	46
	1352	23	42
	1353	20	42
	1354	22	41
	1355	22	43
	1356	23	45
	1357	21	44
	1358	21	45
	1359	22	43
	1360	22	42
	1361	22	44
	1362	22	43
	1363	21	44
	1364	19	43
	1365	24	43
	1366	21	40
	1367	24	43
	1368	20	43
	1369	20	41
	1370	20	43
	1371	23	43
	1372	27	42
	1373	23	42
	1374	21	44
	1375	22	45
	1376	21	39
	1377	24	44
	1378	23	41
	1379	20	42
	1380	20	44
	1381	28	45
	1382	21	43
	1383	24	44
	1384	19	44
	1385	20	45
	1386	23	42
	1387	24	44
	1388	24	44
	1389	21	45
	1390	19	40
	1391	20	44
	1392	19	42
	1393	22	45
	1394	20	43
	1395	22	45
	1396	21	43
	1397	23	44
	1398	20	39
	1399	20	45
	1400	21	41
	1401	22	44
	1402	23	41
	1403	22	46
	1404	19	42
	1405	22	42
	1406	18	42
	1407	21	43
	1408	21	40
	1409	22	42
	1410	20	45
	1411	24	43
	1412	21	47
	1413	24	43
	1414	22	42
	1415	23	45
	1416	21	44
	1417	22	41
	1418	21	42
	1419	23	44
	1420	21	44
	1421	22	45
	1422	21	44
	1423	24	44
	1424	20	40
	1425	23	44
	1426	21	43
	1427	22	42
	1428	21	45
	1429	22	44
	1430	21	45
	1431	23	43
	1432	16	42
	1433	23	43
	1434	26	42
	1435	23	42
	1436	22	40
	1437	20	41
	1438	22	42
	1439	20	43
	1440	20	41
	1441	20	44
	1442	22	42
	1443	21	42
	1444	19	43
	1445	21	41
	1446	20	44
	1447	23	43
	1448	21	41
	1449	19	44
	1450	22	43
	1451	19	43
	1452	19	43
	1453	22	42
	1454	23	41
	1455	21	46
	1456	23	39
	1457	22	43
	1458	24	44
	1459	20	42
	1460	23	43
	1461	23	44
	1462	22	44
	1463	24	44
	1464	20	41
	1465	22	42
	1466	20	44
	1467	23	41
	1468	22	44
	1469	25	45
	1470	20	43
	1471	20	43
	1472	24	43
	1473	22	44
	1474	23	43
	1475	25	45
	1476	17	45
	1477	23	43
	1478	20	42
	1479	21	42
	1480	21	43
	1481	23	43
	1482	18	42
	1483	21	42
	1484	22	42
	1485	21	44
	1486	22	41
	1487	24	41
	1488	19	39
	1489	22	40
	1490	21	43
	1491	23	45
	1492	22	43
	1493	22	45
	1494	21	42
	1495	22	44
	1496	21	42
	1497	22	45
	1498	21	43
	1499	23	45
	1500	21	42
	1501	22	45
	1502	19	45
	1503	22	43
	1504	21	41
	1505	24	39
	1506	22	42
	1507	23	44
	1508	23	41
	1509	23	41
	1510	21	43
	1511	20	43
	1512	22	43
	1513	23	42
	1514	20	41
	1515	23	44
	1516	21	41
	1517	22	42
	1518	21	44
	1519	19	43
	1520	22	45
	1521	23	42
	1522	19	43
	1523	20	43
	1524	20	42
	1525	24	43
	1526	23	40
	1527	24	43
	1528	24	42
	1529	22	43
	1530	21	44
	1531	31	44
	1532	20	42
	1533	21	42
	1534	22	40
	1535	21	44
	1536	22	42
	1537	22	39
	1538	22	42
	1539	19	45
	1540	21	44
	1541	22	43
	1542	21	39
	1543	23	43
	1544	20	42
	1545	21	46
	1546	23	41
	1547	22	46
	1548	22	42
	1549	22	44
	1550	22	44
	1551	23	44
	1552	21	44
	1553	21	43
	1554	19	43
	1555	22	44
	1556	18	45
	1557	22	39
	1558	21	48
	1559	22	43
	1560	22	42
	1561	21	43
	1562	22	43
	1563	24	45
	1564	21	41
	1565	23	44
	1566	22	40
	1567	22	44
	1568	23	43
	1569	27	40
	1570	22	43
	1571	23	53
	1572	22	43
	1573	23	44
	1574	23	41
	1575	24	44
	1576	21	49
	1577	22	46
	1578	20	44
	1579	22	43
	1580	21	42
	1581	22	46
	1582	23	45
	1583	21	47
	1584	23	44
	1585	24	45
	1586	25	43
	1587	24	46
	1588	22	47
	1589	23	47
	1590	22	45
	1591	23	44
	1592	22	46
	1593	22	47
	1594	20	44
	1595	24	45
	1596	20	44
	1597	27	43
	1598	23	44
	1599	26	48
	1600	23	45
	1601	23	44
	1602	21	45
	1603	23	45
	1604	22	46
	1605	24	47
	1606	20	45
	1607	24	46
	1608	21	47
	1609	23	43
	1610	19	48
	1611	23	42
	1612	23	43
	1613	23	45
	1614	25	44
	1615	21	43
	1616	21	44
	1617	23	44
	1618	21	39
	1619	25	45
	1620	23	43
	1621	25	43
	1622	21	46
	1623	24	41
	1624	22	46
	1625	25	47
	1626	22	45
	1627	23	46
	1628	20	45
	1629	25	45
	1630	23	45
	1631	21	48
	1632	23	43
	1633	24	46
	1634	23	45
	1635	23	46
	1636	23	45
	1637	21	45
	1638	24	46
	1639	22	47
	1640	24	46
	1641	26	48
	1642	22	42
	1643	24	45
	1644	22	45
	1645	23	42
	1646	29	44
	1647	21	46
	1648	22	46
	1649	24	44
	1650	22	45
	1651	19	45
	1652	22	44
	1653	25	46
	1654	23	46
	1655	26	45
	1656	20	41
	1657	23	48
	1658	19	43
	1659	26	46
	1660	24	44
	1661	24	44
	1662	22	42
	1663	25	45
	1664	22	45
	1665	23	45
	1666	23	45
	1667	26	43
	1668	20	47
	1669	24	46
	1670	20	46
	1671	24	44
	1672	21	46
	1673	24	44
	1674	21	43
	1675	25	44
	1676	21	44
	1677	24	44
	1678	22	44
	1679	21	45
	1680	25	44
	1681	23	44
	1682	21	47
	1683	22	44
	1684	23	45
	1685	22	42
	1686	22	43
	1687	25	46
	1688	20	44
	1689	24	48
	1690	19	42
	1691	24	44
	1692	20	43
	1693	19	44
	1694	21	44
	1695	19	44
	1696	18	45
	1697	22	46
	1698	23	42
	1699	22	42
	1700	22	41
	1701	22	43
	1702	19	44
	1703	23	41
	1704	19	41
	1705	24	41
	1706	21	40
	1707	20	41
	1708	20	43
	1709	21	43
	1710	21	41
	1711	19	41
	1712	20	39
	1713	22	39
	1714	21	42
	1715	24	42
	1716	21	39
	1717	21	43
	1718	21	43
	1719	22	42
	1720	21	40
	1721	23	41
	1722	21	43
	1723	21	43
	1724	19	41
	1725	20	44
	1726	26	39
	1727	22	44
	1728	23	43
	1729	20	44
	1730	20	40
	1731	21	42
	1732	22	39
	1733	21	39
	1734	19	41
	1735	21	39
	1736	21	42
	1737	22	43
	1738	21	39
	1739	24	41
	1740	24	41
	1741	21	41
	1742	23	39
	1743	22	43
	1744	18	38
	1745	19	44
	1746	20	41
	1747	23	40
	1748	23	41
	1749	21	41
	1750	20	41
	1751	22	45
	1752	19	41
	1753	23	41
	1754	23	43
	1755	23	41
	1756	19	37
	1757	21	41
	1758	18	39
	1759	19	42
	1760	20	47
	1761	19	42
	1762	19	42
	1763	19	39
	1764	20	39
	1765	21	42
	1766	20	38
	1767	20	41
	1768	18	38
	1769	20	42
	1770	20	39
	1771	21	39
	1772	20	43
	1773	22	39
	1774	22	41
	1775	17	43
	1776	20	39
	1777	19	40
	1778	25	42
	1779	23	41
	1780	20	43
	1781	20	41
	1782	20	41
	1783	21	40
	1784	21	39
	1785	22	41
	1786	20	42
	1787	21	42
	1788	18	43
	1789	20	45
	1790	19	41
	1791	20	41
	1792	21	42
	1793	20	40
	1794	19	42
	1795	20	43
	1796	20	39
	1797	20	41
	1798	21	41
	1799	22	37
	1800	19	39
	1801	22	37
	1802	19	41
	1803	20	42
	1804	22	39
	1805	20	39
	1806	20	42
	1807	21	42
	1808	20	40
	1809	17	41
	1810	19	42
	1811	21	40
	1812	20	40
	1813	20	42
	1814	18	43
	1815	20	42
	1816	19	40
	1817	21	41
	1818	19	39
	1819	22	43
	1820	18	41
	1821	22	43
	1822	19	39
	1823	22	44
	1824	19	42
	1825	19	42
	1826	22	39
	1827	21	41
	1828	21	39
	1829	22	44
	1830	20	40
	1831	20	43
	1832	20	41
	1833	18	40
	1834	18	42
	1835	21	40
	1836	17	42
	1837	17	41
	1838	20	40
	1839	21	41
	1840	20	39
	1841	18	41
	1842	22	42
	1843	23	41
	1844	20	39
	1845	20	42
	1846	19	43
	1847	19	42
	1848	20	43
	1849	22	41
	1850	18	39
	1851	22	41
	1852	19	40
	1853	21	43
	1854	22	37
	1855	21	42
	1856	19	41
	1857	22	42
	1858	22	40
	1859	19	41
	1860	20	37
	1861	19	38
	1862	23	40
	1863	22	41
	1864	19	42
	1865	18	40
	1866	19	42
	1867	24	39
	1868	20	39
	1869	21	40
	1870	19	41
	1871	19	39
	1872	23	41
	1873	21	42
	1874	21	40
	1875	19	41
	1876	18	38
	1877	21	41
	1878	20	40
	1879	21	41
	1880	20	42
	1881	20	41
	1882	19	40
	1883	20	40
	1884	18	42
	1885	21	41
	1886	18	40
	1887	19	42
	1888	20	40
	1889	20	39
	1890	20	42
	1891	21	40
	1892	19	42
	1893	22	43
	1894	22	41
	1895	22	42
	1896	19	36
	1897	19	44
	1898	20	39
	1899	24	43
	1900	18	41
	1901	21	42
	1902	17	39
	1903	20	40
	1904	19	41
	1905	20	40
	1906	18	42
	1907	27	41
	1908	20	41
	1909	19	43
	1910	22	42
	1911	19	44
	1912	21	41
	1913	19	42
	1914	20	38
	1915	19	42
	1916	20	40
	1917	21	41
	1918	22	40
	1919	21	41
	1920	20	40
	1921	19	48
	1922	20	42
	1923	21	41
	1924	21	42
	1925	20	38
	1926	19	39
	1927	23	41
	1928	21	42
	1929	21	42
	1930	19	39
	1931	21	39
	1932	21	40
	1933	21	41
	1934	19	40
	1935	20	40
	1936	18	39
	1937	21	41
	1938	20	42
	1939	21	40
	1940	21	40
	1941	21	41
	1942	21	39
	1943	19	40
	1944	19	41
	1945	20	41
	1946	22	37
	1947	20	41
	1948	19	40
	1949	21	43
	1950	21	41
	1951	18	41
	1952	18	40
	1953	21	42
	1954	19	38
	1955	20	40
	1956	22	41
	1957	20	41
	1958	22	42
	1959	22	42
	1960	17	42
	1961	20	38
	1962	18	42
	1963	22	42
	1964	19	39
	1965	20	41
	1966	22	39
	1967	24	40
	1968	17	39
	1969	23	42
	1970	20	42
	1971	20	41
	1972	20	41
	1973	19	42
	1974	17	38
	1975	18	39
	1976	17	42
	1977	19	43
	1978	20	43
	1979	18	39
	1980	20	42
	1981	19	41
	1982	19	41
	1983	21	38
	1984	20	39
	1985	19	43
	1986	20	41
	1987	20	43
	1988	19	41
	1989	20	39
	1990	21	41
	1991	20	41
	1992	19	42
	1993	21	41
	1994	18	40
	1995	20	40
	1996	19	41
	1997	20	38
	1998	20	42
	1999	21	40
	2000	19	39
	2001	20	42
	2002	21	37
	2003	19	41
	2004	20	44
	2005	20	43
	2006	19	43
	2007	20	44
	2008	20	40
	2009	20	42
	2010	19	38
	2011	20	42
	2012	19	43
	2013	22	40
	2014	20	41
	2015	22	41
	2016	20	38
	2017	17	39
	2018	16	41
	2019	20	42
	2020	21	40
	2021	19	38
	2022	18	41
	2023	17	40
	2024	19	41
	2025	21	42
	2026	18	38
	2027	18	41
	2028	18	41
	2029	22	38
	2030	19	40
	2031	20	40
	2032	19	39
	2033	19	41
	2034	19	42
	2035	19	43
	2036	22	41
	2037	21	40
	2038	19	41
	2039	19	43
	2040	19	41
	2041	20	42
	2042	23	41
	2043	18	40
	2044	22	41
	2045	23	40
	2046	17	40
	2047	20	44
	2048	18	42
	2049	18	43
	2050	19	41
	2051	22	39
	2052	18	40
	2053	19	41
	2054	20	39
	2055	19	41
	2056	21	40
	2057	20	43
	2058	18	39
	2059	19	41
	2060	20	39
	2061	23	42
	2062	19	41
	2063	18	41
	2064	19	39
	2065	21	43
	2066	17	41
	2067	20	42
	2068	17	41
	2069	19	39
	2070	20	40
	2071	20	42
	2072	20	41
	2073	21	41
	2074	19	39
	2075	21	41
	2076	22	43
	2077	22	39
	2078	20	39
	2079	23	40
	2080	19	39
	2081	22	43
	2082	20	40
	2083	22	39
	2084	20	41
	2085	20	42
	2086	19	38
	2087	18	38
	2088	17	40
	2089	19	39
	2090	18	40
	2091	21	43
	2092	20	40
	2093	18	40
	2094	19	39
	2095	20	41
	2096	21	43
	2097	22	40
	2098	16	42
	2099	19	43
	2100	19	42
	2101	22	40
	2102	21	38
	2103	19	41
	2104	21	40
	2105	23	41
	2106	19	40
	2107	21	39
	2108	17	39
	2109	19	39
	2110	21	39
	2111	23	40
	2112	20	39
	2113	19	38
	2114	19	38
	2115	21	39
	2116	19	40
	2117	17	42
	2118	19	37
	2119	19	42
	2120	17	39
	2121	21	39
	2122	17	42
	2123	22	43
	2124	18	41
	2125	22	40
	2126	20	40
	2127	21	45
	2128	19	40
	2129	19	41
	2130	21	42
	2131	20	40
	2132	20	40
	2133	20	41
	2134	20	41
	2135	23	38
	2136	19	39
	2137	20	39
	2138	18	37
	2139	22	41
	2140	17	39
	2141	24	39
	2142	19	41
	2143	20	40
	2144	19	40
	2145	21	39
	2146	20	41
	2147	20	41
	2148	19	41
	2149	21	40
	2150	20	40
	2151	20	40
	2152	22	40
	2153	21	41
	2154	19	40
	2155	20	41
	2156	19	38
	2157	21	41
	2158	18	37
	2159	20	40
	2160	18	39
	2161	19	40
	2162	19	41
	2163	22	41
	2164	20	39
	2165	22	40
	2166	18	38
	2167	19	38
	2168	19	39
	2169	20	43
	2170	20	62
	2171	21	41
	2172	22	38
	2173	19	40
	2174	20	42
	2175	19	41
	2176	21	41
	2177	20	40
	2178	19	41
	2179	21	39
	2180	19	38
	2181	20	38
	2182	20	40
	2183	19	39
	2184	22	41
	2185	18	43
	2186	21	40
	2187	22	40
	2188	18	37
	2189	21	38
	2190	19	40
	2191	22	42
	2192	19	41
	2193	20	41
	2194	19	46
	2195	21	41
	2196	17	41
	2197	19	42
	2198	20	39
	2199	21	39
	2200	21	39
	2201	18	38
	2202	20	42
	2203	20	41
	2204	19	39
	2205	27	41
	2206	20	37
	2207	19	40
	2208	19	39
	2209	20	42
	2210	21	39
	2211	23	44
	2212	19	40
	2213	18	38
	2214	19	38
	2215	19	39
	2216	19	39
	2217	20	40
	2218	20	40
	2219	21	41
	2220	18	40
	2221	22	41
	2222	20	41
	2223	23	42
	2224	19	39
	2225	21	40
	2226	19	36
	2227	21	38
	2228	20	37
	2229	18	39
	2230	20	40
	2231	21	41
	2232	18	40
	2233	19	41
	2234	21	43
	2235	21	37
	2236	21	40
	2237	20	38
	2238	21	40
	2239	25	43
	2240	19	41
	2241	21	42
	2242	21	38
	2243	20	39
	2244	23	38
	2245	20	41
	2246	18	40
	2247	21	42
	2248	20	38
	2249	20	38
	2250	20	39
	2251	20	43
	2252	17	40
	2253	22	42
	2254	17	43
	2255	21	41
	2256	18	40
	2257	19	38
	2258	20	39
	2259	22	39
	2260	20	41
	2261	22	40
	2262	20	38
	2263	18	41
	2264	20	38
	2265	20	43
	2266	18	39
	2267	18	42
	2268	19	40
	2269	17	40
	2270	19	39
	2271	20	40
	2272	19	39
	2273	22	40
	2274	22	38
	2275	20	40
	2276	22	40
	2277	18	41
	2278	19	39
	2279	22	42
	2280	20	40
	2281	19	42
	2282	20	41
	2283	21	42
	2284	23	39
	2285	22	39
	2286	20	44
	2287	21	40
	2288	19	41
	2289	21	42
	2290	19	41
	2291	17	39
	2292	20	38
	2293	18	39
	2294	20	41
	2295	23	41
	2296	19	39
	2297	21	43
	2298	23	41
	2299	19	39
	2300	21	40
	2301	21	39
	2302	18	40
	2303	22	40
	2304	19	42
	2305	19	40
	2306	17	37
	2307	21	42
	2308	17	40
	2309	21	41
	2310	20	42
	2311	21	39
	2312	22	37
	2313	19	40
	2314	19	40
	2315	19	40
	2316	21	40
	2317	21	41
	2318	19	41
	2319	19	42
	2320	18	40
	2321	20	42
	2322	18	39
	2323	22	40
	2324	20	42
	2325	21	43
	2326	18	41
	2327	19	40
	2328	20	39
	2329	22	41
	2330	20	41
	2331	19	43
	2332	18	41
	2333	21	39
	2334	21	41
	2335	20	40
	2336	19	39
	2337	23	40
	2338	20	43
	2339	20	39
	2340	17	43
	2341	19	40
	2342	19	38
	2343	22	41
	2344	20	39
	2345	19	40
	2346	18	41
	2347	19	39
	2348	18	40
	2349	22	40
	2350	20	39
	2351	20	41
	2352	16	40
	2353	19	39
	2354	19	39
	2355	20	40
	2356	19	40
	2357	21	40
	2358	20	40
	2359	21	42
	2360	21	41
	2361	16	42
	2362	20	42
	2363	20	43
	2364	19	38
	2365	22	39
	2366	18	40
	2367	20	40
	2368	23	38
	2369	21	42
	2370	19	36
	2371	22	39
	2372	20	40
	2373	22	44
	2374	18	42
	2375	20	42
	2376	19	42
	2377	20	42
	2378	20	39
	2379	18	41
	2380	16	43
	2381	20	43
	2382	21	41
	2383	21	39
	2384	20	38
	2385	21	38
	2386	18	37
	2387	21	39
	2388	21	40
	2389	21	40
	2390	19	38
	2391	20	42
	2392	19	39
	2393	19	42
	2394	20	40
	2395	19	41
	2396	20	38
	2397	21	40
	2398	18	41
	2399	22	41
	2400	17	43
	2401	21	42
	2402	16	38
	2403	27	41
	2404	20	39
	2405	20	41
	2406	19	40
	2407	18	40
	2408	19	42
	2409	19	41
	2410	20	41
	2411	21	43
	2412	18	41
	2413	20	40
	2414	19	38
	2415	21	41
	2416	19	39
	2417	20	48
	2418	19	42
	2419	22	42
	2420	17	38
	2421	23	40
	2422	18	40
	2423	19	41
	2424	20	41
	2425	22	41
	2426	20	40
	2427	22	41
	2428	19	41
	2429	21	41
	2430	19	39
	2431	19	40
	2432	18	40
	2433	19	43
	2434	18	42
	2435	20	44
	2436	18	40
	2437	20	41
	2438	22	45
	2439	18	42
	2440	18	40
	2441	19	41
	2442	22	39
	2443	20	40
	2444	20	40
	2445	18	39
	2446	19	41
	2447	16	38
	2448	19	38
	2449	19	40
	2450	15	41
	2451	19	40
	2452	20	42
	2453	20	41
	2454	19	38
	2455	21	41
	2456	20	40
	2457	21	42
	2458	21	42
	2459	17	40
	2460	19	37
	2461	21	40
	2462	18	39
	2463	22	38
	2464	20	47
	2465	19	42
	2466	20	39
	2467	18	40
	2468	17	38
	2469	22	41
	2470	18	39
	2471	20	41
	2472	17	43
	2473	18	41
	2474	21	41
	2475	19	39
	2476	19	41
	2477	20	41
	2478	20	40
	2479	19	40
	2480	20	41
	2481	19	44
	2482	22	40
	2483	23	41
	2484	18	41
	2485	22	39
	2486	19	40
	2487	19	39
	2488	18	39
	2489	20	39
	2490	19	40
	2491	17	40
	2492	21	41
	2493	19	42
	2494	20	40
	2495	19	42
	2496	19	41
	2497	20	43
	2498	18	42
	2499	18	40
	2500	19	40
	2501	20	43
	2502	20	40
	2503	19	41
	2504	18	39
	2505	21	40
	2506	18	39
	2507	18	43
	2508	21	41
	2509	19	41
	2510	19	43
	2511	22	41
	2512	17	43
	2513	20	44
	2514	20	43
	2515	20	39
	2516	19	41
	2517	22	39
	2518	21	42
	2519	22	41
	2520	17	39
	2521	19	40
	2522	20	40
	2523	20	40
	2524	19	39
	2525	17	39
	2526	19	39
	2527	17	42
	2528	17	41
	2529	23	41
	2530	20	44
	2531	21	40
	2532	18	41
	2533	19	39
	2534	17	39
	2535	20	40
	2536	21	41
	2537	22	41
	2538	18	41
	2539	20	41
	2540	19	39
	2541	20	41
	2542	19	41
	2543	20	40
	2544	19	39
	2545	18	40
	2546	17	41
	2547	20	41
	2548	20	43
	2549	21	42
	2550	20	38
	2551	19	41
	2552	19	41
	2553	21	42
	2554	18	38
	2555	19	43
	2556	19	41
	2557	19	41
	2558	21	40
	2559	19	41
	2560	18	38
	2561	19	42
	2562	19	38
	2563	19	37
	2564	19	42
	2565	18	38
	2566	17	43
	2567	23	47
	2568	20	39
	2569	20	38
	2570	19	40
	2571	18	42
	2572	19	42
	2573	20	43
	2574	18	37
	2575	19	42
	2576	17	41
	2577	19	41
	2578	18	38
	2579	19	39
	2580	18	39
	2581	23	39
	2582	19	40
	2583	20	38
	2584	17	41
	2585	18	40
	2586	19	40
	2587	19	43
	2588	16	39
	2589	20	41
	2590	22	43
	2591	22	42
	2592	21	40
	2593	19	43
	2594	18	41
	2595	22	39
	2596	16	40
	2597	20	39
	2598	18	41
	2599	19	39
	2600	17	39
	2601	21	40
	2602	21	39
	2603	19	38
	2604	19	40
	2605	19	41
	2606	19	41
	2607	19	42
	2608	18	39
	2609	19	39
	2610	19	42
	2611	21	40
	2612	20	41
	2613	22	39
	2614	18	39
	2615	21	41
	2616	20	39
	2617	20	41
	2618	18	39
	2619	19	39
	2620	21	41
	2621	23	42
	2622	20	43
	2623	20	40
	2624	19	40
	2625	18	39
	2626	24	39
	2627	20	40
	2628	19	37
	2629	22	41
	2630	20	39
	2631	22	42
	2632	20	37
	2633	19	42
	2634	17	39
	2635	21	40
	2636	19	42
	2637	18	42
	2638	18	40
	2639	21	39
	2640	20	42
	2641	23	41
	2642	18	42
	2643	21	41
	2644	19	38
	2645	21	42
	2646	19	38
	2647	19	43
	2648	21	41
	2649	21	41
	2650	17	41
	2651	17	41
	2652	21	40
	2653	21	43
	2654	20	42
	2655	19	42
	2656	19	44
	2657	19	41
	2658	19	39
	2659	21	41
	2660	22	42
	2661	21	37
	2662	19	38
	2663	21	42
	2664	18	41
	2665	20	41
	2666	20	38
	2667	19	42
	2668	20	39
	2669	17	40
	2670	20	40
	2671	17	39
	2672	19	39
	2673	20	42
	2674	19	41
	2675	20	42
	2676	20	39
	2677	19	40
	2678	18	38
	2679	21	41
	2680	20	41
	2681	19	39
	2682	20	40
	2683	21	41
	2684	19	38
	2685	19	42
	2686	19	39
	2687	19	39
	2688	21	40
	2689	20	37
	2690	18	40
	2691	19	39
	2692	19	39
	2693	19	41
	2694	20	39
	2695	20	38
	2696	19	40
	2697	21	42
	2698	20	41
	2699	23	42
	2700	20	39
	2701	22	40
	2702	21	41
	2703	21	43
	2704	20	40
	2705	22	40
	2706	19	42
	2707	20	39
	2708	19	41
	2709	22	41
	2710	20	41
	2711	23	44
	2712	18	40
	2713	20	43
	2714	20	44
	2715	22	41
	2716	22	40
	2717	19	41
	2718	18	39
	2719	22	43
	2720	22	39
	2721	27	41
	2722	18	41
	2723	19	41
	2724	17	38
	2725	21	41
	2726	23	41
	2727	20	42
	2728	20	41
	2729	19	41
	2730	21	39
	2731	19	40
	2732	18	36
	2733	21	41
	2734	19	41
	2735	22	41
	2736	19	40
	2737	19	41
	2738	20	38
	2739	20	43
	2740	19	41
	2741	20	39
	2742	18	40
	2743	22	39
	2744	19	43
	2745	21	41
	2746	19	42
	2747	21	41
	2748	21	43
	2749	21	40
	2750	20	42
	2751	16	41
	2752	20	39
	2753	20	38
	2754	18	39
	2755	21	42
	2756	20	40
	2757	20	40
	2758	20	38
	2759	22	38
	2760	17	42
	2761	21	43
	2762	18	43
	2763	21	41
	2764	17	39
	2765	21	39
	2766	18	39
	2767	22	39
	2768	22	41
	2769	22	39
	2770	19	40
	2771	20	41
	2772	19	37
	2773	20	40
	2774	20	42
	2775	23	37
	2776	20	41
	2777	19	45
	2778	19	39
	2779	19	41
	2780	19	41
	2781	21	39
	2782	16	38
	2783	24	39
	2784	19	38
	2785	17	39
	2786	21	40
	2787	21	37
	2788	18	41
	2789	23	40
	2790	19	39
	2791	18	40
	2792	20	39
	2793	20	39
	2794	20	40
	2795	22	44
	2796	19	37
	2797	20	41
	2798	20	41
	2799	19	39
	2800	20	39
	2801	20	42
	2802	16	43
	2803	20	41
	2804	18	40
	2805	18	39
	2806	19	42
	2807	18	40
	2808	21	40
	2809	18	42
	2810	16	39
	2811	21	40
	2812	19	40
	2813	18	41
	2814	20	40
	2815	22	40
	2816	16	37
	2817	20	42
	2818	16	39
	2819	19	42
	2820	20	41
	2821	21	39
	2822	19	41
	2823	19	39
	2824	17	40
	2825	21	41
	2826	20	42
	2827	19	41
	2828	20	40
	2829	22	40
	2830	19	38
	2831	27	41
	2832	19	38
	2833	18	41
	2834	21	39
	2835	21	40
	2836	21	39
	2837	17	41
	2838	19	39
	2839	21	39
	2840	20	40
	2841	20	40
	2842	21	40
	2843	20	38
	2844	18	42
	2845	22	40
	2846	23	40
	2847	19	40
	2848	20	39
	2849	19	43
	2850	19	39
	2851	20	41
	2852	18	42
	2853	23	40
	2854	18	40
	2855	20	41
	2856	17	38
	2857	19	42
	2858	18	41
	2859	22	43
	2860	19	41
	2861	21	42
	2862	21	40
	2863	19	41
	2864	19	39
	2865	19	41
	2866	19	43
	2867	22	38
	2868	20	42
	2869	23	44
	2870	21	38
	2871	19	43
	2872	20	40
	2873	19	40
	2874	20	41
	2875	21	42
	2876	19	43
	2877	20	42
	2878	19	42
	2879	23	40
	2880	19	40
	2881	18	41
	2882	21	40
	2883	20	41
	2884	18	40
	2885	20	40
	2886	19	41
	2887	23	40
	2888	18	39
	2889	41	44
	2890	20	39
	2891	20	42
	2892	17	40
	2893	20	39
	2894	21	38
	2895	23	41
	2896	18	41
	2897	20	44
	2898	22	41
	2899	20	40
	2900	17	42
	2901	22	41
	2902	21	40
	2903	19	44
	2904	17	41
	2905	20	39
	2906	19	40
	2907	21	40
	2908	21	38
	2909	22	39
	2910	18	40
	2911	19	45
	2912	20	42
	2913	20	42
	2914	20	44
	2915	19	40
	2916	18	41
	2917	20	43
	2918	21	43
	2919	22	41
	2920	23	41
	2921	22	43
	2922	19	38
	2923	21	41
	2924	21	41
	2925	20	41
	2926	19	41
	2927	19	40
	2928	18	42
	2929	19	41
	2930	22	41
	2931	18	40
	2932	19	41
	2933	19	40
	2934	18	42
	2935	22	39
	2936	20	42
	2937	19	39
	2938	21	39
	2939	20	41
	2940	20	41
	2941	22	40
	2942	22	38
	2943	21	42
	2944	19	41
	2945	19	40
	2946	19	39
	2947	24	41
	2948	22	40
	2949	20	39
	2950	18	38
	2951	19	39
	2952	21	40
	2953	22	41
	2954	19	41
	2955	22	42
	2956	21	38
	2957	21	39
	2958	20	40
	2959	21	41
	2960	20	41
	2961	18	42
	2962	20	39
	2963	21	41
	2964	20	40
	2965	19	39
	2966	21	41
	2967	20	41
	2968	19	39
	2969	23	40
	2970	18	37
	2971	20	38
	2972	20	40
	2973	22	39
	2974	18	40
	2975	19	41
	2976	19	39
	2977	22	40
	2978	21	40
	2979	22	39
	2980	22	39
	2981	18	41
	2982	20	39
	2983	19	42
	2984	18	39
	2985	20	40
	2986	19	43
	2987	20	41
	2988	20	41
	2989	19	42
	2990	18	41
	2991	19	41
	2992	20	41
	2993	18	37
	2994	22	39
	2995	21	39
	2996	19	40
	2997	19	39
	2998	21	39
	2999	22	41
	3000	21	37
	3001	21	38
	3002	19	40
	3003	20	41
	3004	19	42
	3005	22	37
	3006	18	38
	3007	22	39
	3008	21	40
	3009	19	42
	3010	20	39
	3011	20	41
	3012	20	39
	3013	21	41
	3014	20	39
	3015	20	40
	3016	18	39
	3017	18	40
	3018	18	40
	3019	21	41
	3020	17	41
	3021	20	39
	3022	19	40
	3023	17	39
	3024	19	44
	3025	22	39
	3026	18	39
	3027	20	37
	3028	20	39
	3029	22	39
	3030	18	39
	3031	17	39
	3032	21	41
	3033	21	40
	3034	21	38
	3035	18	38
	3036	18	39
	3037	18	40
	3038	18	44
	3039	19	38
	3040	18	39
	3041	20	41
	3042	20	40
	3043	18	40
	3044	19	40
	3045	22	39
	3046	19	41
	3047	19	41
	3048	19	39
	3049	19	40
	3050	18	38
	3051	20	40
	3052	18	40
	3053	20	44
	3054	20	40
	3055	20	41
	3056	21	40
	3057	18	39
	3058	19	39
	3059	21	41
	3060	20	43
	3061	20	41
	3062	17	40
	3063	19	39
	3064	21	41
	3065	19	38
	3066	17	41
	3067	22	41
	3068	18	41
	3069	22	38
	3070	18	39
	3071	20	40
	3072	16	39
	3073	21	40
	3074	19	41
	3075	20	41
	3076	20	39
	3077	17	42
	3078	19	39
	3079	20	42
	3080	22	41
	3081	20	41
	3082	17	39
	3083	22	41
	3084	20	43
	3085	18	40
	3086	21	38
	3087	21	43
	3088	19	40
	3089	18	40
	3090	20	41
	3091	19	40
	3092	21	40
	3093	19	38
	3094	19	39
	3095	19	39
	3096	17	41
	3097	21	40
	3098	18	38
	3099	21	43
	3100	21	41
	3101	22	39
	3102	19	42
	3103	21	40
	3104	19	40
	3105	22	40
	3106	20	39
	3107	21	42
	3108	21	40
	3109	20	40
	3110	18	40
	3111	21	44
	3112	21	42
	3113	19	42
	3114	17	38
	3115	23	39
	3116	16	41
	3117	21	40
	3118	20	39
	3119	18	39
	3120	19	38
	3121	21	41
	3122	20	41
	3123	18	40
	3124	19	40
	3125	19	39
	3126	19	38
	3127	21	40
	3128	19	41
	3129	20	40
	3130	19	41
	3131	20	39
	3132	20	40
	3133	20	40
	3134	19	38
	3135	19	37
	3136	20	41
	3137	23	42
	3138	22	40
	3139	22	41
	3140	21	36
	3141	20	39
	3142	19	41
	3143	19	44
	3144	19	41
	3145	20	43
	3146	24	37
	3147	20	40
	3148	21	40
	3149	19	41
	3150	19	40
	3151	21	40
	3152	19	39
	3153	22	40
	3154	20	40
	3155	18	40
	3156	20	41
	3157	22	40
	3158	20	42
	3159	21	41
	3160	20	38
	3161	17	41
	3162	20	38
	3163	19	41
	3164	19	38
	3165	20	40
	3166	21	41
	3167	23	41
	3168	18	39
	3169	19	39
	3170	19	39
	3171	20	41
	3172	18	41
	3173	21	41
	3174	20	38
	3175	19	38
	3176	18	40
	3177	19	39
	3178	18	39
	3179	21	42
	3180	21	39
	3181	20	40
	3182	17	39
	3183	18	42
	3184	19	39
	3185	24	41
	3186	18	41
	3187	22	41
	3188	20	42
	3189	18	38
	3190	20	39
	3191	23	40
	3192	18	42
	3193	20	44
	3194	19	38
	3195	22	38
	3196	19	41
	3197	21	41
	3198	24	42
	3199	23	41
	3200	20	39
	3201	20	39
	3202	20	41
	3203	19	41
	3204	22	41
	3205	21	41
	3206	19	39
	3207	21	44
	3208	21	40
	3209	19	41
	3210	19	39
	3211	21	41
	3212	18	39
	3213	22	41
	3214	20	39
	3215	20	41
	3216	22	39
	3217	21	41
	3218	21	37
	3219	20	42
	3220	20	41
	3221	17	38
	3222	16	43
	3223	21	45
	3224	17	38
	3225	21	41
	3226	20	39
	3227	19	38
	3228	17	40
	3229	22	41
	3230	16	36
	3231	22	39
	3232	19	38
	3233	21	42
	3234	19	40
	3235	22	39
	3236	20	41
	3237	21	39
	3238	17	40
	3239	18	41
	3240	18	40
	3241	23	44
	3242	20	39
	3243	20	38
	3244	21	40
	3245	20	40
	3246	21	42
	3247	24	36
	3248	19	38
	3249	18	41
	3250	19	40
	3251	21	42
	3252	23	40
	3253	22	41
	3254	19	38
	3255	22	41
	3256	19	39
	3257	18	42
	3258	17	38
	3259	21	40
	3260	22	39
	3261	22	38
	3262	20	41
	3263	20	40
	3264	22	39
	3265	23	39
	3266	22	43
	3267	21	40
	3268	17	40
	3269	19	39
	3270	20	38
	3271	21	43
	3272	19	42
	3273	20	41
	3274	19	40
	3275	21	40
	3276	19	38
	3277	22	40
	3278	21	40
	3279	18	39
	3280	18	41
	3281	22	36
	3282	21	39
	3283	20	41
	3284	21	42
	3285	27	43
	3286	23	39
	3287	20	41
	3288	19	39
	3289	20	40
	3290	19	41
	3291	19	42
	3292	19	37
	3293	19	40
	3294	20	41
	3295	23	39
	3296	20	38
	3297	21	39
	3298	21	39
	3299	21	39
	3300	21	39
	3301	19	41
	3302	20	38
	3303	20	39
	3304	20	39
	3305	21	39
	3306	21	40
	3307	22	43
	3308	18	39
	3309	21	37
	3310	20	37
	3311	20	38
	3312	20	38
	3313	20	40
	3314	17	39
	3315	19	41
	3316	20	39
	3317	22	41
	3318	20	38
	3319	22	36
	3320	23	39
	3321	22	40
	3322	23	37
	3323	21	39
	3324	19	40
	3325	22	41
	3326	19	38
	3327	20	42
	3328	19	38
	3329	21	41
	3330	20	37
	3331	23	42
	3332	20	39
	3333	22	41
	3334	19	42
	3335	18	41
	3336	20	40
	3337	22	42
	3338	18	42
	3339	22	38
	3340	20	40
	3341	19	41
	3342	18	43
	3343	19	42
	3344	19	39
	3345	22	39
	3346	19	39
	3347	20	41
	3348	20	41
	3349	19	40
	3350	20	40
	3351	21	38
	3352	19	43
	3353	23	40
	3354	19	41
	3355	19	42
	3356	21	37
	3357	22	38
	3358	21	39
	3359	23	40
	3360	21	39
	3361	23	40
	3362	23	39
	3363	20	42
	3364	22	40
	3365	18	39
	3366	20	39
	3367	19	38
	3368	19	38
	3369	18	42
	3370	21	43
	3371	22	40
	3372	21	36
	3373	21	39
	3374	21	39
	3375	20	43
	3376	22	39
	3377	20	41
	3378	21	38
	3379	20	42
	3380	17	40
	3381	19	40
	3382	20	37
	3383	20	41
	3384	21	42
	3385	18	39
	3386	18	42
	3387	19	43
	3388	19	42
	3389	21	44
	3390	19	41
	3391	20	38
	3392	19	39
	3393	19	39
	3394	20	38
	3395	21	41
	3396	21	38
	3397	17	39
	3398	20	42
	3399	21	41
	3400	16	43
	3401	19	43
	3402	17	39
	3403	18	39
	3404	20	39
	3405	20	39
	3406	18	40
	3407	20	39
	3408	17	41
	3409	22	40
	3410	21	39
	3411	20	41
	3412	22	38
	3413	20	40
	3414	18	40
	3415	21	40
	3416	19	37
	3417	20	42
	3418	21	39
	3419	22	42
	3420	18	39
	3421	20	42
	3422	19	41
	3423	22	42
	3424	20	40
	3425	22	43
	3426	20	42
	3427	17	41
	3428	18	40
	3429	21	40
	3430	19	39
	3431	23	39
	3432	20	39
	3433	20	42
	3434	19	38
	3435	21	43
	3436	20	37
	3437	20	41
	3438	20	40
	3439	20	41
	3440	19	40
	3441	20	41
	3442	18	39
	3443	20	39
	3444	21	41
	3445	22	40
	3446	21	41
	3447	19	40
	3448	20	38
	3449	21	40
	3450	19	40
	3451	18	39
	3452	19	42
	3453	23	39
	3454	19	40
	3455	22	42
	3456	19	39
	3457	18	39
	3458	19	40
	3459	20	40
	3460	20	39
	3461	17	41
	3462	21	40
	3463	23	41
	3464	19	40
	3465	21	40
	3466	22	40
	3467	20	41
	3468	21	39
	3469	22	41
	3470	20	42
	3471	23	41
	3472	15	47
	3473	21	41
	3474	18	39
	3475	22	41
	3476	21	39
	3477	20	39
	3478	20	43
	3479	22	39
	3480	20	39
	3481	19	41
	3482	18	40
	3483	22	40
	3484	21	40
	3485	18	39
	3486	19	39
	3487	19	42
	3488	21	39
	3489	19	44
	3490	18	39
	3491	20	40
	3492	18	37
	3493	17	40
	3494	20	37
	3495	20	41
	3496	19	38
	3497	20	40
	3498	19	43
	3499	19	42
	3500	20	42
	3501	19	40
	3502	18	40
	3503	21	39
	3504	18	41
	3505	19	38
	3506	21	41
	3507	21	39
	3508	22	40
	3509	21	41
	3510	20	40
	3511	19	40
	3512	18	39
	3513	21	40
	3514	19	36
	3515	18	41
	3516	19	40
	3517	20	42
	3518	21	40
	3519	21	41
	3520	16	38
	3521	21	39
	3522	20	38
	3523	20	40
	3524	21	41
	3525	19	41
	3526	18	41
	3527	19	41
	3528	19	39
	3529	18	39
	3530	19	39
	3531	22	41
	3532	19	39
	3533	22	42
	3534	19	40
	3535	22	40
	3536	20	39
	3537	19	39
	3538	19	41
	3539	21	40
	3540	19	47
	3541	18	41
	3542	20	38
	3543	20	38
	3544	22	40
	3545	20	40
	3546	21	42
	3547	17	40
	3548	18	39
	3549	21	40
	3550	23	45
	3551	18	41
	3552	19	38
	3553	22	40
	3554	18	37
	3555	20	42
	3556	18	39
	3557	19	39
	3558	21	39
	3559	21	43
	3560	20	39
	3561	19	43
	3562	18	41
	3563	20	39
	3564	17	38
	3565	20	40
	3566	17	38
	3567	20	40
	3568	19	40
	3569	21	38
	3570	20	41
	3571	23	41
	3572	21	40
	3573	21	41
	3574	18	41
	3575	20	40
	3576	19	40
	3577	20	38
	3578	23	41
	3579	18	43
	3580	19	39
	3581	19	42
	3582	19	41
	3583	26	40
	3584	18	39
	3585	20	40
	3586	17	37
	3587	19	40
	3588	19	37
	3589	20	43
	3590	22	39
	3591	20	40
	3592	20	39
	3593	20	39
	3594	21	42
	3595	20	42
	3596	20	40
	3597	20	40
	3598	19	38
	3599	21	43
	3600	20	40
	3601	19	41
	3602	17	42
	3603	21	41
	3604	20	39
	3605	18	39
	3606	19	40
	3607	17	42
	3608	20	39
	3609	21	40
	3610	18	40
	3611	22	41
	3612	21	39
	3613	19	40
	3614	21	39
	3615	17	38
	3616	21	40
	3617	24	38
	3618	21	42
	3619	20	42
	3620	18	37
	3621	18	40
	3622	18	42
	3623	19	41
	3624	21	39
	3625	18	39
	3626	17	37
	3627	18	39
	3628	19	41
	3629	21	37
	3630	20	39
	3631	20	41
	3632	17	37
	3633	19	40
	3634	19	43
	3635	23	40
	3636	19	39
	3637	19	40
	3638	19	40
	3639	22	42
	3640	16	38
	3641	20	42
	3642	20	38
	3643	20	41
	3644	19	40
	3645	21	40
	3646	20	40
	3647	19	42
	3648	19	43
	3649	23	39
	3650	18	40
	3651	22	40
	3652	19	41
	3653	22	41
	3654	20	41
	3655	20	40
	3656	21	41
	3657	23	40
	3658	21	37
	3659	19	40
	3660	18	41
	3661	19	39
	3662	18	41
	3663	22	39
	3664	19	41
	3665	21	41
	3666	19	41
	3667	22	40
	3668	20	42
	3669	22	39
	3670	20	39
	3671	19	39
	3672	20	38
	3673	22	42
	3674	20	39
	3675	19	40
	3676	19	39
	3677	21	41
	3678	19	41
	3679	21	43
	3680	18	40
	3681	18	40
	3682	21	40
	3683	20	37
	3684	19	37
	3685	21	41
	3686	17	38
	3687	23	38
	3688	19	43
	3689	21	40
	3690	18	39
	3691	21	40
	3692	20	39
	3693	17	44
	3694	17	39
	3695	17	40
	3696	19	41
	3697	21	39
	3698	19	39
	3699	21	39
	3700	21	39
	3701	19	39
	3702	19	41
	3703	20	40
	3704	18	41
	3705	20	40
	3706	17	38
	3707	20	42
	3708	20	40
	3709	18	42
	3710	21	39
	3711	20	39
	3712	21	37
	3713	22	39
	3714	17	39
	3715	19	41
	3716	21	40
	3717	18	35
	3718	21	38
	3719	19	37
	3720	19	40
	3721	21	38
	3722	19	40
	3723	19	40
