	0	16	38
	1	21	37
	2	20	39
	3	18	43
	4	17	38
	5	15	40
	6	17	36
	7	19	38
	8	18	39
	9	19	40
	10	17	36
	11	21	39
	12	18	36
	13	19	37
	14	18	40
	15	19	36
	16	17	40
	17	19	42
	18	19	38
	19	18	38
	20	18	38
	21	18	40
	22	22	40
	23	18	39
	24	17	35
	25	19	39
	26	21	37
	27	23	44
	28	20	43
	29	21	41
	30	22	41
	31	20	44
	32	20	42
	33	21	43
	34	20	43
	35	23	41
	36	20	41
	37	20	43
	38	20	40
	39	20	44
	40	20	41
	41	20	41
	42	21	41
	43	25	44
	44	17	38
	45	20	41
	46	21	42
	47	20	41
	48	22	42
	49	20	43
	50	16	41
	51	19	41
	52	21	43
	53	23	43
	54	19	42
	55	24	40
	56	21	40
	57	22	42
	58	21	41
	59	22	43
	60	22	43
	61	25	44
	62	23	43
	63	21	44
	64	20	45
	65	20	43
	66	24	42
	67	22	42
	68	22	46
	69	21	42
	70	22	42
	71	22	41
	72	25	42
	73	23	39
	74	21	43
	75	25	45
	76	22	45
	77	24	44
	78	20	40
	79	24	42
	80	23	44
	81	24	46
	82	23	45
	83	21	48
	84	20	45
	85	22	43
	86	23	47
	87	25	43
	88	21	41
	89	20	45
	90	21	44
	91	24	43
	92	21	45
	93	23	45
	94	22	48
	95	24	45
	96	19	52
	97	22	47
	98	22	42
	99	25	44
	100	24	44
	101	23	42
	102	22	42
	103	22	44
	104	23	42
	105	22	42
	106	25	43
	107	23	42
	108	21	42
	109	25	44
	110	22	44
	111	25	44
	112	22	43
	113	23	42
	114	23	43
	115	23	43
	116	24	41
	117	23	44
	118	22	44
	119	24	44
	120	23	44
	121	23	44
	122	21	45
	123	24	49
	124	23	43
	125	24	44
	126	22	45
	127	24	44
	128	20	43
	129	23	45
	130	20	42
	131	21	45
	132	22	43
	133	21	41
	134	24	40
	135	26	43
	136	30	43
	137	25	44
	138	26	45
	139	26	44
	140	24	46
	141	30	42
	142	23	41
	143	26	43
	144	19	43
	145	24	43
	146	26	43
	147	22	46
	148	23	47
	149	23	45
	150	22	43
	151	24	46
	152	24	43
	153	26	41
	154	24	45
	155	28	48
	156	22	42
	157	24	44
	158	22	43
	159	23	46
	160	24	46
	161	22	43
	162	19	45
	163	27	42
	164	23	41
	165	23	46
	166	26	44
	167	24	49
	168	24	43
	169	25	46
	170	23	42
	171	22	44
	172	22	43
	173	23	41
	174	23	44
	175	24	44
	176	22	43
	177	24	43
	178	24	45
	179	23	44
	180	24	43
	181	25	46
	182	22	44
	183	24	46
	184	21	44
	185	24	47
	186	24	45
	187	24	48
	188	21	42
	189	25	45
	190	25	44
	191	23	43
	192	25	43
	193	23	45
	194	25	42
	195	21	42
	196	25	44
	197	24	43
	198	22	44
	199	25	45
	200	23	45
	201	24	45
	202	26	41
	203	24	48
	204	22	42
	205	24	43
	206	22	45
	207	26	43
	208	22	43
	209	27	44
	210	21	48
	211	23	44
	212	23	46
	213	24	45
	214	24	47
	215	24	47
	216	25	43
	217	23	45
	218	22	46
	219	25	54
	220	21	43
	221	22	46
	222	23	44
	223	28	46
	224	20	43
	225	24	46
	226	24	43
	227	24	45
	228	23	43
	229	22	45
	230	23	45
	231	24	46
	232	23	45
	233	23	44
	234	23	40
	235	22	47
	236	23	47
	237	25	45
	238	23	45
	239	24	44
	240	22	43
	241	21	47
	242	23	44
	243	24	46
	244	23	43
	245	22	46
	246	21	45
	247	24	46
	248	25	45
	249	24	44
	250	26	43
	251	23	49
	252	21	44
	253	23	45
	254	23	46
	255	27	45
	256	21	45
	257	25	44
	258	22	45
	259	26	45
	260	24	45
	261	23	48
	262	22	43
	263	22	48
	264	21	46
	265	21	47
	266	22	44
	267	23	46
	268	21	42
	269	19	46
	270	20	44
	271	20	42
	272	19	46
	273	23	43
	274	21	43
	275	24	49
	276	20	41
	277	22	43
	278	21	46
	279	25	45
	280	23	43
	281	24	45
	282	21	44
	283	22	43
	284	25	43
	285	22	45
	286	21	45
	287	25	44
	288	20	45
	289	21	43
	290	24	44
	291	22	41
	292	22	43
	293	20	44
	294	20	47
	295	22	47
	296	21	44
	297	20	48
	298	29	44
	299	24	45
	300	22	43
	301	25	46
	302	19	43
	303	22	45
	304	21	41
	305	24	44
	306	24	43
	307	20	46
	308	21	44
	309	22	44
	310	22	46
	311	20	44
	312	22	46
	313	21	45
	314	20	43
	315	22	45
	316	19	44
	317	19	46
	318	24	43
	319	25	46
	320	22	40
	321	26	43
	322	20	46
	323	22	43
	324	23	45
	325	25	41
	326	22	42
	327	21	45
	328	22	46
	329	21	45
	330	23	43
	331	24	44
	332	22	43
	333	24	46
	334	23	43
	335	23	47
	336	20	43
	337	21	45
	338	23	44
	339	23	44
	340	20	42
	341	20	45
	342	21	42
	343	24	47
	344	22	45
	345	24	45
	346	24	44
	347	20	40
	348	18	42
	349	22	44
	350	23	40
	351	23	45
	352	21	45
	353	21	46
	354	23	41
	355	22	43
	356	21	44
	357	22	43
	358	23	42
	359	20	45
	360	24	43
	361	20	44
	362	25	42
	363	25	44
	364	21	43
	365	22	44
	366	25	44
	367	23	44
	368	19	44
	369	24	42
	370	20	45
	371	22	42
	372	20	43
	373	23	43
	374	23	43
	375	21	46
	376	22	41
	377	23	43
	378	24	42
	379	25	43
	380	23	44
	381	23	45
	382	21	44
	383	23	44
	384	21	46
	385	27	43
	386	21	46
	387	24	46
	388	22	45
	389	25	47
	390	22	46
	391	24	46
	392	22	41
	393	20	47
	394	23	44
	395	23	43
	396	23	45
	397	22	42
	398	22	46
	399	23	50
	400	24	44
	401	23	45
	402	21	45
	403	22	46
	404	19	46
	405	24	43
	406	24	43
	407	24	45
	408	24	42
	409	23	43
	410	23	47
	411	22	45
	412	23	43
	413	24	45
	414	22	47
	415	21	45
	416	21	43
	417	25	45
	418	24	44
	419	21	44
	420	23	44
	421	21	43
	422	21	43
	423	23	44
	424	25	43
	425	24	48
	426	23	42
	427	21	49
	428	20	47
	429	24	46
	430	24	48
	431	22	47
	432	23	45
	433	25	43
	434	21	45
	435	23	45
	436	24	48
	437	21	42
	438	25	43
	439	24	45
	440	23	44
	441	21	46
	442	21	43
	443	21	45
	444	22	44
	445	26	47
	446	25	43
	447	23	46
	448	19	45
	449	22	44
	450	23	46
	451	26	45
	452	29	43
	453	25	44
	454	22	46
	455	24	45
	456	23	46
	457	21	43
	458	24	44
	459	27	47
	460	23	43
	461	22	46
	462	20	42
	463	24	47
	464	23	46
	465	24	47
	466	24	43
	467	25	44
	468	21	45
	469	22	42
	470	23	42
	471	25	47
	472	24	45
	473	23	47
	474	28	47
	475	24	41
	476	21	45
	477	23	46
	478	22	45
	479	28	48
	480	21	45
	481	23	44
	482	18	44
	483	26	46
	484	25	47
	485	22	44
	486	24	46
	487	21	43
	488	23	46
	489	23	45
	490	25	46
	491	23	46
	492	23	44
	493	24	44
	494	23	46
	495	22	47
	496	22	41
	497	24	46
	498	22	45
	499	22	47
	500	24	44
	501	26	45
	502	25	46
	503	25	46
	504	24	44
	505	24	48
	506	26	44
	507	25	46
	508	21	46
	509	23	44
	510	22	45
	511	21	48
	512	24	45
	513	26	47
	514	24	44
	515	24	46
	516	17	46
	517	27	48
	518	24	45
	519	24	47
	520	25	47
	521	22	51
	522	21	46
	523	25	50
	524	23	49
	525	25	47
	526	23	47
	527	24	49
	528	26	48
	529	26	48
	530	23	44
	531	26	47
	532	25	44
	533	25	47
	534	24	46
	535	23	46
	536	23	46
	537	24	49
	538	27	48
	539	24	46
	540	25	45
	541	24	50
	542	23	48
	543	24	47
	544	24	46
	545	25	49
	546	22	44
	547	25	46
	548	24	46
	549	25	48
	550	23	47
	551	22	45
	552	24	44
	553	25	49
	554	26	47
	555	25	47
	556	25	44
	557	26	54
	558	25	45
	559	25	51
	560	22	46
	561	25	47
	562	26	44
	563	28	48
	564	25	47
	565	24	46
	566	26	51
	567	26	47
	568	25	49
	569	24	47
	570	24	48
	571	27	53
	572	24	45
	573	24	46
	574	22	48
	575	22	51
	576	26	46
	577	26	49
	578	23	45
	579	27	47
	580	23	48
	581	25	48
	582	26	48
	583	27	50
	584	24	50
	585	23	48
	586	27	51
	587	30	49
	588	27	47
	589	26	48
	590	25	50
	591	27	51
	592	27	47
	593	26	51
	594	26	46
	595	28	48
	596	28	49
	597	29	48
	598	28	51
	599	28	51
	600	27	46
	601	26	48
	602	26	47
	603	27	52
	604	27	50
	605	25	51
	606	24	50
	607	28	50
	608	23	51
	609	27	48
	610	27	46
	611	26	48
	612	26	51
	613	28	49
	614	27	46
	615	30	48
	616	27	50
	617	29	52
	618	28	50
	619	26	51
	620	29	48
	621	27	48
	622	27	52
	623	30	50
	624	29	49
	625	28	49
	626	28	51
	627	28	52
	628	26	51
	629	29	51
	630	29	49
	631	28	52
	632	27	51
	633	29	52
	634	29	50
	635	27	55
	636	30	50
	637	28	50
	638	28	56
	639	30	52
	640	25	49
	641	27	51
	642	27	50
	643	29	52
	644	30	52
	645	29	53
	646	25	53
	647	31	53
	648	29	50
	649	30	53
	650	29	52
	651	33	53
	652	33	51
	653	29	53
	654	27	52
	655	25	52
	656	27	55
	657	31	50
	658	28	52
	659	29	52
	660	29	54
	661	29	55
	662	27	54
	663	34	58
	664	29	51
	665	31	55
	666	30	51
	667	28	53
	668	25	57
	669	28	54
	670	28	49
	671	30	56
	672	31	55
	673	31	54
	674	25	58
	675	31	55
	676	29	56
	677	32	57
	678	30	54
	679	30	55
	680	30	55
	681	29	55
	682	30	54
	683	29	57
	684	30	54
	685	31	54
	686	28	56
	687	31	55
	688	29	53
	689	29	53
	690	33	57
	691	33	54
	692	30	53
	693	30	57
	694	27	56
	695	27	55
	696	29	53
	697	31	57
	698	30	54
	699	32	56
	700	30	54
	701	31	55
	702	28	54
	703	31	58
	704	30	56
	705	31	56
	706	34	57
	707	31	56
	708	39	56
	709	33	56
	710	31	55
	711	34	56
	712	30	57
	713	30	56
	714	31	59
	715	29	57
	716	33	57
	717	32	57
	718	30	55
	719	31	57
	720	32	54
	721	31	56
	722	35	54
	723	32	56
	724	30	56
	725	34	57
	726	31	57
	727	31	54
	728	32	54
	729	33	55
	730	30	58
	731	30	57
	732	29	56
	733	31	55
	734	32	55
	735	31	58
	736	28	55
	737	33	58
	738	31	56
	739	31	55
	740	28	56
	741	29	59
	742	31	58
	743	32	58
	744	32	58
	745	32	56
	746	31	60
	747	33	58
	748	33	56
	749	29	56
	750	29	57
	751	31	58
	752	32	56
	753	33	58
	754	30	56
	755	29	59
	756	31	56
	757	34	59
	758	29	59
	759	33	58
	760	29	61
	761	31	57
	762	30	56
	763	32	59
	764	31	56
	765	30	53
	766	32	57
	767	31	58
	768	29	54
	769	29	58
	770	29	58
	771	32	56
	772	32	57
	773	30	57
	774	29	58
	775	31	59
	776	36	54
	777	32	58
	778	32	54
	779	29	58
	780	30	58
	781	31	55
	782	30	56
	783	31	55
	784	31	57
	785	34	54
	786	29	56
	787	28	59
	788	30	54
	789	32	59
	790	30	57
	791	33	61
	792	30	56
	793	31	57
	794	27	55
	795	30	57
	796	29	57
	797	32	55
	798	30	56
	799	31	54
	800	29	57
	801	29	59
	802	27	57
	803	32	61
	804	28	57
	805	30	55
	806	27	57
	807	32	57
	808	28	59
	809	31	55
	810	29	50
	811	31	57
	812	29	55
	813	29	54
	814	29	55
	815	31	55
	816	29	58
	817	28	54
	818	27	53
	819	30	55
	820	31	55
	821	27	56
	822	27	53
	823	32	56
	824	27	57
	825	28	57
	826	28	56
	827	26	54
	828	29	57
	829	27	54
	830	28	55
	831	30	54
	832	30	54
	833	28	56
	834	31	54
	835	30	54
	836	28	52
	837	30	52
	838	25	56
	839	28	52
	840	27	53
	841	28	57
	842	30	52
	843	25	55
	844	29	53
	845	28	53
	846	28	56
	847	24	54
	848	27	51
	849	29	54
	850	27	53
	851	29	54
	852	28	55
	853	25	57
	854	29	50
	855	29	53
	856	29	51
	857	28	50
	858	25	52
	859	27	52
	860	25	53
	861	26	53
	862	29	53
	863	29	53
	864	29	54
	865	27	53
	866	26	54
	867	27	55
	868	29	53
	869	27	54
	870	27	57
	871	28	54
	872	26	53
	873	26	51
	874	25	49
	875	25	49
	876	26	52
	877	26	50
	878	24	49
	879	27	52
	880	26	52
	881	27	53
	882	25	53
	883	26	51
	884	28	51
	885	29	49
	886	24	51
	887	28	51
	888	27	51
	889	26	51
	890	27	53
	891	23	53
	892	25	51
	893	27	53
	894	23	52
	895	24	50
	896	26	55
	897	27	49
	898	25	54
	899	27	49
	900	25	52
	901	25	51
	902	24	50
	903	24	50
	904	25	48
	905	25	51
	906	26	45
	907	27	51
	908	27	50
	909	26	50
	910	25	49
	911	28	49
	912	25	47
	913	24	49
	914	25	52
	915	27	48
	916	23	50
	917	25	47
	918	24	47
	919	27	51
	920	24	47
	921	26	48
	922	29	49
	923	26	49
	924	25	48
	925	25	53
	926	25	51
	927	26	51
	928	24	48
	929	24	50
	930	26	53
	931	24	51
	932	25	46
	933	26	48
	934	23	48
	935	23	50
	936	27	48
	937	26	47
	938	23	50
	939	24	48
	940	24	48
	941	26	51
	942	23	49
	943	23	50
	944	25	50
	945	23	51
	946	23	48
	947	24	48
	948	22	48
	949	26	46
	950	24	59
	951	22	51
	952	23	49
	953	25	48
	954	25	48
	955	23	49
	956	22	49
	957	26	48
	958	24	47
	959	23	52
	960	23	47
	961	26	49
	962	25	45
	963	24	47
	964	24	49
	965	24	49
	966	23	46
	967	24	48
	968	23	49
	969	25	46
	970	23	48
	971	25	47
	972	23	52
	973	23	50
	974	25	47
	975	26	48
	976	25	49
	977	23	46
	978	25	49
	979	22	49
	980	23	49
	981	25	47
	982	23	46
	983	27	47
	984	21	45
	985	25	49
	986	22	48
	987	24	48
	988	21	51
	989	26	48
	990	23	47
	991	24	46
	992	22	46
	993	21	48
	994	25	45
	995	23	47
	996	21	48
	997	28	48
	998	22	44
	999	22	46
	1000	23	47
	1001	22	46
	1002	21	46
	1003	23	45
	1004	23	44
	1005	24	44
	1006	23	45
	1007	23	47
	1008	23	44
	1009	22	46
	1010	24	44
	1011	23	47
	1012	21	45
	1013	23	48
	1014	27	43
	1015	25	46
	1016	24	48
	1017	23	45
	1018	24	43
	1019	26	44
	1020	24	46
	1021	22	45
	1022	25	47
	1023	23	46
	1024	24	42
	1025	23	44
	1026	22	43
	1027	23	43
	1028	23	45
	1029	22	44
	1030	23	44
	1031	26	47
	1032	16	42
	1033	22	44
	1034	22	44
	1035	24	45
	1036	24	43
	1037	20	44
	1038	23	44
	1039	23	44
	1040	21	42
	1041	20	41
	1042	21	42
	1043	22	45
	1044	23	50
	1045	23	45
	1046	20	41
	1047	23	43
	1048	23	49
	1049	23	46
	1050	21	45
	1051	22	45
	1052	23	43
	1053	20	44
	1054	22	46
	1055	25	50
	1056	22	44
	1057	24	45
	1058	24	45
	1059	26	48
	1060	23	46
	1061	24	43
	1062	22	42
	1063	24	43
	1064	23	45
	1065	23	46
	1066	22	44
	1067	23	46
	1068	20	43
	1069	25	46
	1070	23	46
	1071	24	47
	1072	21	42
	1073	25	42
	1074	22	44
	1075	23	44
	1076	23	42
	1077	28	48
	1078	21	44
	1079	27	44
	1080	22	46
	1081	22	43
	1082	20	47
	1083	21	43
	1084	22	43
	1085	23	43
	1086	20	44
	1087	24	44
	1088	24	41
	1089	24	44
	1090	22	41
	1091	23	46
	1092	22	44
	1093	22	47
	1094	22	46
	1095	21	42
	1096	22	42
	1097	23	45
	1098	23	46
	1099	23	46
	1100	21	45
	1101	22	42
	1102	22	41
	1103	24	45
	1104	23	42
	1105	21	46
	1106	22	41
	1107	22	43
	1108	24	48
	1109	23	46
	1110	23	48
	1111	23	46
	1112	23	42
	1113	24	42
	1114	23	48
	1115	24	44
	1116	25	44
	1117	23	42
	1118	22	44
	1119	22	43
	1120	20	42
	1121	23	45
	1122	21	44
	1123	22	44
	1124	24	39
	1125	21	45
	1126	23	47
	1127	24	44
	1128	22	44
	1129	24	44
	1130	22	44
	1131	24	46
	1132	18	43
	1133	22	42
	1134	23	45
	1135	23	44
	1136	23	47
	1137	21	44
	1138	25	40
	1139	21	43
	1140	21	44
	1141	21	40
	1142	21	47
	1143	24	47
	1144	23	43
	1145	21	45
	1146	19	45
	1147	24	44
	1148	23	44
	1149	22	46
	1150	24	44
	1151	23	45
	1152	20	42
	1153	20	44
	1154	27	41
	1155	21	44
	1156	21	44
	1157	25	46
	1158	22	44
	1159	25	43
	1160	26	42
	1161	23	46
	1162	22	43
	1163	24	50
	1164	22	43
	1165	24	44
	1166	22	44
	1167	21	42
	1168	22	45
	1169	23	44
	1170	23	40
	1171	22	42
	1172	23	45
	1173	21	43
	1174	23	45
	1175	22	43
	1176	23	44
	1177	24	46
	1178	20	44
	1179	24	42
	1180	21	44
	1181	22	45
	1182	26	42
	1183	24	46
	1184	20	46
	1185	21	42
	1186	22	43
	1187	23	42
	1188	20	45
	1189	23	45
	1190	22	44
	1191	21	44
	1192	21	42
	1193	23	43
	1194	22	45
	1195	24	46
	1196	24	41
	1197	23	46
	1198	22	43
	1199	23	45
	1200	22	41
	1201	23	41
	1202	24	42
	1203	23	44
	1204	22	43
	1205	23	45
	1206	23	46
	1207	23	45
	1208	23	40
	1209	24	43
	1210	24	42
	1211	24	43
	1212	21	42
	1213	22	42
	1214	25	42
	1215	24	45
	1216	23	44
	1217	22	44
	1218	22	41
	1219	22	43
	1220	24	42
	1221	28	44
	1222	24	41
	1223	21	46
	1224	21	43
	1225	23	45
	1226	20	45
	1227	23	46
	1228	21	42
	1229	22	48
	1230	23	43
	1231	23	44
	1232	22	42
	1233	25	44
	1234	22	43
	1235	22	46
	1236	25	43
	1237	24	44
	1238	24	45
	1239	21	43
	1240	21	44
	1241	26	47
	1242	21	43
	1243	22	43
	1244	20	44
	1245	22	41
	1246	18	42
	1247	25	44
	1248	22	45
	1249	23	44
	1250	22	40
	1251	20	40
	1252	22	42
	1253	24	46
	1254	21	42
	1255	22	43
	1256	20	45
	1257	19	42
	1258	23	44
	1259	21	41
	1260	24	45
	1261	25	45
	1262	21	45
	1263	22	46
	1264	22	44
	1265	23	44
	1266	31	44
	1267	32	44
	1268	23	44
	1269	21	44
	1270	20	41
	1271	23	44
	1272	20	43
	1273	23	44
	1274	23	43
	1275	24	48
	1276	20	46
	1277	25	43
	1278	22	46
	1279	23	44
	1280	20	43
	1281	23	43
	1282	23	45
	1283	23	45
	1284	21	42
	1285	19	42
	1286	22	44
	1287	25	43
	1288	23	43
	1289	22	41
	1290	21	43
	1291	23	45
	1292	22	44
	1293	24	45
	1294	22	43
	1295	24	44
	1296	24	45
	1297	24	43
	1298	21	47
	1299	25	44
	1300	21	42
	1301	20	44
	1302	22	44
	1303	24	45
	1304	22	41
	1305	22	44
	1306	20	44
	1307	24	44
	1308	20	41
	1309	22	44
	1310	21	42
	1311	25	45
	1312	20	46
	1313	22	41
	1314	23	42
	1315	23	42
	1316	23	46
	1317	22	44
	1318	20	45
	1319	20	45
	1320	25	43
	1321	25	43
	1322	24	45
	1323	23	44
	1324	24	43
	1325	22	44
	1326	22	44
	1327	24	47
	1328	23	44
	1329	21	42
	1330	22	44
	1331	25	43
	1332	22	42
	1333	23	42
	1334	24	45
	1335	23	39
	1336	19	43
	1337	23	40
	1338	20	43
	1339	22	44
	1340	23	44
	1341	25	48
	1342	22	43
	1343	25	46
	1344	20	41
	1345	23	44
	1346	22	44
	1347	24	43
	1348	23	43
	1349	22	44
	1350	23	42
	1351	23	44
	1352	23	44
	1353	21	40
	1354	21	44
	1355	24	45
	1356	22	42
	1357	23	47
	1358	22	44
	1359	23	46
	1360	23	43
	1361	24	46
	1362	21	41
	1363	22	42
	1364	19	40
	1365	23	44
	1366	23	44
	1367	24	43
	1368	22	43
	1369	21	45
	1370	22	44
	1371	23	41
	1372	28	41
	1373	23	44
	1374	22	41
	1375	24	43
	1376	22	44
	1377	21	44
	1378	21	42
	1379	23	41
	1380	21	40
	1381	31	43
	1382	22	45
	1383	24	43
	1384	21	44
	1385	23	41
	1386	22	41
	1387	26	44
	1388	21	42
	1389	23	42
	1390	20	47
	1391	23	46
	1392	19	42
	1393	23	45
	1394	25	41
	1395	25	43
	1396	22	46
	1397	20	44
	1398	19	46
	1399	22	46
	1400	21	44
	1401	24	44
	1402	24	43
	1403	24	46
	1404	21	42
	1405	23	44
	1406	20	42
	1407	21	43
	1408	22	43
	1409	20	44
	1410	23	42
	1411	23	41
	1412	25	45
	1413	25	42
	1414	23	43
	1415	22	46
	1416	25	42
	1417	23	43
	1418	24	44
	1419	23	47
	1420	22	44
	1421	22	45
	1422	21	40
	1423	22	44
	1424	19	43
	1425	23	45
	1426	22	44
	1427	23	43
	1428	23	45
	1429	21	42
	1430	22	45
	1431	21	44
	1432	23	44
	1433	24	43
	1434	23	44
	1435	25	43
	1436	21	45
	1437	22	43
	1438	22	44
	1439	23	43
	1440	22	41
	1441	22	43
	1442	23	43
	1443	22	42
	1444	22	45
	1445	21	42
	1446	19	45
	1447	24	44
	1448	21	43
	1449	23	45
	1450	22	43
	1451	22	47
	1452	22	45
	1453	21	48
	1454	19	45
	1455	25	46
	1456	20	42
	1457	21	41
	1458	21	41
	1459	21	43
	1460	23	42
	1461	20	39
	1462	22	46
	1463	22	44
	1464	21	43
	1465	23	44
	1466	24	44
	1467	22	45
	1468	23	43
	1469	23	41
	1470	21	42
	1471	20	43
	1472	24	41
	1473	21	45
	1474	22	43
	1475	22	42
	1476	24	45
	1477	23	42
	1478	21	44
	1479	23	45
	1480	22	43
	1481	23	43
	1482	21	45
	1483	21	41
	1484	20	44
	1485	21	46
	1486	22	43
	1487	24	47
	1488	21	43
	1489	24	42
	1490	20	43
	1491	23	46
	1492	24	43
	1493	22	43
	1494	21	42
	1495	22	43
	1496	22	46
	1497	22	44
	1498	20	43
	1499	24	45
	1500	23	43
	1501	20	43
	1502	21	42
	1503	22	41
	1504	18	41
	1505	23	43
	1506	22	43
	1507	22	44
	1508	21	43
	1509	22	44
	1510	21	44
	1511	25	43
	1512	22	44
	1513	23	43
	1514	20	43
	1515	21	39
	1516	21	45
	1517	24	41
	1518	19	41
	1519	21	43
	1520	22	43
	1521	22	44
	1522	21	44
	1523	21	42
	1524	23	43
	1525	23	44
	1526	24	39
	1527	20	43
	1528	25	44
	1529	22	43
	1530	21	42
	1531	28	43
	1532	22	42
	1533	24	43
	1534	21	43
	1535	20	46
	1536	20	43
	1537	23	42
	1538	21	43
	1539	25	45
	1540	23	42
	1541	25	43
	1542	21	43
	1543	20	44
	1544	19	43
	1545	21	46
	1546	24	43
	1547	21	44
	1548	21	42
	1549	21	40
	1550	22	45
	1551	23	47
	1552	20	45
	1553	24	42
	1554	19	41
	1555	22	45
	1556	21	44
	1557	18	42
	1558	21	47
	1559	20	46
	1560	21	42
	1561	22	42
	1562	21	43
	1563	24	45
	1564	22	40
	1565	26	44
	1566	23	44
	1567	24	43
	1568	22	45
	1569	23	41
	1570	24	43
	1571	24	54
	1572	20	46
	1573	21	45
	1574	22	46
	1575	23	45
	1576	21	45
	1577	24	46
	1578	22	45
	1579	27	48
	1580	24	42
	1581	24	47
	1582	22	46
	1583	22	49
	1584	23	45
	1585	22	44
	1586	22	45
	1587	21	48
	1588	21	48
	1589	22	43
	1590	25	45
	1591	23	46
	1592	23	46
	1593	23	43
	1594	23	46
	1595	25	48
	1596	20	41
	1597	29	47
	1598	23	43
	1599	24	49
	1600	21	48
	1601	25	43
	1602	21	48
	1603	23	45
	1604	21	46
	1605	26	48
	1606	23	46
	1607	19	46
	1608	23	48
	1609	24	47
	1610	24	45
	1611	22	46
	1612	20	43
	1613	25	47
	1614	21	45
	1615	23	50
	1616	19	47
	1617	21	47
	1618	21	41
	1619	22	46
	1620	21	47
	1621	22	45
	1622	23	46
	1623	21	43
	1624	25	46
	1625	22	45
	1626	22	44
	1627	21	45
	1628	20	45
	1629	23	47
	1630	21	46
	1631	22	47
	1632	22	47
	1633	24	46
	1634	21	46
	1635	23	45
	1636	22	45
	1637	22	46
	1638	21	46
	1639	25	48
	1640	24	45
	1641	20	44
	1642	20	43
	1643	23	48
	1644	22	44
	1645	20	46
	1646	27	45
	1647	23	43
	1648	21	47
	1649	23	48
	1650	21	44
	1651	20	48
	1652	20	44
	1653	23	48
	1654	25	46
	1655	22	45
	1656	20	44
	1657	22	46
	1658	22	42
	1659	23	44
	1660	20	45
	1661	23	47
	1662	21	46
	1663	23	46
	1664	19	46
	1665	22	48
	1666	24	46
	1667	23	45
	1668	23	47
	1669	23	43
	1670	23	44
	1671	22	45
	1672	24	47
	1673	26	46
	1674	23	44
	1675	23	46
	1676	23	44
	1677	22	45
	1678	22	45
	1679	26	45
	1680	19	44
	1681	20	45
	1682	19	45
	1683	22	44
	1684	19	45
	1685	22	46
	1686	24	44
	1687	23	46
	1688	24	47
	1689	22	46
	1690	20	42
	1691	19	45
	1692	19	47
	1693	21	47
	1694	20	46
	1695	21	47
	1696	19	43
	1697	19	44
	1698	21	43
	1699	25	46
	1700	23	45
	1701	23	46
	1702	22	45
	1703	21	44
	1704	23	42
	1705	22	41
	1706	23	43
	1707	22	43
	1708	19	43
	1709	20	43
	1710	19	42
	1711	20	43
	1712	19	40
	1713	21	43
	1714	21	43
	1715	24	41
	1716	21	41
	1717	18	42
	1718	20	42
	1719	20	41
	1720	22	40
	1721	21	43
	1722	21	41
	1723	20	45
	1724	20	42
	1725	22	42
	1726	26	40
	1727	24	44
	1728	20	41
	1729	22	43
	1730	20	43
	1731	23	45
	1732	22	43
	1733	23	43
	1734	23	41
	1735	21	42
	1736	19	41
	1737	19	42
	1738	21	44
	1739	21	39
	1740	22	41
	1741	20	43
	1742	21	40
	1743	25	44
	1744	23	41
	1745	21	39
	1746	22	41
	1747	23	42
	1748	19	44
	1749	20	44
	1750	21	41
	1751	22	41
	1752	21	40
	1753	22	40
	1754	19	45
	1755	24	45
	1756	20	43
	1757	21	41
	1758	21	43
	1759	19	42
	1760	20	43
	1761	20	42
	1762	21	43
	1763	21	44
	1764	20	41
	1765	22	41
	1766	20	40
	1767	21	41
	1768	18	37
	1769	22	46
	1770	21	40
	1771	19	41
	1772	21	43
	1773	22	42
	1774	21	43
	1775	22	43
	1776	20	44
	1777	22	41
	1778	20	43
	1779	22	41
	1780	19	41
	1781	21	44
	1782	21	41
	1783	21	43
	1784	23	40
	1785	20	44
	1786	21	42
	1787	22	45
	1788	23	44
	1789	23	41
	1790	22	43
	1791	23	44
	1792	20	42
	1793	23	43
	1794	21	40
	1795	22	42
	1796	20	40
	1797	19	44
	1798	19	42
	1799	20	42
	1800	22	41
	1801	21	44
	1802	20	40
	1803	23	43
	1804	21	44
	1805	24	41
	1806	20	43
	1807	21	41
	1808	16	43
	1809	20	45
	1810	20	39
	1811	23	39
	1812	17	44
	1813	21	41
	1814	18	42
	1815	19	44
	1816	21	42
	1817	20	42
	1818	20	43
	1819	21	44
	1820	21	42
	1821	20	43
	1822	21	40
	1823	22	42
	1824	22	43
	1825	21	42
	1826	21	44
	1827	20	42
	1828	21	41
	1829	21	42
	1830	20	41
	1831	21	39
	1832	22	43
	1833	23	43
	1834	20	43
	1835	21	42
	1836	20	40
	1837	19	39
	1838	22	40
	1839	20	41
	1840	18	43
	1841	20	43
	1842	20	43
	1843	20	42
	1844	19	43
	1845	21	41
	1846	20	41
	1847	20	41
	1848	21	42
	1849	19	41
	1850	21	42
	1851	22	39
	1852	20	44
	1853	22	42
	1854	22	38
	1855	19	43
	1856	20	41
	1857	24	42
	1858	20	40
	1859	22	42
	1860	18	40
	1861	24	39
	1862	23	44
	1863	22	41
	1864	20	41
	1865	19	40
	1866	19	41
	1867	19	42
	1868	21	41
	1869	20	42
	1870	16	42
	1871	22	40
	1872	23	40
	1873	21	40
	1874	21	41
	1875	22	41
	1876	21	37
	1877	21	42
	1878	20	40
	1879	21	43
	1880	19	41
	1881	22	39
	1882	19	40
	1883	20	41
	1884	22	42
	1885	21	41
	1886	19	38
	1887	21	42
	1888	22	41
	1889	22	41
	1890	21	40
	1891	21	43
	1892	19	39
	1893	24	43
	1894	21	41
	1895	21	41
	1896	21	41
	1897	20	43
	1898	22	41
	1899	22	43
	1900	19	38
	1901	20	43
	1902	22	39
	1903	20	41
	1904	22	41
	1905	19	39
	1906	19	42
	1907	29	40
	1908	20	38
	1909	21	43
	1910	22	42
	1911	21	44
	1912	21	43
	1913	20	44
	1914	19	38
	1915	21	42
	1916	20	41
	1917	20	41
	1918	20	42
	1919	19	41
	1920	18	41
	1921	19	47
	1922	19	43
	1923	19	41
	1924	19	40
	1925	21	41
	1926	19	44
	1927	20	42
	1928	20	39
	1929	21	43
	1930	19	42
	1931	22	41
	1932	22	40
	1933	20	42
	1934	21	39
	1935	22	44
	1936	18	41
	1937	22	41
	1938	19	40
	1939	20	41
	1940	20	39
	1941	21	41
	1942	20	41
	1943	21	42
	1944	20	40
	1945	18	39
	1946	21	42
	1947	19	43
	1948	21	38
	1949	20	43
	1950	22	41
	1951	21	40
	1952	22	40
	1953	22	42
	1954	20	38
	1955	21	44
	1956	20	42
	1957	21	39
	1958	19	40
	1959	18	39
	1960	20	40
	1961	23	42
	1962	20	41
	1963	23	41
	1964	17	39
	1965	21	40
	1966	22	40
	1967	22	40
	1968	19	40
	1969	20	42
	1970	19	44
	1971	21	42
	1972	22	41
	1973	22	41
	1974	19	41
	1975	21	41
	1976	20	43
	1977	22	42
	1978	19	39
	1979	21	41
	1980	22	40
	1981	19	39
	1982	22	40
	1983	21	41
	1984	20	40
	1985	22	39
	1986	21	43
	1987	20	41
	1988	18	41
	1989	19	41
	1990	19	40
	1991	22	42
	1992	19	41
	1993	19	41
	1994	21	40
	1995	20	42
	1996	20	43
	1997	21	41
	1998	20	41
	1999	22	40
	2000	19	41
	2001	21	41
	2002	20	40
	2003	20	42
	2004	20	43
	2005	23	41
	2006	22	40
	2007	22	41
	2008	21	40
	2009	20	41
	2010	23	43
	2011	20	42
	2012	20	46
	2013	20	41
	2014	19	43
	2015	20	40
	2016	20	39
	2017	20	41
	2018	21	42
	2019	20	41
	2020	18	42
	2021	19	40
	2022	20	42
	2023	18	40
	2024	20	41
	2025	22	40
	2026	18	41
	2027	17	42
	2028	19	42
	2029	19	40
	2030	23	41
	2031	21	42
	2032	20	38
	2033	21	42
	2034	21	39
	2035	22	41
	2036	21	42
	2037	21	41
	2038	19	43
	2039	21	43
	2040	19	41
	2041	22	40
	2042	19	40
	2043	20	41
	2044	19	40
	2045	20	40
	2046	16	42
	2047	18	40
	2048	18	39
	2049	18	39
	2050	20	39
	2051	23	41
	2052	22	40
	2053	21	39
	2054	19	40
	2055	20	39
	2056	22	40
	2057	20	38
	2058	20	38
	2059	20	40
	2060	19	42
	2061	21	38
	2062	20	41
	2063	23	42
	2064	17	40
	2065	22	41
	2066	21	41
	2067	23	41
	2068	18	40
	2069	19	41
	2070	18	40
	2071	22	42
	2072	21	42
	2073	18	41
	2074	18	37
	2075	21	41
	2076	20	43
	2077	18	43
	2078	21	38
	2079	21	39
	2080	21	38
	2081	20	42
	2082	19	43
	2083	21	42
	2084	18	39
	2085	21	43
	2086	19	40
	2087	19	40
	2088	19	40
	2089	20	40
	2090	19	41
	2091	22	42
	2092	18	41
	2093	21	39
	2094	19	39
	2095	22	41
	2096	22	40
	2097	21	44
	2098	20	42
	2099	19	39
	2100	19	41
	2101	19	43
	2102	19	39
	2103	21	41
	2104	20	39
	2105	21	41
	2106	20	39
	2107	19	39
	2108	21	42
	2109	20	40
	2110	21	39
	2111	21	44
	2112	21	38
	2113	17	42
	2114	21	39
	2115	19	41
	2116	18	40
	2117	21	40
	2118	18	42
	2119	18	40
	2120	17	39
	2121	23	42
	2122	19	41
	2123	21	40
	2124	19	40
	2125	21	40
	2126	21	40
	2127	18	41
	2128	20	41
	2129	19	40
	2130	20	39
	2131	22	44
	2132	20	41
	2133	20	40
	2134	20	40
	2135	24	42
	2136	20	41
	2137	21	41
	2138	18	39
	2139	20	39
	2140	17	39
	2141	19	40
	2142	21	38
	2143	21	42
	2144	18	39
	2145	21	41
	2146	19	41
	2147	19	42
	2148	21	39
	2149	19	39
	2150	20	40
	2151	23	43
	2152	20	41
	2153	23	38
	2154	20	38
	2155	21	40
	2156	20	39
	2157	20	42
	2158	20	38
	2159	17	40
	2160	18	42
	2161	19	40
	2162	18	43
	2163	20	40
	2164	19	39
	2165	21	41
	2166	19	39
	2167	20	38
	2168	17	40
	2169	20	43
	2170	18	61
	2171	21	38
	2172	21	41
	2173	18	41
	2174	19	41
	2175	18	40
	2176	21	43
	2177	20	42
	2178	19	40
	2179	20	41
	2180	19	40
	2181	23	41
	2182	18	40
	2183	22	40
	2184	21	37
	2185	21	42
	2186	19	40
	2187	23	41
	2188	21	39
	2189	21	42
	2190	20	40
	2191	21	44
	2192	20	41
	2193	19	41
	2194	20	48
	2195	22	41
	2196	19	41
	2197	19	39
	2198	19	41
	2199	22	41
	2200	20	39
	2201	22	44
	2202	20	43
	2203	22	42
	2204	21	38
	2205	23	41
	2206	19	41
	2207	22	41
	2208	20	40
	2209	20	40
	2210	21	40
	2211	22	38
	2212	21	40
	2213	22	39
	2214	21	41
	2215	22	42
	2216	18	38
	2217	18	39
	2218	20	44
	2219	21	41
	2220	20	41
	2221	21	40
	2222	18	41
	2223	22	45
	2224	20	41
	2225	20	45
	2226	24	39
	2227	21	37
	2228	19	40
	2229	20	40
	2230	22	40
	2231	21	41
	2232	18	39
	2233	18	41
	2234	20	38
	2235	19	39
	2236	19	37
	2237	22	41
	2238	17	40
	2239	20	44
	2240	19	41
	2241	23	41
	2242	19	38
	2243	21	43
	2244	22	41
	2245	20	39
	2246	19	42
	2247	22	39
	2248	19	41
	2249	22	41
	2250	19	41
	2251	19	43
	2252	18	42
	2253	23	42
	2254	22	39
	2255	23	41
	2256	20	39
	2257	21	42
	2258	22	42
	2259	22	40
	2260	20	41
	2261	19	40
	2262	19	37
	2263	23	41
	2264	21	41
	2265	20	41
	2266	19	43
	2267	19	41
	2268	20	41
	2269	19	39
	2270	18	40
	2271	21	39
	2272	19	43
	2273	16	40
	2274	19	38
	2275	21	41
	2276	20	41
	2277	19	41
	2278	21	41
	2279	21	39
	2280	19	40
	2281	18	41
	2282	21	39
	2283	22	44
	2284	18	41
	2285	19	42
	2286	19	42
	2287	19	39
	2288	22	38
	2289	20	39
	2290	19	38
	2291	22	40
	2292	20	39
	2293	18	41
	2294	20	41
	2295	20	46
	2296	17	37
	2297	21	40
	2298	21	41
	2299	22	44
	2300	20	40
	2301	20	38
	2302	21	38
	2303	21	41
	2304	21	39
	2305	20	42
	2306	19	42
	2307	20	42
	2308	20	41
	2309	19	42
	2310	22	39
	2311	20	40
	2312	17	38
	2313	20	40
	2314	22	41
	2315	18	44
	2316	21	39
	2317	20	38
	2318	17	39
	2319	20	40
	2320	19	39
	2321	19	40
	2322	20	40
	2323	20	40
	2324	18	41
	2325	21	39
	2326	19	42
	2327	24	41
	2328	20	40
	2329	24	41
	2330	22	38
	2331	21	41
	2332	19	39
	2333	20	41
	2334	20	38
	2335	21	41
	2336	21	40
	2337	17	41
	2338	20	40
	2339	19	41
	2340	18	44
	2341	18	41
	2342	20	39
	2343	21	41
	2344	20	40
	2345	20	41
	2346	17	40
	2347	22	40
	2348	19	41
	2349	20	40
	2350	20	42
	2351	22	44
	2352	18	40
	2353	21	40
	2354	21	40
	2355	19	40
	2356	20	40
	2357	19	43
	2358	17	41
	2359	20	39
	2360	18	40
	2361	19	40
	2362	20	42
	2363	20	44
	2364	18	39
	2365	22	38
	2366	19	39
	2367	22	43
	2368	20	40
	2369	20	40
	2370	21	39
	2371	21	39
	2372	18	42
	2373	18	44
	2374	21	40
	2375	21	41
	2376	18	39
	2377	20	42
	2378	17	44
	2379	22	40
	2380	18	41
	2381	20	40
	2382	19	41
	2383	21	41
	2384	19	42
	2385	18	41
	2386	16	38
	2387	20	42
	2388	20	39
	2389	20	38
	2390	17	40
	2391	22	41
	2392	20	43
	2393	19	42
	2394	18	39
	2395	21	39
	2396	18	41
	2397	21	41
	2398	18	42
	2399	21	42
	2400	20	42
	2401	19	41
	2402	20	39
	2403	28	42
	2404	23	40
	2405	22	38
	2406	19	40
	2407	20	43
	2408	19	40
	2409	20	41
	2410	21	41
	2411	20	42
	2412	19	39
	2413	21	43
	2414	18	41
	2415	23	43
	2416	21	39
	2417	20	44
	2418	19	43
	2419	19	38
	2420	22	40
	2421	23	42
	2422	18	41
	2423	23	41
	2424	19	40
	2425	19	42
	2426	20	41
	2427	21	43
	2428	19	39
	2429	21	41
	2430	19	40
	2431	20	41
	2432	22	43
	2433	22	46
	2434	20	42
	2435	21	39
	2436	20	42
	2437	19	41
	2438	20	43
	2439	23	40
	2440	19	36
	2441	18	39
	2442	21	39
	2443	23	41
	2444	19	39
	2445	21	40
	2446	21	39
	2447	20	41
	2448	19	42
	2449	19	40
	2450	21	39
	2451	18	41
	2452	20	42
	2453	18	42
	2454	20	41
	2455	19	43
	2456	20	39
	2457	19	39
	2458	20	39
	2459	23	40
	2460	20	39
	2461	20	41
	2462	23	39
	2463	18	41
	2464	19	47
	2465	22	40
	2466	20	41
	2467	19	43
	2468	21	40
	2469	20	40
	2470	18	42
	2471	20	41
	2472	16	42
	2473	19	42
	2474	21	39
	2475	21	40
	2476	19	41
	2477	20	45
	2478	19	40
	2479	19	39
	2480	20	40
	2481	21	43
	2482	22	42
	2483	19	41
	2484	18	43
	2485	19	42
	2486	19	39
	2487	19	41
	2488	19	41
	2489	22	41
	2490	19	40
	2491	21	41
	2492	18	39
	2493	20	40
	2494	20	41
	2495	21	42
	2496	21	40
	2497	21	39
	2498	18	41
	2499	20	45
	2500	18	41
	2501	20	41
	2502	21	40
	2503	20	39
	2504	20	40
	2505	20	41
	2506	17	42
	2507	23	42
	2508	20	42
	2509	20	39
	2510	20	41
	2511	19	40
	2512	21	37
	2513	23	44
	2514	18	42
	2515	20	39
	2516	19	39
	2517	20	40
	2518	20	41
	2519	20	40
	2520	20	39
	2521	19	40
	2522	17	41
	2523	20	43
	2524	19	39
	2525	20	40
	2526	19	44
	2527	22	39
	2528	20	44
	2529	19	41
	2530	20	39
	2531	18	43
	2532	20	40
	2533	16	41
	2534	17	39
	2535	23	41
	2536	19	40
	2537	22	42
	2538	18	37
	2539	19	44
	2540	19	40
	2541	21	42
	2542	19	41
	2543	18	38
	2544	18	41
	2545	20	39
	2546	20	41
	2547	20	41
	2548	21	41
	2549	22	38
	2550	21	37
	2551	22	43
	2552	21	41
	2553	21	41
	2554	19	40
	2555	22	42
	2556	18	39
	2557	20	42
	2558	20	41
	2559	17	39
	2560	19	41
	2561	20	45
	2562	22	41
	2563	21	39
	2564	21	40
	2565	20	36
	2566	21	38
	2567	22	44
	2568	19	40
	2569	21	40
	2570	19	42
	2571	21	41
	2572	20	38
	2573	21	42
	2574	19	39
	2575	21	42
	2576	20	44
	2577	18	42
	2578	20	41
	2579	18	43
	2580	21	39
	2581	21	40
	2582	18	42
	2583	20	40
	2584	19	40
	2585	21	41
	2586	22	39
	2587	18	43
	2588	19	38
	2589	25	41
	2590	20	40
	2591	21	40
	2592	19	40
	2593	21	43
	2594	19	40
	2595	21	39
	2596	18	41
	2597	19	39
	2598	20	38
	2599	22	39
	2600	22	40
	2601	22	40
	2602	17	40
	2603	21	42
	2604	17	41
	2605	18	42
	2606	20	39
	2607	19	42
	2608	20	37
	2609	20	40
	2610	20	43
	2611	19	41
	2612	19	38
	2613	21	40
	2614	18	38
	2615	23	43
	2616	20	39
	2617	23	43
	2618	20	37
	2619	21	43
	2620	19	42
	2621	19	43
	2622	17	41
	2623	22	40
	2624	20	38
	2625	21	39
	2626	25	40
	2627	21	43
	2628	20	40
	2629	19	39
	2630	19	38
	2631	21	43
	2632	21	40
	2633	23	42
	2634	20	40
	2635	19	38
	2636	20	41
	2637	19	39
	2638	17	38
	2639	20	41
	2640	18	41
	2641	21	41
	2642	21	39
	2643	20	40
	2644	21	39
	2645	24	41
	2646	24	42
	2647	18	41
	2648	20	41
	2649	20	40
	2650	19	43
	2651	22	42
	2652	19	39
	2653	22	41
	2654	20	40
	2655	21	42
	2656	22	39
	2657	22	40
	2658	19	37
	2659	21	40
	2660	22	39
	2661	22	41
	2662	20	38
	2663	19	44
	2664	21	38
	2665	20	43
	2666	19	40
	2667	21	38
	2668	18	41
	2669	21	38
	2670	18	42
	2671	22	42
	2672	20	41
	2673	20	40
	2674	21	41
	2675	20	44
	2676	19	35
	2677	21	42
	2678	17	39
	2679	20	43
	2680	21	42
	2681	20	39
	2682	19	38
	2683	21	41
	2684	19	39
	2685	21	40
	2686	19	40
	2687	20	40
	2688	18	40
	2689	21	37
	2690	19	39
	2691	21	41
	2692	21	38
	2693	21	38
	2694	19	40
	2695	19	43
	2696	21	41
	2697	21	44
	2698	20	39
	2699	21	39
	2700	19	41
	2701	23	43
	2702	22	41
	2703	22	43
	2704	19	40
	2705	20	41
	2706	20	44
	2707	21	40
	2708	21	39
	2709	18	41
	2710	20	39
	2711	20	43
	2712	20	43
	2713	19	40
	2714	22	39
	2715	21	39
	2716	19	41
	2717	19	42
	2718	19	41
	2719	21	40
	2720	20	39
	2721	27	41
	2722	20	40
	2723	19	44
	2724	18	41
	2725	20	41
	2726	24	40
	2727	20	40
	2728	20	42
	2729	20	40
	2730	18	40
	2731	18	42
	2732	18	40
	2733	20	40
	2734	20	41
	2735	20	41
	2736	17	38
	2737	20	41
	2738	16	41
	2739	21	43
	2740	21	43
	2741	21	43
	2742	19	42
	2743	19	41
	2744	19	41
	2745	19	41
	2746	20	43
	2747	25	42
	2748	19	42
	2749	22	39
	2750	19	39
	2751	21	40
	2752	20	40
	2753	20	39
	2754	20	39
	2755	21	40
	2756	19	38
	2757	18	42
	2758	18	41
	2759	20	40
	2760	18	44
	2761	19	42
	2762	18	41
	2763	22	41
	2764	17	42
	2765	21	41
	2766	22	39
	2767	22	39
	2768	20	41
	2769	23	42
	2770	21	41
	2771	22	41
	2772	20	39
	2773	22	43
	2774	18	41
	2775	17	44
	2776	20	41
	2777	20	43
	2778	18	40
	2779	20	41
	2780	21	43
	2781	20	41
	2782	17	42
	2783	25	43
	2784	19	41
	2785	19	40
	2786	20	41
	2787	19	41
	2788	21	44
	2789	19	43
	2790	21	37
	2791	19	40
	2792	18	38
	2793	21	40
	2794	19	43
	2795	22	39
	2796	20	39
	2797	20	38
	2798	18	40
	2799	20	40
	2800	19	40
	2801	20	41
	2802	19	44
	2803	21	43
	2804	20	42
	2805	21	40
	2806	20	43
	2807	21	40
	2808	20	38
	2809	20	40
	2810	20	42
	2811	21	45
	2812	19	41
	2813	20	40
	2814	21	43
	2815	20	43
	2816	17	40
	2817	22	40
	2818	18	43
	2819	20	39
	2820	21	38
	2821	20	42
	2822	18	38
	2823	19	41
	2824	17	40
	2825	20	42
	2826	21	39
	2827	22	39
	2828	21	37
	2829	21	39
	2830	18	40
	2831	23	41
	2832	18	40
	2833	21	41
	2834	20	41
	2835	20	42
	2836	21	39
	2837	16	45
	2838	23	42
	2839	20	39
	2840	18	42
	2841	20	41
	2842	18	39
	2843	22	43
	2844	20	40
	2845	22	41
	2846	21	41
	2847	20	41
	2848	18	38
	2849	20	39
	2850	17	40
	2851	21	39
	2852	19	44
	2853	21	41
	2854	20	41
	2855	17	41
	2856	20	43
	2857	18	39
	2858	20	40
	2859	25	43
	2860	21	38
	2861	20	42
	2862	19	40
	2863	17	40
	2864	21	41
	2865	20	38
	2866	20	40
	2867	21	41
	2868	17	38
	2869	22	41
	2870	21	40
	2871	20	40
	2872	19	40
	2873	21	40
	2874	20	43
	2875	20	41
	2876	17	40
	2877	20	40
	2878	23	41
	2879	21	42
	2880	18	42
	2881	22	43
	2882	19	39
	2883	25	43
	2884	17	39
	2885	20	42
	2886	19	42
	2887	19	41
	2888	20	38
	2889	38	40
	2890	19	41
	2891	19	40
	2892	19	40
	2893	20	39
	2894	20	40
	2895	20	43
	2896	18	41
	2897	20	42
	2898	21	42
	2899	22	43
	2900	19	39
	2901	21	43
	2902	22	39
	2903	22	39
	2904	19	37
	2905	19	41
	2906	21	40
	2907	18	39
	2908	20	40
	2909	19	40
	2910	19	42
	2911	21	42
	2912	22	40
	2913	19	40
	2914	20	43
	2915	21	41
	2916	19	39
	2917	19	38
	2918	21	40
	2919	21	41
	2920	28	38
	2921	19	40
	2922	21	42
	2923	18	41
	2924	21	40
	2925	22	39
	2926	18	39
	2927	19	41
	2928	19	39
	2929	22	43
	2930	18	40
	2931	19	39
	2932	17	39
	2933	19	41
	2934	18	43
	2935	20	41
	2936	16	40
	2937	17	37
	2938	19	42
	2939	17	42
	2940	19	39
	2941	19	40
	2942	18	39
	2943	21	40
	2944	19	43
	2945	19	40
	2946	18	41
	2947	21	41
	2948	21	42
	2949	21	39
	2950	20	40
	2951	22	42
	2952	20	39
	2953	21	40
	2954	20	40
	2955	21	41
	2956	21	40
	2957	21	40
	2958	18	41
	2959	20	43
	2960	22	42
	2961	20	41
	2962	18	42
	2963	21	40
	2964	20	39
	2965	20	39
	2966	19	38
	2967	21	40
	2968	21	39
	2969	18	43
	2970	19	40
	2971	21	42
	2972	19	42
	2973	24	40
	2974	20	40
	2975	18	41
	2976	20	40
	2977	20	40
	2978	19	41
	2979	22	39
	2980	18	40
	2981	17	39
	2982	19	40
	2983	19	41
	2984	20	41
	2985	20	42
	2986	18	38
	2987	20	44
	2988	21	39
	2989	21	40
	2990	23	38
	2991	19	40
	2992	19	41
	2993	23	42
	2994	20	39
	2995	22	39
	2996	17	37
	2997	17	37
	2998	21	41
	2999	19	41
	3000	21	39
	3001	21	40
	3002	19	41
	3003	20	40
	3004	20	41
	3005	21	42
	3006	19	39
	3007	22	44
	3008	20	41
	3009	18	38
	3010	18	43
	3011	20	37
	3012	18	38
	3013	21	39
	3014	21	42
	3015	21	40
	3016	19	38
	3017	20	39
	3018	19	42
	3019	22	43
	3020	20	40
	3021	22	43
	3022	18	39
	3023	21	43
	3024	20	42
	3025	22	39
	3026	19	40
	3027	24	38
	3028	20	40
	3029	20	39
	3030	18	38
	3031	19	42
	3032	20	37
	3033	19	41
	3034	21	39
	3035	17	41
	3036	20	42
	3037	18	40
	3038	20	40
	3039	19	39
	3040	20	39
	3041	20	42
	3042	17	41
	3043	22	40
	3044	20	36
	3045	19	41
	3046	20	41
	3047	21	40
	3048	18	41
	3049	19	40
	3050	19	41
	3051	20	40
	3052	21	43
	3053	19	40
	3054	18	41
	3055	21	43
	3056	19	42
	3057	22	41
	3058	20	38
	3059	19	41
	3060	20	39
	3061	21	39
	3062	20	42
	3063	22	40
	3064	19	38
	3065	18	40
	3066	20	37
	3067	20	42
	3068	19	42
	3069	18	43
	3070	20	39
	3071	21	40
	3072	20	39
	3073	21	41
	3074	21	39
	3075	19	43
	3076	18	40
	3077	22	39
	3078	21	41
	3079	22	43
	3080	19	41
	3081	20	40
	3082	20	41
	3083	21	43
	3084	19	41
	3085	19	41
	3086	20	40
	3087	22	40
	3088	19	38
	3089	22	40
	3090	17	38
	3091	22	41
	3092	25	41
	3093	20	40
	3094	19	41
	3095	20	39
	3096	20	41
	3097	20	40
	3098	19	37
	3099	19	43
	3100	21	39
	3101	20	40
	3102	20	41
	3103	22	40
	3104	19	39
	3105	20	41
	3106	19	39
	3107	22	40
	3108	20	41
	3109	20	42
	3110	17	40
	3111	18	43
	3112	19	39
	3113	19	41
	3114	21	41
	3115	21	42
	3116	20	39
	3117	23	42
	3118	22	42
	3119	20	40
	3120	19	40
	3121	19	42
	3122	21	41
	3123	21	40
	3124	21	38
	3125	21	42
	3126	18	41
	3127	21	42
	3128	19	41
	3129	19	41
	3130	20	39
	3131	22	40
	3132	20	40
	3133	21	41
	3134	20	39
	3135	23	39
	3136	22	40
	3137	20	40
	3138	20	40
	3139	21	40
	3140	20	39
	3141	20	41
	3142	21	44
	3143	19	43
	3144	20	40
	3145	18	39
	3146	24	38
	3147	22	39
	3148	22	38
	3149	19	44
	3150	19	41
	3151	21	40
	3152	20	42
	3153	22	40
	3154	15	42
	3155	20	40
	3156	20	41
	3157	20	42
	3158	21	39
	3159	19	41
	3160	17	41
	3161	20	41
	3162	22	39
	3163	19	39
	3164	22	39
	3165	21	39
	3166	21	42
	3167	22	40
	3168	17	40
	3169	19	40
	3170	17	40
	3171	20	43
	3172	21	38
	3173	20	39
	3174	18	38
	3175	22	40
	3176	18	40
	3177	20	42
	3178	20	37
	3179	21	41
	3180	21	39
	3181	20	41
	3182	19	38
	3183	18	38
	3184	18	38
	3185	27	42
	3186	20	40
	3187	20	38
	3188	16	40
	3189	20	39
	3190	21	41
	3191	24	42
	3192	20	41
	3193	20	40
	3194	19	41
	3195	20	40
	3196	19	39
	3197	20	41
	3198	20	39
	3199	20	39
	3200	22	40
	3201	23	42
	3202	17	40
	3203	22	41
	3204	19	41
	3205	20	43
	3206	19	43
	3207	18	41
	3208	19	41
	3209	17	40
	3210	19	40
	3211	21	40
	3212	21	41
	3213	21	42
	3214	21	39
	3215	19	40
	3216	20	37
	3217	21	41
	3218	19	41
	3219	19	40
	3220	19	41
	3221	19	41
	3222	16	40
	3223	23	47
	3224	19	40
	3225	20	41
	3226	21	40
	3227	18	39
	3228	19	40
	3229	20	42
	3230	20	38
	3231	21	41
	3232	19	40
	3233	19	39
	3234	17	40
	3235	19	41
	3236	20	40
	3237	19	40
	3238	17	39
	3239	18	42
	3240	20	43
	3241	20	45
	3242	19	40
	3243	23	39
	3244	21	39
	3245	23	40
	3246	19	41
	3247	22	41
	3248	22	40
	3249	20	43
	3250	22	40
	3251	21	39
	3252	18	38
	3253	20	38
	3254	19	39
	3255	20	40
	3256	19	39
	3257	21	41
	3258	22	39
	3259	21	40
	3260	21	41
	3261	19	39
	3262	19	42
	3263	22	41
	3264	19	41
	3265	21	43
	3266	20	41
	3267	21	40
	3268	18	37
	3269	21	43
	3270	20	38
	3271	22	42
	3272	18	41
	3273	20	39
	3274	18	42
	3275	20	40
	3276	19	40
	3277	19	42
	3278	19	40
	3279	20	39
	3280	22	39
	3281	23	41
	3282	21	39
	3283	19	42
	3284	19	40
	3285	28	41
	3286	21	38
	3287	23	41
	3288	19	43
	3289	19	40
	3290	18	41
	3291	22	44
	3292	19	39
	3293	22	39
	3294	21	40
	3295	16	40
	3296	20	43
	3297	22	40
	3298	20	42
	3299	23	37
	3300	21	40
	3301	20	41
	3302	22	40
	3303	20	42
	3304	20	41
	3305	20	41
	3306	19	38
	3307	19	42
	3308	20	37
	3309	18	40
	3310	21	37
	3311	19	41
	3312	18	40
	3313	19	38
	3314	19	41
	3315	21	42
	3316	20	40
	3317	19	40
	3318	20	39
	3319	19	40
	3320	21	38
	3321	20	41
	3322	24	39
	3323	21	40
	3324	21	41
	3325	19	39
	3326	21	40
	3327	19	40
	3328	22	40
	3329	17	41
	3330	20	39
	3331	23	38
	3332	20	40
	3333	20	41
	3334	19	40
	3335	18	39
	3336	20	40
	3337	20	40
	3338	20	38
	3339	20	39
	3340	18	40
	3341	20	43
	3342	21	39
	3343	18	39
	3344	20	40
	3345	20	40
	3346	19	41
	3347	23	44
	3348	18	40
	3349	18	38
	3350	20	39
	3351	19	39
	3352	17	43
	3353	21	41
	3354	19	39
	3355	21	41
	3356	19	39
	3357	22	40
	3358	22	39
	3359	20	41
	3360	22	41
	3361	21	42
	3362	21	41
	3363	20	42
	3364	19	40
	3365	19	43
	3366	20	40
	3367	21	39
	3368	18	40
	3369	21	40
	3370	21	40
	3371	22	41
	3372	21	39
	3373	20	41
	3374	21	38
	3375	20	40
	3376	20	39
	3377	20	39
	3378	21	39
	3379	21	41
	3380	22	39
	3381	21	41
	3382	18	37
	3383	22	38
	3384	20	39
	3385	21	40
	3386	23	41
	3387	20	41
	3388	22	38
	3389	21	40
	3390	21	42
	3391	20	39
	3392	21	41
	3393	21	42
	3394	21	38
	3395	19	44
	3396	20	41
	3397	22	42
	3398	19	40
	3399	21	39
	3400	20	38
	3401	22	40
	3402	18	39
	3403	20	40
	3404	19	39
	3405	21	37
	3406	19	40
	3407	19	39
	3408	19	43
	3409	20	39
	3410	21	39
	3411	19	40
	3412	20	39
	3413	20	42
	3414	19	39
	3415	21	41
	3416	19	40
	3417	23	42
	3418	18	38
	3419	19	41
	3420	19	40
	3421	18	42
	3422	22	42
	3423	21	44
	3424	21	41
	3425	20	41
	3426	20	39
	3427	20	38
	3428	21	42
	3429	19	42
	3430	20	39
	3431	23	40
	3432	17	39
	3433	17	44
	3434	20	39
	3435	22	40
	3436	17	40
	3437	21	42
	3438	21	41
	3439	21	45
	3440	18	40
	3441	18	40
	3442	21	40
	3443	19	42
	3444	21	38
	3445	21	40
	3446	19	41
	3447	20	41
	3448	20	40
	3449	21	42
	3450	20	42
	3451	19	42
	3452	19	41
	3453	19	44
	3454	20	42
	3455	20	41
	3456	17	40
	3457	21	42
	3458	18	39
	3459	22	44
	3460	19	41
	3461	23	40
	3462	19	41
	3463	21	40
	3464	21	40
	3465	22	39
	3466	21	40
	3467	23	40
	3468	19	38
	3469	21	37
	3470	19	40
	3471	21	41
	3472	18	47
	3473	18	41
	3474	18	40
	3475	19	40
	3476	17	40
	3477	16	41
	3478	17	46
	3479	21	40
	3480	17	40
	3481	21	40
	3482	22	40
	3483	22	42
	3484	21	41
	3485	21	42
	3486	19	39
	3487	21	41
	3488	19	42
	3489	21	43
	3490	22	37
	3491	22	41
	3492	16	39
	3493	21	40
	3494	18	43
	3495	21	39
	3496	18	40
	3497	19	40
	3498	20	42
	3499	21	42
	3500	19	43
	3501	19	40
	3502	18	41
	3503	22	40
	3504	22	40
	3505	21	41
	3506	21	37
	3507	22	40
	3508	19	38
	3509	19	41
	3510	18	38
	3511	21	42
	3512	19	39
	3513	19	42
	3514	19	40
	3515	22	40
	3516	21	44
	3517	22	39
	3518	20	41
	3519	20	41
	3520	18	41
	3521	19	39
	3522	21	42
	3523	19	42
	3524	20	40
	3525	19	45
	3526	19	36
	3527	20	40
	3528	20	38
	3529	22	41
	3530	20	42
	3531	18	45
	3532	20	41
	3533	19	39
	3534	21	40
	3535	20	40
	3536	20	40
	3537	21	40
	3538	21	39
	3539	23	41
	3540	22	42
	3541	21	40
	3542	19	40
	3543	22	41
	3544	19	40
	3545	20	41
	3546	18	38
	3547	23	39
	3548	19	40
	3549	22	41
	3550	26	46
	3551	20	39
	3552	22	42
	3553	21	40
	3554	23	38
	3555	23	41
	3556	18	37
	3557	22	40
	3558	19	40
	3559	19	45
	3560	19	38
	3561	18	39
	3562	20	39
	3563	20	41
	3564	21	40
	3565	23	43
	3566	19	41
	3567	17	39
	3568	20	41
	3569	21	40
	3570	17	42
	3571	22	41
	3572	21	39
	3573	21	42
	3574	20	41
	3575	19	39
	3576	23	38
	3577	21	39
	3578	19	41
	3579	22	43
	3580	19	40
	3581	20	42
	3582	20	39
	3583	23	41
	3584	19	39
	3585	20	41
	3586	19	42
	3587	19	42
	3588	20	44
	3589	21	40
	3590	20	40
	3591	20	43
	3592	15	41
	3593	20	44
	3594	19	41
	3595	20	40
	3596	20	39
	3597	19	44
	3598	18	40
	3599	19	42
	3600	18	39
	3601	20	39
	3602	20	41
	3603	22	40
	3604	18	40
	3605	20	40
	3606	19	41
	3607	21	39
	3608	21	42
	3609	20	40
	3610	18	41
	3611	22	41
	3612	20	41
	3613	21	43
	3614	17	40
	3615	21	39
	3616	21	39
	3617	17	41
	3618	21	38
	3619	19	40
	3620	19	42
	3621	19	42
	3622	21	38
	3623	17	41
	3624	21	39
	3625	21	40
	3626	14	40
	3627	19	40
	3628	19	41
	3629	21	40
	3630	22	39
	3631	18	38
	3632	20	42
	3633	21	44
	3634	19	39
	3635	20	40
	3636	22	39
	3637	19	44
	3638	17	39
	3639	19	41
	3640	17	43
	3641	20	40
	3642	19	41
	3643	19	40
	3644	19	40
	3645	20	41
	3646	17	39
	3647	20	37
	3648	19	40
	3649	23	41
	3650	20	41
	3651	17	43
	3652	20	41
	3653	18	43
	3654	19	41
	3655	20	40
	3656	18	41
	3657	21	39
	3658	20	41
	3659	21	41
	3660	19	38
	3661	16	39
	3662	19	39
	3663	21	41
	3664	20	40
	3665	17	40
	3666	18	39
	3667	22	42
	3668	19	41
	3669	20	42
	3670	18	40
	3671	22	43
	3672	19	41
	3673	19	44
	3674	16	37
	3675	20	41
	3676	20	38
	3677	19	42
	3678	22	41
	3679	18	40
	3680	16	41
	3681	20	39
	3682	21	39
	3683	20	42
	3684	21	38
	3685	18	41
	3686	20	39
	3687	19	41
	3688	21	41
	3689	22	41
	3690	20	40
	3691	20	41
	3692	19	39
	3693	19	45
	3694	18	38
	3695	18	43
	3696	20	39
	3697	20	42
	3698	19	40
	3699	21	40
	3700	24	42
	3701	22	41
	3702	20	39
	3703	22	39
	3704	19	38
	3705	19	42
	3706	17	38
	3707	21	41
	3708	20	40
	3709	20	42
	3710	18	36
	3711	19	41
	3712	18	42
	3713	19	41
	3714	20	39
	3715	19	39
	3716	17	40
	3717	20	43
	3718	18	41
	3719	18	38
	3720	20	38
	3721	20	41
	3722	19	40
	3723	21	38
