	0	17	39
	1	18	40
	2	17	36
	3	20	39
	4	16	38
	5	18	39
	6	18	37
	7	17	41
	8	17	35
	9	19	39
	10	18	37
	11	20	40
	12	16	36
	13	19	40
	14	18	39
	15	17	39
	16	18	38
	17	18	39
	18	15	39
	19	19	39
	20	18	40
	21	18	40
	22	18	38
	23	17	37
	24	17	39
	25	17	40
	26	21	38
	27	20	44
	28	19	43
	29	20	43
	30	20	44
	31	22	41
	32	20	41
	33	22	42
	34	20	41
	35	21	41
	36	19	38
	37	20	41
	38	19	41
	39	24	42
	40	19	43
	41	21	44
	42	19	42
	43	19	42
	44	20	44
	45	22	42
	46	21	41
	47	20	43
	48	22	37
	49	21	41
	50	19	41
	51	23	42
	52	20	40
	53	21	44
	54	23	42
	55	22	43
	56	21	45
	57	23	41
	58	21	41
	59	25	44
	60	20	44
	61	22	43
	62	22	41
	63	20	41
	64	19	43
	65	21	43
	66	21	40
	67	21	42
	68	21	43
	69	22	42
	70	23	43
	71	20	41
	72	22	42
	73	21	42
	74	19	42
	75	22	47
	76	21	45
	77	24	45
	78	22	42
	79	24	43
	80	21	43
	81	22	44
	82	22	40
	83	20	45
	84	22	39
	85	21	43
	86	22	44
	87	23	43
	88	19	44
	89	22	41
	90	22	44
	91	25	40
	92	21	42
	93	24	46
	94	24	46
	95	22	44
	96	23	48
	97	21	43
	98	24	45
	99	23	45
	100	26	40
	101	23	41
	102	24	42
	103	20	43
	104	22	43
	105	22	43
	106	21	43
	107	24	43
	108	19	42
	109	22	45
	110	21	46
	111	26	40
	112	23	42
	113	22	42
	114	22	44
	115	22	43
	116	22	43
	117	24	42
	118	21	43
	119	23	46
	120	21	42
	121	24	45
	122	21	43
	123	23	45
	124	23	43
	125	23	46
	126	24	43
	127	23	44
	128	23	42
	129	22	44
	130	22	44
	131	24	46
	132	22	43
	133	21	41
	134	25	45
	135	25	44
	136	27	43
	137	24	44
	138	21	46
	139	24	45
	140	23	45
	141	30	45
	142	25	45
	143	23	43
	144	23	43
	145	24	41
	146	24	40
	147	20	41
	148	20	45
	149	23	43
	150	23	43
	151	24	43
	152	21	41
	153	24	45
	154	24	40
	155	24	43
	156	21	42
	157	23	43
	158	21	44
	159	21	47
	160	25	44
	161	21	43
	162	23	43
	163	23	43
	164	25	42
	165	23	43
	166	23	39
	167	22	43
	168	20	42
	169	25	44
	170	21	44
	171	22	44
	172	24	45
	173	27	45
	174	23	43
	175	22	45
	176	20	42
	177	24	41
	178	24	44
	179	21	42
	180	23	42
	181	24	43
	182	21	43
	183	23	42
	184	22	45
	185	23	45
	186	20	44
	187	21	46
	188	22	40
	189	24	44
	190	24	46
	191	23	45
	192	21	42
	193	22	45
	194	22	44
	195	21	43
	196	25	45
	197	23	41
	198	22	41
	199	27	44
	200	24	42
	201	26	45
	202	25	43
	203	25	43
	204	24	44
	205	25	41
	206	23	46
	207	26	44
	208	22	42
	209	25	40
	210	29	46
	211	25	42
	212	21	43
	213	25	45
	214	22	44
	215	23	46
	216	21	45
	217	26	43
	218	22	45
	219	25	50
	220	24	42
	221	21	46
	222	22	41
	223	25	43
	224	23	42
	225	23	44
	226	22	43
	227	22	47
	228	23	44
	229	25	47
	230	25	45
	231	23	44
	232	24	44
	233	23	44
	234	26	44
	235	22	45
	236	23	44
	237	23	41
	238	23	43
	239	24	47
	240	23	41
	241	23	45
	242	26	43
	243	25	42
	244	27	45
	245	26	45
	246	19	42
	247	24	44
	248	22	46
	249	24	46
	250	24	41
	251	24	44
	252	24	45
	253	23	44
	254	22	43
	255	25	48
	256	21	41
	257	26	41
	258	23	45
	259	23	46
	260	23	42
	261	24	45
	262	22	42
	263	26	46
	264	20	40
	265	22	46
	266	23	45
	267	24	45
	268	23	44
	269	24	43
	270	21	43
	271	21	44
	272	23	40
	273	22	40
	274	23	41
	275	27	45
	276	20	41
	277	22	40
	278	23	42
	279	23	43
	280	22	42
	281	23	43
	282	24	45
	283	26	43
	284	22	42
	285	24	44
	286	24	43
	287	25	43
	288	27	45
	289	23	43
	290	24	43
	291	21	44
	292	22	47
	293	21	44
	294	21	43
	295	26	45
	296	23	43
	297	24	44
	298	29	42
	299	24	46
	300	25	41
	301	25	44
	302	24	43
	303	27	43
	304	21	44
	305	23	43
	306	22	43
	307	23	44
	308	23	44
	309	23	44
	310	23	40
	311	22	42
	312	24	43
	313	24	41
	314	24	41
	315	25	44
	316	22	42
	317	24	45
	318	25	46
	319	26	43
	320	25	43
	321	24	42
	322	23	45
	323	25	43
	324	21	43
	325	24	42
	326	24	42
	327	25	45
	328	22	43
	329	24	42
	330	22	44
	331	23	46
	332	24	41
	333	26	48
	334	26	42
	335	27	44
	336	22	42
	337	21	47
	338	26	41
	339	28	42
	340	22	41
	341	25	43
	342	25	39
	343	27	44
	344	21	40
	345	24	42
	346	24	45
	347	25	44
	348	24	41
	349	25	43
	350	25	41
	351	22	44
	352	23	39
	353	26	47
	354	22	41
	355	25	40
	356	22	44
	357	25	43
	358	26	41
	359	24	41
	360	26	44
	361	25	43
	362	26	47
	363	27	43
	364	23	44
	365	25	42
	366	26	44
	367	24	45
	368	26	47
	369	23	41
	370	26	43
	371	26	43
	372	23	42
	373	28	43
	374	28	45
	375	28	44
	376	25	42
	377	27	41
	378	26	44
	379	27	42
	380	26	40
	381	26	41
	382	25	45
	383	28	46
	384	27	45
	385	26	41
	386	27	39
	387	25	44
	388	26	42
	389	27	43
	390	25	42
	391	28	46
	392	25	44
	393	27	47
	394	25	44
	395	28	42
	396	25	46
	397	27	44
	398	27	43
	399	28	48
	400	28	42
	401	28	43
	402	28	42
	403	27	45
	404	28	44
	405	29	43
	406	28	44
	407	29	43
	408	27	45
	409	30	44
	410	27	45
	411	26	44
	412	27	42
	413	28	39
	414	28	40
	415	26	43
	416	27	41
	417	29	43
	418	30	44
	419	31	42
	420	29	40
	421	28	46
	422	31	44
	423	29	43
	424	29	41
	425	29	46
	426	29	45
	427	23	48
	428	30	45
	429	29	44
	430	29	43
	431	29	47
	432	31	43
	433	32	44
	434	31	43
	435	30	46
	436	28	41
	437	30	44
	438	30	45
	439	34	46
	440	31	40
	441	29	45
	442	29	44
	443	29	43
	444	30	43
	445	31	46
	446	31	44
	447	31	45
	448	34	45
	449	30	43
	450	34	44
	451	33	46
	452	39	43
	453	33	45
	454	32	43
	455	31	43
	456	34	44
	457	33	43
	458	30	44
	459	32	47
	460	31	43
	461	32	45
	462	34	42
	463	33	46
	464	32	44
	465	34	47
	466	33	43
	467	37	43
	468	33	43
	469	34	44
	470	35	44
	471	38	47
	472	36	43
	473	38	47
	474	35	43
	475	37	44
	476	35	46
	477	38	47
	478	40	42
	479	36	46
	480	37	46
	481	34	44
	482	38	45
	483	38	43
	484	37	44
	485	37	43
	486	36	43
	487	38	47
	488	37	47
	489	39	45
	490	40	45
	491	42	45
	492	39	44
	493	41	50
	494	38	44
	495	39	45
	496	39	44
	497	42	46
	498	39	43
	499	38	42
	500	41	46
	501	43	45
	502	41	44
	503	42	45
	504	42	44
	505	40	45
	506	42	48
	507	43	50
	508	37	45
	509	44	48
	510	41	43
	511	44	48
	512	44	44
	513	43	47
	514	43	43
	515	44	43
	516	43	48
	517	46	47
	518	45	48
	519	43	48
	520	44	47
	521	46	48
	522	45	47
	523	44	46
	524	45	48
	525	45	45
	526	47	43
	527	45	48
	528	46	46
	529	47	46
	530	46	43
	531	49	47
	532	47	46
	533	49	47
	534	46	47
	535	48	45
	536	46	50
	537	52	46
	538	48	46
	539	48	45
	540	48	46
	541	48	44
	542	49	45
	543	51	46
	544	52	44
	545	51	47
	546	54	47
	547	50	48
	548	54	44
	549	51	48
	550	53	46
	551	56	48
	552	51	46
	553	54	46
	554	53	47
	555	53	46
	556	52	48
	557	54	54
	558	55	47
	559	52	48
	560	54	45
	561	56	46
	562	57	45
	563	58	46
	564	56	45
	565	57	48
	566	57	46
	567	56	48
	568	60	46
	569	57	44
	570	60	49
	571	60	50
	572	60	45
	573	59	47
	574	58	47
	575	59	44
	576	63	47
	577	62	52
	578	58	45
	579	62	47
	580	61	47
	581	65	48
	582	67	47
	583	61	49
	584	66	52
	585	65	51
	586	63	47
	587	69	49
	588	65	46
	589	63	47
	590	67	48
	591	65	47
	592	69	47
	593	68	46
	594	67	46
	595	70	48
	596	63	47
	597	69	46
	598	65	46
	599	68	51
	600	69	46
	601	71	49
	602	71	46
	603	73	50
	604	74	49
	605	71	49
	606	73	44
	607	74	49
	608	73	48
	609	77	47
	610	74	49
	611	74	49
	612	73	49
	613	72	49
	614	78	49
	615	77	51
	616	73	50
	617	76	51
	618	75	48
	619	76	51
	620	75	47
	621	81	52
	622	81	48
	623	80	50
	624	77	50
	625	80	50
	626	80	51
	627	83	51
	628	84	50
	629	85	48
	630	82	53
	631	84	51
	632	82	51
	633	84	53
	634	83	51
	635	82	51
	636	83	47
	637	86	50
	638	83	51
	639	79	51
	640	84	50
	641	82	51
	642	85	51
	643	89	50
	644	86	51
	645	87	51
	646	87	53
	647	89	50
	648	88	49
	649	93	51
	650	88	48
	651	91	50
	652	88	50
	653	87	53
	654	88	51
	655	89	50
	656	92	50
	657	93	52
	658	91	51
	659	89	53
	660	94	53
	661	92	52
	662	90	51
	663	95	52
	664	93	52
	665	97	51
	666	96	50
	667	94	52
	668	93	52
	669	93	52
	670	95	49
	671	96	53
	672	97	51
	673	99	54
	674	96	55
	675	100	54
	676	97	52
	677	100	54
	678	94	51
	679	100	53
	680	99	52
	681	98	56
	682	102	48
	683	99	53
	684	100	51
	685	104	52
	686	102	53
	687	105	55
	688	103	50
	689	101	53
	690	104	53
	691	102	54
	692	105	51
	693	104	53
	694	103	53
	695	104	53
	696	105	51
	697	105	55
	698	107	51
	699	110	54
	700	104	56
	701	108	55
	702	107	52
	703	105	52
	704	106	52
	705	106	54
	706	110	54
	707	112	52
	708	116	53
	709	108	51
	710	104	55
	711	112	54
	712	111	54
	713	111	54
	714	109	53
	715	112	56
	716	112	57
	717	111	55
	718	109	52
	719	113	53
	720	115	54
	721	114	54
	722	113	54
	723	112	53
	724	111	55
	725	117	52
	726	113	55
	727	119	54
	728	116	53
	729	115	55
	730	117	54
	731	113	56
	732	116	53
	733	115	55
	734	115	56
	735	116	54
	736	116	54
	737	116	56
	738	115	55
	739	115	56
	740	119	56
	741	118	53
	742	117	58
	743	117	55
	744	116	56
	745	115	59
	746	118	58
	747	117	57
	748	115	55
	749	115	57
	750	120	56
	751	118	57
	752	116	57
	753	118	56
	754	116	54
	755	120	54
	756	115	52
	757	117	56
	758	120	55
	759	119	57
	760	119	52
	761	115	54
	762	116	57
	763	119	55
	764	112	54
	765	119	56
	766	117	55
	767	118	55
	768	115	53
	769	118	55
	770	117	55
	771	120	56
	772	121	55
	773	119	53
	774	115	54
	775	119	54
	776	127	54
	777	117	55
	778	115	51
	779	115	58
	780	118	56
	781	118	56
	782	116	54
	783	114	55
	784	115	53
	785	119	51
	786	114	55
	787	116	57
	788	113	56
	789	117	53
	790	114	51
	791	117	56
	792	113	53
	793	119	55
	794	116	57
	795	117	53
	796	113	52
	797	113	56
	798	115	54
	799	120	54
	800	115	54
	801	114	54
	802	111	54
	803	112	60
	804	114	53
	805	113	54
	806	109	53
	807	111	55
	808	110	59
	809	112	53
	810	113	54
	811	116	54
	812	107	54
	813	109	55
	814	109	55
	815	108	53
	816	112	52
	817	107	54
	818	108	50
	819	109	53
	820	110	50
	821	105	53
	822	107	51
	823	109	55
	824	103	53
	825	103	52
	826	105	53
	827	106	53
	828	106	54
	829	101	51
	830	103	53
	831	108	52
	832	105	51
	833	108	54
	834	103	53
	835	104	53
	836	101	52
	837	103	53
	838	100	49
	839	101	54
	840	101	50
	841	97	54
	842	102	53
	843	99	54
	844	102	49
	845	101	52
	846	103	51
	847	97	53
	848	97	51
	849	97	52
	850	97	52
	851	99	53
	852	98	51
	853	97	52
	854	95	52
	855	98	53
	856	98	51
	857	96	50
	858	99	52
	859	97	53
	860	95	51
	861	95	51
	862	94	49
	863	95	49
	864	96	50
	865	96	51
	866	95	49
	867	93	51
	868	94	53
	869	92	56
	870	91	50
	871	92	53
	872	93	52
	873	92	54
	874	91	51
	875	93	53
	876	94	53
	877	94	49
	878	92	51
	879	91	49
	880	91	51
	881	93	48
	882	91	50
	883	94	53
	884	91	50
	885	88	49
	886	88	47
	887	90	51
	888	89	51
	889	90	49
	890	89	53
	891	88	51
	892	89	47
	893	89	51
	894	88	48
	895	88	50
	896	87	54
	897	88	49
	898	86	48
	899	86	51
	900	84	49
	901	85	47
	902	86	46
	903	85	51
	904	81	48
	905	85	51
	906	86	47
	907	83	51
	908	83	46
	909	84	49
	910	85	47
	911	85	48
	912	82	46
	913	82	47
	914	81	48
	915	79	47
	916	83	47
	917	80	46
	918	80	47
	919	84	48
	920	78	44
	921	77	48
	922	77	46
	923	79	50
	924	76	45
	925	81	48
	926	76	46
	927	79	47
	928	75	52
	929	78	48
	930	75	46
	931	77	50
	932	71	49
	933	73	50
	934	73	48
	935	74	46
	936	75	45
	937	72	47
	938	69	49
	939	71	50
	940	71	47
	941	69	45
	942	70	48
	943	73	48
	944	72	43
	945	71	50
	946	69	44
	947	72	47
	948	71	51
	949	69	44
	950	72	53
	951	68	46
	952	65	46
	953	65	48
	954	70	43
	955	69	46
	956	67	46
	957	70	48
	958	65	45
	959	67	45
	960	67	46
	961	67	46
	962	69	43
	963	64	45
	964	66	46
	965	63	46
	966	62	45
	967	64	47
	968	63	50
	969	64	46
	970	66	46
	971	62	44
	972	58	45
	973	60	47
	974	63	44
	975	63	45
	976	61	46
	977	58	44
	978	56	41
	979	57	47
	980	56	47
	981	56	48
	982	57	49
	983	56	46
	984	55	46
	985	57	45
	986	55	44
	987	53	43
	988	54	45
	989	55	46
	990	51	46
	991	51	46
	992	50	44
	993	51	50
	994	51	44
	995	51	46
	996	46	47
	997	53	45
	998	50	45
	999	49	46
	1000	53	45
	1001	50	46
	1002	49	48
	1003	50	45
	1004	50	45
	1005	51	44
	1006	51	43
	1007	48	45
	1008	48	44
	1009	50	43
	1010	49	44
	1011	47	43
	1012	46	47
	1013	46	46
	1014	49	44
	1015	48	43
	1016	47	46
	1017	44	47
	1018	45	44
	1019	49	44
	1020	46	44
	1021	47	42
	1022	47	44
	1023	50	44
	1024	44	45
	1025	47	43
	1026	46	43
	1027	49	45
	1028	46	43
	1029	46	43
	1030	43	44
	1031	45	47
	1032	44	42
	1033	44	44
	1034	46	41
	1035	43	43
	1036	43	46
	1037	45	43
	1038	43	42
	1039	44	42
	1040	44	44
	1041	46	41
	1042	43	43
	1043	45	48
	1044	42	48
	1045	47	45
	1046	42	45
	1047	44	43
	1048	45	44
	1049	42	43
	1050	43	47
	1051	42	45
	1052	44	46
	1053	43	41
	1054	44	43
	1055	47	49
	1056	42	47
	1057	42	44
	1058	44	43
	1059	46	45
	1060	42	45
	1061	40	45
	1062	42	43
	1063	42	45
	1064	42	45
	1065	42	43
	1066	42	44
	1067	42	44
	1068	41	44
	1069	43	42
	1070	39	41
	1071	41	46
	1072	38	44
	1073	45	42
	1074	41	47
	1075	41	41
	1076	38	43
	1077	48	46
	1078	39	45
	1079	44	46
	1080	41	45
	1081	41	43
	1082	41	44
	1083	43	45
	1084	38	43
	1085	41	43
	1086	41	42
	1087	42	43
	1088	42	41
	1089	43	44
	1090	39	42
	1091	41	42
	1092	39	43
	1093	40	44
	1094	39	45
	1095	42	44
	1096	39	46
	1097	40	44
	1098	42	44
	1099	40	44
	1100	39	44
	1101	40	43
	1102	38	42
	1103	40	42
	1104	40	44
	1105	40	47
	1106	41	46
	1107	41	43
	1108	40	46
	1109	40	45
	1110	42	46
	1111	38	45
	1112	42	42
	1113	41	42
	1114	38	45
	1115	41	43
	1116	40	43
	1117	40	45
	1118	39	40
	1119	42	44
	1120	39	45
	1121	42	45
	1122	39	45
	1123	42	44
	1124	40	43
	1125	40	43
	1126	37	45
	1127	41	43
	1128	37	44
	1129	33	44
	1130	38	44
	1131	41	45
	1132	38	44
	1133	40	42
	1134	36	41
	1135	38	44
	1136	38	47
	1137	39	47
	1138	37	43
	1139	39	44
	1140	41	43
	1141	40	40
	1142	37	45
	1143	41	44
	1144	37	45
	1145	37	43
	1146	38	43
	1147	41	46
	1148	40	45
	1149	39	43
	1150	37	40
	1151	40	46
	1152	39	42
	1153	37	43
	1154	41	44
	1155	40	44
	1156	37	46
	1157	38	47
	1158	37	45
	1159	41	43
	1160	38	44
	1161	38	41
	1162	38	44
	1163	36	48
	1164	36	43
	1165	40	44
	1166	38	41
	1167	37	43
	1168	35	45
	1169	38	45
	1170	34	43
	1171	38	44
	1172	37	42
	1173	39	45
	1174	37	43
	1175	35	45
	1176	37	45
	1177	38	43
	1178	35	43
	1179	40	43
	1180	38	43
	1181	37	45
	1182	41	43
	1183	38	42
	1184	36	43
	1185	37	40
	1186	37	42
	1187	36	45
	1188	38	43
	1189	36	42
	1190	39	43
	1191	37	45
	1192	38	43
	1193	36	43
	1194	35	43
	1195	38	45
	1196	40	43
	1197	38	46
	1198	37	41
	1199	39	44
	1200	37	42
	1201	37	40
	1202	35	44
	1203	36	47
	1204	37	43
	1205	39	42
	1206	34	41
	1207	38	43
	1208	37	43
	1209	38	40
	1210	36	44
	1211	39	43
	1212	36	44
	1213	39	43
	1214	38	43
	1215	39	40
	1216	36	46
	1217	37	43
	1218	36	40
	1219	37	44
	1220	36	43
	1221	39	46
	1222	38	45
	1223	36	46
	1224	37	42
	1225	39	44
	1226	35	43
	1227	38	42
	1228	34	42
	1229	38	43
	1230	37	42
	1231	36	44
	1232	34	43
	1233	40	45
	1234	35	45
	1235	35	42
	1236	34	40
	1237	35	44
	1238	38	45
	1239	34	45
	1240	36	42
	1241	35	44
	1242	36	43
	1243	36	46
	1244	34	40
	1245	36	43
	1246	35	44
	1247	37	45
	1248	33	43
	1249	39	42
	1250	39	44
	1251	36	43
	1252	38	42
	1253	37	43
	1254	35	45
	1255	39	45
	1256	38	42
	1257	39	43
	1258	36	43
	1259	33	42
	1260	36	43
	1261	35	45
	1262	33	45
	1263	38	41
	1264	36	40
	1265	36	42
	1266	43	46
	1267	44	43
	1268	36	43
	1269	38	43
	1270	31	40
	1271	36	43
	1272	37	44
	1273	40	44
	1274	35	42
	1275	38	51
	1276	34	43
	1277	39	43
	1278	32	43
	1279	36	42
	1280	33	44
	1281	36	45
	1282	37	43
	1283	36	43
	1284	34	44
	1285	35	44
	1286	35	43
	1287	35	43
	1288	34	44
	1289	38	41
	1290	35	43
	1291	34	42
	1292	37	42
	1293	36	43
	1294	32	42
	1295	37	42
	1296	37	43
	1297	34	42
	1298	35	43
	1299	35	43
	1300	35	43
	1301	32	45
	1302	35	43
	1303	36	44
	1304	32	42
	1305	35	42
	1306	34	41
	1307	34	40
	1308	35	42
	1309	35	43
	1310	34	42
	1311	36	45
	1312	34	41
	1313	36	42
	1314	37	44
	1315	34	43
	1316	38	44
	1317	31	43
	1318	34	42
	1319	33	43
	1320	36	44
	1321	34	44
	1322	33	44
	1323	34	45
	1324	34	44
	1325	36	42
	1326	32	41
	1327	36	43
	1328	35	43
	1329	34	43
	1330	35	42
	1331	37	46
	1332	31	40
	1333	35	41
	1334	34	44
	1335	34	44
	1336	32	46
	1337	32	43
	1338	34	43
	1339	32	43
	1340	35	43
	1341	36	46
	1342	35	42
	1343	35	42
	1344	35	42
	1345	34	46
	1346	34	42
	1347	33	45
	1348	32	42
	1349	34	42
	1350	36	41
	1351	34	49
	1352	34	40
	1353	32	44
	1354	30	44
	1355	37	43
	1356	34	44
	1357	32	44
	1358	29	43
	1359	34	43
	1360	31	42
	1361	34	42
	1362	32	42
	1363	30	44
	1364	32	44
	1365	31	46
	1366	33	40
	1367	31	42
	1368	35	41
	1369	35	44
	1370	35	43
	1371	35	41
	1372	37	43
	1373	33	40
	1374	32	43
	1375	34	43
	1376	31	41
	1377	33	47
	1378	31	43
	1379	34	43
	1380	34	43
	1381	41	42
	1382	32	42
	1383	35	43
	1384	34	43
	1385	34	45
	1386	33	43
	1387	34	42
	1388	33	41
	1389	32	44
	1390	32	43
	1391	36	44
	1392	33	43
	1393	34	46
	1394	33	41
	1395	34	42
	1396	31	43
	1397	33	42
	1398	31	42
	1399	31	44
	1400	31	44
	1401	34	43
	1402	33	41
	1403	37	41
	1404	33	42
	1405	30	42
	1406	32	42
	1407	35	43
	1408	30	40
	1409	32	42
	1410	31	43
	1411	32	45
	1412	33	47
	1413	33	45
	1414	32	45
	1415	32	44
	1416	32	44
	1417	31	41
	1418	33	42
	1419	32	41
	1420	31	43
	1421	31	45
	1422	32	43
	1423	34	43
	1424	31	42
	1425	33	45
	1426	30	41
	1427	30	43
	1428	34	45
	1429	31	43
	1430	31	42
	1431	31	43
	1432	29	43
	1433	32	41
	1434	29	45
	1435	33	43
	1436	28	43
	1437	31	42
	1438	28	42
	1439	32	42
	1440	32	42
	1441	32	43
	1442	30	42
	1443	31	43
	1444	31	42
	1445	34	45
	1446	29	43
	1447	31	42
	1448	28	44
	1449	28	45
	1450	31	40
	1451	32	43
	1452	28	42
	1453	31	42
	1454	30	42
	1455	31	43
	1456	29	43
	1457	29	43
	1458	33	42
	1459	31	42
	1460	29	43
	1461	32	43
	1462	33	43
	1463	31	45
	1464	30	40
	1465	31	42
	1466	31	43
	1467	31	41
	1468	30	41
	1469	31	42
	1470	28	43
	1471	28	44
	1472	30	40
	1473	28	43
	1474	32	43
	1475	35	44
	1476	31	43
	1477	31	45
	1478	29	40
	1479	30	43
	1480	28	42
	1481	31	42
	1482	27	43
	1483	29	41
	1484	28	39
	1485	31	43
	1486	29	43
	1487	31	42
	1488	28	40
	1489	29	41
	1490	29	42
	1491	32	44
	1492	32	43
	1493	26	42
	1494	30	41
	1495	27	43
	1496	31	42
	1497	29	42
	1498	26	42
	1499	30	41
	1500	30	44
	1501	31	44
	1502	30	43
	1503	29	45
	1504	29	40
	1505	30	44
	1506	30	43
	1507	32	41
	1508	28	43
	1509	27	43
	1510	28	41
	1511	30	43
	1512	28	41
	1513	32	43
	1514	31	41
	1515	29	43
	1516	27	42
	1517	27	40
	1518	29	42
	1519	27	42
	1520	31	43
	1521	27	41
	1522	30	41
	1523	29	43
	1524	27	43
	1525	29	41
	1526	28	42
	1527	29	40
	1528	28	43
	1529	31	44
	1530	30	41
	1531	36	46
	1532	27	44
	1533	28	42
	1534	31	44
	1535	30	40
	1536	28	39
	1537	28	43
	1538	26	39
	1539	29	43
	1540	28	47
	1541	29	46
	1542	31	44
	1543	31	40
	1544	27	40
	1545	29	44
	1546	26	46
	1547	28	46
	1548	27	42
	1549	27	43
	1550	27	43
	1551	31	43
	1552	29	42
	1553	31	42
	1554	28	43
	1555	32	43
	1556	29	44
	1557	31	41
	1558	32	48
	1559	34	43
	1560	30	43
	1561	31	39
	1562	30	40
	1563	34	45
	1564	31	41
	1565	35	44
	1566	30	42
	1567	34	45
	1568	33	45
	1569	34	44
	1570	37	41
	1571	35	49
	1572	38	41
	1573	34	44
	1574	37	46
	1575	38	43
	1576	37	44
	1577	37	42
	1578	37	41
	1579	40	44
	1580	40	40
	1581	40	43
	1582	37	44
	1583	38	45
	1584	37	42
	1585	40	44
	1586	37	44
	1587	38	46
	1588	36	47
	1589	37	44
	1590	38	42
	1591	38	41
	1592	35	45
	1593	42	44
	1594	36	45
	1595	40	45
	1596	37	42
	1597	44	41
	1598	39	44
	1599	40	45
	1600	35	45
	1601	39	43
	1602	35	42
	1603	38	45
	1604	38	42
	1605	38	45
	1606	34	43
	1607	38	45
	1608	40	45
	1609	39	45
	1610	36	44
	1611	39	44
	1612	37	44
	1613	38	44
	1614	37	43
	1615	39	45
	1616	36	44
	1617	38	46
	1618	40	38
	1619	39	44
	1620	33	44
	1621	35	46
	1622	36	46
	1623	34	41
	1624	39	43
	1625	39	44
	1626	37	44
	1627	38	43
	1628	36	43
	1629	35	44
	1630	33	44
	1631	37	45
	1632	39	42
	1633	39	44
	1634	35	44
	1635	37	47
	1636	38	45
	1637	36	49
	1638	34	45
	1639	36	46
	1640	36	41
	1641	35	41
	1642	31	42
	1643	38	45
	1644	36	47
	1645	36	41
	1646	43	46
	1647	38	44
	1648	36	43
	1649	41	47
	1650	36	42
	1651	34	45
	1652	39	46
	1653	38	46
	1654	39	42
	1655	39	45
	1656	36	44
	1657	38	46
	1658	38	45
	1659	37	45
	1660	35	44
	1661	36	43
	1662	35	45
	1663	36	46
	1664	37	44
	1665	39	45
	1666	38	44
	1667	39	43
	1668	37	45
	1669	37	42
	1670	36	45
	1671	40	44
	1672	35	43
	1673	36	43
	1674	35	41
	1675	36	44
	1676	38	43
	1677	35	45
	1678	34	42
	1679	34	45
	1680	35	43
	1681	35	43
	1682	36	45
	1683	34	44
	1684	35	45
	1685	35	44
	1686	35	40
	1687	37	44
	1688	33	44
	1689	32	44
	1690	29	41
	1691	32	47
	1692	26	42
	1693	31	44
	1694	31	41
	1695	31	43
	1696	29	42
	1697	30	43
	1698	30	43
	1699	29	43
	1700	27	46
	1701	24	43
	1702	27	43
	1703	28	41
	1704	23	40
	1705	30	42
	1706	22	41
	1707	24	40
	1708	26	41
	1709	28	41
	1710	25	41
	1711	27	42
	1712	23	42
	1713	23	42
	1714	23	39
	1715	28	42
	1716	25	42
	1717	26	40
	1718	24	41
	1719	26	42
	1720	25	39
	1721	23	41
	1722	27	41
	1723	27	43
	1724	25	38
	1725	25	42
	1726	29	40
	1727	27	43
	1728	23	42
	1729	24	44
	1730	25	39
	1731	26	43
	1732	22	42
	1733	25	42
	1734	23	41
	1735	24	39
	1736	24	40
	1737	26	40
	1738	23	43
	1739	23	41
	1740	23	39
	1741	25	41
	1742	22	40
	1743	27	42
	1744	26	41
	1745	21	41
	1746	23	41
	1747	26	42
	1748	28	43
	1749	25	41
	1750	23	39
	1751	25	42
	1752	23	42
	1753	23	40
	1754	22	44
	1755	25	39
	1756	24	41
	1757	22	41
	1758	25	39
	1759	19	42
	1760	21	44
	1761	25	44
	1762	24	42
	1763	24	43
	1764	23	41
	1765	23	40
	1766	25	40
	1767	24	41
	1768	23	39
	1769	24	44
	1770	22	39
	1771	25	42
	1772	23	40
	1773	23	43
	1774	24	42
	1775	22	43
	1776	23	41
	1777	24	41
	1778	24	39
	1779	21	41
	1780	24	40
	1781	23	44
	1782	26	41
	1783	25	41
	1784	21	41
	1785	21	41
	1786	25	43
	1787	24	40
	1788	23	40
	1789	22	43
	1790	21	39
	1791	25	43
	1792	23	43
	1793	22	41
	1794	23	41
	1795	21	44
	1796	21	39
	1797	24	44
	1798	18	42
	1799	24	40
	1800	23	37
	1801	20	42
	1802	22	42
	1803	25	40
	1804	22	41
	1805	22	40
	1806	20	40
	1807	26	39
	1808	23	41
	1809	22	41
	1810	23	41
	1811	25	42
	1812	23	42
	1813	21	41
	1814	22	42
	1815	19	41
	1816	21	39
	1817	22	39
	1818	20	40
	1819	24	42
	1820	21	41
	1821	24	42
	1822	22	38
	1823	25	40
	1824	22	38
	1825	20	43
	1826	23	43
	1827	24	44
	1828	21	41
	1829	19	41
	1830	22	43
	1831	22	41
	1832	23	41
	1833	25	41
	1834	21	40
	1835	26	41
	1836	22	37
	1837	24	40
	1838	22	38
	1839	24	39
	1840	23	42
	1841	21	40
	1842	25	43
	1843	24	43
	1844	25	41
	1845	21	39
	1846	21	41
	1847	23	41
	1848	23	41
	1849	21	42
	1850	20	35
	1851	23	43
	1852	19	44
	1853	24	40
	1854	23	38
	1855	25	41
	1856	24	42
	1857	23	40
	1858	21	41
	1859	23	41
	1860	19	41
	1861	22	42
	1862	23	41
	1863	20	42
	1864	21	42
	1865	22	41
	1866	20	41
	1867	23	42
	1868	20	42
	1869	19	41
	1870	22	39
	1871	20	40
	1872	23	42
	1873	23	41
	1874	22	41
	1875	23	42
	1876	21	39
	1877	22	42
	1878	23	41
	1879	24	41
	1880	23	43
	1881	25	40
	1882	22	36
	1883	24	42
	1884	22	41
	1885	23	43
	1886	23	43
	1887	21	42
	1888	23	41
	1889	20	41
	1890	20	41
	1891	23	45
	1892	21	43
	1893	24	41
	1894	21	44
	1895	23	42
	1896	18	42
	1897	24	39
	1898	23	40
	1899	25	41
	1900	24	39
	1901	21	41
	1902	21	41
	1903	22	42
	1904	25	37
	1905	21	40
	1906	21	44
	1907	31	42
	1908	21	41
	1909	23	39
	1910	22	42
	1911	22	42
	1912	23	39
	1913	24	42
	1914	25	40
	1915	22	40
	1916	24	37
	1917	23	42
	1918	22	39
	1919	23	40
	1920	23	41
	1921	20	47
	1922	22	41
	1923	23	44
	1924	23	41
	1925	22	39
	1926	24	43
	1927	24	37
	1928	23	41
	1929	22	41
	1930	21	40
	1931	21	41
	1932	22	41
	1933	22	41
	1934	22	40
	1935	22	41
	1936	21	39
	1937	23	44
	1938	20	38
	1939	23	40
	1940	24	41
	1941	22	40
	1942	22	39
	1943	21	43
	1944	20	42
	1945	22	40
	1946	21	40
	1947	20	42
	1948	23	42
	1949	18	45
	1950	22	42
	1951	25	43
	1952	21	41
	1953	24	43
	1954	24	39
	1955	23	40
	1956	24	41
	1957	22	43
	1958	21	39
	1959	23	40
	1960	21	40
	1961	22	41
	1962	22	42
	1963	22	42
	1964	23	41
	1965	23	41
	1966	21	44
	1967	22	38
	1968	21	41
	1969	20	42
	1970	22	43
	1971	25	43
	1972	21	41
	1973	24	42
	1974	21	42
	1975	23	41
	1976	20	41
	1977	22	44
	1978	22	42
	1979	22	39
	1980	21	42
	1981	23	40
	1982	21	39
	1983	22	41
	1984	21	39
	1985	21	44
	1986	22	42
	1987	21	42
	1988	20	42
	1989	21	40
	1990	23	41
	1991	21	40
	1992	25	40
	1993	23	43
	1994	20	40
	1995	21	41
	1996	19	40
	1997	22	39
	1998	25	40
	1999	22	41
	2000	20	41
	2001	19	41
	2002	22	43
	2003	19	39
	2004	19	44
	2005	21	41
	2006	18	45
	2007	21	42
	2008	20	41
	2009	22	43
	2010	20	41
	2011	19	42
	2012	22	41
	2013	20	41
	2014	20	40
	2015	20	45
	2016	21	41
	2017	20	41
	2018	21	39
	2019	21	40
	2020	20	41
	2021	22	41
	2022	21	41
	2023	20	41
	2024	21	40
	2025	19	39
	2026	20	41
	2027	21	41
	2028	18	40
	2029	22	41
	2030	20	38
	2031	22	43
	2032	21	39
	2033	21	43
	2034	21	40
	2035	21	42
	2036	18	40
	2037	23	38
	2038	21	40
	2039	20	40
	2040	16	42
	2041	21	42
	2042	18	41
	2043	22	43
	2044	19	39
	2045	20	41
	2046	20	41
	2047	21	40
	2048	19	41
	2049	18	43
	2050	19	40
	2051	20	41
	2052	19	41
	2053	19	37
	2054	21	40
	2055	19	42
	2056	20	41
	2057	21	41
	2058	19	41
	2059	20	42
	2060	19	39
	2061	21	41
	2062	20	39
	2063	21	43
	2064	19	40
	2065	23	41
	2066	22	39
	2067	21	43
	2068	20	41
	2069	20	43
	2070	18	39
	2071	23	41
	2072	20	40
	2073	19	41
	2074	18	39
	2075	21	40
	2076	19	39
	2077	19	42
	2078	21	40
	2079	20	41
	2080	20	42
	2081	21	41
	2082	20	42
	2083	20	42
	2084	18	40
	2085	20	41
	2086	18	38
	2087	21	40
	2088	18	40
	2089	18	43
	2090	20	42
	2091	19	43
	2092	20	40
	2093	21	39
	2094	23	40
	2095	21	42
	2096	18	40
	2097	21	40
	2098	19	40
	2099	21	42
	2100	18	42
	2101	21	42
	2102	21	38
	2103	22	40
	2104	19	40
	2105	23	44
	2106	20	43
	2107	20	42
	2108	21	40
	2109	21	42
	2110	21	42
	2111	20	40
	2112	20	40
	2113	20	40
	2114	18	44
	2115	20	41
	2116	19	40
	2117	20	41
	2118	17	42
	2119	19	39
	2120	17	40
	2121	23	39
	2122	20	41
	2123	21	44
	2124	20	42
	2125	20	40
	2126	18	42
	2127	21	42
	2128	22	40
	2129	21	41
	2130	21	42
	2131	20	42
	2132	17	39
	2133	19	42
	2134	17	40
	2135	20	39
	2136	20	41
	2137	20	42
	2138	19	39
	2139	23	41
	2140	19	43
	2141	23	43
	2142	20	39
	2143	21	40
	2144	21	40
	2145	21	39
	2146	20	43
	2147	19	42
	2148	22	42
	2149	22	39
	2150	21	40
	2151	20	37
	2152	19	40
	2153	21	40
	2154	19	42
	2155	21	42
	2156	19	39
	2157	20	42
	2158	21	40
	2159	15	40
	2160	19	40
	2161	21	40
	2162	21	39
	2163	23	42
	2164	18	38
	2165	21	40
	2166	20	42
	2167	20	38
	2168	18	41
	2169	22	41
	2170	19	63
	2171	22	44
	2172	19	41
	2173	18	41
	2174	20	39
	2175	21	43
	2176	19	41
	2177	20	39
	2178	18	41
	2179	24	41
	2180	21	41
	2181	21	43
	2182	21	40
	2183	22	39
	2184	21	39
	2185	21	42
	2186	18	40
	2187	22	41
	2188	19	39
	2189	21	41
	2190	18	40
	2191	18	42
	2192	20	40
	2193	20	41
	2194	20	46
	2195	22	41
	2196	18	39
	2197	21	40
	2198	18	42
	2199	21	41
	2200	19	41
	2201	19	42
	2202	21	40
	2203	21	42
	2204	21	40
	2205	24	40
	2206	17	41
	2207	19	40
	2208	20	43
	2209	21	43
	2210	18	40
	2211	20	40
	2212	18	40
	2213	20	40
	2214	19	42
	2215	21	41
	2216	18	42
	2217	20	43
	2218	21	40
	2219	20	40
	2220	20	41
	2221	19	41
	2222	21	42
	2223	19	43
	2224	21	41
	2225	20	43
	2226	20	40
	2227	19	41
	2228	21	38
	2229	18	43
	2230	19	40
	2231	21	40
	2232	17	41
	2233	19	41
	2234	19	44
	2235	21	40
	2236	21	41
	2237	20	40
	2238	19	42
	2239	20	44
	2240	22	40
	2241	22	39
	2242	18	38
	2243	18	41
	2244	21	39
	2245	22	39
	2246	20	40
	2247	20	39
	2248	20	36
	2249	19	42
	2250	22	42
	2251	22	41
	2252	18	43
	2253	20	38
	2254	21	37
	2255	22	40
	2256	21	37
	2257	18	41
	2258	21	42
	2259	22	39
	2260	21	42
	2261	19	38
	2262	19	37
	2263	19	42
	2264	20	41
	2265	19	42
	2266	19	41
	2267	21	40
	2268	19	41
	2269	19	40
	2270	17	41
	2271	19	41
	2272	19	42
	2273	21	41
	2274	23	40
	2275	21	39
	2276	18	42
	2277	19	38
	2278	20	42
	2279	18	42
	2280	22	38
	2281	19	40
	2282	23	40
	2283	21	41
	2284	19	42
	2285	20	39
	2286	21	41
	2287	20	42
	2288	18	39
	2289	20	43
	2290	19	39
	2291	20	40
	2292	20	41
	2293	21	41
	2294	21	41
	2295	23	42
	2296	19	37
	2297	22	41
	2298	21	41
	2299	22	42
	2300	21	41
	2301	21	41
	2302	21	40
	2303	21	42
	2304	18	39
	2305	23	43
	2306	21	44
	2307	20	39
	2308	17	42
	2309	21	41
	2310	19	40
	2311	21	40
	2312	18	39
	2313	20	40
	2314	22	41
	2315	18	43
	2316	20	36
	2317	21	41
	2318	17	42
	2319	21	42
	2320	18	39
	2321	21	40
	2322	20	39
	2323	21	40
	2324	20	42
	2325	21	38
	2326	19	40
	2327	19	40
	2328	19	39
	2329	20	44
	2330	23	41
	2331	21	41
	2332	18	41
	2333	21	41
	2334	22	41
	2335	21	41
	2336	19	40
	2337	18	41
	2338	21	38
	2339	20	41
	2340	21	43
	2341	21	40
	2342	16	39
	2343	20	42
	2344	17	39
	2345	22	40
	2346	17	42
	2347	20	39
	2348	20	40
	2349	17	41
	2350	18	38
	2351	21	44
	2352	18	40
	2353	18	42
	2354	18	43
	2355	20	41
	2356	19	39
	2357	21	39
	2358	20	40
	2359	21	40
	2360	17	41
	2361	19	42
	2362	17	43
	2363	20	43
	2364	19	40
	2365	20	41
	2366	19	42
	2367	21	42
	2368	17	38
	2369	19	43
	2370	21	39
	2371	20	41
	2372	21	41
	2373	19	40
	2374	21	39
	2375	21	43
	2376	18	41
	2377	19	40
	2378	19	42
	2379	23	40
	2380	19	42
	2381	19	44
	2382	18	41
	2383	21	42
	2384	18	41
	2385	20	40
	2386	19	41
	2387	20	39
	2388	19	39
	2389	19	43
	2390	19	40
	2391	20	40
	2392	20	38
	2393	16	40
	2394	20	38
	2395	19	42
	2396	20	37
	2397	21	41
	2398	21	40
	2399	19	41
	2400	19	44
	2401	20	40
	2402	16	41
	2403	28	41
	2404	20	36
	2405	19	41
	2406	20	40
	2407	21	42
	2408	18	40
	2409	23	40
	2410	21	42
	2411	20	40
	2412	22	46
	2413	20	41
	2414	22	38
	2415	23	37
	2416	18	38
	2417	23	47
	2418	23	43
	2419	22	41
	2420	19	41
	2421	21	41
	2422	20	39
	2423	21	42
	2424	20	38
	2425	24	41
	2426	15	39
	2427	18	42
	2428	18	39
	2429	20	42
	2430	19	38
	2431	23	40
	2432	20	43
	2433	19	46
	2434	20	41
	2435	21	42
	2436	19	38
	2437	19	43
	2438	18	38
	2439	19	41
	2440	19	40
	2441	19	40
	2442	20	36
	2443	21	41
	2444	20	39
	2445	19	40
	2446	22	39
	2447	19	39
	2448	17	42
	2449	19	38
	2450	19	42
	2451	22	39
	2452	20	40
	2453	20	41
	2454	21	38
	2455	19	41
	2456	20	40
	2457	19	41
	2458	21	42
	2459	19	42
	2460	19	40
	2461	20	43
	2462	21	39
	2463	21	41
	2464	20	45
	2465	21	40
	2466	19	40
	2467	20	44
	2468	20	39
	2469	19	39
	2470	19	40
	2471	18	40
	2472	20	42
	2473	19	41
	2474	19	41
	2475	20	44
	2476	20	38
	2477	20	41
	2478	19	41
	2479	17	41
	2480	16	42
	2481	22	42
	2482	21	43
	2483	20	41
	2484	20	40
	2485	20	38
	2486	21	43
	2487	18	40
	2488	19	39
	2489	19	40
	2490	20	43
	2491	18	42
	2492	19	39
	2493	19	41
	2494	22	38
	2495	20	42
	2496	18	43
	2497	18	43
	2498	19	41
	2499	18	41
	2500	17	41
	2501	19	42
	2502	21	41
	2503	19	42
	2504	22	38
	2505	18	40
	2506	19	39
	2507	20	44
	2508	21	42
	2509	20	43
	2510	20	39
	2511	22	42
	2512	21	40
	2513	21	42
	2514	19	40
	2515	21	39
	2516	19	38
	2517	20	39
	2518	21	39
	2519	18	40
	2520	19	39
	2521	23	40
	2522	21	41
	2523	22	41
	2524	19	41
	2525	19	39
	2526	19	41
	2527	22	41
	2528	17	41
	2529	21	44
	2530	19	40
	2531	22	42
	2532	19	41
	2533	18	40
	2534	19	39
	2535	23	41
	2536	19	39
	2537	20	42
	2538	19	43
	2539	16	40
	2540	19	37
	2541	20	44
	2542	18	42
	2543	23	41
	2544	16	38
	2545	20	40
	2546	20	40
	2547	20	44
	2548	20	42
	2549	20	42
	2550	18	40
	2551	18	41
	2552	19	42
	2553	19	39
	2554	21	41
	2555	21	42
	2556	19	42
	2557	21	43
	2558	19	42
	2559	18	42
	2560	18	40
	2561	21	43
	2562	20	39
	2563	20	41
	2564	18	40
	2565	20	38
	2566	20	40
	2567	23	47
	2568	22	39
	2569	22	39
	2570	21	40
	2571	22	38
	2572	18	41
	2573	19	39
	2574	19	39
	2575	21	40
	2576	19	40
	2577	22	40
	2578	19	41
	2579	19	40
	2580	20	39
	2581	21	41
	2582	20	41
	2583	20	41
	2584	19	40
	2585	19	40
	2586	16	41
	2587	21	42
	2588	19	41
	2589	22	41
	2590	20	39
	2591	21	44
	2592	19	41
	2593	21	41
	2594	18	39
	2595	21	41
	2596	22	41
	2597	19	40
	2598	19	38
	2599	21	41
	2600	18	41
	2601	18	41
	2602	21	39
	2603	19	41
	2604	20	39
	2605	22	41
	2606	21	40
	2607	21	42
	2608	20	39
	2609	19	41
	2610	15	40
	2611	19	37
	2612	20	41
	2613	21	41
	2614	17	39
	2615	20	42
	2616	17	39
	2617	21	42
	2618	20	39
	2619	20	39
	2620	19	40
	2621	22	43
	2622	21	40
	2623	18	43
	2624	19	37
	2625	19	39
	2626	24	40
	2627	19	42
	2628	20	38
	2629	20	37
	2630	20	41
	2631	20	39
	2632	22	40
	2633	20	42
	2634	20	39
	2635	21	41
	2636	20	40
	2637	19	42
	2638	19	42
	2639	19	40
	2640	20	38
	2641	23	42
	2642	19	38
	2643	19	41
	2644	17	39
	2645	19	41
	2646	19	41
	2647	19	43
	2648	18	40
	2649	19	41
	2650	19	43
	2651	20	40
	2652	19	40
	2653	20	41
	2654	22	39
	2655	21	44
	2656	19	37
	2657	20	39
	2658	18	39
	2659	20	41
	2660	18	38
	2661	19	39
	2662	20	39
	2663	20	41
	2664	19	41
	2665	17	40
	2666	20	40
	2667	21	41
	2668	19	41
	2669	20	42
	2670	17	42
	2671	21	41
	2672	20	42
	2673	19	40
	2674	18	36
	2675	20	44
	2676	22	39
	2677	20	39
	2678	19	40
	2679	21	38
	2680	21	41
	2681	20	42
	2682	20	37
	2683	19	40
	2684	18	41
	2685	19	42
	2686	22	39
	2687	19	41
	2688	19	38
	2689	22	41
	2690	18	41
	2691	21	42
	2692	20	39
	2693	19	39
	2694	22	38
	2695	18	39
	2696	18	42
	2697	19	41
	2698	20	42
	2699	20	40
	2700	21	37
	2701	19	43
	2702	19	39
	2703	22	43
	2704	18	38
	2705	23	39
	2706	19	41
	2707	21	42
	2708	19	39
	2709	17	42
	2710	19	38
	2711	19	43
	2712	18	39
	2713	20	42
	2714	20	39
	2715	20	41
	2716	21	41
	2717	20	41
	2718	18	43
	2719	22	42
	2720	19	41
	2721	25	41
	2722	19	40
	2723	18	41
	2724	19	39
	2725	20	41
	2726	23	39
	2727	22	39
	2728	18	41
	2729	18	41
	2730	17	40
	2731	20	42
	2732	19	40
	2733	20	40
	2734	18	41
	2735	22	40
	2736	19	38
	2737	21	40
	2738	19	40
	2739	23	40
	2740	19	42
	2741	19	39
	2742	20	40
	2743	22	40
	2744	20	41
	2745	18	40
	2746	17	39
	2747	22	41
	2748	19	39
	2749	19	41
	2750	19	40
	2751	21	40
	2752	20	39
	2753	22	39
	2754	15	39
	2755	18	41
	2756	20	39
	2757	19	39
	2758	20	40
	2759	22	43
	2760	20	39
	2761	18	43
	2762	19	39
	2763	22	39
	2764	18	39
	2765	20	42
	2766	19	40
	2767	21	40
	2768	18	40
	2769	20	39
	2770	18	40
	2771	21	40
	2772	19	40
	2773	20	39
	2774	19	39
	2775	22	40
	2776	17	42
	2777	21	39
	2778	19	40
	2779	19	40
	2780	17	40
	2781	22	44
	2782	18	40
	2783	24	41
	2784	19	40
	2785	18	37
	2786	21	42
	2787	20	42
	2788	18	39
	2789	20	40
	2790	18	39
	2791	19	38
	2792	21	40
	2793	19	41
	2794	19	40
	2795	22	40
	2796	19	40
	2797	21	37
	2798	22	39
	2799	19	40
	2800	17	43
	2801	18	42
	2802	19	47
	2803	20	37
	2804	19	41
	2805	21	40
	2806	21	41
	2807	16	39
	2808	18	43
	2809	20	42
	2810	21	41
	2811	22	41
	2812	17	41
	2813	21	38
	2814	18	42
	2815	20	44
	2816	20	41
	2817	20	41
	2818	18	37
	2819	21	41
	2820	18	38
	2821	18	39
	2822	19	40
	2823	22	42
	2824	19	40
	2825	20	38
	2826	20	37
	2827	19	40
	2828	19	40
	2829	18	39
	2830	21	39
	2831	26	39
	2832	16	40
	2833	20	41
	2834	18	39
	2835	21	41
	2836	20	41
	2837	20	41
	2838	20	40
	2839	22	42
	2840	19	42
	2841	18	41
	2842	20	41
	2843	19	40
	2844	17	44
	2845	21	39
	2846	18	39
	2847	19	40
	2848	18	39
	2849	18	39
	2850	20	40
	2851	19	39
	2852	19	37
	2853	20	41
	2854	19	40
	2855	18	41
	2856	16	38
	2857	17	40
	2858	16	41
	2859	21	43
	2860	18	40
	2861	22	41
	2862	17	42
	2863	21	42
	2864	20	40
	2865	20	38
	2866	16	40
	2867	20	40
	2868	17	39
	2869	18	44
	2870	22	39
	2871	18	41
	2872	18	40
	2873	19	41
	2874	19	41
	2875	20	43
	2876	20	41
	2877	20	40
	2878	17	44
	2879	19	39
	2880	19	42
	2881	20	38
	2882	19	38
	2883	23	39
	2884	22	41
	2885	20	43
	2886	20	39
	2887	22	39
	2888	18	35
	2889	43	41
	2890	21	39
	2891	18	44
	2892	18	40
	2893	21	39
	2894	17	41
	2895	22	41
	2896	19	43
	2897	18	39
	2898	20	41
	2899	20	41
	2900	20	41
	2901	21	42
	2902	17	41
	2903	19	40
	2904	21	40
	2905	18	43
	2906	20	41
	2907	20	44
	2908	18	41
	2909	24	40
	2910	20	42
	2911	21	43
	2912	19	40
	2913	20	40
	2914	17	42
	2915	20	42
	2916	18	39
	2917	20	39
	2918	19	41
	2919	18	42
	2920	24	37
	2921	19	41
	2922	18	40
	2923	21	40
	2924	21	40
	2925	20	36
	2926	22	39
	2927	20	43
	2928	20	40
	2929	20	40
	2930	17	41
	2931	19	40
	2932	18	39
	2933	17	41
	2934	19	42
	2935	16	44
	2936	19	42
	2937	20	40
	2938	17	40
	2939	20	38
	2940	18	41
	2941	22	42
	2942	19	40
	2943	21	39
	2944	18	41
	2945	19	41
	2946	18	39
	2947	21	38
	2948	20	41
	2949	20	41
	2950	20	42
	2951	18	39
	2952	17	39
	2953	19	40
	2954	19	40
	2955	22	42
	2956	20	41
	2957	21	41
	2958	19	37
	2959	20	40
	2960	20	40
	2961	18	43
	2962	20	39
	2963	19	42
	2964	19	40
	2965	20	39
	2966	21	42
	2967	17	39
	2968	21	40
	2969	21	42
	2970	18	41
	2971	18	39
	2972	18	39
	2973	21	39
	2974	21	40
	2975	20	41
	2976	17	39
	2977	19	40
	2978	18	39
	2979	21	41
	2980	21	39
	2981	17	43
	2982	20	41
	2983	19	44
	2984	20	40
	2985	22	37
	2986	19	42
	2987	21	41
	2988	20	41
	2989	22	41
	2990	17	42
	2991	18	42
	2992	18	38
	2993	20	40
	2994	19	38
	2995	20	41
	2996	19	40
	2997	17	40
	2998	22	42
	2999	21	42
	3000	20	42
	3001	19	41
	3002	18	38
	3003	22	42
	3004	19	43
	3005	18	41
	3006	17	39
	3007	18	42
	3008	19	39
	3009	20	41
	3010	21	42
	3011	21	41
	3012	21	38
	3013	19	40
	3014	18	39
	3015	21	43
	3016	20	40
	3017	20	41
	3018	19	43
	3019	20	39
	3020	19	42
	3021	22	41
	3022	18	41
	3023	21	40
	3024	18	42
	3025	20	41
	3026	20	39
	3027	20	43
	3028	19	38
	3029	20	40
	3030	19	40
	3031	18	41
	3032	16	40
	3033	22	44
	3034	21	38
	3035	22	40
	3036	17	38
	3037	20	42
	3038	17	41
	3039	18	38
	3040	18	40
	3041	21	41
	3042	18	41
	3043	21	39
	3044	22	38
	3045	18	40
	3046	21	42
	3047	20	41
	3048	18	39
	3049	19	41
	3050	19	42
	3051	22	40
	3052	17	43
	3053	17	42
	3054	19	40
	3055	19	42
	3056	22	39
	3057	20	42
	3058	17	40
	3059	20	42
	3060	20	39
	3061	17	42
	3062	20	42
	3063	19	44
	3064	19	41
	3065	22	40
	3066	18	39
	3067	20	43
	3068	19	43
	3069	21	39
	3070	17	41
	3071	21	40
	3072	22	44
	3073	21	41
	3074	23	39
	3075	19	40
	3076	18	38
	3077	21	39
	3078	20	42
	3079	20	41
	3080	20	41
	3081	20	41
	3082	18	39
	3083	20	41
	3084	19	40
	3085	21	41
	3086	19	39
	3087	19	42
	3088	17	41
	3089	21	43
	3090	20	40
	3091	19	40
	3092	19	39
	3093	20	39
	3094	19	40
	3095	17	42
	3096	20	40
	3097	21	42
	3098	18	40
	3099	19	41
	3100	20	41
	3101	20	41
	3102	19	42
	3103	18	39
	3104	18	40
	3105	20	42
	3106	19	40
	3107	20	42
	3108	22	40
	3109	17	42
	3110	19	42
	3111	19	42
	3112	19	44
	3113	22	41
	3114	20	41
	3115	22	42
	3116	20	38
	3117	20	41
	3118	20	39
	3119	18	40
	3120	18	38
	3121	20	40
	3122	19	41
	3123	18	40
	3124	22	40
	3125	22	40
	3126	19	39
	3127	18	42
	3128	18	42
	3129	18	43
	3130	18	40
	3131	19	43
	3132	20	41
	3133	23	41
	3134	19	39
	3135	21	43
	3136	23	40
	3137	19	42
	3138	22	40
	3139	19	42
	3140	20	39
	3141	18	39
	3142	20	41
	3143	20	39
	3144	20	41
	3145	20	41
	3146	23	38
	3147	19	41
	3148	17	39
	3149	21	42
	3150	20	41
	3151	19	38
	3152	19	40
	3153	21	42
	3154	20	39
	3155	18	41
	3156	20	41
	3157	21	41
	3158	21	41
	3159	21	42
	3160	20	41
	3161	19	42
	3162	18	39
	3163	22	42
	3164	19	42
	3165	22	43
	3166	21	42
	3167	22	40
	3168	20	39
	3169	22	40
	3170	18	37
	3171	21	43
	3172	21	40
	3173	22	40
	3174	20	38
	3175	18	41
	3176	19	41
	3177	22	41
	3178	18	43
	3179	22	38
	3180	19	42
	3181	19	41
	3182	17	41
	3183	19	39
	3184	19	42
	3185	24	42
	3186	19	41
	3187	17	41
	3188	22	41
	3189	22	39
	3190	19	39
	3191	21	43
	3192	19	43
	3193	20	43
	3194	19	38
	3195	19	40
	3196	17	41
	3197	20	39
	3198	21	42
	3199	20	39
	3200	19	38
	3201	16	41
	3202	19	39
	3203	20	41
	3204	20	43
	3205	19	41
	3206	18	40
	3207	20	43
	3208	20	39
	3209	19	39
	3210	17	41
	3211	23	41
	3212	18	37
	3213	22	42
	3214	19	40
	3215	21	42
	3216	20	39
	3217	20	40
	3218	20	41
	3219	19	39
	3220	21	41
	3221	18	41
	3222	19	40
	3223	22	44
	3224	18	40
	3225	21	41
	3226	18	41
	3227	20	43
	3228	21	38
	3229	23	39
	3230	20	38
	3231	21	40
	3232	19	36
	3233	20	39
	3234	21	41
	3235	20	38
	3236	20	41
	3237	19	39
	3238	18	43
	3239	21	43
	3240	18	42
	3241	21	42
	3242	20	41
	3243	23	40
	3244	21	37
	3245	19	41
	3246	17	41
	3247	18	42
	3248	19	38
	3249	19	40
	3250	20	41
	3251	20	39
	3252	19	39
	3253	20	40
	3254	19	42
	3255	19	41
	3256	20	41
	3257	20	41
	3258	18	40
	3259	22	39
	3260	16	40
	3261	18	44
	3262	22	41
	3263	23	40
	3264	20	39
	3265	21	39
	3266	17	37
	3267	22	39
	3268	20	41
	3269	22	38
	3270	20	39
	3271	21	36
	3272	22	41
	3273	20	40
	3274	17	42
	3275	22	42
	3276	20	41
	3277	21	43
	3278	20	39
	3279	18	42
	3280	18	39
	3281	19	43
	3282	19	42
	3283	19	41
	3284	20	41
	3285	22	39
	3286	21	42
	3287	20	42
	3288	19	40
	3289	21	40
	3290	19	39
	3291	21	38
	3292	19	41
	3293	22	40
	3294	18	41
	3295	21	41
	3296	19	41
	3297	19	40
	3298	18	40
	3299	19	42
	3300	18	37
	3301	19	39
	3302	20	38
	3303	19	40
	3304	19	41
	3305	22	41
	3306	18	38
	3307	18	40
	3308	18	40
	3309	18	42
	3310	22	41
	3311	21	43
	3312	21	40
	3313	18	42
	3314	20	40
	3315	19	40
	3316	20	42
	3317	22	40
	3318	17	40
	3319	19	41
	3320	19	40
	3321	19	41
	3322	21	40
	3323	23	38
	3324	19	40
	3325	19	40
	3326	19	40
	3327	19	41
	3328	21	39
	3329	18	43
	3330	20	40
	3331	19	41
	3332	17	41
	3333	18	42
	3334	21	37
	3335	20	41
	3336	20	42
	3337	19	42
	3338	17	41
	3339	22	37
	3340	19	41
	3341	20	40
	3342	22	41
	3343	19	39
	3344	17	40
	3345	19	40
	3346	19	40
	3347	23	41
	3348	21	36
	3349	20	41
	3350	18	40
	3351	21	38
	3352	17	42
	3353	19	41
	3354	19	40
	3355	21	42
	3356	20	37
	3357	20	41
	3358	20	40
	3359	21	40
	3360	19	39
	3361	21	41
	3362	23	41
	3363	19	39
	3364	19	41
	3365	19	41
	3366	20	39
	3367	21	42
	3368	18	38
	3369	20	41
	3370	18	40
	3371	20	40
	3372	18	39
	3373	19	40
	3374	17	39
	3375	20	41
	3376	20	42
	3377	19	40
	3378	18	40
	3379	19	39
	3380	22	40
	3381	20	39
	3382	15	40
	3383	19	35
	3384	20	40
	3385	19	40
	3386	19	43
	3387	21	42
	3388	21	40
	3389	17	40
	3390	21	38
	3391	18	39
	3392	17	42
	3393	19	38
	3394	19	39
	3395	22	44
	3396	21	42
	3397	19	42
	3398	17	40
	3399	20	40
	3400	20	41
	3401	23	42
	3402	19	40
	3403	19	42
	3404	19	40
	3405	18	42
	3406	21	39
	3407	21	41
	3408	19	40
	3409	19	40
	3410	17	40
	3411	15	42
	3412	20	41
	3413	20	39
	3414	19	39
	3415	22	41
	3416	17	41
	3417	18	40
	3418	19	41
	3419	20	41
	3420	21	39
	3421	19	41
	3422	17	40
	3423	22	41
	3424	21	39
	3425	18	38
	3426	20	39
	3427	19	44
	3428	18	43
	3429	20	41
	3430	18	41
	3431	22	41
	3432	22	40
	3433	21	40
	3434	18	40
	3435	22	41
	3436	18	38
	3437	19	39
	3438	19	39
	3439	21	41
	3440	21	40
	3441	20	44
	3442	20	39
	3443	20	40
	3444	21	42
	3445	18	41
	3446	19	40
	3447	20	42
	3448	17	39
	3449	19	42
	3450	19	44
	3451	20	40
	3452	22	40
	3453	19	39
	3454	21	38
	3455	21	39
	3456	19	40
	3457	21	39
	3458	20	40
	3459	22	42
	3460	19	35
	3461	21	42
	3462	19	42
	3463	22	39
	3464	19	41
	3465	20	39
	3466	20	41
	3467	21	42
	3468	19	39
	3469	21	40
	3470	22	42
	3471	20	41
	3472	20	45
	3473	21	40
	3474	22	39
	3475	21	40
	3476	19	40
	3477	19	41
	3478	19	42
	3479	21	44
	3480	18	39
	3481	20	41
	3482	16	37
	3483	17	41
	3484	18	42
	3485	21	41
	3486	20	40
	3487	21	39
	3488	19	40
	3489	18	41
	3490	20	40
	3491	19	41
	3492	19	39
	3493	18	40
	3494	18	37
	3495	20	39
	3496	20	38
	3497	20	39
	3498	18	41
	3499	21	40
	3500	17	45
	3501	19	40
	3502	19	40
	3503	19	40
	3504	19	41
	3505	19	44
	3506	18	39
	3507	19	40
	3508	15	39
	3509	22	44
	3510	20	41
	3511	21	39
	3512	19	39
	3513	23	41
	3514	18	39
	3515	20	42
	3516	20	39
	3517	21	37
	3518	18	39
	3519	20	39
	3520	17	41
	3521	18	41
	3522	18	39
	3523	18	38
	3524	19	40
	3525	19	41
	3526	19	40
	3527	21	41
	3528	15	37
	3529	21	40
	3530	18	41
	3531	20	41
	3532	20	37
	3533	20	43
	3534	19	39
	3535	19	44
	3536	21	43
	3537	19	38
	3538	18	39
	3539	19	41
	3540	18	43
	3541	21	40
	3542	18	40
	3543	21	41
	3544	21	39
	3545	19	41
	3546	19	39
	3547	21	42
	3548	17	40
	3549	22	42
	3550	22	43
	3551	21	40
	3552	20	38
	3553	19	42
	3554	18	39
	3555	21	42
	3556	17	39
	3557	22	41
	3558	20	40
	3559	19	42
	3560	21	42
	3561	23	39
	3562	20	42
	3563	22	41
	3564	19	41
	3565	22	41
	3566	20	38
	3567	18	42
	3568	18	42
	3569	23	41
	3570	21	40
	3571	20	41
	3572	16	39
	3573	20	43
	3574	18	40
	3575	20	40
	3576	19	40
	3577	22	39
	3578	19	38
	3579	20	44
	3580	20	39
	3581	20	40
	3582	19	38
	3583	24	41
	3584	20	38
	3585	19	42
	3586	19	38
	3587	20	42
	3588	18	39
	3589	18	41
	3590	17	42
	3591	20	40
	3592	19	37
	3593	20	40
	3594	18	40
	3595	21	40
	3596	19	41
	3597	21	38
	3598	20	39
	3599	21	40
	3600	19	40
	3601	19	41
	3602	20	41
	3603	20	38
	3604	18	40
	3605	21	41
	3606	20	39
	3607	20	42
	3608	17	41
	3609	18	41
	3610	21	43
	3611	21	42
	3612	19	41
	3613	20	38
	3614	19	39
	3615	22	40
	3616	19	38
	3617	21	38
	3618	18	40
	3619	18	42
	3620	19	37
	3621	21	40
	3622	17	42
	3623	21	40
	3624	18	41
	3625	21	40
	3626	19	39
	3627	19	40
	3628	19	41
	3629	20	41
	3630	20	38
	3631	19	40
	3632	18	40
	3633	21	42
	3634	20	39
	3635	23	41
	3636	19	39
	3637	21	42
	3638	20	40
	3639	20	44
	3640	18	40
	3641	22	40
	3642	21	39
	3643	21	40
	3644	23	41
	3645	18	45
	3646	20	42
	3647	18	41
	3648	19	41
	3649	21	41
	3650	21	38
	3651	21	43
	3652	21	40
	3653	18	42
	3654	20	40
	3655	21	41
	3656	18	44
	3657	21	41
	3658	21	41
	3659	20	42
	3660	20	38
	3661	23	40
	3662	20	39
	3663	21	39
	3664	20	41
	3665	21	39
	3666	19	39
	3667	22	39
	3668	18	41
	3669	23	41
	3670	21	37
	3671	20	42
	3672	19	42
	3673	18	42
	3674	19	38
	3675	21	41
	3676	20	39
	3677	21	42
	3678	20	37
	3679	17	41
	3680	19	40
	3681	19	40
	3682	20	38
	3683	19	37
	3684	19	37
	3685	20	41
	3686	19	40
	3687	20	40
	3688	21	39
	3689	21	42
	3690	18	40
	3691	19	43
	3692	20	38
	3693	19	44
	3694	20	39
	3695	21	42
	3696	19	40
	3697	22	38
	3698	18	43
	3699	22	41
	3700	26	40
	3701	19	38
	3702	19	42
	3703	20	42
	3704	19	39
	3705	23	41
	3706	19	39
	3707	21	43
	3708	22	39
	3709	19	41
	3710	19	37
	3711	18	37
	3712	18	38
	3713	21	38
	3714	19	39
	3715	21	43
	3716	18	40
	3717	19	39
	3718	20	39
	3719	21	41
	3720	19	39
	3721	18	38
	3722	18	39
	3723	18	38
