   0 38.000000
   1 39.000000
   2 41.000000
   3 40.000000
   4 43.000000
   5 39.000000
   6 40.000000
   7 41.000000
   8 40.000000
   9 42.000000
  10 38.000000
  11 40.000000
  12 39.000000
  13 40.000000
  14 39.000000
  15 42.000000
  16 42.000000
  17 42.000000
  18 41.000000
  19 37.000000
  20 40.000000
  21 39.000000
  22 42.000000
  23 41.000000
  24 41.000000
  25 39.000000
  26 41.000000
  27 44.000000
  28 41.000000
  29 43.000000
  30 42.000000
  31 43.000000
  32 45.000000
  33 40.000000
  34 44.000000
  35 40.000000
  36 42.000000
  37 42.000000
  38 45.000000
  39 42.000000
  40 41.000000
  41 41.000000
  42 42.000000
  43 42.000000
  44 44.000000
  45 41.000000
  46 40.000000
  47 41.000000
  48 41.000000
  49 41.000000
  50 42.000000
  51 42.000000
  52 45.000000
  53 40.000000
  54 43.000000
  55 40.000000
  56 44.000000
  57 44.000000
  58 42.000000
  59 42.000000
  60 47.000000
  61 41.000000
  62 44.000000
  63 45.000000
  64 43.000000
  65 43.000000
  66 43.000000
  67 45.000000
  68 43.000000
  69 44.000000
  70 46.000000
  71 42.000000
  72 45.000000
  73 42.000000
  74 42.000000
  75 43.000000
  76 46.000000
  77 44.000000
  78 43.000000
  79 41.000000
  80 45.000000
  81 43.000000
  82 41.000000
  83 41.000000
  84 47.000000
  85 42.000000
  86 45.000000
  87 46.000000
  88 43.000000
  89 43.000000
  90 42.000000
  91 44.000000
  92 45.000000
  93 43.000000
  94 46.000000
  95 46.000000
  96 42.000000
  97 52.000000
  98 44.000000
  99 44.000000
 100 45.000000
 101 45.000000
 102 44.000000
 103 42.000000
 104 46.000000
 105 43.000000
 106 42.000000
 107 44.000000
 108 43.000000
 109 40.000000
 110 46.000000
 111 46.000000
 112 42.000000
 113 42.000000
 114 44.000000
 115 44.000000
 116 43.000000
 117 42.000000
 118 45.000000
 119 45.000000
 120 44.000000
 121 45.000000
 122 43.000000
 123 43.000000
 124 46.000000
 125 43.000000
 126 47.000000
 127 44.000000
 128 44.000000
 129 42.000000
 130 45.000000
 131 43.000000
 132 47.000000
 133 45.000000
 134 43.000000
 135 41.000000
 136 44.000000
 137 44.000000
 138 44.000000
 139 45.000000
 140 49.000000
 141 43.000000
 142 45.000000
 143 42.000000
 144 47.000000
 145 44.000000
 146 45.000000
 147 43.000000
 148 45.000000
 149 48.000000
 150 43.000000
 151 47.000000
 152 43.000000
 153 44.000000
 154 48.000000
 155 44.000000
 156 46.000000
 157 44.000000
 158 48.000000
 159 49.000000
 160 51.000000
 161 50.000000
 162 49.000000
 163 45.000000
 164 47.000000
 165 41.000000
 166 47.000000
 167 48.000000
 168 45.000000
 169 44.000000
 170 43.000000
 171 46.000000
 172 43.000000
 173 41.000000
 174 43.000000
 175 46.000000
 176 46.000000
 177 44.000000
 178 45.000000
 179 43.000000
 180 44.000000
 181 44.000000
 182 47.000000
 183 45.000000
 184 41.000000
 185 43.000000
 186 43.000000
 187 44.000000
 188 46.000000
 189 43.000000
 190 42.000000
 191 45.000000
 192 47.000000
 193 42.000000
 194 45.000000
 195 43.000000
 196 43.000000
 197 43.000000
 198 44.000000
 199 44.000000
 200 47.000000
 201 45.000000
 202 46.000000
 203 47.000000
 204 46.000000
 205 44.000000
 206 46.000000
 207 45.000000
 208 47.000000
 209 49.000000
 210 46.000000
 211 53.000000
 212 50.000000
 213 45.000000
 214 44.000000
 215 44.000000
 216 44.000000
 217 43.000000
 218 44.000000
 219 43.000000
 220 51.000000
 221 41.000000
 222 44.000000
 223 44.000000
 224 40.000000
 225 45.000000
 226 45.000000
 227 44.000000
 228 45.000000
 229 47.000000
 230 46.000000
 231 45.000000
 232 46.000000
 233 41.000000
 234 45.000000
 235 40.000000
 236 42.000000
 237 45.000000
 238 45.000000
 239 43.000000
 240 44.000000
 241 44.000000
 242 42.000000
 243 42.000000
 244 43.000000
 245 43.000000
 246 46.000000
 247 44.000000
 248 43.000000
 249 44.000000
 250 43.000000
 251 45.000000
 252 45.000000
 253 41.000000
 254 44.000000
 255 41.000000
 256 44.000000
 257 43.000000
 258 42.000000
 259 46.000000
 260 45.000000
 261 46.000000
 262 45.000000
 263 42.000000
 264 44.000000
 265 41.000000
 266 48.000000
 267 43.000000
 268 43.000000
 269 43.000000
 270 44.000000
 271 43.000000
 272 43.000000
 273 40.000000
 274 41.000000
 275 45.000000
 276 45.000000
 277 46.000000
 278 48.000000
 279 45.000000
 280 44.000000
 281 44.000000
 282 44.000000
 283 40.000000
 284 44.000000
 285 42.000000
 286 45.000000
 287 44.000000
 288 43.000000
 289 43.000000
 290 42.000000
 291 45.000000
 292 46.000000
 293 45.000000
 294 44.000000
 295 48.000000
 296 47.000000
 297 45.000000
 298 49.000000
 299 45.000000
 300 48.000000
 301 43.000000
 302 43.000000
 303 43.000000
 304 40.000000
 305 43.000000
 306 44.000000
 307 44.000000
 308 45.000000
 309 40.000000
 310 43.000000
 311 39.000000
 312 42.000000
 313 45.000000
 314 43.000000
 315 43.000000
 316 43.000000
 317 48.000000
 318 46.000000
 319 44.000000
 320 46.000000
 321 43.000000
 322 46.000000
 323 46.000000
 324 47.000000
 325 41.000000
 326 47.000000
 327 41.000000
 328 44.000000
 329 45.000000
 330 44.000000
 331 45.000000
 332 46.000000
 333 40.000000
 334 46.000000
 335 43.000000
 336 43.000000
 337 42.000000
 338 44.000000
 339 44.000000
 340 44.000000
 341 42.000000
 342 43.000000
 343 44.000000
 344 46.000000
 345 44.000000
 346 44.000000
 347 45.000000
 348 41.000000
 349 45.000000
 350 44.000000
 351 41.000000
 352 45.000000
 353 42.000000
 354 46.000000
 355 42.000000
 356 43.000000
 357 44.000000
 358 42.000000
 359 43.000000
 360 43.000000
 361 42.000000
 362 44.000000
 363 46.000000
 364 40.000000
 365 44.000000
 366 45.000000
 367 42.000000
 368 40.000000
 369 41.000000
 370 43.000000
 371 43.000000
 372 42.000000
 373 41.000000
 374 41.000000
 375 41.000000
 376 44.000000
 377 42.000000
 378 44.000000
 379 44.000000
 380 43.000000
 381 43.000000
 382 39.000000
 383 43.000000
 384 44.000000
 385 43.000000
 386 44.000000
 387 40.000000
 388 43.000000
 389 43.000000
 390 44.000000
 391 42.000000
 392 43.000000
 393 41.000000
 394 45.000000
 395 45.000000
 396 44.000000
 397 44.000000
 398 43.000000
 399 43.000000
 400 48.000000
 401 43.000000
 402 42.000000
 403 41.000000
 404 42.000000
 405 43.000000
 406 43.000000
 407 40.000000
 408 41.000000
 409 42.000000
 410 43.000000
 411 47.000000
 412 44.000000
 413 43.000000
 414 47.000000
 415 44.000000
 416 42.000000
 417 43.000000
 418 43.000000
 419 45.000000
 420 45.000000
 421 42.000000
 422 44.000000
 423 43.000000
 424 46.000000
 425 43.000000
 426 45.000000
 427 43.000000
 428 42.000000
 429 42.000000
 430 44.000000
 431 43.000000
 432 48.000000
 433 43.000000
 434 45.000000
 435 40.000000
 436 46.000000
 437 41.000000
 438 43.000000
 439 40.000000
 440 44.000000
 441 42.000000
 442 45.000000
 443 42.000000
 444 43.000000
 445 41.000000
 446 45.000000
 447 43.000000
 448 44.000000
 449 43.000000
 450 41.000000
 451 44.000000
 452 42.000000
 453 43.000000
 454 44.000000
 455 43.000000
 456 43.000000
 457 44.000000
 458 43.000000
 459 43.000000
 460 45.000000
 461 43.000000
 462 43.000000
 463 39.000000
 464 44.000000
 465 45.000000
 466 42.000000
 467 44.000000
 468 44.000000
 469 43.000000
 470 42.000000
 471 43.000000
 472 45.000000
 473 42.000000
 474 46.000000
 475 43.000000
 476 40.000000
 477 42.000000
 478 44.000000
 479 43.000000
 480 43.000000
 481 42.000000
 482 41.000000
 483 41.000000
 484 41.000000
 485 43.000000
 486 42.000000
 487 43.000000
 488 43.000000
 489 46.000000
 490 42.000000
 491 43.000000
 492 42.000000
 493 41.000000
 494 42.000000
 495 43.000000
 496 42.000000
 497 39.000000
 498 41.000000
 499 40.000000
 500 44.000000
 501 42.000000
 502 42.000000
 503 42.000000
 504 39.000000
 505 46.000000
 506 42.000000
 507 43.000000
 508 43.000000
 509 43.000000
 510 43.000000
 511 42.000000
 512 45.000000
 513 42.000000
 514 44.000000
 515 42.000000
 516 40.000000
 517 46.000000
 518 45.000000
 519 44.000000
 520 45.000000
 521 42.000000
 522 46.000000
 523 46.000000
 524 45.000000
 525 43.000000
 526 44.000000
 527 42.000000
 528 47.000000
 529 38.000000
 530 44.000000
 531 41.000000
 532 44.000000
 533 41.000000
 534 43.000000
 535 41.000000
 536 44.000000
 537 44.000000
 538 43.000000
 539 42.000000
 540 44.000000
 541 42.000000
 542 44.000000
 543 41.000000
 544 42.000000
 545 39.000000
 546 43.000000
 547 42.000000
 548 45.000000
 549 43.000000
 550 42.000000
 551 43.000000
 552 45.000000
 553 44.000000
 554 42.000000
 555 41.000000
 556 43.000000
 557 45.000000
 558 47.000000
 559 42.000000
 560 46.000000
 561 40.000000
 562 44.000000
 563 43.000000
 564 43.000000
 565 44.000000
 566 43.000000
 567 41.000000
 568 46.000000
 569 44.000000
 570 42.000000
 571 43.000000
 572 47.000000
 573 40.000000
 574 45.000000
 575 40.000000
 576 39.000000
 577 39.000000
 578 45.000000
 579 42.000000
 580 42.000000
 581 43.000000
 582 40.000000
 583 44.000000
 584 44.000000
 585 44.000000
 586 44.000000
 587 46.000000
 588 43.000000
 589 40.000000
 590 42.000000
 591 44.000000
 592 43.000000
 593 39.000000
 594 44.000000
 595 41.000000
 596 42.000000
 597 41.000000
 598 44.000000
 599 44.000000
 600 44.000000
 601 41.000000
 602 45.000000
 603 43.000000
 604 47.000000
 605 45.000000
 606 45.000000
 607 42.000000
 608 42.000000
 609 43.000000
 610 41.000000
 611 43.000000
 612 43.000000
 613 44.000000
 614 42.000000
 615 44.000000
 616 42.000000
 617 44.000000
 618 44.000000
 619 45.000000
 620 45.000000
 621 38.000000
 622 41.000000
 623 43.000000
 624 42.000000
 625 42.000000
 626 41.000000
 627 43.000000
 628 45.000000
 629 44.000000
 630 41.000000
 631 43.000000
 632 43.000000
 633 43.000000
 634 44.000000
 635 39.000000
 636 42.000000
 637 41.000000
 638 42.000000
 639 45.000000
 640 42.000000
 641 45.000000
 642 40.000000
 643 43.000000
 644 40.000000
 645 42.000000
 646 41.000000
 647 43.000000
 648 43.000000
 649 42.000000
 650 45.000000
 651 41.000000
 652 42.000000
 653 42.000000
 654 45.000000
 655 41.000000
 656 39.000000
 657 42.000000
 658 43.000000
 659 42.000000
 660 44.000000
 661 41.000000
 662 41.000000
 663 41.000000
 664 40.000000
 665 44.000000
 666 43.000000
 667 41.000000
 668 43.000000
 669 42.000000
 670 39.000000
 671 39.000000
 672 44.000000
 673 39.000000
 674 43.000000
 675 43.000000
 676 41.000000
 677 42.000000
 678 40.000000
 679 42.000000
 680 42.000000
 681 43.000000
 682 43.000000
 683 43.000000
 684 45.000000
 685 42.000000
 686 42.000000
 687 42.000000
 688 45.000000
 689 39.000000
 690 44.000000
 691 42.000000
 692 42.000000
 693 41.000000
 694 42.000000
 695 44.000000
 696 39.000000
 697 42.000000
 698 43.000000
 699 42.000000
 700 42.000000
 701 43.000000
 702 44.000000
 703 41.000000
 704 36.000000
 705 42.000000
 706 43.000000
 707 42.000000
 708 43.000000
 709 42.000000
 710 42.000000
 711 42.000000
 712 40.000000
 713 43.000000
 714 42.000000
 715 43.000000
 716 45.000000
 717 44.000000
 718 43.000000
 719 47.000000
 720 39.000000
 721 43.000000
 722 43.000000
 723 42.000000
 724 42.000000
 725 42.000000
 726 42.000000
 727 40.000000
 728 43.000000
 729 42.000000
 730 43.000000
 731 39.000000
 732 42.000000
 733 43.000000
 734 44.000000
 735 40.000000
 736 43.000000
 737 43.000000
 738 42.000000
 739 42.000000
 740 43.000000
 741 42.000000
 742 43.000000
 743 43.000000
 744 46.000000
 745 44.000000
 746 45.000000
 747 44.000000
 748 45.000000
 749 41.000000
 750 43.000000
 751 46.000000
 752 44.000000
 753 42.000000
 754 44.000000
 755 42.000000
 756 40.000000
 757 40.000000
 758 44.000000
 759 44.000000
 760 46.000000
 761 42.000000
 762 43.000000
 763 44.000000
 764 44.000000
 765 42.000000
 766 43.000000
 767 45.000000
 768 44.000000
 769 39.000000
 770 42.000000
 771 43.000000
 772 44.000000
 773 45.000000
 774 42.000000
 775 42.000000
 776 43.000000
 777 41.000000
 778 43.000000
 779 43.000000
 780 45.000000
 781 44.000000
 782 47.000000
 783 42.000000
 784 44.000000
 785 48.000000
 786 44.000000
 787 48.000000
 788 49.000000
 789 56.000000
 790 68.000000
 791 87.000000
 792 110.000000
 793 112.000000
 794 113.000000
 795 123.000000
 796 99.000000
 797 140.000000
 798 183.000000
 799 162.000000
 800 131.000000
 801 116.000000
 802 119.000000
 803 125.000000
 804 111.000000
 805 124.000000
 806 164.000000
 807 132.000000
 808 77.000000
 809 55.000000
 810 43.000000
 811 46.000000
 812 48.000000
 813 43.000000
 814 45.000000
 815 42.000000
 816 42.000000
 817 43.000000
 818 44.000000
 819 44.000000
 820 43.000000
 821 44.000000
 822 43.000000
 823 41.000000
 824 41.000000
 825 45.000000
 826 43.000000
 827 44.000000
 828 46.000000
 829 41.000000
 830 43.000000
 831 41.000000
 832 43.000000
 833 43.000000
 834 41.000000
 835 40.000000
 836 43.000000
 837 44.000000
 838 42.000000
 839 43.000000
 840 41.000000
 841 43.000000
 842 46.000000
 843 44.000000
 844 43.000000
 845 41.000000
 846 41.000000
 847 41.000000
 848 43.000000
 849 41.000000
 850 40.000000
 851 41.000000
 852 44.000000
 853 44.000000
 854 44.000000
 855 43.000000
 856 44.000000
 857 43.000000
 858 37.000000
 859 39.000000
 860 44.000000
 861 42.000000
 862 45.000000
 863 41.000000
 864 42.000000
 865 42.000000
 866 43.000000
 867 43.000000
 868 44.000000
 869 40.000000
 870 43.000000
 871 43.000000
 872 44.000000
 873 44.000000
 874 45.000000
 875 42.000000
 876 45.000000
 877 44.000000
 878 43.000000
 879 41.000000
 880 41.000000
 881 41.000000
 882 46.000000
 883 44.000000
 884 44.000000
 885 38.000000
 886 41.000000
 887 39.000000
 888 44.000000
 889 43.000000
 890 44.000000
 891 46.000000
 892 43.000000
 893 42.000000
 894 48.000000
 895 43.000000
 896 45.000000
 897 48.000000
 898 44.000000
 899 42.000000
 900 45.000000
 901 42.000000
 902 46.000000
 903 43.000000
 904 44.000000
 905 46.000000
 906 44.000000
 907 43.000000
 908 46.000000
 909 45.000000
 910 46.000000
 911 48.000000
 912 47.000000
 913 44.000000
 914 49.000000
 915 48.000000
 916 50.000000
 917 46.000000
 918 48.000000
 919 52.000000
 920 50.000000
 921 51.000000
 922 51.000000
 923 57.000000
 924 66.000000
 925 71.000000
 926 101.000000
 927 155.000000
 928 245.000000
 929 371.000000
 930 497.000000
 931 526.000000
 932 495.000000
 933 533.000000
 934 395.000000
 935 645.000000
 936 794.000000
 937 439.000000
 938 195.000000
 939 78.000000
 940 61.000000
 941 50.000000
 942 52.000000
 943 47.000000
 944 46.000000
 945 49.000000
 946 48.000000
 947 47.000000
 948 46.000000
 949 45.000000
 950 45.000000
 951 53.000000
 952 49.000000
 953 47.000000
 954 45.000000
 955 42.000000
 956 45.000000
 957 43.000000
 958 45.000000
 959 45.000000
 960 45.000000
 961 43.000000
 962 44.000000
 963 44.000000
 964 43.000000
 965 42.000000
 966 46.000000
 967 44.000000
 968 43.000000
 969 44.000000
 970 43.000000
 971 44.000000
 972 44.000000
 973 45.000000
 974 45.000000
 975 41.000000
 976 45.000000
 977 45.000000
 978 41.000000
 979 43.000000
 980 43.000000
 981 41.000000
 982 43.000000
 983 40.000000
 984 44.000000
 985 41.000000
 986 43.000000
 987 43.000000
 988 45.000000
 989 41.000000
 990 43.000000
 991 42.000000
 992 43.000000
 993 41.000000
 994 42.000000
 995 42.000000
 996 40.000000
 997 42.000000
 998 42.000000
 999 43.000000
1000 42.000000
1001 42.000000
1002 43.000000
1003 43.000000
1004 42.000000
1005 44.000000
1006 42.000000
1007 41.000000
1008 43.000000
1009 43.000000
1010 44.000000
1011 39.000000
1012 42.000000
1013 43.000000
1014 43.000000
1015 43.000000
1016 42.000000
1017 44.000000
1018 40.000000
1019 41.000000
1020 41.000000
1021 44.000000
1022 45.000000
1023 42.000000
1024 44.000000
1025 44.000000
1026 42.000000
1027 41.000000
1028 43.000000
1029 40.000000
1030 42.000000
1031 40.000000
1032 43.000000
1033 41.000000
1034 39.000000
1035 40.000000
1036 41.000000
1037 42.000000
1038 45.000000
1039 43.000000
1040 44.000000
1041 44.000000
1042 45.000000
1043 39.000000
1044 42.000000
1045 46.000000
1046 43.000000
1047 45.000000
1048 41.000000
1049 44.000000
1050 42.000000
1051 42.000000
1052 42.000000
1053 41.000000
1054 42.000000
1055 41.000000
1056 48.000000
1057 40.000000
1058 42.000000
1059 45.000000
1060 44.000000
1061 43.000000
1062 43.000000
1063 40.000000
1064 40.000000
1065 41.000000
1066 44.000000
1067 42.000000
1068 43.000000
1069 40.000000
1070 44.000000
1071 40.000000
1072 44.000000
1073 41.000000
1074 42.000000
1075 43.000000
1076 44.000000
1077 42.000000
1078 43.000000
1079 41.000000
1080 43.000000
1081 44.000000
1082 42.000000
1083 42.000000
1084 44.000000
1085 43.000000
1086 41.000000
1087 42.000000
1088 40.000000
1089 41.000000
1090 41.000000
1091 40.000000
1092 43.000000
1093 40.000000
1094 41.000000
1095 39.000000
1096 43.000000
1097 43.000000
1098 39.000000
1099 45.000000
1100 41.000000
1101 43.000000
1102 42.000000
1103 40.000000
1104 45.000000
1105 45.000000
1106 45.000000
1107 42.000000
1108 43.000000
1109 41.000000
1110 46.000000
1111 46.000000
1112 42.000000
1113 39.000000
1114 40.000000
1115 42.000000
1116 42.000000
1117 41.000000
1118 43.000000
1119 41.000000
1120 42.000000
1121 41.000000
1122 42.000000
1123 43.000000
1124 45.000000
1125 43.000000
1126 43.000000
1127 43.000000
1128 43.000000
1129 42.000000
1130 42.000000
1131 43.000000
1132 43.000000
1133 42.000000
1134 44.000000
1135 42.000000
1136 46.000000
1137 49.000000
1138 43.000000
1139 44.000000
1140 44.000000
1141 44.000000
1142 40.000000
1143 41.000000
1144 43.000000
1145 43.000000
1146 41.000000
1147 42.000000
1148 43.000000
1149 39.000000
1150 43.000000
1151 39.000000
1152 43.000000
1153 41.000000
1154 45.000000
1155 43.000000
1156 42.000000
1157 44.000000
1158 42.000000
1159 42.000000
1160 43.000000
1161 41.000000
1162 43.000000
1163 41.000000
1164 44.000000
1165 44.000000
1166 43.000000
1167 40.000000
1168 45.000000
1169 45.000000
1170 46.000000
1171 43.000000
1172 41.000000
1173 45.000000
1174 42.000000
1175 41.000000
1176 42.000000
1177 43.000000
1178 42.000000
1179 43.000000
1180 43.000000
1181 41.000000
1182 42.000000
1183 39.000000
1184 46.000000
1185 44.000000
1186 42.000000
1187 40.000000
1188 41.000000
1189 43.000000
1190 44.000000
1191 44.000000
1192 43.000000
1193 45.000000
1194 44.000000
1195 42.000000
1196 43.000000
1197 42.000000
1198 43.000000
1199 43.000000
1200 43.000000
1201 43.000000
1202 43.000000
1203 41.000000
1204 40.000000
1205 43.000000
1206 42.000000
1207 42.000000
1208 42.000000
1209 42.000000
1210 39.000000
1211 42.000000
1212 42.000000
1213 41.000000
1214 41.000000
1215 42.000000
1216 43.000000
1217 39.000000
1218 45.000000
1219 42.000000
1220 40.000000
1221 44.000000
1222 43.000000
1223 41.000000
1224 45.000000
1225 43.000000
1226 44.000000
1227 44.000000
1228 43.000000
1229 43.000000
1230 43.000000
1231 41.000000
1232 43.000000
1233 41.000000
1234 42.000000
1235 43.000000
1236 44.000000
1237 39.000000
1238 42.000000
1239 43.000000
1240 42.000000
1241 39.000000
1242 42.000000
1243 40.000000
1244 44.000000
1245 42.000000
1246 42.000000
1247 41.000000
1248 43.000000
1249 38.000000
1250 45.000000
1251 38.000000
1252 39.000000
1253 42.000000
1254 44.000000
1255 44.000000
1256 43.000000
1257 40.000000
1258 42.000000
1259 41.000000
1260 41.000000
1261 43.000000
1262 43.000000
1263 43.000000
1264 45.000000
1265 41.000000
1266 42.000000
1267 42.000000
1268 41.000000
1269 41.000000
1270 43.000000
1271 40.000000
1272 42.000000
1273 39.000000
1274 41.000000
1275 41.000000
1276 45.000000
1277 42.000000
1278 42.000000
1279 41.000000
1280 41.000000
1281 42.000000
1282 42.000000
1283 43.000000
1284 44.000000
1285 43.000000
1286 41.000000
1287 41.000000
1288 44.000000
1289 39.000000
1290 41.000000
1291 43.000000
1292 44.000000
1293 42.000000
1294 43.000000
1295 44.000000
1296 44.000000
1297 41.000000
1298 43.000000
1299 43.000000
1300 41.000000
1301 42.000000
1302 41.000000
1303 40.000000
1304 44.000000
1305 39.000000
1306 43.000000
1307 42.000000
1308 43.000000
1309 43.000000
1310 40.000000
1311 40.000000
1312 41.000000
1313 42.000000
1314 41.000000
1315 39.000000
1316 44.000000
1317 42.000000
1318 41.000000
1319 43.000000
1320 43.000000
1321 40.000000
1322 44.000000
1323 39.000000
1324 41.000000
1325 42.000000
1326 41.000000
1327 45.000000
1328 46.000000
1329 43.000000
1330 43.000000
1331 39.000000
1332 41.000000
1333 42.000000
1334 42.000000
1335 44.000000
1336 42.000000
1337 39.000000
1338 45.000000
1339 43.000000
1340 41.000000
1341 42.000000
1342 43.000000
1343 38.000000
1344 40.000000
1345 43.000000
1346 44.000000
1347 43.000000
1348 43.000000
1349 43.000000
1350 42.000000
1351 43.000000
1352 42.000000
1353 43.000000
1354 42.000000
1355 42.000000
1356 42.000000
1357 39.000000
1358 42.000000
1359 43.000000
1360 44.000000
1361 40.000000
1362 43.000000
1363 41.000000
1364 44.000000
1365 42.000000
1366 43.000000
1367 44.000000
1368 42.000000
1369 39.000000
1370 41.000000
1371 41.000000
1372 42.000000
1373 43.000000
1374 41.000000
1375 43.000000
1376 44.000000
1377 39.000000
1378 43.000000
1379 43.000000
1380 43.000000
1381 42.000000
1382 43.000000
1383 41.000000
1384 40.000000
1385 43.000000
1386 43.000000
1387 43.000000
1388 42.000000
1389 42.000000
1390 43.000000
1391 41.000000
1392 41.000000
1393 41.000000
1394 47.000000
1395 41.000000
1396 45.000000
1397 44.000000
1398 42.000000
1399 41.000000
1400 41.000000
1401 42.000000
1402 43.000000
1403 43.000000
1404 43.000000
1405 40.000000
1406 39.000000
1407 42.000000
1408 45.000000
1409 40.000000
1410 43.000000
1411 42.000000
1412 43.000000
1413 45.000000
1414 44.000000
1415 40.000000
1416 43.000000
1417 41.000000
1418 41.000000
1419 42.000000
1420 41.000000
1421 42.000000
1422 43.000000
1423 42.000000
1424 42.000000
1425 41.000000
1426 45.000000
1427 41.000000
1428 44.000000
1429 41.000000
1430 46.000000
1431 42.000000
1432 42.000000
1433 38.000000
1434 41.000000
1435 44.000000
1436 42.000000
1437 42.000000
1438 42.000000
1439 41.000000
1440 41.000000
1441 43.000000
1442 41.000000
1443 42.000000
1444 43.000000
1445 43.000000
1446 40.000000
1447 41.000000
1448 45.000000
1449 42.000000
1450 44.000000
1451 41.000000
1452 44.000000
1453 43.000000
1454 41.000000
1455 43.000000
1456 47.000000
1457 42.000000
1458 42.000000
1459 40.000000
1460 42.000000
1461 44.000000
1462 41.000000
1463 42.000000
1464 44.000000
1465 42.000000
1466 42.000000
1467 42.000000
1468 43.000000
1469 42.000000
1470 43.000000
1471 40.000000
1472 44.000000
1473 43.000000
1474 40.000000
1475 44.000000
1476 42.000000
1477 44.000000
1478 44.000000
1479 42.000000
1480 41.000000
1481 39.000000
1482 42.000000
1483 40.000000
1484 43.000000
1485 41.000000
1486 44.000000
1487 42.000000
1488 45.000000
1489 42.000000
1490 41.000000
1491 42.000000
1492 43.000000
1493 46.000000
1494 43.000000
1495 44.000000
1496 43.000000
1497 42.000000
1498 43.000000
1499 41.000000
1500 41.000000
1501 39.000000
1502 43.000000
1503 42.000000
1504 43.000000
1505 41.000000
1506 44.000000
1507 41.000000
1508 42.000000
1509 41.000000
1510 42.000000
1511 46.000000
1512 43.000000
1513 43.000000
1514 42.000000
1515 40.000000
1516 41.000000
1517 41.000000
1518 42.000000
1519 43.000000
1520 44.000000
1521 41.000000
1522 43.000000
1523 41.000000
1524 42.000000
1525 44.000000
1526 42.000000
1527 45.000000
1528 42.000000
1529 43.000000
1530 42.000000
1531 41.000000
1532 43.000000
1533 43.000000
1534 43.000000
1535 42.000000
1536 44.000000
1537 40.000000
1538 43.000000
1539 39.000000
1540 43.000000
1541 42.000000
1542 45.000000
1543 41.000000
1544 41.000000
1545 44.000000
1546 43.000000
1547 43.000000
1548 42.000000
1549 40.000000
1550 42.000000
1551 41.000000
1552 44.000000
1553 44.000000
1554 42.000000
1555 40.000000
1556 44.000000
1557 43.000000
1558 43.000000
1559 47.000000
1560 40.000000
1561 40.000000
1562 45.000000
1563 43.000000
1564 45.000000
1565 41.000000
1566 42.000000
1567 41.000000
1568 44.000000
1569 42.000000
1570 42.000000
1571 40.000000
1572 51.000000
1573 43.000000
1574 45.000000
1575 44.000000
1576 42.000000
1577 41.000000
1578 42.000000
1579 46.000000
1580 44.000000
1581 43.000000
1582 43.000000
1583 42.000000
1584 45.000000
1585 41.000000
1586 43.000000
1587 44.000000
1588 40.000000
1589 41.000000
1590 43.000000
1591 43.000000
1592 42.000000
1593 44.000000
1594 42.000000
1595 41.000000
1596 45.000000
1597 40.000000
1598 43.000000
1599 43.000000
1600 43.000000
1601 43.000000
1602 44.000000
1603 44.000000
1604 43.000000
1605 42.000000
1606 45.000000
1607 46.000000
1608 43.000000
1609 44.000000
1610 48.000000
1611 44.000000
1612 46.000000
1613 45.000000
1614 45.000000
1615 46.000000
1616 47.000000
1617 45.000000
1618 47.000000
1619 43.000000
1620 49.000000
1621 50.000000
1622 49.000000
1623 50.000000
1624 50.000000
1625 49.000000
1626 50.000000
1627 51.000000
1628 53.000000
1629 52.000000
1630 55.000000
1631 60.000000
1632 69.000000
1633 84.000000
1634 124.000000
1635 203.000000
1636 323.000000
1637 426.000000
1638 473.000000
1639 465.000000
1640 398.000000
1641 353.000000
1642 526.000000
1643 653.000000
1644 407.000000
1645 154.000000
1646 73.000000
1647 57.000000
1648 52.000000
1649 55.000000
1650 53.000000
1651 54.000000
1652 53.000000
1653 54.000000
1654 51.000000
1655 48.000000
1656 48.000000
1657 50.000000
1658 48.000000
1659 46.000000
1660 48.000000
1661 45.000000
1662 48.000000
1663 46.000000
1664 46.000000
1665 44.000000
1666 45.000000
1667 47.000000
1668 43.000000
1669 44.000000
1670 45.000000
1671 42.000000
1672 44.000000
1673 46.000000
1674 45.000000
1675 42.000000
1676 44.000000
1677 41.000000
1678 45.000000
1679 43.000000
1680 43.000000
1681 43.000000
1682 41.000000
1683 42.000000
1684 46.000000
1685 44.000000
1686 42.000000
1687 44.000000
1688 42.000000
1689 43.000000
1690 43.000000
1691 41.000000
1692 43.000000
1693 40.000000
1694 43.000000
1695 44.000000
1696 44.000000
1697 40.000000
1698 41.000000
1699 41.000000
1700 42.000000
1701 43.000000
1702 40.000000
1703 40.000000
1704 40.000000
1705 43.000000
1706 42.000000
1707 42.000000
1708 40.000000
1709 40.000000
1710 41.000000
1711 41.000000
1712 44.000000
1713 42.000000
1714 40.000000
1715 45.000000
1716 45.000000
1717 43.000000
1718 44.000000
1719 44.000000
1720 42.000000
1721 44.000000
1722 41.000000
1723 45.000000
1724 43.000000
1725 39.000000
1726 43.000000
1727 41.000000
1728 42.000000
1729 41.000000
1730 43.000000
1731 41.000000
1732 46.000000
1733 42.000000
1734 44.000000
1735 45.000000
1736 41.000000
1737 42.000000
1738 43.000000
1739 43.000000
1740 43.000000
1741 41.000000
1742 41.000000
1743 40.000000
1744 44.000000
1745 41.000000
1746 41.000000
1747 43.000000
1748 43.000000
1749 45.000000
1750 46.000000
1751 41.000000
1752 43.000000
1753 42.000000
1754 42.000000
1755 45.000000
1756 44.000000
1757 42.000000
1758 39.000000
1759 42.000000
1760 42.000000
1761 46.000000
1762 40.000000
1763 44.000000
1764 43.000000
1765 43.000000
1766 41.000000
1767 42.000000
1768 44.000000
1769 42.000000
1770 45.000000
1771 41.000000
1772 44.000000
1773 42.000000
1774 42.000000
1775 44.000000
1776 41.000000
1777 41.000000
1778 40.000000
1779 44.000000
1780 43.000000
1781 43.000000
1782 46.000000
1783 41.000000
1784 42.000000
1785 42.000000
1786 42.000000
1787 40.000000
1788 45.000000
1789 40.000000
1790 45.000000
1791 41.000000
1792 42.000000
1793 40.000000
1794 39.000000
1795 43.000000
1796 43.000000
1797 41.000000
1798 42.000000
1799 41.000000
1800 43.000000
1801 42.000000
1802 40.000000
1803 39.000000
1804 42.000000
1805 41.000000
1806 41.000000
1807 40.000000
1808 40.000000
1809 40.000000
1810 41.000000
1811 42.000000
1812 44.000000
1813 42.000000
1814 41.000000
1815 41.000000
1816 42.000000
1817 43.000000
1818 45.000000
1819 40.000000
1820 43.000000
1821 42.000000
1822 43.000000
1823 43.000000
1824 41.000000
1825 42.000000
1826 40.000000
1827 40.000000
1828 42.000000
1829 43.000000
1830 43.000000
1831 41.000000
1832 45.000000
1833 40.000000
1834 41.000000
1835 43.000000
1836 43.000000
1837 41.000000
1838 43.000000
1839 42.000000
1840 43.000000
1841 41.000000
1842 41.000000
1843 41.000000
1844 43.000000
1845 41.000000
1846 43.000000
1847 41.000000
1848 41.000000
1849 42.000000
1850 42.000000
1851 41.000000
1852 41.000000
1853 41.000000
1854 42.000000
1855 42.000000
1856 43.000000
1857 41.000000
1858 41.000000
1859 43.000000
1860 42.000000
1861 42.000000
1862 41.000000
1863 37.000000
1864 44.000000
1865 44.000000
1866 44.000000
1867 42.000000
1868 42.000000
1869 38.000000
1870 44.000000
1871 40.000000
1872 41.000000
1873 41.000000
1874 42.000000
1875 43.000000
1876 42.000000
1877 42.000000
1878 41.000000
1879 41.000000
1880 42.000000
1881 46.000000
1882 40.000000
1883 43.000000
1884 41.000000
1885 40.000000
1886 44.000000
1887 42.000000
1888 43.000000
1889 41.000000
1890 44.000000
1891 41.000000
1892 41.000000
1893 41.000000
1894 43.000000
1895 43.000000
1896 42.000000
1897 42.000000
1898 42.000000
1899 43.000000
1900 45.000000
1901 42.000000
1902 42.000000
1903 41.000000
1904 43.000000
1905 43.000000
1906 41.000000
1907 42.000000
1908 41.000000
1909 44.000000
1910 42.000000
1911 41.000000
1912 44.000000
1913 43.000000
1914 42.000000
1915 43.000000
1916 40.000000
1917 41.000000
1918 45.000000
1919 47.000000
1920 55.000000
1921 54.000000
1922 61.000000
1923 58.000000
1924 53.000000
1925 51.000000
1926 62.000000
1927 60.000000
1928 50.000000
1929 46.000000
1930 43.000000
1931 41.000000
1932 45.000000
1933 44.000000
1934 44.000000
1935 43.000000
1936 44.000000
1937 46.000000
1938 43.000000
1939 45.000000
1940 45.000000
1941 45.000000
1942 47.000000
1943 43.000000
1944 47.000000
1945 45.000000
1946 46.000000
1947 44.000000
1948 46.000000
1949 49.000000
1950 50.000000
1951 54.000000
1952 55.000000
1953 63.000000
1954 87.000000
1955 125.000000
1956 165.000000
1957 179.000000
1958 187.000000
1959 175.000000
1960 172.000000
1961 172.000000
1962 248.000000
1963 203.000000
1964 108.000000
1965 60.000000
1966 47.000000
1967 47.000000
1968 46.000000
1969 45.000000
1970 50.000000
1971 45.000000
1972 44.000000
1973 43.000000
1974 47.000000
1975 44.000000
1976 44.000000
1977 43.000000
1978 46.000000
1979 44.000000
1980 44.000000
1981 42.000000
1982 43.000000
1983 46.000000
1984 45.000000
1985 41.000000
1986 41.000000
1987 44.000000
1988 44.000000
1989 43.000000
1990 43.000000
1991 44.000000
1992 44.000000
1993 41.000000
1994 40.000000
1995 42.000000
1996 41.000000
1997 40.000000
1998 45.000000
1999 42.000000
2000 44.000000
2001 41.000000
2002 40.000000
2003 44.000000
2004 43.000000
2005 47.000000
2006 45.000000
2007 41.000000
2008 43.000000
2009 45.000000
2010 41.000000
2011 41.000000
2012 46.000000
2013 41.000000
2014 42.000000
2015 42.000000
2016 42.000000
2017 42.000000
2018 43.000000
2019 43.000000
2020 40.000000
2021 41.000000
2022 40.000000
2023 44.000000
2024 44.000000
2025 42.000000
2026 43.000000
2027 41.000000
2028 42.000000
2029 42.000000
2030 43.000000
2031 41.000000
2032 44.000000
2033 39.000000
2034 43.000000
2035 42.000000
2036 44.000000
2037 42.000000
2038 43.000000
2039 42.000000
2040 45.000000
2041 41.000000
2042 44.000000
2043 42.000000
2044 43.000000
2045 44.000000
2046 42.000000
2047 43.000000
2048 43.000000
2049 41.000000
2050 46.000000
2051 42.000000
2052 40.000000
2053 45.000000
2054 40.000000
2055 43.000000
2056 39.000000
2057 40.000000
2058 44.000000
2059 41.000000
2060 44.000000
2061 42.000000
2062 43.000000
2063 42.000000
2064 43.000000
2065 41.000000
2066 45.000000
2067 42.000000
2068 42.000000
2069 42.000000
2070 41.000000
2071 39.000000
2072 44.000000
2073 41.000000
2074 43.000000
2075 44.000000
2076 42.000000
2077 41.000000
2078 40.000000
2079 42.000000
2080 41.000000
2081 40.000000
2082 44.000000
2083 40.000000
2084 45.000000
2085 45.000000
2086 41.000000
2087 43.000000
2088 44.000000
2089 42.000000
2090 40.000000
2091 40.000000
2092 40.000000
2093 41.000000
2094 45.000000
2095 43.000000
2096 42.000000
2097 42.000000
2098 45.000000
2099 40.000000
2100 43.000000
2101 40.000000
2102 43.000000
2103 41.000000
2104 45.000000
2105 40.000000
2106 43.000000
2107 40.000000
2108 43.000000
2109 43.000000
2110 44.000000
2111 43.000000
2112 41.000000
2113 40.000000
2114 43.000000
2115 39.000000
2116 43.000000
2117 41.000000
2118 41.000000
2119 42.000000
2120 39.000000
2121 43.000000
2122 41.000000
2123 45.000000
2124 46.000000
2125 44.000000
2126 41.000000
2127 41.000000
2128 43.000000
2129 41.000000
2130 41.000000
2131 41.000000
2132 43.000000
2133 41.000000
2134 42.000000
2135 42.000000
2136 41.000000
2137 41.000000
2138 43.000000
2139 40.000000
2140 43.000000
2141 43.000000
2142 41.000000
2143 43.000000
2144 42.000000
2145 43.000000
2146 38.000000
2147 41.000000
2148 42.000000
2149 40.000000
2150 40.000000
2151 41.000000
2152 42.000000
2153 41.000000
2154 44.000000
2155 42.000000
2156 43.000000
2157 43.000000
2158 43.000000
2159 40.000000
2160 41.000000
2161 39.000000
2162 41.000000
2163 45.000000
2164 42.000000
2165 40.000000
2166 43.000000
2167 41.000000
2168 41.000000
2169 45.000000
2170 45.000000
2171 61.000000
2172 43.000000
2173 43.000000
2174 43.000000
2175 40.000000
2176 42.000000
2177 42.000000
2178 42.000000
2179 41.000000
2180 40.000000
2181 40.000000
2182 41.000000
2183 42.000000
2184 41.000000
2185 39.000000
2186 44.000000
2187 39.000000
2188 40.000000
2189 42.000000
2190 40.000000
2191 41.000000
2192 43.000000
2193 42.000000
2194 42.000000
2195 47.000000
2196 41.000000
2197 40.000000
2198 42.000000
2199 41.000000
2200 42.000000
2201 40.000000
2202 42.000000
2203 44.000000
2204 41.000000
2205 40.000000
2206 45.000000
2207 42.000000
2208 42.000000
2209 41.000000
2210 40.000000
2211 42.000000
2212 41.000000
2213 40.000000
2214 43.000000
2215 40.000000
2216 40.000000
2217 41.000000
2218 40.000000
2219 40.000000
2220 43.000000
2221 40.000000
2222 41.000000
2223 45.000000
2224 41.000000
2225 41.000000
2226 40.000000
2227 40.000000
2228 40.000000
2229 40.000000
2230 40.000000
2231 41.000000
2232 43.000000
2233 41.000000
2234 42.000000
2235 42.000000
2236 43.000000
2237 43.000000
2238 43.000000
2239 43.000000
2240 46.000000
2241 38.000000
2242 40.000000
2243 40.000000
2244 41.000000
2245 40.000000
2246 41.000000
2247 40.000000
2248 43.000000
2249 41.000000
2250 40.000000
2251 40.000000
2252 41.000000
2253 40.000000
2254 43.000000
2255 43.000000
2256 42.000000
2257 40.000000
2258 42.000000
2259 41.000000
2260 43.000000
2261 41.000000
2262 41.000000
2263 42.000000
2264 42.000000
2265 42.000000
2266 43.000000
2267 41.000000
2268 44.000000
2269 41.000000
2270 41.000000
2271 45.000000
2272 43.000000
2273 44.000000
2274 39.000000
2275 41.000000
2276 42.000000
2277 42.000000
2278 40.000000
2279 41.000000
2280 41.000000
2281 41.000000
2282 42.000000
2283 40.000000
2284 40.000000
2285 42.000000
2286 42.000000
2287 40.000000
2288 41.000000
2289 40.000000
2290 42.000000
2291 42.000000
2292 42.000000
2293 39.000000
2294 39.000000
2295 43.000000
2296 42.000000
2297 41.000000
2298 41.000000
2299 43.000000
2300 42.000000
2301 42.000000
2302 44.000000
2303 44.000000
2304 41.000000
2305 42.000000
2306 41.000000
2307 42.000000
2308 43.000000
2309 39.000000
2310 44.000000
2311 40.000000
2312 45.000000
2313 39.000000
2314 42.000000
2315 39.000000
2316 44.000000
2317 45.000000
2318 42.000000
2319 38.000000
2320 40.000000
2321 41.000000
2322 44.000000
2323 41.000000
2324 43.000000
2325 39.000000
2326 43.000000
2327 40.000000
2328 43.000000
2329 42.000000
2330 43.000000
2331 43.000000
2332 42.000000
2333 41.000000
2334 44.000000
2335 41.000000
2336 39.000000
2337 41.000000
2338 44.000000
2339 40.000000
2340 42.000000
2341 41.000000
2342 40.000000
2343 40.000000
2344 43.000000
2345 41.000000
2346 42.000000
2347 40.000000
2348 40.000000
2349 40.000000
2350 43.000000
2351 41.000000
2352 43.000000
2353 41.000000
2354 41.000000
2355 42.000000
2356 45.000000
2357 43.000000
2358 42.000000
2359 42.000000
2360 42.000000
2361 39.000000
2362 42.000000
2363 43.000000
2364 43.000000
2365 40.000000
2366 43.000000
2367 41.000000
2368 41.000000
2369 39.000000
2370 40.000000
2371 44.000000
2372 43.000000
2373 44.000000
2374 43.000000
2375 41.000000
2376 41.000000
2377 42.000000
2378 43.000000
2379 42.000000
2380 45.000000
2381 42.000000
2382 42.000000
2383 44.000000
2384 43.000000
2385 41.000000
2386 44.000000
2387 41.000000
2388 43.000000
2389 42.000000
2390 43.000000
2391 42.000000
2392 44.000000
2393 41.000000
2394 41.000000
2395 43.000000
2396 41.000000
2397 44.000000
2398 43.000000
2399 40.000000
2400 46.000000
2401 41.000000
2402 43.000000
2403 42.000000
2404 41.000000
2405 42.000000
2406 42.000000
2407 40.000000
2408 43.000000
2409 42.000000
2410 42.000000
2411 43.000000
2412 42.000000
2413 43.000000
2414 42.000000
2415 39.000000
2416 40.000000
2417 41.000000
2418 48.000000
2419 40.000000
2420 42.000000
2421 40.000000
2422 39.000000
2423 41.000000
2424 44.000000
2425 42.000000
2426 44.000000
2427 42.000000
2428 43.000000
2429 39.000000
2430 43.000000
2431 40.000000
2432 42.000000
2433 41.000000
2434 45.000000
2435 40.000000
2436 44.000000
2437 39.000000
2438 43.000000
2439 39.000000
2440 43.000000
2441 43.000000
2442 43.000000
2443 41.000000
2444 39.000000
2445 42.000000
2446 40.000000
2447 41.000000
2448 43.000000
2449 41.000000
2450 42.000000
2451 41.000000
2452 42.000000
2453 38.000000
2454 43.000000
2455 41.000000
2456 43.000000
2457 42.000000
2458 42.000000
2459 40.000000
2460 43.000000
2461 39.000000
2462 43.000000
2463 41.000000
2464 43.000000
2465 46.000000
2466 45.000000
2467 42.000000
2468 44.000000
2469 43.000000
2470 44.000000
2471 40.000000
2472 45.000000
2473 43.000000
2474 43.000000
2475 44.000000
2476 44.000000
2477 48.000000
2478 48.000000
2479 51.000000
2480 50.000000
2481 54.000000
2482 58.000000
2483 53.000000
2484 54.000000
2485 49.000000
2486 57.000000
2487 56.000000
2488 49.000000
2489 46.000000
2490 43.000000
2491 47.000000
2492 52.000000
2493 56.000000
2494 57.000000
2495 57.000000
2496 63.000000
2497 62.000000
2498 66.000000
2499 77.000000
2500 98.000000
2501 92.000000
2502 90.000000
2503 91.000000
2504 95.000000
2505 89.000000
2506 85.000000
2507 113.000000
2508 113.000000
2509 70.000000
2510 47.000000
2511 48.000000
2512 45.000000
2513 44.000000
2514 49.000000
2515 45.000000
2516 41.000000
2517 43.000000
2518 43.000000
2519 42.000000
2520 44.000000
2521 43.000000
2522 40.000000
2523 45.000000
2524 43.000000
2525 43.000000
2526 42.000000
2527 42.000000
2528 44.000000
2529 42.000000
2530 44.000000
2531 43.000000
2532 43.000000
2533 38.000000
2534 42.000000
2535 43.000000
2536 43.000000
2537 42.000000
2538 40.000000
2539 42.000000
2540 43.000000
2541 40.000000
2542 43.000000
2543 42.000000
2544 43.000000
2545 40.000000
2546 41.000000
2547 40.000000
2548 42.000000
2549 42.000000
2550 41.000000
2551 43.000000
2552 42.000000
2553 43.000000
2554 43.000000
2555 43.000000
2556 42.000000
2557 42.000000
2558 43.000000
2559 41.000000
2560 45.000000
2561 41.000000
2562 42.000000
2563 41.000000
2564 42.000000
2565 42.000000
2566 42.000000
2567 43.000000
2568 48.000000
2569 42.000000
2570 42.000000
2571 40.000000
2572 43.000000
2573 40.000000
2574 43.000000
2575 39.000000
2576 40.000000
2577 42.000000
2578 42.000000
2579 42.000000
2580 44.000000
2581 41.000000
2582 43.000000
2583 42.000000
2584 42.000000
2585 43.000000
2586 40.000000
2587 40.000000
2588 43.000000
2589 40.000000
2590 42.000000
2591 41.000000
2592 41.000000
2593 40.000000
2594 45.000000
2595 41.000000
2596 43.000000
2597 37.000000
2598 41.000000
2599 40.000000
2600 46.000000
2601 40.000000
2602 43.000000
2603 43.000000
2604 41.000000
2605 41.000000
2606 42.000000
2607 41.000000
2608 42.000000
2609 42.000000
2610 42.000000
2611 42.000000
2612 42.000000
2613 38.000000
2614 41.000000
2615 40.000000
2616 43.000000
2617 40.000000
2618 39.000000
2619 41.000000
2620 43.000000
2621 40.000000
2622 41.000000
2623 41.000000
2624 43.000000
2625 41.000000
2626 39.000000
2627 40.000000
2628 43.000000
2629 43.000000
2630 43.000000
2631 38.000000
2632 41.000000
2633 42.000000
2634 44.000000
2635 40.000000
2636 40.000000
2637 42.000000
2638 40.000000
2639 39.000000
2640 42.000000
2641 42.000000
2642 41.000000
2643 40.000000
2644 40.000000
2645 40.000000
2646 43.000000
2647 39.000000
2648 43.000000
2649 40.000000
2650 42.000000
2651 43.000000
2652 41.000000
2653 39.000000
2654 41.000000
2655 40.000000
2656 43.000000
2657 42.000000
2658 40.000000
2659 43.000000
2660 40.000000
2661 41.000000
2662 42.000000
2663 38.000000
2664 44.000000
2665 40.000000
2666 40.000000
2667 39.000000
2668 42.000000
2669 44.000000
2670 42.000000
2671 43.000000
2672 43.000000
2673 43.000000
2674 44.000000
2675 43.000000
2676 41.000000
2677 42.000000
2678 41.000000
2679 39.000000
2680 43.000000
2681 39.000000
2682 41.000000
2683 42.000000
2684 42.000000
2685 43.000000
2686 40.000000
2687 40.000000
2688 42.000000
2689 42.000000
2690 41.000000
2691 43.000000
2692 39.000000
2693 41.000000
2694 40.000000
2695 41.000000
2696 40.000000
2697 38.000000
2698 41.000000
2699 41.000000
2700 44.000000
2701 39.000000
2702 41.000000
2703 43.000000
2704 44.000000
2705 44.000000
2706 41.000000
2707 40.000000
2708 39.000000
2709 40.000000
2710 40.000000
2711 42.000000
2712 45.000000
2713 41.000000
2714 44.000000
2715 42.000000
2716 42.000000
2717 42.000000
2718 44.000000
2719 41.000000
2720 43.000000
2721 40.000000
2722 43.000000
2723 40.000000
2724 41.000000
2725 42.000000
2726 42.000000
2727 40.000000
2728 43.000000
2729 43.000000
2730 41.000000
2731 42.000000
2732 41.000000
2733 42.000000
2734 43.000000
2735 42.000000
2736 42.000000
2737 39.000000
2738 42.000000
2739 39.000000
2740 41.000000
2741 41.000000
2742 42.000000
2743 41.000000
2744 40.000000
2745 42.000000
2746 43.000000
2747 42.000000
2748 43.000000
2749 42.000000
2750 40.000000
2751 44.000000
2752 45.000000
2753 43.000000
2754 43.000000
2755 40.000000
2756 40.000000
2757 42.000000
2758 42.000000
2759 42.000000
2760 40.000000
2761 36.000000
2762 44.000000
2763 45.000000
2764 42.000000
2765 41.000000
2766 41.000000
2767 40.000000
2768 46.000000
2769 40.000000
2770 40.000000
2771 42.000000
2772 41.000000
2773 41.000000
2774 43.000000
2775 40.000000
2776 39.000000
2777 39.000000
2778 42.000000
2779 42.000000
2780 42.000000
2781 41.000000
2782 38.000000
2783 43.000000
2784 43.000000
2785 43.000000
2786 44.000000
2787 40.000000
2788 44.000000
2789 42.000000
2790 40.000000
2791 40.000000
2792 41.000000
2793 42.000000
2794 41.000000
2795 38.000000
2796 43.000000
2797 44.000000
2798 39.000000
2799 41.000000
2800 43.000000
2801 42.000000
2802 44.000000
2803 46.000000
2804 42.000000
2805 40.000000
2806 40.000000
2807 42.000000
2808 43.000000
2809 41.000000
2810 41.000000
2811 41.000000
2812 40.000000
2813 43.000000
2814 40.000000
2815 41.000000
2816 41.000000
2817 41.000000
2818 43.000000
2819 43.000000
2820 42.000000
2821 44.000000
2822 41.000000
2823 42.000000
2824 41.000000
2825 39.000000
2826 41.000000
2827 39.000000
2828 41.000000
2829 45.000000
2830 39.000000
2831 42.000000
2832 41.000000
2833 40.000000
2834 42.000000
2835 41.000000
2836 43.000000
2837 38.000000
2838 41.000000
2839 40.000000
2840 41.000000
2841 39.000000
2842 42.000000
2843 41.000000
2844 39.000000
2845 40.000000
2846 40.000000
2847 41.000000
2848 41.000000
2849 41.000000
2850 42.000000
2851 42.000000
2852 40.000000
2853 41.000000
2854 44.000000
2855 43.000000
2856 40.000000
2857 39.000000
2858 43.000000
2859 41.000000
2860 45.000000
2861 39.000000
2862 38.000000
2863 44.000000
2864 44.000000
2865 41.000000
2866 36.000000
2867 40.000000
2868 43.000000
2869 41.000000
2870 41.000000
2871 41.000000
2872 41.000000
2873 38.000000
2874 43.000000
2875 40.000000
2876 42.000000
2877 42.000000
2878 41.000000
2879 41.000000
2880 41.000000
2881 42.000000
2882 43.000000
2883 40.000000
2884 43.000000
2885 41.000000
2886 41.000000
2887 42.000000
2888 42.000000
2889 45.000000
2890 42.000000
2891 43.000000
2892 43.000000
2893 42.000000
2894 42.000000
2895 40.000000
2896 40.000000
2897 41.000000
2898 46.000000
2899 42.000000
2900 42.000000
2901 41.000000
2902 42.000000
2903 43.000000
2904 41.000000
2905 43.000000
2906 41.000000
2907 43.000000
2908 41.000000
2909 38.000000
2910 37.000000
2911 42.000000
2912 45.000000
2913 41.000000
2914 43.000000
2915 43.000000
2916 39.000000
2917 43.000000
2918 41.000000
2919 43.000000
2920 40.000000
2921 40.000000
2922 43.000000
2923 42.000000
2924 41.000000
2925 38.000000
2926 42.000000
2927 44.000000
2928 42.000000
2929 37.000000
2930 42.000000
2931 40.000000
2932 44.000000
2933 39.000000
2934 43.000000
2935 43.000000
2936 40.000000
2937 43.000000
2938 42.000000
2939 43.000000
2940 44.000000
2941 41.000000
2942 45.000000
2943 40.000000
2944 43.000000
2945 43.000000
2946 43.000000
2947 40.000000
2948 44.000000
2949 40.000000
2950 44.000000
2951 42.000000
2952 42.000000
2953 42.000000
2954 39.000000
2955 40.000000
2956 42.000000
2957 41.000000
2958 40.000000
2959 42.000000
2960 41.000000
2961 42.000000
2962 45.000000
2963 41.000000
2964 43.000000
2965 43.000000
2966 42.000000
2967 45.000000
2968 42.000000
2969 41.000000
2970 43.000000
2971 40.000000
2972 41.000000
2973 40.000000
2974 41.000000
2975 39.000000
2976 42.000000
2977 39.000000
2978 41.000000
2979 39.000000
2980 42.000000
2981 41.000000
2982 44.000000
2983 41.000000
2984 40.000000
2985 38.000000
2986 42.000000
2987 42.000000
2988 42.000000
2989 39.000000
2990 41.000000
2991 43.000000
2992 39.000000
2993 41.000000
2994 42.000000
2995 41.000000
2996 41.000000
2997 40.000000
2998 41.000000
2999 43.000000
3000 38.000000
3001 41.000000
3002 45.000000
3003 41.000000
3004 41.000000
3005 40.000000
3006 41.000000
3007 43.000000
3008 41.000000
3009 40.000000
3010 40.000000
3011 42.000000
3012 41.000000
3013 42.000000
3014 41.000000
3015 42.000000
3016 42.000000
3017 40.000000
3018 44.000000
3019 41.000000
3020 43.000000
3021 40.000000
3022 42.000000
3023 42.000000
3024 42.000000
3025 41.000000
3026 40.000000
3027 39.000000
3028 42.000000
3029 40.000000
3030 40.000000
3031 41.000000
3032 43.000000
3033 42.000000
3034 40.000000
3035 40.000000
3036 44.000000
3037 39.000000
3038 41.000000
3039 43.000000
3040 43.000000
3041 39.000000
3042 43.000000
3043 42.000000
3044 43.000000
3045 41.000000
3046 41.000000
3047 42.000000
3048 40.000000
3049 41.000000
3050 44.000000
3051 41.000000
3052 41.000000
3053 38.000000
3054 41.000000
3055 40.000000
3056 41.000000
3057 43.000000
3058 41.000000
3059 41.000000
3060 40.000000
3061 42.000000
3062 45.000000
3063 41.000000
3064 41.000000
3065 41.000000
3066 42.000000
3067 41.000000
3068 40.000000
3069 40.000000
3070 42.000000
3071 41.000000
3072 41.000000
3073 41.000000
3074 42.000000
3075 41.000000
3076 44.000000
3077 42.000000
3078 43.000000
3079 42.000000
3080 39.000000
3081 41.000000
3082 45.000000
3083 42.000000
3084 45.000000
3085 43.000000
3086 42.000000
3087 42.000000
3088 43.000000
3089 39.000000
3090 43.000000
3091 45.000000
3092 45.000000
3093 45.000000
3094 42.000000
3095 43.000000
3096 42.000000
3097 43.000000
3098 42.000000
3099 41.000000
3100 40.000000
3101 42.000000
3102 40.000000
3103 42.000000
3104 38.000000
3105 44.000000
3106 43.000000
3107 43.000000
3108 43.000000
3109 39.000000
3110 42.000000
3111 42.000000
3112 44.000000
3113 44.000000
3114 42.000000
3115 41.000000
3116 41.000000
3117 39.000000
3118 40.000000
3119 40.000000
3120 43.000000
3121 42.000000
3122 44.000000
3123 40.000000
3124 43.000000
3125 42.000000
3126 43.000000
3127 43.000000
3128 42.000000
3129 42.000000
3130 39.000000
3131 41.000000
3132 41.000000
3133 39.000000
3134 43.000000
3135 41.000000
3136 44.000000
3137 40.000000
3138 43.000000
3139 41.000000
3140 41.000000
3141 41.000000
3142 43.000000
3143 42.000000
3144 40.000000
3145 41.000000
3146 39.000000
3147 42.000000
3148 40.000000
3149 40.000000
3150 42.000000
3151 42.000000
3152 42.000000
3153 44.000000
3154 43.000000
3155 43.000000
3156 42.000000
3157 40.000000
3158 40.000000
3159 42.000000
3160 40.000000
3161 44.000000
3162 45.000000
3163 41.000000
3164 41.000000
3165 42.000000
3166 41.000000
3167 44.000000
3168 43.000000
3169 40.000000
3170 42.000000
3171 41.000000
3172 40.000000
3173 42.000000
3174 37.000000
3175 41.000000
3176 41.000000
3177 42.000000
3178 39.000000
3179 41.000000
3180 42.000000
3181 43.000000
3182 40.000000
3183 41.000000
3184 42.000000
3185 40.000000
3186 38.000000
3187 39.000000
3188 41.000000
3189 41.000000
3190 44.000000
3191 40.000000
3192 41.000000
3193 42.000000
3194 43.000000
3195 39.000000
3196 43.000000
3197 41.000000
3198 41.000000
3199 41.000000
3200 40.000000
3201 42.000000
3202 40.000000
3203 40.000000
3204 42.000000
3205 40.000000
3206 43.000000
3207 40.000000
3208 43.000000
3209 40.000000
3210 44.000000
3211 42.000000
3212 39.000000
3213 35.000000
3214 40.000000
3215 39.000000
3216 42.000000
3217 41.000000
3218 40.000000
3219 42.000000
3220 40.000000
3221 39.000000
3222 45.000000
3223 39.000000
3224 48.000000
3225 42.000000
3226 41.000000
3227 42.000000
3228 38.000000
3229 39.000000
3230 43.000000
3231 40.000000
3232 40.000000
3233 41.000000
3234 41.000000
3235 41.000000
3236 40.000000
3237 40.000000
3238 42.000000
3239 43.000000
3240 42.000000
3241 42.000000
3242 44.000000
3243 40.000000
3244 41.000000
3245 41.000000
3246 42.000000
3247 44.000000
3248 43.000000
3249 38.000000
3250 41.000000
3251 41.000000
3252 44.000000
3253 43.000000
3254 42.000000
3255 43.000000
3256 41.000000
3257 41.000000
3258 42.000000
3259 38.000000
3260 38.000000
3261 39.000000
3262 41.000000
3263 40.000000
3264 43.000000
3265 42.000000
3266 42.000000
3267 40.000000
3268 40.000000
3269 40.000000
3270 45.000000
3271 39.000000
3272 43.000000
3273 42.000000
3274 42.000000
3275 43.000000
3276 42.000000
3277 39.000000
3278 42.000000
3279 41.000000
3280 42.000000
3281 43.000000
3282 40.000000
3283 41.000000
3284 41.000000
3285 43.000000
3286 42.000000
3287 42.000000
3288 40.000000
3289 43.000000
3290 42.000000
3291 42.000000
3292 42.000000
3293 41.000000
3294 44.000000
3295 42.000000
3296 42.000000
3297 41.000000
3298 41.000000
3299 40.000000
3300 43.000000
3301 39.000000
3302 42.000000
3303 38.000000
3304 43.000000
3305 43.000000
3306 43.000000
3307 41.000000
3308 40.000000
3309 41.000000
3310 41.000000
3311 40.000000
3312 41.000000
3313 42.000000
3314 42.000000
3315 41.000000
3316 43.000000
3317 40.000000
3318 39.000000
3319 41.000000
3320 42.000000
3321 42.000000
3322 41.000000
3323 39.000000
3324 43.000000
3325 39.000000
3326 41.000000
3327 42.000000
3328 42.000000
3329 39.000000
3330 42.000000
3331 41.000000
3332 41.000000
3333 42.000000
3334 39.000000
3335 41.000000
3336 42.000000
3337 39.000000
3338 43.000000
3339 39.000000
3340 41.000000
3341 41.000000
3342 42.000000
3343 42.000000
3344 41.000000
3345 43.000000
3346 40.000000
3347 40.000000
3348 41.000000
3349 41.000000
3350 41.000000
3351 39.000000
3352 38.000000
3353 41.000000
3354 42.000000
3355 42.000000
3356 41.000000
3357 38.000000
3358 41.000000
3359 43.000000
3360 41.000000
3361 41.000000
3362 43.000000
3363 39.000000
3364 45.000000
3365 41.000000
3366 40.000000
3367 41.000000
3368 42.000000
3369 40.000000
3370 43.000000
3371 42.000000
3372 40.000000
3373 39.000000
3374 41.000000
3375 40.000000
3376 40.000000
3377 42.000000
3378 41.000000
3379 41.000000
3380 41.000000
3381 43.000000
3382 43.000000
3383 40.000000
3384 42.000000
3385 42.000000
3386 42.000000
3387 42.000000
3388 42.000000
3389 43.000000
3390 41.000000
3391 41.000000
3392 40.000000
3393 41.000000
3394 39.000000
3395 43.000000
3396 40.000000
3397 40.000000
3398 41.000000
3399 44.000000
3400 41.000000
3401 43.000000
3402 42.000000
3403 43.000000
3404 41.000000
3405 42.000000
3406 41.000000
3407 41.000000
3408 42.000000
3409 40.000000
3410 42.000000
3411 42.000000
3412 43.000000
3413 42.000000
3414 39.000000
3415 41.000000
3416 41.000000
3417 42.000000
3418 41.000000
3419 40.000000
3420 38.000000
3421 42.000000
3422 43.000000
3423 38.000000
3424 43.000000
3425 40.000000
3426 42.000000
3427 40.000000
3428 43.000000
3429 42.000000
3430 44.000000
3431 42.000000
3432 42.000000
3433 44.000000
3434 43.000000
3435 41.000000
3436 41.000000
3437 38.000000
3438 45.000000
3439 40.000000
3440 43.000000
3441 40.000000
3442 40.000000
3443 42.000000
3444 42.000000
3445 39.000000
3446 43.000000
3447 42.000000
3448 41.000000
3449 41.000000
3450 42.000000
3451 45.000000
3452 44.000000
3453 42.000000
3454 40.000000
3455 41.000000
3456 45.000000
3457 39.000000
3458 42.000000
3459 44.000000
3460 42.000000
3461 41.000000
3462 42.000000
3463 40.000000
3464 43.000000
3465 43.000000
3466 40.000000
3467 44.000000
3468 41.000000
3469 41.000000
3470 43.000000
3471 41.000000
3472 44.000000
3473 47.000000
3474 41.000000
3475 42.000000
3476 42.000000
3477 41.000000
3478 41.000000
3479 46.000000
3480 41.000000
3481 41.000000
3482 43.000000
3483 42.000000
3484 39.000000
3485 43.000000
3486 43.000000
3487 41.000000
3488 41.000000
3489 41.000000
3490 43.000000
3491 42.000000
3492 44.000000
3493 41.000000
3494 40.000000
3495 41.000000
3496 42.000000
3497 42.000000
3498 43.000000
3499 40.000000
3500 44.000000
3501 46.000000
3502 40.000000
3503 40.000000
3504 43.000000
3505 40.000000
3506 43.000000
3507 41.000000
3508 41.000000
3509 44.000000
3510 44.000000
3511 38.000000
3512 43.000000
3513 42.000000
3514 41.000000
3515 44.000000
3516 43.000000
3517 41.000000
3518 41.000000
3519 43.000000
3520 39.000000
3521 41.000000
3522 40.000000
3523 43.000000
3524 41.000000
3525 42.000000
3526 41.000000
3527 39.000000
3528 41.000000
3529 42.000000
3530 43.000000
3531 41.000000
3532 44.000000
3533 42.000000
3534 40.000000
3535 42.000000
3536 41.000000
3537 40.000000
3538 43.000000
3539 40.000000
3540 41.000000
3541 45.000000
3542 42.000000
3543 43.000000
3544 44.000000
3545 40.000000
3546 41.000000
3547 39.000000
3548 42.000000
3549 40.000000
3550 42.000000
3551 45.000000
3552 42.000000
3553 38.000000
3554 43.000000
3555 41.000000
3556 46.000000
3557 42.000000
3558 42.000000
3559 42.000000
3560 45.000000
3561 43.000000
3562 43.000000
3563 44.000000
3564 43.000000
3565 40.000000
3566 44.000000
3567 39.000000
3568 43.000000
3569 40.000000
3570 43.000000
3571 40.000000
3572 45.000000
3573 44.000000
3574 41.000000
3575 37.000000
3576 41.000000
3577 43.000000
3578 46.000000
3579 39.000000
3580 45.000000
3581 39.000000
3582 44.000000
3583 43.000000
3584 43.000000
3585 39.000000
3586 42.000000
3587 42.000000
3588 42.000000
3589 42.000000
3590 41.000000
3591 41.000000
3592 43.000000
3593 39.000000
3594 43.000000
3595 40.000000
3596 43.000000
3597 43.000000
3598 43.000000
3599 44.000000
3600 44.000000
3601 39.000000
3602 41.000000
3603 42.000000
3604 43.000000
3605 41.000000
3606 41.000000
3607 42.000000
3608 41.000000
3609 43.000000
3610 45.000000
3611 45.000000
3612 47.000000
3613 49.000000
3614 48.000000
3615 50.000000
3616 49.000000
3617 48.000000
3618 54.000000
3619 53.000000
3620 47.000000
3621 41.000000
3622 44.000000
3623 42.000000
3624 44.000000
3625 43.000000
3626 46.000000
3627 46.000000
3628 45.000000
3629 44.000000
3630 44.000000
3631 43.000000
3632 46.000000
3633 48.000000
3634 49.000000
3635 48.000000
3636 51.000000
3637 42.000000
3638 44.000000
3639 41.000000
3640 44.000000
3641 42.000000
3642 44.000000
3643 45.000000
3644 43.000000
3645 42.000000
3646 44.000000
3647 43.000000
3648 41.000000
3649 44.000000
3650 43.000000
3651 40.000000
3652 44.000000
3653 41.000000
3654 43.000000
3655 40.000000
3656 41.000000
3657 43.000000
3658 44.000000
3659 38.000000
3660 43.000000
3661 43.000000
3662 43.000000
3663 40.000000
3664 41.000000
3665 41.000000
3666 41.000000
3667 41.000000
3668 43.000000
3669 41.000000
3670 41.000000
3671 40.000000
3672 42.000000
3673 40.000000
3674 46.000000
3675 42.000000
3676 42.000000
3677 41.000000
3678 40.000000
3679 42.000000
3680 41.000000
3681 40.000000
3682 43.000000
3683 41.000000
3684 45.000000
3685 37.000000
3686 43.000000
3687 42.000000
3688 42.000000
3689 41.000000
3690 44.000000
3691 39.000000
3692 42.000000
3693 40.000000
3694 42.000000
3695 44.000000
3696 43.000000
3697 43.000000
3698 42.000000
3699 42.000000
3700 43.000000
3701 40.000000
3702 41.000000
3703 40.000000
3704 43.000000
3705 39.000000
3706 42.000000
3707 41.000000
3708 41.000000
3709 41.000000
3710 43.000000
3711 44.000000
3712 40.000000
3713 42.000000
3714 42.000000
3715 41.000000
3716 41.000000
3717 42.000000
3718 41.000000
3719 41.000000
3720 40.000000
3721 41.000000
3722 41.000000
3723 41.000000
