	0	91	191
	1	95	193
	2	90	190
	3	92	189
	4	90	180
	5	92	195
	6	87	191
	7	87	186
	8	88	189
	9	95	203
	10	87	188
	11	94	188
	12	88	195
	13	94	194
	14	91	194
	15	89	195
	16	89	190
	17	91	195
	18	84	188
	19	95	200
	20	96	194
	21	94	190
	22	91	189
	23	92	191
	24	94	182
	25	91	195
	26	101	199
	27	104	204
	28	96	205
	29	102	211
	30	103	210
	31	104	215
	32	102	196
	33	101	205
	34	95	206
	35	111	206
	36	97	202
	37	110	212
	38	100	203
	39	112	208
	40	101	210
	41	105	203
	42	103	200
	43	106	208
	44	104	212
	45	104	208
	46	102	206
	47	102	210
	48	112	198
	49	104	216
	50	103	204
	51	109	218
	52	102	204
	53	110	207
	54	104	206
	55	117	211
	56	104	204
	57	105	203
	58	102	205
	59	108	214
	60	112	205
	61	109	211
	62	112	210
	63	103	210
	64	107	215
	65	106	220
	66	116	209
	67	109	213
	68	109	213
	69	119	220
	70	108	210
	71	108	217
	72	106	214
	73	115	213
	74	109	215
	75	118	221
	76	107	219
	77	114	209
	78	113	214
	79	118	218
	80	107	205
	81	111	219
	82	108	210
	83	106	230
	84	118	215
	85	107	215
	86	117	219
	87	113	218
	88	109	213
	89	112	210
	90	108	206
	91	116	213
	92	104	207
	93	110	223
	94	111	221
	95	116	214
	96	107	250
	97	110	215
	98	113	218
	99	115	220
	100	116	216
	101	114	205
	102	114	212
	103	113	220
	104	112	218
	105	113	209
	106	113	215
	107	112	209
	108	110	209
	109	124	225
	110	108	209
	111	111	207
	112	118	206
	113	121	212
	114	112	210
	115	124	217
	116	112	210
	117	129	209
	118	111	210
	119	115	220
	120	111	205
	121	113	212
	122	109	215
	123	117	225
	124	114	210
	125	115	222
	126	111	204
	127	114	210
	128	120	206
	129	112	221
	130	106	215
	131	115	217
	132	105	212
	133	118	207
	134	117	211
	135	124	221
	136	148	203
	137	115	221
	138	111	216
	139	114	216
	140	111	204
	141	145	216
	142	120	216
	143	130	214
	144	115	214
	145	117	208
	146	122	205
	147	113	218
	148	119	229
	149	119	213
	150	114	215
	151	124	217
	152	115	210
	153	122	213
	154	120	212
	155	130	226
	156	111	213
	157	125	215
	158	115	223
	159	123	220
	160	120	221
	161	117	213
	162	119	227
	163	125	216
	164	115	216
	165	117	224
	166	124	215
	167	117	233
	168	118	220
	169	124	215
	170	122	218
	171	115	222
	172	120	218
	173	123	221
	174	125	225
	175	118	220
	176	110	211
	177	120	214
	178	119	219
	179	114	221
	180	120	211
	181	122	216
	182	106	215
	183	120	219
	184	118	211
	185	125	214
	186	118	219
	187	123	216
	188	116	215
	189	122	215
	190	119	220
	191	122	220
	192	117	219
	193	126	225
	194	118	216
	195	115	221
	196	122	219
	197	125	205
	198	114	208
	199	130	221
	200	111	213
	201	129	221
	202	126	213
	203	124	216
	204	112	213
	205	128	213
	206	116	212
	207	122	211
	208	120	213
	209	140	213
	210	121	234
	211	114	224
	212	116	219
	213	131	222
	214	115	218
	215	120	222
	216	123	209
	217	129	224
	218	122	218
	219	121	257
	220	120	215
	221	112	222
	222	117	220
	223	129	221
	224	117	223
	225	117	225
	226	116	210
	227	121	217
	228	113	221
	229	134	216
	230	130	225
	231	120	224
	232	109	223
	233	119	213
	234	125	211
	235	119	218
	236	120	206
	237	121	214
	238	114	214
	239	118	221
	240	120	211
	241	117	230
	242	114	221
	243	125	216
	244	120	219
	245	120	221
	246	113	220
	247	122	221
	248	115	216
	249	116	224
	250	115	210
	251	121	225
	252	114	211
	253	113	218
	254	118	212
	255	126	238
	256	108	213
	257	122	220
	258	116	225
	259	123	228
	260	112	212
	261	120	218
	262	120	221
	263	118	229
	264	110	217
	265	112	231
	266	114	218
	267	121	220
	268	113	219
	269	119	223
	270	107	217
	271	114	215
	272	109	210
	273	115	217
	274	117	214
	275	118	223
	276	101	211
	277	120	216
	278	110	209
	279	115	221
	280	110	206
	281	108	218
	282	110	216
	283	118	211
	284	112	212
	285	118	218
	286	108	216
	287	120	216
	288	113	220
	289	108	218
	290	128	213
	291	110	206
	292	108	220
	293	110	215
	294	106	225
	295	115	223
	296	108	216
	297	112	229
	298	148	214
	299	114	218
	300	118	216
	301	117	219
	302	110	217
	303	124	223
	304	105	217
	305	114	221
	306	109	218
	307	120	221
	308	113	220
	309	121	224
	310	104	222
	311	118	216
	312	109	216
	313	110	219
	314	105	214
	315	108	219
	316	111	216
	317	117	223
	318	116	213
	319	115	224
	320	111	216
	321	122	232
	322	117	227
	323	117	216
	324	114	207
	325	118	212
	326	108	218
	327	118	215
	328	108	220
	329	113	221
	330	106	220
	331	122	227
	332	121	208
	333	117	234
	334	118	215
	335	118	224
	336	106	217
	337	113	229
	338	117	214
	339	123	218
	340	109	214
	341	108	221
	342	103	212
	343	129	227
	344	111	210
	345	122	220
	346	121	222
	347	118	214
	348	108	217
	349	123	217
	350	110	221
	351	118	231
	352	107	214
	353	111	224
	354	109	217
	355	114	211
	356	106	220
	357	109	220
	358	119	218
	359	116	215
	360	108	209
	361	113	224
	362	122	222
	363	125	218
	364	108	216
	365	107	223
	366	115	219
	367	114	226
	368	108	221
	369	116	217
	370	120	220
	371	119	221
	372	107	221
	373	119	219
	374	116	220
	375	114	217
	376	109	207
	377	125	211
	378	117	216
	379	123	217
	380	111	218
	381	112	212
	382	118	216
	383	119	229
	384	112	230
	385	110	223
	386	118	215
	387	116	218
	388	110	219
	389	122	221
	390	107	221
	391	121	226
	392	112	215
	393	114	233
	394	115	219
	395	119	220
	396	116	228
	397	124	226
	398	116	221
	399	117	243
	400	109	219
	401	117	220
	402	118	219
	403	119	225
	404	118	226
	405	125	221
	406	116	223
	407	122	222
	408	112	222
	409	118	229
	410	116	228
	411	117	229
	412	117	228
	413	117	228
	414	114	228
	415	109	229
	416	117	214
	417	122	231
	418	125	227
	419	122	225
	420	118	222
	421	112	228
	422	121	225
	423	127	233
	424	120	223
	425	116	230
	426	111	225
	427	109	238
	428	110	226
	429	111	232
	430	114	225
	431	115	243
	432	114	230
	433	126	228
	434	122	233
	435	125	228
	436	114	220
	437	124	230
	438	116	219
	439	117	230
	440	119	228
	441	121	238
	442	122	226
	443	116	230
	444	114	220
	445	119	222
	446	116	222
	447	121	231
	448	114	229
	449	117	225
	450	113	231
	451	127	226
	452	161	220
	453	122	230
	454	125	230
	455	114	226
	456	123	233
	457	121	229
	458	118	230
	459	116	236
	460	117	236
	461	123	234
	462	118	231
	463	120	233
	464	119	232
	465	120	236
	466	119	230
	467	128	230
	468	122	223
	469	126	223
	470	121	228
	471	133	244
	472	120	230
	473	127	243
	474	134	228
	475	123	228
	476	122	241
	477	124	243
	478	130	230
	479	124	237
	480	126	231
	481	120	232
	482	124	243
	483	125	238
	484	110	236
	485	124	234
	486	115	240
	487	123	239
	488	118	235
	489	127	235
	490	133	235
	491	133	243
	492	124	233
	493	130	235
	494	115	233
	495	125	239
	496	131	228
	497	134	242
	498	115	238
	499	128	236
	500	128	225
	501	134	239
	502	122	228
	503	127	237
	504	128	238
	505	124	242
	506	132	237
	507	125	249
	508	126	235
	509	128	238
	510	118	246
	511	127	247
	512	130	247
	513	125	245
	514	131	237
	515	128	240
	516	124	248
	517	134	255
	518	123	243
	519	131	242
	520	122	239
	521	124	252
	522	129	237
	523	121	251
	524	123	249
	525	128	242
	526	125	249
	527	129	250
	528	119	242
	529	137	245
	530	130	246
	531	132	262
	532	123	252
	533	137	253
	534	127	253
	535	131	246
	536	129	244
	537	135	249
	538	122	252
	539	133	246
	540	132	244
	541	130	248
	542	128	236
	543	130	251
	544	132	248
	545	137	249
	546	132	256
	547	142	251
	548	139	245
	549	130	258
	550	135	251
	551	138	258
	552	134	254
	553	141	252
	554	134	252
	555	139	256
	556	133	253
	557	136	280
	558	135	248
	559	137	257
	560	131	253
	561	140	262
	562	136	257
	563	141	257
	564	130	250
	565	140	255
	566	135	262
	567	141	268
	568	138	262
	569	132	262
	570	131	257
	571	143	265
	572	140	251
	573	130	254
	574	130	261
	575	137	261
	576	139	257
	577	142	279
	578	127	258
	579	141	264
	580	138	262
	581	139	255
	582	132	255
	583	143	275
	584	133	267
	585	136	269
	586	146	269
	587	143	272
	588	141	260
	589	139	268
	590	138	266
	591	147	269
	592	141	263
	593	140	263
	594	142	262
	595	144	267
	596	142	274
	597	142	268
	598	140	262
	599	150	280
	600	143	265
	601	141	273
	602	144	271
	603	149	276
	604	142	277
	605	140	278
	606	147	265
	607	150	273
	608	146	277
	609	145	272
	610	140	280
	611	148	271
	612	142	289
	613	142	277
	614	148	271
	615	156	284
	616	142	277
	617	150	289
	618	147	277
	619	143	289
	620	148	278
	621	149	286
	622	149	277
	623	155	289
	624	148	283
	625	155	279
	626	150	288
	627	154	288
	628	149	283
	629	158	290
	630	150	290
	631	164	290
	632	155	294
	633	153	296
	634	153	293
	635	156	298
	636	158	292
	637	162	300
	638	155	308
	639	164	299
	640	158	291
	641	151	293
	642	153	299
	643	160	297
	644	157	292
	645	152	297
	646	155	296
	647	164	298
	648	163	290
	649	164	302
	650	158	291
	651	172	307
	652	154	294
	653	158	303
	654	153	303
	655	155	299
	656	157	298
	657	170	305
	658	152	305
	659	162	315
	660	164	311
	661	170	309
	662	148	310
	663	165	310
	664	156	307
	665	175	312
	666	169	312
	667	166	306
	668	157	317
	669	160	314
	670	161	315
	671	161	322
	672	165	317
	673	171	323
	674	156	321
	675	164	323
	676	165	323
	677	166	327
	678	158	310
	679	168	326
	680	168	315
	681	167	328
	682	170	315
	683	165	334
	684	171	323
	685	170	324
	686	161	327
	687	173	323
	688	168	312
	689	167	324
	690	175	321
	691	168	330
	692	165	316
	693	167	331
	694	163	333
	695	165	319
	696	162	329
	697	170	329
	698	179	331
	699	180	331
	700	171	339
	701	177	323
	702	171	321
	703	172	332
	704	174	331
	705	167	328
	706	167	335
	707	185	328
	708	206	330
	709	178	338
	710	177	336
	711	179	338
	712	171	328
	713	172	330
	714	170	335
	715	173	344
	716	179	349
	717	171	339
	718	170	342
	719	176	334
	720	178	333
	721	179	333
	722	175	335
	723	177	342
	724	177	338
	725	185	341
	726	182	338
	727	178	336
	728	174	330
	729	180	337
	730	180	338
	731	173	356
	732	174	333
	733	175	343
	734	167	347
	735	180	345
	736	171	336
	737	175	339
	738	176	344
	739	184	357
	740	172	346
	741	177	355
	742	173	340
	743	172	360
	744	174	349
	745	177	346
	746	177	361
	747	175	345
	748	183	342
	749	180	357
	750	170	353
	751	181	353
	752	174	342
	753	173	350
	754	174	344
	755	184	348
	756	174	339
	757	174	348
	758	178	351
	759	184	351
	760	168	345
	761	172	345
	762	171	347
	763	178	360
	764	168	345
	765	178	346
	766	169	348
	767	173	352
	768	170	344
	769	171	349
	770	167	342
	771	177	347
	772	182	342
	773	174	344
	774	168	336
	775	180	343
	776	211	339
	777	177	355
	778	171	342
	779	171	347
	780	176	354
	781	181	346
	782	171	340
	783	168	346
	784	171	341
	785	188	342
	786	169	343
	787	176	344
	788	172	343
	789	172	346
	790	171	333
	791	186	348
	792	166	335
	793	177	352
	794	169	346
	795	170	339
	796	176	332
	797	171	348
	798	163	340
	799	183	339
	800	165	333
	801	164	344
	802	159	332
	803	166	376
	804	164	336
	805	173	335
	806	167	339
	807	169	343
	808	160	356
	809	172	331
	810	169	324
	811	171	338
	812	164	332
	813	169	332
	814	153	330
	815	170	326
	816	162	332
	817	161	320
	818	159	321
	819	171	327
	820	165	323
	821	156	326
	822	160	318
	823	165	342
	824	154	330
	825	156	320
	826	166	326
	827	159	328
	828	164	336
	829	155	332
	830	159	315
	831	158	325
	832	158	322
	833	163	318
	834	162	315
	835	153	320
	836	156	314
	837	164	307
	838	158	317
	839	159	317
	840	152	311
	841	159	318
	842	156	317
	843	152	321
	844	154	308
	845	158	305
	846	152	311
	847	161	321
	848	153	311
	849	166	313
	850	150	311
	851	151	313
	852	142	312
	853	159	318
	854	154	306
	855	161	309
	856	148	300
	857	152	305
	858	154	311
	859	154	305
	860	150	313
	861	150	303
	862	151	300
	863	147	306
	864	143	312
	865	150	304
	866	149	302
	867	149	302
	868	144	298
	869	151	306
	870	144	304
	871	151	306
	872	142	297
	873	149	310
	874	147	300
	875	147	305
	876	151	294
	877	151	299
	878	140	301
	879	152	308
	880	143	301
	881	146	301
	882	140	295
	883	146	301
	884	151	291
	885	147	293
	886	135	290
	887	151	303
	888	154	291
	889	142	296
	890	143	300
	891	144	308
	892	149	284
	893	150	310
	894	144	291
	895	143	294
	896	134	309
	897	142	287
	898	133	291
	899	146	291
	900	138	299
	901	145	282
	902	141	289
	903	137	283
	904	139	279
	905	135	299
	906	139	281
	907	141	284
	908	141	280
	909	145	281
	910	138	284
	911	137	285
	912	134	277
	913	139	284
	914	143	284
	915	142	283
	916	133	280
	917	136	282
	918	137	279
	919	151	283
	920	133	271
	921	132	276
	922	141	276
	923	136	292
	924	136	271
	925	138	283
	926	137	270
	927	144	277
	928	132	282
	929	146	278
	930	138	277
	931	147	282
	932	125	271
	933	144	280
	934	135	270
	935	134	275
	936	143	259
	937	132	276
	938	132	272
	939	131	276
	940	132	264
	941	132	274
	942	133	271
	943	131	272
	944	134	267
	945	138	277
	946	126	260
	947	136	266
	948	138	261
	949	143	259
	950	124	304
	951	130	268
	952	131	274
	953	126	263
	954	133	262
	955	140	264
	956	127	268
	957	135	268
	958	121	261
	959	132	262
	960	121	258
	961	131	265
	962	136	256
	963	132	265
	964	130	260
	965	129	251
	966	125	267
	967	124	256
	968	133	259
	969	131	255
	970	130	267
	971	126	251
	972	122	270
	973	128	265
	974	126	261
	975	129	263
	976	127	254
	977	126	253
	978	120	256
	979	129	253
	980	122	256
	981	121	262
	982	128	249
	983	135	261
	984	128	250
	985	125	252
	986	119	251
	987	128	255
	988	126	253
	989	135	257
	990	119	253
	991	121	251
	992	121	255
	993	118	257
	994	121	248
	995	125	239
	996	120	247
	997	126	248
	998	122	245
	999	117	252
	1000	130	243
	1001	121	250
	1002	124	241
	1003	129	245
	1004	122	245
	1005	130	241
	1006	126	231
	1007	129	248
	1008	121	244
	1009	124	238
	1010	118	240
	1011	116	236
	1012	114	238
	1013	122	239
	1014	121	236
	1015	122	243
	1016	121	241
	1017	116	236
	1018	123	236
	1019	127	238
	1020	113	247
	1021	125	236
	1022	118	240
	1023	125	237
	1024	115	234
	1025	124	232
	1026	119	236
	1027	129	240
	1028	121	231
	1029	120	230
	1030	114	226
	1031	115	246
	1032	108	236
	1033	125	230
	1034	117	228
	1035	120	235
	1036	119	229
	1037	119	242
	1038	115	229
	1039	118	227
	1040	113	237
	1041	118	230
	1042	114	231
	1043	122	231
	1044	117	259
	1045	123	241
	1046	117	230
	1047	117	242
	1048	119	240
	1049	117	236
	1050	118	232
	1051	111	235
	1052	119	232
	1053	117	230
	1054	114	228
	1055	122	264
	1056	104	228
	1057	121	235
	1058	112	234
	1059	126	241
	1060	109	232
	1061	118	233
	1062	114	237
	1063	122	229
	1064	117	235
	1065	121	230
	1066	118	231
	1067	119	232
	1068	113	229
	1069	117	230
	1070	107	231
	1071	116	231
	1072	111	231
	1073	111	224
	1074	113	229
	1075	117	231
	1076	113	228
	1077	151	241
	1078	123	230
	1079	122	235
	1080	121	231
	1081	120	231
	1082	110	232
	1083	116	233
	1084	110	230
	1085	117	222
	1086	107	240
	1087	117	236
	1088	115	223
	1089	122	229
	1090	105	228
	1091	112	229
	1092	109	229
	1093	114	234
	1094	111	228
	1095	118	235
	1096	116	240
	1097	113	235
	1098	111	234
	1099	118	226
	1100	109	237
	1101	118	234
	1102	107	221
	1103	116	227
	1104	111	229
	1105	114	228
	1106	118	222
	1107	113	227
	1108	117	222
	1109	120	238
	1110	115	248
	1111	116	226
	1112	122	220
	1113	127	226
	1114	122	226
	1115	117	226
	1116	119	224
	1117	120	232
	1118	117	232
	1119	115	221
	1120	114	227
	1121	124	234
	1122	107	223
	1123	112	236
	1124	109	216
	1125	114	230
	1126	114	234
	1127	111	234
	1128	109	231
	1129	111	232
	1130	125	238
	1131	113	236
	1132	119	228
	1133	120	235
	1134	106	224
	1135	121	227
	1136	115	247
	1137	121	232
	1138	121	219
	1139	114	240
	1140	126	219
	1141	115	224
	1142	112	232
	1143	114	227
	1144	114	233
	1145	107	219
	1146	114	222
	1147	126	233
	1148	109	220
	1149	114	227
	1150	121	224
	1151	122	230
	1152	110	228
	1153	109	234
	1154	117	217
	1155	127	233
	1156	113	224
	1157	115	231
	1158	113	233
	1159	120	226
	1160	115	231
	1161	126	234
	1162	117	220
	1163	109	243
	1164	109	222
	1165	123	223
	1166	109	221
	1167	117	230
	1168	108	228
	1169	118	227
	1170	108	229
	1171	122	231
	1172	115	230
	1173	113	229
	1174	113	226
	1175	109	236
	1176	116	227
	1177	116	230
	1178	114	225
	1179	121	225
	1180	107	229
	1181	111	232
	1182	125	222
	1183	118	231
	1184	111	227
	1185	114	224
	1186	114	228
	1187	114	228
	1188	113	228
	1189	118	229
	1190	119	224
	1191	109	229
	1192	116	229
	1193	107	227
	1194	108	225
	1195	121	231
	1196	124	228
	1197	124	233
	1198	120	224
	1199	120	226
	1200	113	220
	1201	120	224
	1202	117	232
	1203	112	227
	1204	127	224
	1205	118	226
	1206	119	225
	1207	125	230
	1208	112	218
	1209	119	229
	1210	111	222
	1211	121	221
	1212	104	228
	1213	122	227
	1214	110	222
	1215	124	223
	1216	109	224
	1217	120	227
	1218	114	226
	1219	115	222
	1220	111	226
	1221	123	232
	1222	115	225
	1223	112	232
	1224	116	227
	1225	124	234
	1226	113	225
	1227	107	222
	1228	109	219
	1229	118	236
	1230	113	227
	1231	118	229
	1232	106	221
	1233	124	220
	1234	110	222
	1235	118	233
	1236	120	217
	1237	115	221
	1238	110	220
	1239	110	228
	1240	106	220
	1241	109	236
	1242	115	221
	1243	116	224
	1244	113	218
	1245	111	226
	1246	110	219
	1247	127	232
	1248	113	215
	1249	119	219
	1250	116	218
	1251	122	224
	1252	115	230
	1253	113	225
	1254	108	224
	1255	116	226
	1256	107	228
	1257	110	225
	1258	121	224
	1259	113	226
	1260	115	229
	1261	117	228
	1262	114	231
	1263	120	226
	1264	114	217
	1265	115	223
	1266	149	225
	1267	150	226
	1268	115	219
	1269	120	222
	1270	107	225
	1271	122	224
	1272	112	231
	1273	113	226
	1274	113	223
	1275	120	258
	1276	112	231
	1277	119	222
	1278	107	230
	1279	119	233
	1280	115	221
	1281	119	232
	1282	113	223
	1283	120	230
	1284	110	226
	1285	111	230
	1286	115	223
	1287	114	220
	1288	110	211
	1289	112	214
	1290	111	222
	1291	118	231
	1292	109	219
	1293	117	222
	1294	110	226
	1295	122	222
	1296	110	226
	1297	112	219
	1298	106	227
	1299	124	225
	1300	118	224
	1301	117	234
	1302	114	216
	1303	117	230
	1304	113	220
	1305	117	236
	1306	112	227
	1307	114	228
	1308	107	219
	1309	113	227
	1310	117	220
	1311	120	227
	1312	114	225
	1313	115	220
	1314	120	224
	1315	112	230
	1316	125	226
	1317	113	222
	1318	111	228
	1319	116	229
	1320	113	230
	1321	118	232
	1322	112	225
	1323	120	228
	1324	113	219
	1325	115	229
	1326	108	223
	1327	121	229
	1328	119	229
	1329	119	227
	1330	109	226
	1331	127	224
	1332	108	219
	1333	117	221
	1334	112	226
	1335	121	231
	1336	104	219
	1337	112	224
	1338	112	221
	1339	116	228
	1340	118	227
	1341	122	237
	1342	112	224
	1343	121	226
	1344	111	224
	1345	121	225
	1346	115	228
	1347	113	228
	1348	112	216
	1349	114	229
	1350	116	221
	1351	117	231
	1352	111	225
	1353	109	228
	1354	110	230
	1355	121	231
	1356	104	215
	1357	114	223
	1358	105	232
	1359	117	225
	1360	105	218
	1361	111	222
	1362	107	222
	1363	109	228
	1364	109	221
	1365	116	223
	1366	112	215
	1367	110	224
	1368	113	222
	1369	113	228
	1370	116	225
	1371	110	218
	1372	145	228
	1373	116	224
	1374	110	221
	1375	120	226
	1376	110	219
	1377	115	230
	1378	101	215
	1379	117	223
	1380	114	221
	1381	156	224
	1382	113	222
	1383	115	224
	1384	115	226
	1385	115	224
	1386	119	219
	1387	114	220
	1388	113	215
	1389	118	219
	1390	108	226
	1391	118	225
	1392	106	219
	1393	117	238
	1394	109	224
	1395	111	224
	1396	111	231
	1397	106	221
	1398	109	221
	1399	113	236
	1400	109	229
	1401	126	228
	1402	114	223
	1403	115	224
	1404	115	221
	1405	121	221
	1406	109	213
	1407	115	226
	1408	106	209
	1409	114	221
	1410	110	230
	1411	114	219
	1412	107	223
	1413	119	227
	1414	118	222
	1415	117	231
	1416	106	227
	1417	109	223
	1418	113	221
	1419	129	227
	1420	109	220
	1421	109	226
	1422	109	222
	1423	123	222
	1424	110	221
	1425	121	225
	1426	108	210
	1427	110	222
	1428	107	225
	1429	109	226
	1430	118	228
	1431	114	221
	1432	107	221
	1433	122	222
	1434	111	232
	1435	125	219
	1436	111	222
	1437	112	222
	1438	111	222
	1439	114	222
	1440	116	220
	1441	112	221
	1442	116	218
	1443	110	223
	1444	110	220
	1445	116	218
	1446	112	220
	1447	115	216
	1448	112	223
	1449	114	232
	1450	102	220
	1451	114	228
	1452	100	219
	1453	108	222
	1454	109	221
	1455	112	232
	1456	102	213
	1457	108	213
	1458	121	220
	1459	123	224
	1460	120	226
	1461	112	224
	1462	118	225
	1463	118	226
	1464	110	212
	1465	122	219
	1466	110	219
	1467	107	218
	1468	114	223
	1469	113	220
	1470	107	222
	1471	111	231
	1472	116	216
	1473	109	227
	1474	119	219
	1475	119	225
	1476	112	222
	1477	112	216
	1478	112	217
	1479	117	224
	1480	115	215
	1481	111	213
	1482	107	215
	1483	106	223
	1484	106	211
	1485	114	222
	1486	114	216
	1487	114	226
	1488	101	214
	1489	116	223
	1490	109	221
	1491	118	217
	1492	110	215
	1493	113	219
	1494	115	220
	1495	123	221
	1496	115	221
	1497	118	224
	1498	111	217
	1499	118	229
	1500	109	221
	1501	113	218
	1502	109	217
	1503	119	226
	1504	106	224
	1505	111	219
	1506	111	220
	1507	114	222
	1508	108	210
	1509	109	221
	1510	111	226
	1511	112	223
	1512	109	213
	1513	117	218
	1514	101	221
	1515	109	224
	1516	108	215
	1517	113	216
	1518	107	212
	1519	112	219
	1520	114	215
	1521	113	217
	1522	104	219
	1523	110	219
	1524	101	221
	1525	109	217
	1526	113	214
	1527	112	219
	1528	109	217
	1529	106	227
	1530	110	219
	1531	152	222
	1532	110	225
	1533	121	214
	1534	110	219
	1535	118	224
	1536	113	209
	1537	109	214
	1538	112	219
	1539	114	219
	1540	112	217
	1541	114	226
	1542	112	215
	1543	118	230
	1544	112	211
	1545	111	226
	1546	107	214
	1547	110	229
	1548	110	213
	1549	122	212
	1550	106	212
	1551	113	223
	1552	112	220
	1553	117	219
	1554	107	211
	1555	111	228
	1556	110	228
	1557	114	214
	1558	117	244
	1559	116	225
	1560	105	211
	1561	109	212
	1562	106	220
	1563	114	228
	1564	111	215
	1565	112	226
	1566	113	215
	1567	111	221
	1568	112	223
	1569	123	226
	1570	119	217
	1571	117	265
	1572	119	223
	1573	121	231
	1574	123	232
	1575	119	227
	1576	114	236
	1577	114	236
	1578	117	236
	1579	125	238
	1580	115	231
	1581	119	240
	1582	114	238
	1583	126	244
	1584	124	241
	1585	126	247
	1586	126	241
	1587	130	235
	1588	114	240
	1589	115	246
	1590	123	228
	1591	119	240
	1592	117	236
	1593	121	234
	1594	119	232
	1595	124	245
	1596	117	236
	1597	152	242
	1598	125	233
	1599	126	254
	1600	111	245
	1601	121	242
	1602	116	246
	1603	123	235
	1604	121	240
	1605	121	242
	1606	118	239
	1607	119	254
	1608	114	241
	1609	127	247
	1610	112	242
	1611	121	241
	1612	118	230
	1613	124	238
	1614	119	236
	1615	120	241
	1616	111	231
	1617	126	236
	1618	118	229
	1619	122	245
	1620	120	230
	1621	121	245
	1622	121	244
	1623	115	236
	1624	125	240
	1625	121	245
	1626	124	240
	1627	124	243
	1628	112	244
	1629	118	242
	1630	116	242
	1631	123	248
	1632	119	236
	1633	119	248
	1634	113	244
	1635	124	248
	1636	114	238
	1637	109	246
	1638	114	243
	1639	115	248
	1640	109	234
	1641	115	241
	1642	109	231
	1643	125	242
	1644	111	237
	1645	120	236
	1646	151	233
	1647	120	237
	1648	117	240
	1649	122	247
	1650	123	243
	1651	117	247
	1652	118	234
	1653	125	246
	1654	119	243
	1655	133	233
	1656	105	236
	1657	123	240
	1658	112	234
	1659	119	244
	1660	119	240
	1661	124	238
	1662	116	234
	1663	127	236
	1664	114	238
	1665	123	242
	1666	118	237
	1667	126	238
	1668	112	236
	1669	121	239
	1670	108	235
	1671	121	235
	1672	111	242
	1673	129	236
	1674	115	231
	1675	115	232
	1676	117	230
	1677	116	233
	1678	111	235
	1679	116	236
	1680	116	228
	1681	115	238
	1682	118	240
	1683	121	237
	1684	121	234
	1685	115	230
	1686	115	234
	1687	126	249
	1688	116	232
	1689	128	234
	1690	105	232
	1691	117	237
	1692	107	240
	1693	112	242
	1694	112	232
	1695	113	237
	1696	109	231
	1697	109	241
	1698	106	228
	1699	113	235
	1700	107	224
	1701	109	234
	1702	110	225
	1703	111	222
	1704	107	219
	1705	121	217
	1706	104	213
	1707	113	209
	1708	108	214
	1709	109	213
	1710	108	212
	1711	103	208
	1712	106	213
	1713	106	212
	1714	107	211
	1715	120	209
	1716	102	204
	1717	105	214
	1718	109	212
	1719	102	215
	1720	107	210
	1721	110	210
	1722	104	215
	1723	108	214
	1724	109	213
	1725	106	214
	1726	132	210
	1727	112	221
	1728	118	210
	1729	103	209
	1730	110	206
	1731	106	215
	1732	108	211
	1733	99	216
	1734	100	208
	1735	108	213
	1736	109	204
	1737	114	215
	1738	103	208
	1739	114	211
	1740	113	202
	1741	103	216
	1742	108	204
	1743	109	206
	1744	107	207
	1745	96	213
	1746	105	209
	1747	110	218
	1748	110	211
	1749	109	206
	1750	97	209
	1751	103	211
	1752	99	214
	1753	107	206
	1754	102	210
	1755	109	213
	1756	114	207
	1757	107	211
	1758	105	214
	1759	110	204
	1760	105	220
	1761	104	214
	1762	107	216
	1763	105	217
	1764	105	216
	1765	108	208
	1766	104	203
	1767	100	212
	1768	100	202
	1769	106	214
	1770	95	203
	1771	103	209
	1772	94	205
	1773	105	209
	1774	104	207
	1775	99	212
	1776	103	207
	1777	106	208
	1778	109	207
	1779	110	210
	1780	105	210
	1781	104	215
	1782	107	208
	1783	100	202
	1784	103	206
	1785	105	214
	1786	99	203
	1787	109	215
	1788	104	210
	1789	109	212
	1790	100	213
	1791	106	216
	1792	100	211
	1793	106	202
	1794	101	209
	1795	98	214
	1796	100	207
	1797	108	207
	1798	102	204
	1799	104	204
	1800	99	202
	1801	110	207
	1802	96	213
	1803	109	211
	1804	102	206
	1805	103	203
	1806	100	209
	1807	116	208
	1808	101	207
	1809	102	206
	1810	104	210
	1811	100	203
	1812	102	218
	1813	106	209
	1814	102	205
	1815	103	211
	1816	95	214
	1817	106	207
	1818	103	212
	1819	111	210
	1820	105	207
	1821	103	213
	1822	97	210
	1823	109	211
	1824	101	202
	1825	102	209
	1826	104	205
	1827	96	210
	1828	106	209
	1829	102	209
	1830	96	205
	1831	106	208
	1832	99	205
	1833	115	200
	1834	94	205
	1835	110	202
	1836	99	199
	1837	107	206
	1838	105	209
	1839	103	206
	1840	102	201
	1841	99	215
	1842	105	214
	1843	98	208
	1844	101	205
	1845	104	209
	1846	97	206
	1847	109	206
	1848	101	210
	1849	109	212
	1850	96	202
	1851	111	205
	1852	102	212
	1853	105	207
	1854	103	198
	1855	107	215
	1856	105	207
	1857	112	205
	1858	105	199
	1859	105	212
	1860	93	203
	1861	101	207
	1862	114	207
	1863	106	207
	1864	98	203
	1865	104	209
	1866	98	201
	1867	104	205
	1868	97	204
	1869	99	207
	1870	97	205
	1871	107	210
	1872	108	208
	1873	101	208
	1874	102	202
	1875	107	208
	1876	102	204
	1877	100	210
	1878	103	198
	1879	109	209
	1880	105	206
	1881	108	201
	1882	102	214
	1883	107	200
	1884	100	200
	1885	103	208
	1886	100	199
	1887	100	216
	1888	100	201
	1889	102	204
	1890	99	213
	1891	102	214
	1892	104	205
	1893	107	209
	1894	99	202
	1895	110	213
	1896	91	202
	1897	101	213
	1898	109	202
	1899	101	212
	1900	99	204
	1901	115	209
	1902	100	211
	1903	108	208
	1904	101	209
	1905	107	205
	1906	104	209
	1907	143	217
	1908	95	202
	1909	104	213
	1910	102	208
	1911	105	218
	1912	98	215
	1913	103	205
	1914	100	210
	1915	105	213
	1916	107	206
	1917	111	207
	1918	107	201
	1919	104	210
	1920	105	207
	1921	99	234
	1922	100	206
	1923	104	210
	1924	101	211
	1925	105	208
	1926	104	209
	1927	104	203
	1928	103	206
	1929	105	206
	1930	98	210
	1931	105	207
	1932	106	203
	1933	100	210
	1934	98	200
	1935	107	211
	1936	93	210
	1937	103	212
	1938	90	208
	1939	106	205
	1940	105	212
	1941	101	212
	1942	97	207
	1943	103	203
	1944	90	199
	1945	101	214
	1946	102	201
	1947	99	213
	1948	102	201
	1949	102	209
	1950	100	216
	1951	106	210
	1952	106	204
	1953	103	204
	1954	108	202
	1955	101	205
	1956	107	206
	1957	106	209
	1958	101	196
	1959	106	203
	1960	94	206
	1961	107	206
	1962	98	203
	1963	107	208
	1964	96	200
	1965	101	206
	1966	102	208
	1967	108	202
	1968	101	202
	1969	104	209
	1970	108	214
	1971	106	211
	1972	103	212
	1973	104	211
	1974	104	201
	1975	101	209
	1976	95	204
	1977	103	202
	1978	100	218
	1979	102	206
	1980	97	201
	1981	99	207
	1982	105	203
	1983	108	208
	1984	107	207
	1985	105	210
	1986	101	203
	1987	104	208
	1988	100	211
	1989	102	203
	1990	99	209
	1991	112	203
	1992	102	201
	1993	104	212
	1994	93	199
	1995	102	211
	1996	99	207
	1997	106	198
	1998	103	204
	1999	100	211
	2000	99	206
	2001	104	207
	2002	105	205
	2003	97	201
	2004	101	220
	2005	104	218
	2006	100	205
	2007	96	205
	2008	96	207
	2009	102	204
	2010	97	208
	2011	96	213
	2012	102	204
	2013	106	210
	2014	98	207
	2015	107	209
	2016	97	210
	2017	105	202
	2018	97	202
	2019	100	205
	2020	98	200
	2021	107	200
	2022	95	209
	2023	103	199
	2024	102	206
	2025	101	199
	2026	97	206
	2027	102	209
	2028	98	203
	2029	112	202
	2030	104	202
	2031	102	207
	2032	98	195
	2033	101	212
	2034	101	200
	2035	102	208
	2036	98	203
	2037	99	203
	2038	100	207
	2039	106	206
	2040	102	204
	2041	105	205
	2042	100	198
	2043	95	202
	2044	97	207
	2045	104	203
	2046	102	213
	2047	99	205
	2048	99	195
	2049	101	212
	2050	104	200
	2051	105	199
	2052	94	198
	2053	105	194
	2054	97	205
	2055	101	205
	2056	95	196
	2057	107	203
	2058	102	197
	2059	102	205
	2060	103	199
	2061	107	202
	2062	96	199
	2063	100	203
	2064	104	210
	2065	97	202
	2066	100	197
	2067	107	205
	2068	98	200
	2069	101	195
	2070	96	201
	2071	100	209
	2072	96	197
	2073	100	206
	2074	99	200
	2075	103	203
	2076	96	205
	2077	101	202
	2078	96	204
	2079	106	208
	2080	104	203
	2081	106	210
	2082	95	202
	2083	99	204
	2084	91	202
	2085	103	206
	2086	94	195
	2087	100	199
	2088	96	196
	2089	96	205
	2090	90	206
	2091	104	201
	2092	93	196
	2093	98	205
	2094	103	200
	2095	106	209
	2096	97	209
	2097	105	203
	2098	98	199
	2099	101	207
	2100	98	205
	2101	104	208
	2102	98	204
	2103	106	205
	2104	100	200
	2105	107	207
	2106	102	201
	2107	102	200
	2108	95	196
	2109	97	198
	2110	98	197
	2111	109	199
	2112	99	200
	2113	100	201
	2114	99	204
	2115	100	205
	2116	94	197
	2117	99	202
	2118	102	202
	2119	105	202
	2120	101	195
	2121	108	195
	2122	100	204
	2123	111	209
	2124	99	199
	2125	106	203
	2126	92	202
	2127	103	198
	2128	99	198
	2129	96	205
	2130	102	204
	2131	106	203
	2132	94	201
	2133	105	205
	2134	93	205
	2135	106	198
	2136	96	201
	2137	94	204
	2138	94	199
	2139	104	207
	2140	99	203
	2141	110	199
	2142	97	192
	2143	100	205
	2144	100	206
	2145	102	197
	2146	99	204
	2147	101	200
	2148	103	197
	2149	104	202
	2150	95	199
	2151	106	198
	2152	98	204
	2153	104	200
	2154	100	204
	2155	101	202
	2156	94	200
	2157	108	199
	2158	98	193
	2159	96	203
	2160	100	194
	2161	103	202
	2162	96	200
	2163	107	199
	2164	99	201
	2165	99	204
	2166	104	195
	2167	97	191
	2168	96	201
	2169	100	197
	2170	98	307
	2171	98	203
	2172	99	199
	2173	100	203
	2174	96	200
	2175	103	201
	2176	99	201
	2177	100	197
	2178	99	203
	2179	105	200
	2180	99	198
	2181	100	201
	2182	98	196
	2183	109	199
	2184	103	192
	2185	103	200
	2186	94	200
	2187	105	203
	2188	99	196
	2189	104	203
	2190	96	195
	2191	98	212
	2192	93	205
	2193	104	199
	2194	99	233
	2195	105	195
	2196	97	199
	2197	104	199
	2198	99	199
	2199	101	203
	2200	102	201
	2201	104	199
	2202	95	205
	2203	104	203
	2204	97	193
	2205	124	199
	2206	95	193
	2207	97	203
	2208	102	200
	2209	99	204
	2210	93	201
	2211	106	201
	2212	90	197
	2213	105	198
	2214	95	193
	2215	101	203
	2216	91	198
	2217	107	201
	2218	93	204
	2219	100	207
	2220	91	201
	2221	99	200
	2222	96	200
	2223	103	203
	2224	92	200
	2225	100	204
	2226	102	194
	2227	97	200
	2228	90	197
	2229	95	200
	2230	102	197
	2231	106	204
	2232	93	194
	2233	100	200
	2234	104	200
	2235	99	201
	2236	96	207
	2237	107	198
	2238	97	198
	2239	113	212
	2240	100	198
	2241	103	198
	2242	97	197
	2243	101	205
	2244	95	196
	2245	98	205
	2246	92	198
	2247	106	196
	2248	106	195
	2249	105	203
	2250	97	196
	2251	97	198
	2252	102	193
	2253	108	201
	2254	96	204
	2255	99	198
	2256	98	199
	2257	99	198
	2258	101	196
	2259	101	202
	2260	96	203
	2261	104	196
	2262	93	198
	2263	97	209
	2264	101	199
	2265	107	208
	2266	97	194
	2267	101	201
	2268	102	205
	2269	101	207
	2270	95	199
	2271	97	209
	2272	101	203
	2273	98	200
	2274	104	199
	2275	103	204
	2276	97	199
	2277	98	203
	2278	96	194
	2279	103	203
	2280	99	197
	2281	96	196
	2282	98	199
	2283	99	208
	2284	94	200
	2285	102	202
	2286	97	200
	2287	97	204
	2288	95	199
	2289	98	206
	2290	92	202
	2291	104	204
	2292	104	196
	2293	105	197
	2294	101	196
	2295	106	210
	2296	97	201
	2297	99	205
	2298	100	206
	2299	103	205
	2300	104	194
	2301	96	198
	2302	98	206
	2303	103	206
	2304	98	201
	2305	99	202
	2306	99	198
	2307	100	199
	2308	95	196
	2309	101	199
	2310	96	195
	2311	107	198
	2312	95	194
	2313	106	203
	2314	100	192
	2315	102	201
	2316	94	192
	2317	97	203
	2318	99	198
	2319	97	199
	2320	99	203
	2321	103	196
	2322	100	193
	2323	103	197
	2324	93	201
	2325	111	198
	2326	95	196
	2327	103	204
	2328	96	203
	2329	106	199
	2330	110	193
	2331	100	196
	2332	101	193
	2333	104	200
	2334	98	202
	2335	99	201
	2336	94	195
	2337	102	203
	2338	96	196
	2339	103	206
	2340	93	199
	2341	103	201
	2342	93	200
	2343	102	205
	2344	95	196
	2345	108	201
	2346	94	196
	2347	101	197
	2348	96	201
	2349	97	201
	2350	97	199
	2351	98	207
	2352	100	197
	2353	99	204
	2354	90	204
	2355	101	199
	2356	97	191
	2357	104	200
	2358	95	192
	2359	102	200
	2360	97	192
	2361	95	207
	2362	97	209
	2363	101	209
	2364	107	198
	2365	104	204
	2366	100	194
	2367	102	203
	2368	100	201
	2369	100	202
	2370	104	203
	2371	106	199
	2372	96	198
	2373	102	194
	2374	91	200
	2375	107	199
	2376	90	197
	2377	104	199
	2378	92	199
	2379	104	200
	2380	96	196
	2381	98	208
	2382	100	207
	2383	104	203
	2384	100	196
	2385	98	197
	2386	97	202
	2387	106	201
	2388	99	197
	2389	102	195
	2390	101	192
	2391	104	204
	2392	102	194
	2393	107	204
	2394	97	192
	2395	100	201
	2396	101	194
	2397	100	212
	2398	97	198
	2399	98	203
	2400	92	210
	2401	98	193
	2402	96	200
	2403	136	200
	2404	98	193
	2405	98	197
	2406	98	188
	2407	101	195
	2408	94	202
	2409	99	199
	2410	98	196
	2411	108	200
	2412	101	200
	2413	97	205
	2414	98	190
	2415	110	201
	2416	94	202
	2417	106	222
	2418	100	197
	2419	109	197
	2420	96	192
	2421	114	201
	2422	96	198
	2423	108	202
	2424	99	197
	2425	106	202
	2426	93	194
	2427	103	207
	2428	94	198
	2429	103	204
	2430	96	202
	2431	100	201
	2432	94	205
	2433	99	209
	2434	95	202
	2435	100	200
	2436	98	197
	2437	97	202
	2438	98	201
	2439	100	203
	2440	100	190
	2441	98	202
	2442	99	202
	2443	106	202
	2444	99	195
	2445	98	202
	2446	108	204
	2447	100	200
	2448	93	196
	2449	98	199
	2450	96	200
	2451	107	206
	2452	98	198
	2453	104	206
	2454	97	200
	2455	100	203
	2456	104	198
	2457	97	206
	2458	109	202
	2459	104	202
	2460	102	196
	2461	96	208
	2462	105	200
	2463	107	202
	2464	105	216
	2465	95	201
	2466	104	198
	2467	102	206
	2468	97	198
	2469	105	201
	2470	94	197
	2471	100	204
	2472	97	199
	2473	98	205
	2474	101	203
	2475	102	203
	2476	97	198
	2477	101	208
	2478	97	202
	2479	96	200
	2480	100	200
	2481	101	209
	2482	103	200
	2483	100	201
	2484	100	198
	2485	110	204
	2486	92	200
	2487	103	202
	2488	99	200
	2489	101	202
	2490	102	201
	2491	97	202
	2492	100	189
	2493	99	199
	2494	99	198
	2495	103	207
	2496	99	199
	2497	99	200
	2498	96	196
	2499	103	203
	2500	96	198
	2501	100	207
	2502	107	197
	2503	99	206
	2504	103	191
	2505	94	199
	2506	87	202
	2507	104	206
	2508	91	202
	2509	100	197
	2510	103	202
	2511	107	201
	2512	99	207
	2513	102	210
	2514	95	197
	2515	104	199
	2516	100	203
	2517	109	203
	2518	104	199
	2519	104	196
	2520	102	203
	2521	104	201
	2522	97	201
	2523	103	208
	2524	99	198
	2525	100	206
	2526	110	203
	2527	99	202
	2528	97	201
	2529	100	200
	2530	93	199
	2531	108	201
	2532	97	193
	2533	107	197
	2534	92	194
	2535	106	205
	2536	103	203
	2537	108	201
	2538	103	198
	2539	97	206
	2540	98	200
	2541	103	205
	2542	100	200
	2543	96	205
	2544	100	199
	2545	94	200
	2546	97	207
	2547	95	199
	2548	93	201
	2549	106	199
	2550	97	201
	2551	96	200
	2552	95	196
	2553	100	199
	2554	101	196
	2555	98	203
	2556	96	199
	2557	99	207
	2558	97	203
	2559	100	200
	2560	87	198
	2561	101	199
	2562	97	196
	2563	103	203
	2564	93	197
	2565	101	198
	2566	98	199
	2567	108	229
	2568	99	199
	2569	102	203
	2570	96	197
	2571	107	206
	2572	103	198
	2573	92	203
	2574	102	196
	2575	105	204
	2576	99	203
	2577	106	201
	2578	95	195
	2579	103	198
	2580	95	204
	2581	104	204
	2582	88	208
	2583	100	201
	2584	91	198
	2585	96	201
	2586	95	208
	2587	101	209
	2588	96	193
	2589	104	202
	2590	93	202
	2591	103	203
	2592	97	195
	2593	100	193
	2594	98	200
	2595	103	199
	2596	95	198
	2597	98	202
	2598	91	199
	2599	104	194
	2600	92	202
	2601	98	201
	2602	101	201
	2603	100	204
	2604	102	195
	2605	101	201
	2606	93	205
	2607	104	203
	2608	90	201
	2609	100	198
	2610	95	202
	2611	102	196
	2612	97	201
	2613	108	198
	2614	94	200
	2615	113	208
	2616	94	200
	2617	105	202
	2618	94	198
	2619	99	198
	2620	94	197
	2621	94	201
	2622	98	203
	2623	94	202
	2624	90	192
	2625	104	203
	2626	124	201
	2627	95	201
	2628	94	201
	2629	97	201
	2630	108	203
	2631	99	205
	2632	98	199
	2633	102	208
	2634	99	197
	2635	102	200
	2636	102	197
	2637	95	202
	2638	94	205
	2639	102	204
	2640	95	197
	2641	106	209
	2642	94	200
	2643	96	204
	2644	93	195
	2645	104	205
	2646	99	199
	2647	100	208
	2648	95	195
	2649	101	201
	2650	95	204
	2651	98	204
	2652	101	202
	2653	103	203
	2654	98	198
	2655	103	201
	2656	94	198
	2657	97	199
	2658	101	197
	2659	97	195
	2660	97	193
	2661	100	198
	2662	97	196
	2663	97	201
	2664	92	193
	2665	99	204
	2666	100	197
	2667	99	198
	2668	99	197
	2669	101	203
	2670	102	196
	2671	107	210
	2672	98	201
	2673	105	206
	2674	94	202
	2675	100	208
	2676	92	198
	2677	101	202
	2678	95	194
	2679	97	197
	2680	104	202
	2681	99	198
	2682	100	201
	2683	104	200
	2684	98	191
	2685	98	201
	2686	97	197
	2687	103	200
	2688	98	198
	2689	107	198
	2690	95	192
	2691	109	196
	2692	99	199
	2693	101	193
	2694	92	201
	2695	105	198
	2696	96	194
	2697	98	203
	2698	94	193
	2699	104	209
	2700	99	194
	2701	104	198
	2702	97	196
	2703	102	206
	2704	101	199
	2705	100	198
	2706	104	202
	2707	102	197
	2708	94	195
	2709	102	204
	2710	97	203
	2711	107	203
	2712	99	192
	2713	100	197
	2714	104	200
	2715	103	206
	2716	95	195
	2717	101	203
	2718	89	199
	2719	97	204
	2720	93	198
	2721	133	202
	2722	96	196
	2723	98	202
	2724	96	196
	2725	107	210
	2726	125	199
	2727	103	200
	2728	97	200
	2729	103	200
	2730	94	192
	2731	106	211
	2732	95	195
	2733	95	197
	2734	97	203
	2735	102	203
	2736	96	196
	2737	104	197
	2738	96	196
	2739	108	199
	2740	94	201
	2741	100	196
	2742	96	202
	2743	100	196
	2744	107	204
	2745	99	205
	2746	100	197
	2747	108	203
	2748	99	200
	2749	104	205
	2750	103	200
	2751	101	210
	2752	100	198
	2753	104	192
	2754	91	201
	2755	104	201
	2756	97	190
	2757	98	199
	2758	97	202
	2759	102	200
	2760	98	198
	2761	97	205
	2762	98	201
	2763	108	203
	2764	98	200
	2765	108	204
	2766	96	196
	2767	106	202
	2768	94	196
	2769	102	200
	2770	96	198
	2771	108	200
	2772	91	188
	2773	101	200
	2774	98	197
	2775	95	196
	2776	103	197
	2777	94	203
	2778	93	200
	2779	97	202
	2780	101	208
	2781	104	198
	2782	98	192
	2783	130	201
	2784	96	198
	2785	98	201
	2786	107	196
	2787	105	201
	2788	91	195
	2789	96	200
	2790	96	198
	2791	103	203
	2792	96	202
	2793	96	198
	2794	101	200
	2795	98	201
	2796	95	197
	2797	97	207
	2798	99	195
	2799	100	203
	2800	99	207
	2801	103	205
	2802	98	219
	2803	105	206
	2804	96	189
	2805	105	199
	2806	99	198
	2807	99	202
	2808	102	199
	2809	101	196
	2810	99	204
	2811	96	200
	2812	96	202
	2813	99	203
	2814	93	202
	2815	97	197
	2816	89	199
	2817	101	206
	2818	97	193
	2819	108	204
	2820	98	193
	2821	107	203
	2822	94	193
	2823	104	207
	2824	98	196
	2825	101	201
	2826	97	200
	2827	97	204
	2828	98	203
	2829	101	202
	2830	99	192
	2831	125	192
	2832	95	199
	2833	105	193
	2834	102	199
	2835	106	200
	2836	93	199
	2837	101	208
	2838	104	197
	2839	102	200
	2840	96	197
	2841	101	198
	2842	96	199
	2843	101	196
	2844	98	200
	2845	104	200
	2846	96	194
	2847	96	193
	2848	98	192
	2849	102	203
	2850	93	204
	2851	102	205
	2852	92	201
	2853	103	196
	2854	99	197
	2855	98	207
	2856	99	201
	2857	97	199
	2858	99	206
	2859	108	208
	2860	97	199
	2861	110	200
	2862	93	200
	2863	99	207
	2864	96	194
	2865	102	198
	2866	93	197
	2867	104	197
	2868	90	196
	2869	102	204
	2870	101	196
	2871	93	198
	2872	96	194
	2873	99	206
	2874	98	205
	2875	102	205
	2876	97	192
	2877	101	206
	2878	102	198
	2879	101	198
	2880	98	197
	2881	104	197
	2882	96	193
	2883	110	199
	2884	93	196
	2885	100	201
	2886	97	200
	2887	100	201
	2888	97	199
	2889	186	199
	2890	99	198
	2891	100	208
	2892	94	202
	2893	104	201
	2894	98	194
	2895	106	204
	2896	97	197
	2897	98	205
	2898	100	206
	2899	106	212
	2900	96	201
	2901	102	199
	2902	92	198
	2903	96	202
	2904	100	201
	2905	101	205
	2906	94	197
	2907	93	201
	2908	99	200
	2909	103	206
	2910	98	199
	2911	99	214
	2912	94	195
	2913	103	202
	2914	93	215
	2915	98	200
	2916	98	194
	2917	97	193
	2918	98	203
	2919	107	198
	2920	116	200
	2921	101	201
	2922	96	201
	2923	102	199
	2924	104	199
	2925	97	198
	2926	90	195
	2927	100	203
	2928	95	200
	2929	99	208
	2930	95	198
	2931	105	202
	2932	95	198
	2933	106	197
	2934	93	199
	2935	100	203
	2936	96	208
	2937	96	197
	2938	100	204
	2939	105	203
	2940	96	204
	2941	98	200
	2942	99	204
	2943	103	205
	2944	94	202
	2945	97	196
	2946	92	199
	2947	106	197
	2948	104	201
	2949	109	203
	2950	96	193
	2951	99	212
	2952	98	200
	2953	101	203
	2954	98	199
	2955	101	201
	2956	104	203
	2957	100	202
	2958	100	200
	2959	104	201
	2960	95	201
	2961	97	204
	2962	95	204
	2963	97	199
	2964	98	202
	2965	106	193
	2966	98	196
	2967	102	201
	2968	101	201
	2969	105	210
	2970	99	197
	2971	100	197
	2972	96	198
	2973	104	207
	2974	98	200
	2975	105	198
	2976	97	191
	2977	100	203
	2978	97	198
	2979	103	195
	2980	102	194
	2981	107	192
	2982	94	192
	2983	101	203
	2984	101	203
	2985	97	199
	2986	95	201
	2987	99	202
	2988	97	201
	2989	103	200
	2990	97	199
	2991	99	192
	2992	95	199
	2993	101	199
	2994	94	194
	2995	102	198
	2996	93	191
	2997	103	196
	2998	116	198
	2999	97	199
	3000	94	191
	3001	101	197
	3002	104	196
	3003	107	202
	3004	99	201
	3005	100	196
	3006	95	200
	3007	105	198
	3008	99	194
	3009	102	193
	3010	95	194
	3011	103	200
	3012	95	203
	3013	100	200
	3014	98	202
	3015	101	197
	3016	105	199
	3017	97	207
	3018	97	195
	3019	102	201
	3020	95	195
	3021	96	200
	3022	95	202
	3023	104	203
	3024	87	201
	3025	100	202
	3026	92	199
	3027	101	204
	3028	97	195
	3029	105	200
	3030	92	194
	3031	102	208
	3032	98	201
	3033	104	203
	3034	100	200
	3035	98	202
	3036	91	189
	3037	97	194
	3038	96	197
	3039	92	203
	3040	90	200
	3041	97	205
	3042	97	203
	3043	105	202
	3044	101	201
	3045	92	195
	3046	99	200
	3047	100	206
	3048	96	195
	3049	99	204
	3050	103	197
	3051	98	203
	3052	96	188
	3053	100	203
	3054	96	193
	3055	98	200
	3056	100	201
	3057	102	200
	3058	96	199
	3059	100	205
	3060	100	205
	3061	99	198
	3062	92	193
	3063	96	206
	3064	92	197
	3065	96	207
	3066	97	201
	3067	105	202
	3068	102	195
	3069	104	199
	3070	102	196
	3071	102	201
	3072	96	200
	3073	99	200
	3074	99	186
	3075	100	203
	3076	99	199
	3077	97	210
	3078	102	200
	3079	103	201
	3080	97	202
	3081	101	207
	3082	100	197
	3083	100	210
	3084	97	202
	3085	102	198
	3086	100	199
	3087	109	198
	3088	101	198
	3089	102	202
	3090	95	199
	3091	100	204
	3092	108	201
	3093	95	198
	3094	102	199
	3095	98	204
	3096	100	197
	3097	96	201
	3098	99	199
	3099	94	209
	3100	97	197
	3101	103	202
	3102	98	198
	3103	99	200
	3104	91	192
	3105	103	196
	3106	98	194
	3107	106	203
	3108	103	205
	3109	102	206
	3110	95	202
	3111	104	205
	3112	94	203
	3113	99	206
	3114	98	198
	3115	106	207
	3116	99	193
	3117	103	198
	3118	96	200
	3119	99	199
	3120	95	196
	3121	103	200
	3122	98	198
	3123	104	207
	3124	98	201
	3125	99	197
	3126	97	195
	3127	101	205
	3128	97	199
	3129	100	199
	3130	97	205
	3131	106	201
	3132	97	190
	3133	105	203
	3134	89	196
	3135	102	199
	3136	100	197
	3137	98	203
	3138	101	204
	3139	96	199
	3140	101	199
	3141	101	206
	3142	101	198
	3143	101	204
	3144	100	201
	3145	103	197
	3146	117	199
	3147	98	201
	3148	96	200
	3149	107	199
	3150	99	195
	3151	103	203
	3152	99	197
	3153	101	202
	3154	100	198
	3155	95	202
	3156	99	198
	3157	97	199
	3158	103	199
	3159	103	196
	3160	98	199
	3161	93	203
	3162	95	202
	3163	109	203
	3164	96	197
	3165	100	200
	3166	97	201
	3167	112	203
	3168	100	195
	3169	102	202
	3170	95	198
	3171	101	204
	3172	96	195
	3173	97	201
	3174	98	194
	3175	102	202
	3176	95	199
	3177	101	203
	3178	95	202
	3179	107	200
	3180	95	203
	3181	95	200
	3182	95	198
	3183	102	199
	3184	91	197
	3185	128	200
	3186	101	200
	3187	99	202
	3188	86	198
	3189	98	195
	3190	97	197
	3191	103	200
	3192	96	194
	3193	96	198
	3194	97	205
	3195	107	196
	3196	95	205
	3197	102	200
	3198	96	197
	3199	100	199
	3200	100	193
	3201	107	203
	3202	101	197
	3203	99	199
	3204	95	202
	3205	99	205
	3206	102	199
	3207	97	207
	3208	99	192
	3209	95	204
	3210	94	203
	3211	106	205
	3212	98	199
	3213	111	202
	3214	91	196
	3215	107	203
	3216	93	201
	3217	104	207
	3218	104	196
	3219	104	196
	3220	94	199
	3221	99	207
	3222	94	203
	3223	105	232
	3224	95	200
	3225	100	204
	3226	95	207
	3227	97	204
	3228	95	193
	3229	102	204
	3230	93	199
	3231	111	195
	3232	92	196
	3233	101	205
	3234	101	197
	3235	99	200
	3236	103	198
	3237	101	204
	3238	97	197
	3239	102	199
	3240	103	194
	3241	104	222
	3242	101	200
	3243	103	206
	3244	92	201
	3245	101	203
	3246	97	215
	3247	105	202
	3248	91	197
	3249	101	200
	3250	97	191
	3251	102	202
	3252	100	201
	3253	100	205
	3254	92	198
	3255	103	203
	3256	103	198
	3257	104	207
	3258	94	201
	3259	100	196
	3260	94	195
	3261	95	200
	3262	94	202
	3263	104	198
	3264	90	191
	3265	101	202
	3266	92	197
	3267	102	198
	3268	96	190
	3269	97	203
	3270	99	200
	3271	102	204
	3272	97	197
	3273	100	198
	3274	95	204
	3275	109	203
	3276	93	197
	3277	110	205
	3278	94	196
	3279	105	205
	3280	93	199
	3281	100	207
	3282	104	202
	3283	100	201
	3284	98	203
	3285	120	209
	3286	97	202
	3287	101	207
	3288	96	194
	3289	101	204
	3290	98	199
	3291	102	202
	3292	99	200
	3293	102	194
	3294	92	203
	3295	100	201
	3296	97	197
	3297	110	196
	3298	91	197
	3299	102	196
	3300	95	199
	3301	98	203
	3302	98	200
	3303	101	199
	3304	100	201
	3305	101	205
	3306	97	208
	3307	103	203
	3308	97	194
	3309	98	203
	3310	98	191
	3311	101	200
	3312	95	194
	3313	100	201
	3314	102	208
	3315	104	200
	3316	101	205
	3317	97	205
	3318	98	198
	3319	92	199
	3320	96	195
	3321	100	202
	3322	107	194
	3323	103	203
	3324	99	196
	3325	101	196
	3326	89	197
	3327	95	201
	3328	96	201
	3329	100	200
	3330	96	201
	3331	101	205
	3332	96	202
	3333	100	205
	3334	100	203
	3335	105	203
	3336	109	195
	3337	101	208
	3338	93	198
	3339	93	196
	3340	89	198
	3341	96	206
	3342	93	197
	3343	98	203
	3344	95	199
	3345	101	200
	3346	96	204
	3347	114	203
	3348	101	194
	3349	105	201
	3350	93	202
	3351	100	200
	3352	98	208
	3353	99	201
	3354	94	199
	3355	104	200
	3356	96	197
	3357	95	196
	3358	93	196
	3359	99	199
	3360	95	191
	3361	104	205
	3362	105	198
	3363	100	196
	3364	98	199
	3365	96	207
	3366	93	198
	3367	101	200
	3368	99	199
	3369	101	204
	3370	99	199
	3371	105	201
	3372	94	199
	3373	100	204
	3374	96	198
	3375	107	201
	3376	93	201
	3377	104	201
	3378	95	191
	3379	95	200
	3380	102	193
	3381	97	200
	3382	95	194
	3383	101	200
	3384	97	201
	3385	101	200
	3386	96	196
	3387	98	198
	3388	104	200
	3389	101	199
	3390	96	198
	3391	102	195
	3392	94	198
	3393	94	196
	3394	95	195
	3395	99	200
	3396	99	201
	3397	97	200
	3398	94	195
	3399	96	207
	3400	97	207
	3401	100	201
	3402	96	201
	3403	100	198
	3404	97	195
	3405	106	200
	3406	100	197
	3407	104	199
	3408	98	192
	3409	103	198
	3410	98	196
	3411	102	202
	3412	96	196
	3413	95	201
	3414	97	197
	3415	105	199
	3416	95	196
	3417	99	198
	3418	88	197
	3419	103	201
	3420	95	195
	3421	103	199
	3422	100	194
	3423	101	198
	3424	95	194
	3425	104	203
	3426	98	195
	3427	99	200
	3428	97	194
	3429	109	198
	3430	102	200
	3431	101	198
	3432	98	198
	3433	101	201
	3434	97	197
	3435	102	201
	3436	92	195
	3437	102	207
	3438	96	196
	3439	98	197
	3440	102	197
	3441	98	199
	3442	99	197
	3443	97	198
	3444	101	194
	3445	100	202
	3446	100	202
	3447	99	207
	3448	98	189
	3449	105	202
	3450	97	205
	3451	100	197
	3452	94	199
	3453	103	197
	3454	92	198
	3455	105	211
	3456	95	190
	3457	100	197
	3458	93	200
	3459	101	201
	3460	108	201
	3461	106	204
	3462	103	203
	3463	102	209
	3464	99	205
	3465	97	204
	3466	97	196
	3467	109	207
	3468	91	197
	3469	104	194
	3470	98	204
	3471	103	197
	3472	102	227
	3473	98	201
	3474	97	197
	3475	99	196
	3476	97	200
	3477	100	202
	3478	97	220
	3479	103	204
	3480	96	199
	3481	108	197
	3482	96	198
	3483	97	205
	3484	94	194
	3485	101	207
	3486	93	204
	3487	101	200
	3488	95	195
	3489	98	206
	3490	101	206
	3491	98	195
	3492	98	196
	3493	97	200
	3494	99	201
	3495	102	204
	3496	94	204
	3497	96	192
	3498	96	192
	3499	106	201
	3500	97	210
	3501	102	201
	3502	100	198
	3503	103	202
	3504	94	196
	3505	98	204
	3506	96	197
	3507	98	203
	3508	102	199
	3509	99	203
	3510	99	201
	3511	100	207
	3512	99	192
	3513	97	199
	3514	93	193
	3515	103	202
	3516	93	194
	3517	101	194
	3518	90	198
	3519	106	206
	3520	97	192
	3521	96	206
	3522	99	196
	3523	102	203
	3524	95	200
	3525	99	209
	3526	99	200
	3527	98	200
	3528	100	196
	3529	99	203
	3530	98	201
	3531	107	202
	3532	93	199
	3533	99	201
	3534	98	197
	3535	102	208
	3536	96	195
	3537	101	206
	3538	99	201
	3539	101	205
	3540	94	217
	3541	104	202
	3542	99	193
	3543	104	198
	3544	98	198
	3545	101	201
	3546	97	192
	3547	108	197
	3548	95	196
	3549	109	202
	3550	119	224
	3551	101	200
	3552	92	200
	3553	98	206
	3554	97	202
	3555	104	212
	3556	99	195
	3557	101	198
	3558	94	199
	3559	107	210
	3560	97	205
	3561	104	203
	3562	100	199
	3563	107	195
	3564	96	197
	3565	103	205
	3566	93	192
	3567	104	201
	3568	92	198
	3569	94	205
	3570	101	193
	3571	95	206
	3572	91	199
	3573	101	204
	3574	100	198
	3575	97	204
	3576	95	196
	3577	97	196
	3578	95	197
	3579	100	206
	3580	95	196
	3581	106	206
	3582	102	203
	3583	126	205
	3584	97	201
	3585	103	195
	3586	104	196
	3587	98	197
	3588	94	199
	3589	100	203
	3590	101	196
	3591	101	201
	3592	91	196
	3593	107	207
	3594	95	199
	3595	101	201
	3596	95	197
	3597	95	197
	3598	99	202
	3599	105	206
	3600	101	198
	3601	101	200
	3602	96	206
	3603	105	200
	3604	101	194
	3605	95	200
	3606	90	194
	3607	100	206
	3608	99	200
	3609	104	200
	3610	88	200
	3611	102	205
	3612	99	200
	3613	96	199
	3614	97	200
	3615	103	200
	3616	91	201
	3617	103	197
	3618	105	196
	3619	101	200
	3620	99	199
	3621	97	206
	3622	98	197
	3623	99	206
	3624	98	198
	3625	101	196
	3626	93	195
	3627	97	200
	3628	90	200
	3629	101	196
	3630	91	201
	3631	102	199
	3632	104	199
	3633	106	203
	3634	95	205
	3635	100	204
	3636	98	197
	3637	108	199
	3638	102	203
	3639	103	205
	3640	96	196
	3641	102	196
	3642	97	191
	3643	106	201
	3644	94	195
	3645	104	206
	3646	93	202
	3647	102	200
	3648	102	197
	3649	101	207
	3650	97	197
	3651	105	206
	3652	95	202
	3653	106	202
	3654	100	194
	3655	100	197
	3656	95	207
	3657	107	202
	3658	97	196
	3659	102	201
	3660	101	195
	3661	100	200
	3662	92	195
	3663	106	205
	3664	96	201
	3665	102	204
	3666	89	195
	3667	105	206
	3668	96	204
	3669	102	205
	3670	98	193
	3671	103	199
	3672	97	196
	3673	104	204
	3674	88	197
	3675	92	201
	3676	97	192
	3677	103	196
	3678	91	199
	3679	102	204
	3680	98	198
	3681	93	200
	3682	98	198
	3683	100	201
	3684	100	199
	3685	104	204
	3686	92	197
	3687	97	201
	3688	93	195
	3689	103	200
	3690	95	200
	3691	97	201
	3692	103	199
	3693	103	203
	3694	96	197
	3695	105	210
	3696	100	197
	3697	106	198
	3698	98	198
	3699	106	197
	3700	113	186
	3701	90	197
	3702	90	198
	3703	102	200
	3704	94	199
	3705	99	195
	3706	98	200
	3707	103	208
	3708	100	196
	3709	96	202
	3710	97	196
	3711	102	203
	3712	95	192
	3713	100	204
	3714	91	194
	3715	101	203
	3716	90	193
	3717	94	197
	3718	91	194
	3719	92	192
	3720	95	194
	3721	96	199
	3722	95	191
	3723	94	197
