	0	177	376
	1	185	389
	2	185	383
	3	182	379
	4	179	378
	5	184	381
	6	182	377
	7	190	383
	8	173	379
	9	179	381
	10	173	373
	11	187	376
	12	184	388
	13	186	380
	14	178	375
	15	181	390
	16	188	372
	17	175	371
	18	184	377
	19	189	386
	20	174	384
	21	191	387
	22	175	373
	23	182	388
	24	178	378
	25	191	383
	26	211	403
	27	220	417
	28	198	406
	29	209	417
	30	207	410
	31	213	417
	32	205	409
	33	205	421
	34	209	408
	35	222	406
	36	207	410
	37	208	413
	38	200	409
	39	204	411
	40	202	412
	41	205	418
	42	207	402
	43	201	425
	44	207	408
	45	215	406
	46	216	407
	47	199	405
	48	211	389
	49	213	423
	50	198	408
	51	220	421
	52	207	400
	53	218	417
	54	205	405
	55	223	423
	56	207	408
	57	211	406
	58	205	418
	59	214	419
	60	219	405
	61	225	410
	62	228	425
	63	224	423
	64	211	432
	65	234	419
	66	230	410
	67	223	414
	68	214	421
	69	235	427
	70	219	410
	71	222	430
	72	217	413
	73	234	425
	74	212	419
	75	234	447
	76	210	434
	77	240	424
	78	220	417
	79	236	421
	80	218	416
	81	225	432
	82	213	417
	83	218	453
	84	217	417
	85	219	430
	86	242	425
	87	234	431
	88	217	415
	89	226	418
	90	220	422
	91	237	426
	92	220	415
	93	228	436
	94	222	442
	95	234	423
	96	218	499
	97	223	442
	98	230	441
	99	233	435
	100	228	415
	101	235	413
	102	231	408
	103	227	444
	104	225	428
	105	236	415
	106	225	421
	107	231	422
	108	222	418
	109	242	448
	110	218	418
	111	236	431
	112	232	418
	113	238	428
	114	223	426
	115	242	425
	116	217	407
	117	252	416
	118	231	428
	119	237	442
	120	219	418
	121	232	419
	122	211	414
	123	237	442
	124	225	420
	125	227	438
	126	229	420
	127	235	409
	128	229	410
	129	230	435
	130	216	422
	131	232	435
	132	217	417
	133	231	408
	134	234	421
	135	245	431
	136	285	416
	137	238	427
	138	235	447
	139	236	423
	140	225	409
	141	289	421
	142	248	413
	143	243	412
	144	228	414
	145	232	421
	146	244	412
	147	231	422
	148	241	439
	149	233	433
	150	223	422
	151	249	413
	152	219	420
	153	239	424
	154	234	422
	155	237	434
	156	230	409
	157	246	422
	158	221	422
	159	236	433
	160	232	437
	161	228	431
	162	226	428
	163	247	429
	164	227	417
	165	233	434
	166	248	420
	167	229	437
	168	214	423
	169	258	426
	170	243	427
	171	223	429
	172	232	415
	173	240	419
	174	241	431
	175	232	441
	176	219	410
	177	238	421
	178	242	436
	179	229	425
	180	243	412
	181	244	419
	182	221	424
	183	235	429
	184	230	424
	185	233	427
	186	222	419
	187	235	436
	188	226	421
	189	244	418
	190	236	428
	191	236	442
	192	240	414
	193	238	429
	194	233	415
	195	228	422
	196	226	419
	197	250	406
	198	221	409
	199	249	429
	200	230	411
	201	239	427
	202	242	419
	203	245	419
	204	229	420
	205	250	415
	206	235	413
	207	236	408
	208	237	415
	209	259	416
	210	239	433
	211	233	422
	212	218	412
	213	247	426
	214	228	413
	215	240	433
	216	249	410
	217	245	443
	218	238	433
	219	244	498
	220	230	422
	221	230	438
	222	218	429
	223	264	425
	224	225	435
	225	236	438
	226	222	411
	227	221	417
	228	222	427
	229	244	409
	230	240	427
	231	245	430
	232	224	420
	233	232	420
	234	251	416
	235	240	425
	236	234	424
	237	240	412
	238	233	424
	239	232	425
	240	224	399
	241	234	428
	242	234	425
	243	252	419
	244	237	416
	245	235	440
	246	218	419
	247	232	430
	248	229	421
	249	232	446
	250	248	415
	251	255	438
	252	236	412
	253	237	432
	254	230	415
	255	258	441
	256	231	421
	257	261	436
	258	238	425
	259	247	446
	260	247	411
	261	233	425
	262	226	427
	263	245	430
	264	222	414
	265	230	444
	266	222	426
	267	239	428
	268	231	420
	269	236	436
	270	229	414
	271	232	416
	272	230	406
	273	231	416
	274	233	425
	275	248	440
	276	230	419
	277	250	420
	278	222	427
	279	238	434
	280	224	415
	281	235	419
	282	221	418
	283	243	421
	284	246	414
	285	246	434
	286	227	427
	287	256	416
	288	239	426
	289	238	408
	290	269	419
	291	239	401
	292	229	430
	293	224	422
	294	225	433
	295	243	434
	296	236	416
	297	246	434
	298	310	424
	299	241	428
	300	236	423
	301	256	427
	302	230	426
	303	251	427
	304	225	416
	305	232	421
	306	237	414
	307	251	423
	308	228	436
	309	249	436
	310	237	424
	311	247	424
	312	230	428
	313	229	430
	314	224	425
	315	245	432
	316	242	418
	317	243	436
	318	249	414
	319	246	438
	320	246	417
	321	253	439
	322	243	435
	323	253	430
	324	238	413
	325	246	411
	326	235	408
	327	255	435
	328	236	432
	329	246	436
	330	233	432
	331	255	442
	332	257	418
	333	265	449
	334	251	415
	335	251	426
	336	247	419
	337	241	451
	338	258	422
	339	273	434
	340	235	411
	341	238	430
	342	238	416
	343	270	446
	344	247	415
	345	268	423
	346	260	438
	347	248	412
	348	242	428
	349	270	418
	350	249	430
	351	260	446
	352	248	424
	353	250	441
	354	240	414
	355	257	421
	356	241	422
	357	246	420
	358	253	429
	359	256	423
	360	255	404
	361	248	432
	362	255	435
	363	287	428
	364	254	428
	365	263	426
	366	255	424
	367	246	430
	368	252	440
	369	268	424
	370	270	430
	371	270	415
	372	253	415
	373	263	424
	374	253	429
	375	262	433
	376	259	407
	377	283	428
	378	261	423
	379	283	426
	380	265	409
	381	261	417
	382	259	430
	383	283	456
	384	265	443
	385	277	427
	386	280	419
	387	277	414
	388	270	429
	389	291	428
	390	258	427
	391	282	440
	392	271	420
	393	272	446
	394	273	424
	395	288	419
	396	269	427
	397	283	438
	398	279	439
	399	279	483
	400	286	432
	401	282	424
	402	297	427
	403	292	436
	404	282	430
	405	318	430
	406	283	424
	407	293	435
	408	275	431
	409	280	435
	410	275	438
	411	298	443
	412	292	425
	413	290	441
	414	295	435
	415	287	431
	416	291	417
	417	288	431
	418	309	440
	419	301	430
	420	296	418
	421	285	428
	422	305	422
	423	306	434
	424	311	430
	425	306	446
	426	301	430
	427	289	464
	428	287	423
	429	295	445
	430	286	427
	431	304	456
	432	302	439
	433	331	449
	434	305	442
	435	312	447
	436	303	425
	437	320	436
	438	314	431
	439	323	449
	440	309	443
	441	319	457
	442	331	436
	443	318	446
	444	321	417
	445	331	444
	446	323	417
	447	333	437
	448	322	434
	449	341	429
	450	332	427
	451	344	432
	452	413	423
	453	334	439
	454	341	431
	455	338	436
	456	348	437
	457	336	435
	458	339	437
	459	342	444
	460	339	437
	461	351	452
	462	344	428
	463	356	446
	464	345	439
	465	352	457
	466	365	441
	467	370	442
	468	358	435
	469	375	442
	470	360	439
	471	383	457
	472	370	439
	473	377	444
	474	388	445
	475	384	431
	476	389	459
	477	384	459
	478	374	448
	479	397	441
	480	386	437
	481	378	452
	482	381	449
	483	395	452
	484	375	439
	485	389	441
	486	390	444
	487	399	452
	488	402	441
	489	407	437
	490	416	448
	491	414	456
	492	406	438
	493	405	440
	494	394	435
	495	409	450
	496	422	427
	497	433	453
	498	413	444
	499	417	445
	500	417	432
	501	437	462
	502	428	436
	503	435	444
	504	438	451
	505	436	453
	506	460	446
	507	452	466
	508	429	438
	509	460	452
	510	438	471
	511	461	471
	512	462	462
	513	464	465
	514	457	444
	515	453	444
	516	454	467
	517	467	479
	518	464	452
	519	478	461
	520	455	465
	521	478	477
	522	457	449
	523	466	473
	524	462	459
	525	477	447
	526	479	464
	527	488	473
	528	484	448
	529	490	460
	530	500	453
	531	494	490
	532	488	464
	533	523	471
	534	504	468
	535	512	477
	536	502	467
	537	529	466
	538	500	465
	539	523	476
	540	519	460
	541	521	469
	542	515	448
	543	531	479
	544	530	467
	545	538	476
	546	530	471
	547	561	471
	548	575	466
	549	549	477
	550	554	471
	551	564	475
	552	557	459
	553	572	473
	554	568	460
	555	571	467
	556	564	470
	557	581	524
	558	585	462
	559	584	477
	560	594	478
	561	605	486
	562	593	479
	563	604	476
	564	601	464
	565	615	472
	566	626	491
	567	624	492
	568	626	483
	569	627	481
	570	628	482
	571	646	495
	572	641	455
	573	633	472
	574	617	472
	575	634	484
	576	660	486
	577	657	500
	578	647	471
	579	660	491
	580	676	482
	581	676	480
	582	679	479
	583	685	504
	584	676	492
	585	687	485
	586	699	495
	587	715	499
	588	713	472
	589	720	493
	590	713	491
	591	734	492
	592	734	483
	593	735	495
	594	738	486
	595	727	503
	596	730	500
	597	743	490
	598	751	483
	599	757	511
	600	753	474
	601	759	497
	602	762	497
	603	766	506
	604	775	508
	605	766	513
	606	795	471
	607	795	510
	608	784	507
	609	791	496
	610	797	498
	611	818	500
	612	788	516
	613	802	507
	614	809	495
	615	833	502
	616	802	508
	617	840	521
	618	830	504
	619	828	505
	620	834	494
	621	840	502
	622	843	522
	623	858	514
	624	847	500
	625	866	506
	626	855	521
	627	872	526
	628	869	509
	629	887	515
	630	876	521
	631	900	522
	632	887	522
	633	897	521
	634	899	526
	635	906	539
	636	901	524
	637	912	532
	638	908	548
	639	932	544
	640	911	520
	641	911	523
	642	919	536
	643	922	524
	644	938	524
	645	938	539
	646	942	518
	647	944	531
	648	955	508
	649	954	533
	650	950	514
	651	984	531
	652	952	526
	653	957	532
	654	952	525
	655	961	530
	656	978	534
	657	995	530
	658	974	533
	659	996	562
	660	994	547
	661	1015	545
	662	998	552
	663	1011	548
	664	1007	534
	665	1043	548
	666	1021	540
	667	1039	538
	668	1011	550
	669	1018	557
	670	1033	545
	671	1037	559
	672	1062	560
	673	1072	558
	674	1049	569
	675	1060	559
	676	1045	564
	677	1058	566
	678	1064	551
	679	1088	569
	680	1069	555
	681	1081	578
	682	1082	548
	683	1084	578
	684	1093	548
	685	1103	566
	686	1091	557
	687	1111	574
	688	1117	547
	689	1114	569
	690	1135	572
	691	1112	570
	692	1119	551
	693	1133	579
	694	1128	586
	695	1133	563
	696	1132	559
	697	1129	572
	698	1142	567
	699	1155	577
	700	1136	566
	701	1163	567
	702	1147	565
	703	1162	559
	704	1167	566
	705	1152	564
	706	1163	580
	707	1186	573
	708	1240	571
	709	1183	569
	710	1177	576
	711	1201	578
	712	1191	569
	713	1187	573
	714	1183	575
	715	1200	593
	716	1215	593
	717	1204	583
	718	1201	581
	719	1201	575
	720	1215	578
	721	1237	570
	722	1213	586
	723	1216	584
	724	1218	589
	725	1240	581
	726	1237	577
	727	1224	586
	728	1244	565
	729	1245	582
	730	1240	581
	731	1228	588
	732	1229	568
	733	1242	587
	734	1225	583
	735	1246	595
	736	1245	581
	737	1255	585
	738	1247	589
	739	1250	620
	740	1243	593
	741	1243	598
	742	1237	585
	743	1253	601
	744	1239	611
	745	1258	584
	746	1246	612
	747	1249	591
	748	1266	586
	749	1259	599
	750	1231	595
	751	1251	595
	752	1251	573
	753	1242	601
	754	1248	578
	755	1256	583
	756	1251	582
	757	1259	598
	758	1266	597
	759	1274	594
	760	1247	586
	761	1255	579
	762	1250	597
	763	1266	604
	764	1247	583
	765	1249	591
	766	1253	576
	767	1242	591
	768	1242	582
	769	1254	594
	770	1247	582
	771	1261	594
	772	1266	589
	773	1264	591
	774	1246	573
	775	1266	568
	776	1330	563
	777	1247	594
	778	1234	581
	779	1239	577
	780	1227	588
	781	1264	572
	782	1234	584
	783	1245	590
	784	1241	573
	785	1272	582
	786	1233	584
	787	1239	581
	788	1235	571
	789	1241	588
	790	1237	577
	791	1249	595
	792	1212	559
	793	1232	594
	794	1213	575
	795	1216	568
	796	1222	555
	797	1219	592
	798	1214	570
	799	1235	576
	800	1223	572
	801	1220	578
	802	1193	585
	803	1201	642
	804	1196	553
	805	1212	574
	806	1187	572
	807	1193	583
	808	1173	598
	809	1196	553
	810	1185	546
	811	1203	566
	812	1182	565
	813	1177	563
	814	1167	576
	815	1181	554
	816	1180	561
	817	1162	565
	818	1151	549
	819	1182	562
	820	1159	547
	821	1149	559
	822	1144	549
	823	1155	579
	824	1115	559
	825	1132	552
	826	1125	547
	827	1137	556
	828	1137	563
	829	1116	557
	830	1109	541
	831	1122	555
	832	1095	545
	833	1103	544
	834	1110	542
	835	1082	550
	836	1091	549
	837	1094	533
	838	1079	532
	839	1078	543
	840	1071	526
	841	1077	555
	842	1066	529
	843	1066	547
	844	1080	525
	845	1066	533
	846	1068	521
	847	1077	547
	848	1053	524
	849	1079	546
	850	1043	530
	851	1044	540
	852	1037	534
	853	1040	545
	854	1058	529
	855	1065	537
	856	1038	522
	857	1056	530
	858	1037	514
	859	1062	517
	860	1039	522
	861	1030	525
	862	1043	528
	863	1035	542
	864	1029	540
	865	1032	528
	866	1031	520
	867	1016	536
	868	1009	530
	869	1008	538
	870	988	529
	871	993	543
	872	973	517
	873	974	533
	874	971	517
	875	982	533
	876	974	521
	877	986	520
	878	966	507
	879	986	528
	880	977	527
	881	974	534
	882	964	521
	883	968	526
	884	974	511
	885	966	510
	886	939	506
	887	972	513
	888	955	517
	889	943	512
	890	942	534
	891	943	537
	892	937	503
	893	946	529
	894	941	509
	895	932	511
	896	934	558
	897	933	511
	898	920	505
	899	929	502
	900	907	520
	901	925	499
	902	921	502
	903	908	496
	904	886	505
	905	903	505
	906	885	488
	907	881	502
	908	889	490
	909	885	499
	910	867	490
	911	881	499
	912	866	492
	913	857	504
	914	863	495
	915	862	511
	916	841	511
	917	858	502
	918	847	501
	919	873	495
	920	832	475
	921	850	499
	922	840	487
	923	847	515
	924	825	479
	925	831	506
	926	820	478
	927	813	491
	928	804	500
	929	814	493
	930	818	490
	931	812	509
	932	780	483
	933	785	505
	934	779	489
	935	781	479
	936	783	464
	937	770	481
	938	753	486
	939	763	488
	940	765	479
	941	757	488
	942	751	477
	943	737	487
	944	763	481
	945	761	501
	946	736	472
	947	751	488
	948	749	472
	949	742	473
	950	732	555
	951	725	478
	952	735	496
	953	710	486
	954	721	468
	955	722	478
	956	704	466
	957	727	485
	958	698	475
	959	710	480
	960	697	465
	961	699	480
	962	701	473
	963	695	470
	964	682	470
	965	686	464
	966	657	466
	967	678	461
	968	663	473
	969	672	468
	970	663	479
	971	662	467
	972	643	488
	973	639	486
	974	635	466
	975	627	474
	976	618	473
	977	609	464
	978	608	468
	979	612	467
	980	594	466
	981	603	475
	982	598	461
	983	598	474
	984	583	461
	985	577	466
	986	570	462
	987	569	478
	988	569	464
	989	569	482
	990	555	459
	991	549	461
	992	532	455
	993	538	474
	994	528	462
	995	535	454
	996	513	463
	997	541	465
	998	525	453
	999	528	455
	1000	548	453
	1001	529	457
	1002	526	452
	1003	532	466
	1004	531	445
	1005	524	458
	1006	510	439
	1007	520	465
	1008	500	456
	1009	509	458
	1010	518	448
	1011	506	447
	1012	494	455
	1013	509	449
	1014	500	449
	1015	513	447
	1016	504	461
	1017	482	440
	1018	506	449
	1019	513	435
	1020	497	453
	1021	504	448
	1022	494	444
	1023	513	448
	1024	480	436
	1025	481	443
	1026	479	444
	1027	503	439
	1028	489	438
	1029	486	442
	1030	463	419
	1031	480	458
	1032	475	429
	1033	475	434
	1034	462	424
	1035	489	451
	1036	490	436
	1037	476	455
	1038	479	439
	1039	465	440
	1040	462	432
	1041	466	446
	1042	461	429
	1043	475	435
	1044	460	497
	1045	477	443
	1046	454	434
	1047	455	445
	1048	462	458
	1049	470	439
	1050	441	433
	1051	449	444
	1052	463	441
	1053	453	437
	1054	460	440
	1055	456	502
	1056	434	430
	1057	458	438
	1058	444	441
	1059	462	464
	1060	433	435
	1061	456	445
	1062	438	433
	1063	456	429
	1064	435	449
	1065	439	426
	1066	455	439
	1067	448	436
	1068	433	437
	1069	444	438
	1070	434	435
	1071	434	440
	1072	422	421
	1073	441	424
	1074	423	433
	1075	452	428
	1076	431	432
	1077	504	453
	1078	442	440
	1079	452	447
	1080	440	440
	1081	441	434
	1082	434	447
	1083	435	428
	1084	420	432
	1085	442	427
	1086	420	464
	1087	449	428
	1088	435	422
	1089	432	431
	1090	413	425
	1091	431	439
	1092	412	418
	1093	431	439
	1094	419	435
	1095	433	439
	1096	417	437
	1097	423	438
	1098	418	440
	1099	438	426
	1100	429	441
	1101	430	435
	1102	413	416
	1103	433	433
	1104	419	441
	1105	425	429
	1106	431	423
	1107	430	433
	1108	426	435
	1109	427	447
	1110	424	472
	1111	419	441
	1112	430	421
	1113	443	427
	1114	420	430
	1115	418	433
	1116	424	423
	1117	419	436
	1118	411	417
	1119	427	410
	1120	416	435
	1121	423	446
	1122	411	428
	1123	424	438
	1124	412	417
	1125	422	423
	1126	407	451
	1127	421	433
	1128	401	429
	1129	406	427
	1130	425	447
	1131	417	446
	1132	412	444
	1133	423	444
	1134	395	428
	1135	412	428
	1136	419	484
	1137	419	428
	1138	427	430
	1139	416	440
	1140	430	420
	1141	417	419
	1142	409	429
	1143	421	442
	1144	411	431
	1145	406	422
	1146	394	420
	1147	450	435
	1148	410	424
	1149	400	446
	1150	412	431
	1151	415	440
	1152	393	420
	1153	396	443
	1154	424	423
	1155	425	428
	1156	391	434
	1157	414	426
	1158	397	432
	1159	402	438
	1160	406	439
	1161	409	442
	1162	408	424
	1163	404	473
	1164	400	429
	1165	411	434
	1166	417	411
	1167	406	430
	1168	402	445
	1169	395	436
	1170	387	424
	1171	425	432
	1172	397	429
	1173	394	430
	1174	389	438
	1175	400	440
	1176	401	428
	1177	402	430
	1178	395	431
	1179	406	422
	1180	392	436
	1181	392	428
	1182	420	411
	1183	412	437
	1184	393	429
	1185	402	421
	1186	395	432
	1187	389	423
	1188	387	433
	1189	394	432
	1190	394	442
	1191	396	436
	1192	391	422
	1193	385	440
	1194	387	424
	1195	405	431
	1196	410	439
	1197	398	449
	1198	402	417
	1199	401	434
	1200	399	425
	1201	405	431
	1202	388	435
	1203	391	437
	1204	400	436
	1205	401	430
	1206	396	421
	1207	403	429
	1208	385	414
	1209	396	418
	1210	387	431
	1211	399	431
	1212	380	423
	1213	397	426
	1214	379	428
	1215	399	415
	1216	382	429
	1217	394	425
	1218	381	417
	1219	384	427
	1220	384	428
	1221	411	435
	1222	386	419
	1223	387	449
	1224	379	421
	1225	406	447
	1226	384	442
	1227	383	426
	1228	380	423
	1229	388	442
	1230	390	428
	1231	383	427
	1232	373	431
	1233	411	421
	1234	379	420
	1235	384	431
	1236	395	416
	1237	400	419
	1238	377	419
	1239	390	433
	1240	371	421
	1241	393	443
	1242	387	419
	1243	385	431
	1244	378	419
	1245	381	432
	1246	378	421
	1247	396	440
	1248	381	426
	1249	392	423
	1250	388	411
	1251	397	419
	1252	374	422
	1253	382	430
	1254	378	422
	1255	394	428
	1256	368	433
	1257	373	428
	1258	389	425
	1259	385	427
	1260	397	441
	1261	387	442
	1262	383	439
	1263	385	434
	1264	382	405
	1265	394	430
	1266	450	429
	1267	452	429
	1268	373	416
	1269	391	424
	1270	365	425
	1271	388	435
	1272	369	433
	1273	392	435
	1274	377	422
	1275	393	487
	1276	369	428
	1277	404	421
	1278	383	428
	1279	378	427
	1280	374	419
	1281	380	434
	1282	375	434
	1283	385	427
	1284	362	435
	1285	374	427
	1286	379	426
	1287	379	426
	1288	359	419
	1289	376	424
	1290	367	432
	1291	371	432
	1292	374	415
	1293	375	419
	1294	366	423
	1295	375	427
	1296	366	441
	1297	371	429
	1298	369	418
	1299	384	425
	1300	371	433
	1301	370	423
	1302	364	420
	1303	375	435
	1304	363	419
	1305	392	444
	1306	367	434
	1307	365	430
	1308	352	407
	1309	373	440
	1310	365	409
	1311	371	424
	1312	355	419
	1313	366	415
	1314	374	425
	1315	371	433
	1316	373	424
	1317	361	417
	1318	351	438
	1319	371	432
	1320	362	430
	1321	364	438
	1322	360	427
	1323	365	427
	1324	376	428
	1325	367	433
	1326	352	429
	1327	365	441
	1328	373	439
	1329	357	425
	1330	362	418
	1331	387	437
	1332	352	422
	1333	370	427
	1334	350	433
	1335	362	432
	1336	340	419
	1337	351	426
	1338	344	422
	1339	350	433
	1340	368	424
	1341	362	442
	1342	358	418
	1343	375	418
	1344	343	420
	1345	362	431
	1346	355	421
	1347	344	428
	1348	342	405
	1349	363	426
	1350	352	416
	1351	367	438
	1352	336	420
	1353	348	430
	1354	333	425
	1355	369	435
	1356	349	417
	1357	349	427
	1358	343	435
	1359	362	434
	1360	345	420
	1361	355	419
	1362	337	417
	1363	348	431
	1364	326	414
	1365	362	429
	1366	343	412
	1367	339	434
	1368	341	416
	1369	351	433
	1370	355	421
	1371	364	423
	1372	401	429
	1373	348	415
	1374	333	425
	1375	360	428
	1376	344	414
	1377	357	424
	1378	332	416
	1379	355	422
	1380	345	417
	1381	430	435
	1382	343	413
	1383	344	429
	1384	336	423
	1385	342	435
	1386	341	431
	1387	349	427
	1388	339	409
	1389	344	415
	1390	340	415
	1391	355	421
	1392	336	415
	1393	342	445
	1394	321	427
	1395	354	433
	1396	344	432
	1397	338	417
	1398	332	411
	1399	342	435
	1400	334	427
	1401	342	424
	1402	338	421
	1403	349	430
	1404	344	412
	1405	350	419
	1406	326	417
	1407	336	417
	1408	328	410
	1409	344	412
	1410	341	439
	1411	355	419
	1412	329	434
	1413	348	427
	1414	336	419
	1415	357	438
	1416	321	424
	1417	329	414
	1418	347	417
	1419	345	425
	1420	312	414
	1421	321	422
	1422	320	425
	1423	339	422
	1424	321	424
	1425	339	423
	1426	322	412
	1427	328	425
	1428	313	429
	1429	325	419
	1430	312	435
	1431	334	419
	1432	322	420
	1433	345	422
	1434	328	424
	1435	341	428
	1436	321	420
	1437	327	417
	1438	324	418
	1439	335	427
	1440	326	408
	1441	331	420
	1442	332	422
	1443	323	426
	1444	319	421
	1445	325	409
	1446	315	423
	1447	332	423
	1448	311	413
	1449	325	444
	1450	322	418
	1451	328	435
	1452	306	412
	1453	314	428
	1454	326	425
	1455	324	445
	1456	310	412
	1457	324	419
	1458	333	410
	1459	316	428
	1460	317	417
	1461	311	412
	1462	315	425
	1463	327	442
	1464	305	413
	1465	325	424
	1466	312	414
	1467	302	408
	1468	319	422
	1469	324	421
	1470	307	421
	1471	307	444
	1472	304	412
	1473	312	435
	1474	311	423
	1475	342	427
	1476	302	423
	1477	316	420
	1478	297	418
	1479	313	427
	1480	314	409
	1481	309	415
	1482	302	412
	1483	307	430
	1484	304	419
	1485	310	416
	1486	312	404
	1487	303	429
	1488	299	412
	1489	318	412
	1490	297	424
	1491	316	418
	1492	303	421
	1493	311	428
	1494	306	425
	1495	310	432
	1496	298	416
	1497	312	430
	1498	289	406
	1499	315	428
	1500	300	423
	1501	295	421
	1502	303	416
	1503	312	418
	1504	298	410
	1505	299	423
	1506	297	405
	1507	319	444
	1508	298	415
	1509	299	435
	1510	294	429
	1511	313	429
	1512	298	412
	1513	306	417
	1514	285	415
	1515	301	431
	1516	293	417
	1517	302	413
	1518	294	411
	1519	295	417
	1520	301	413
	1521	298	410
	1522	303	411
	1523	301	424
	1524	290	415
	1525	306	411
	1526	304	408
	1527	303	427
	1528	310	418
	1529	296	433
	1530	303	408
	1531	371	439
	1532	278	431
	1533	313	425
	1534	297	422
	1535	299	421
	1536	299	407
	1537	280	416
	1538	285	412
	1539	296	420
	1540	290	418
	1541	305	437
	1542	299	415
	1543	323	418
	1544	297	414
	1545	296	427
	1546	292	413
	1547	294	425
	1548	289	417
	1549	294	420
	1550	297	425
	1551	287	422
	1552	293	426
	1553	313	407
	1554	294	413
	1555	325	428
	1556	301	434
	1557	316	421
	1558	321	467
	1559	320	420
	1560	312	413
	1561	336	414
	1562	330	419
	1563	338	435
	1564	340	419
	1565	359	424
	1566	357	421
	1567	364	421
	1568	354	426
	1569	374	430
	1570	370	420
	1571	376	510
	1572	363	424
	1573	367	425
	1574	372	436
	1575	393	438
	1576	371	446
	1577	382	437
	1578	387	445
	1579	397	448
	1580	389	423
	1581	397	436
	1582	395	434
	1583	401	457
	1584	410	430
	1585	417	442
	1586	400	440
	1587	410	439
	1588	391	435
	1589	409	435
	1590	400	428
	1591	393	438
	1592	376	439
	1593	397	430
	1594	390	428
	1595	402	450
	1596	387	423
	1597	452	429
	1598	403	425
	1599	403	461
	1600	394	431
	1601	404	428
	1602	395	443
	1603	402	431
	1604	392	444
	1605	401	444
	1606	381	434
	1607	402	445
	1608	392	446
	1609	418	448
	1610	375	434
	1611	398	452
	1612	390	428
	1613	398	450
	1614	396	424
	1615	379	450
	1616	381	424
	1617	392	432
	1618	386	420
	1619	405	442
	1620	390	430
	1621	395	442
	1622	384	433
	1623	381	423
	1624	396	427
	1625	397	435
	1626	393	437
	1627	384	429
	1628	379	443
	1629	378	434
	1630	380	434
	1631	392	454
	1632	382	420
	1633	393	450
	1634	382	438
	1635	406	457
	1636	373	430
	1637	375	454
	1638	380	446
	1639	387	451
	1640	383	433
	1641	384	436
	1642	367	419
	1643	388	429
	1644	370	439
	1645	391	426
	1646	448	434
	1647	395	430
	1648	378	433
	1649	381	443
	1650	377	429
	1651	367	445
	1652	374	423
	1653	397	455
	1654	375	431
	1655	411	440
	1656	369	413
	1657	391	437
	1658	382	430
	1659	383	427
	1660	381	440
	1661	380	437
	1662	376	437
	1663	400	429
	1664	372	425
	1665	389	442
	1666	384	435
	1667	404	437
	1668	363	425
	1669	376	432
	1670	369	440
	1671	393	433
	1672	361	442
	1673	397	430
	1674	361	415
	1675	377	434
	1676	378	424
	1677	377	428
	1678	364	426
	1679	366	433
	1680	353	423
	1681	356	440
	1682	356	435
	1683	357	427
	1684	345	434
	1685	346	421
	1686	344	423
	1687	362	445
	1688	331	428
	1689	332	428
	1690	312	420
	1691	329	432
	1692	307	425
	1693	317	447
	1694	313	427
	1695	300	426
	1696	287	429
	1697	300	439
	1698	291	429
	1699	312	429
	1700	276	420
	1701	278	420
	1702	270	419
	1703	274	419
	1704	265	421
	1705	291	409
	1706	269	401
	1707	262	407
	1708	252	407
	1709	261	407
	1710	262	407
	1711	255	410
	1712	256	398
	1713	251	406
	1714	256	413
	1715	289	418
	1716	251	406
	1717	255	415
	1718	260	412
	1719	254	421
	1720	255	398
	1721	255	414
	1722	251	411
	1723	252	418
	1724	242	403
	1725	247	415
	1726	316	402
	1727	248	429
	1728	257	403
	1729	250	427
	1730	246	406
	1731	258	426
	1732	247	415
	1733	244	417
	1734	246	409
	1735	243	409
	1736	242	417
	1737	259	409
	1738	246	403
	1739	250	404
	1740	260	396
	1741	238	402
	1742	247	399
	1743	267	416
	1744	232	402
	1745	237	411
	1746	242	400
	1747	243	414
	1748	258	401
	1749	256	410
	1750	237	401
	1751	258	415
	1752	238	413
	1753	251	407
	1754	247	413
	1755	250	418
	1756	235	407
	1757	246	407
	1758	250	407
	1759	241	418
	1760	239	416
	1761	246	410
	1762	240	417
	1763	251	406
	1764	242	404
	1765	257	415
	1766	236	400
	1767	238	404
	1768	233	411
	1769	232	419
	1770	225	394
	1771	246	411
	1772	239	404
	1773	236	424
	1774	238	404
	1775	232	418
	1776	226	407
	1777	253	410
	1778	239	405
	1779	246	413
	1780	239	414
	1781	235	424
	1782	248	402
	1783	241	401
	1784	243	407
	1785	252	407
	1786	230	410
	1787	238	409
	1788	249	408
	1789	236	416
	1790	239	401
	1791	243	409
	1792	225	415
	1793	238	410
	1794	221	402
	1795	220	425
	1796	243	395
	1797	236	414
	1798	221	397
	1799	246	404
	1800	221	396
	1801	235	410
	1802	228	412
	1803	247	416
	1804	237	396
	1805	234	405
	1806	218	409
	1807	255	403
	1808	231	405
	1809	234	407
	1810	239	398
	1811	249	405
	1812	220	413
	1813	231	418
	1814	221	399
	1815	221	414
	1816	233	409
	1817	231	416
	1818	230	396
	1819	246	414
	1820	229	410
	1821	225	415
	1822	221	413
	1823	249	403
	1824	226	398
	1825	229	412
	1826	228	397
	1827	232	420
	1828	228	406
	1829	237	415
	1830	228	399
	1831	235	416
	1832	235	399
	1833	228	407
	1834	216	399
	1835	254	414
	1836	224	394
	1837	235	397
	1838	226	401
	1839	226	399
	1840	210	384
	1841	224	411
	1842	226	413
	1843	224	398
	1844	221	396
	1845	237	414
	1846	218	407
	1847	224	404
	1848	225	404
	1849	237	414
	1850	229	402
	1851	232	407
	1852	228	406
	1853	233	411
	1854	218	393
	1855	211	422
	1856	224	409
	1857	246	408
	1858	228	409
	1859	228	412
	1860	209	401
	1861	225	406
	1862	246	400
	1863	245	411
	1864	236	401
	1865	229	410
	1866	220	397
	1867	233	412
	1868	221	408
	1869	228	414
	1870	216	410
	1871	236	409
	1872	245	404
	1873	219	409
	1874	218	394
	1875	233	401
	1876	226	413
	1877	237	399
	1878	233	389
	1879	244	411
	1880	246	402
	1881	231	400
	1882	217	394
	1883	251	399
	1884	226	390
	1885	225	417
	1886	222	391
	1887	221	426
	1888	225	387
	1889	237	406
	1890	217	412
	1891	229	417
	1892	215	405
	1893	244	406
	1894	221	404
	1895	232	418
	1896	221	397
	1897	223	407
	1898	234	406
	1899	227	411
	1900	220	403
	1901	230	401
	1902	214	397
	1903	244	405
	1904	233	402
	1905	239	402
	1906	210	409
	1907	309	405
	1908	216	392
	1909	238	406
	1910	226	391
	1911	238	410
	1912	229	410
	1913	217	394
	1914	228	409
	1915	225	409
	1916	234	400
	1917	226	405
	1918	232	409
	1919	232	410
	1920	225	413
	1921	217	469
	1922	224	403
	1923	241	403
	1924	225	402
	1925	227	410
	1926	220	410
	1927	235	409
	1928	224	396
	1929	228	404
	1930	211	403
	1931	224	413
	1932	223	398
	1933	225	409
	1934	216	406
	1935	237	406
	1936	216	402
	1937	235	406
	1938	212	411
	1939	232	413
	1940	236	394
	1941	235	415
	1942	223	390
	1943	226	401
	1944	217	388
	1945	223	412
	1946	221	403
	1947	234	411
	1948	223	405
	1949	216	407
	1950	224	416
	1951	219	407
	1952	214	408
	1953	228	420
	1954	227	405
	1955	223	404
	1956	232	395
	1957	218	409
	1958	218	394
	1959	221	407
	1960	215	401
	1961	229	416
	1962	217	395
	1963	224	410
	1964	216	396
	1965	213	398
	1966	228	408
	1967	241	399
	1968	209	395
	1969	224	420
	1970	212	412
	1971	226	407
	1972	221	394
	1973	215	402
	1974	215	395
	1975	221	412
	1976	219	400
	1977	220	407
	1978	223	402
	1979	228	406
	1980	223	393
	1981	220	405
	1982	227	409
	1983	229	406
	1984	223	400
	1985	216	409
	1986	203	416
	1987	225	414
	1988	207	412
	1989	225	408
	1990	221	405
	1991	230	400
	1992	217	392
	1993	220	412
	1994	213	396
	1995	221	410
	1996	217	401
	1997	226	396
	1998	217	399
	1999	223	409
	2000	211	385
	2001	221	399
	2002	225	403
	2003	217	395
	2004	218	421
	2005	232	419
	2006	211	397
	2007	212	405
	2008	206	394
	2009	214	407
	2010	213	410
	2011	208	415
	2012	206	419
	2013	219	413
	2014	210	413
	2015	219	404
	2016	205	412
	2017	212	404
	2018	203	400
	2019	203	403
	2020	216	394
	2021	227	412
	2022	206	414
	2023	217	400
	2024	201	408
	2025	208	401
	2026	199	401
	2027	214	406
	2028	201	402
	2029	217	400
	2030	203	406
	2031	211	419
	2032	192	404
	2033	224	407
	2034	202	387
	2035	202	407
	2036	200	401
	2037	221	398
	2038	196	407
	2039	214	411
	2040	209	400
	2041	208	402
	2042	207	398
	2043	200	402
	2044	194	411
	2045	211	402
	2046	194	413
	2047	206	405
	2048	199	397
	2049	214	409
	2050	201	395
	2051	212	401
	2052	197	396
	2053	210	400
	2054	196	405
	2055	200	404
	2056	212	388
	2057	210	399
	2058	194	392
	2059	212	398
	2060	203	404
	2061	201	396
	2062	194	402
	2063	211	401
	2064	197	403
	2065	219	409
	2066	197	381
	2067	214	406
	2068	193	396
	2069	210	407
	2070	199	395
	2071	206	418
	2072	198	400
	2073	209	407
	2074	204	397
	2075	210	404
	2076	201	405
	2077	203	406
	2078	204	414
	2079	219	405
	2080	205	399
	2081	211	404
	2082	198	404
	2083	206	400
	2084	200	392
	2085	212	404
	2086	192	385
	2087	210	400
	2088	199	401
	2089	206	405
	2090	198	399
	2091	208	402
	2092	215	395
	2093	212	412
	2094	212	402
	2095	212	404
	2096	195	406
	2097	208	402
	2098	188	392
	2099	207	395
	2100	204	400
	2101	209	420
	2102	194	391
	2103	214	413
	2104	212	404
	2105	215	394
	2106	205	405
	2107	201	408
	2108	201	401
	2109	200	397
	2110	207	398
	2111	225	402
	2112	200	402
	2113	217	398
	2114	213	406
	2115	203	414
	2116	192	399
	2117	208	393
	2118	203	404
	2119	201	399
	2120	199	396
	2121	219	401
	2122	196	405
	2123	214	413
	2124	201	399
	2125	206	401
	2126	201	393
	2127	203	408
	2128	197	393
	2129	194	409
	2130	202	411
	2131	210	416
	2132	197	399
	2133	203	410
	2134	197	404
	2135	213	400
	2136	193	389
	2137	195	419
	2138	190	404
	2139	205	405
	2140	193	409
	2141	218	403
	2142	207	396
	2143	207	399
	2144	197	404
	2145	220	397
	2146	199	398
	2147	211	394
	2148	207	399
	2149	203	397
	2150	205	398
	2151	215	398
	2152	207	395
	2153	204	391
	2154	207	400
	2155	208	400
	2156	201	393
	2157	210	402
	2158	194	395
	2159	203	410
	2160	196	389
	2161	200	398
	2162	194	397
	2163	215	394
	2164	200	398
	2165	216	404
	2166	205	398
	2167	206	395
	2168	198	403
	2169	196	407
	2170	206	588
	2171	210	395
	2172	198	397
	2173	206	403
	2174	202	401
	2175	206	395
	2176	190	396
	2177	206	395
	2178	195	394
	2179	220	407
	2180	200	396
	2181	198	403
	2182	197	395
	2183	217	394
	2184	195	401
	2185	204	408
	2186	197	388
	2187	214	404
	2188	196	392
	2189	211	398
	2190	190	389
	2191	205	408
	2192	188	396
	2193	196	408
	2194	195	457
	2195	213	403
	2196	191	390
	2197	201	404
	2198	203	405
	2199	212	413
	2200	196	396
	2201	203	402
	2202	194	404
	2203	207	400
	2204	196	399
	2205	296	413
	2206	196	384
	2207	212	396
	2208	200	391
	2209	209	401
	2210	204	379
	2211	205	404
	2212	190	387
	2213	211	406
	2214	199	393
	2215	206	395
	2216	195	394
	2217	209	400
	2218	201	400
	2219	202	402
	2220	188	400
	2221	208	397
	2222	203	409
	2223	209	404
	2224	205	387
	2225	213	400
	2226	199	387
	2227	210	396
	2228	193	392
	2229	197	394
	2230	201	393
	2231	207	411
	2232	200	392
	2233	195	408
	2234	208	402
	2235	193	406
	2236	189	398
	2237	220	396
	2238	193	402
	2239	201	414
	2240	194	396
	2241	204	393
	2242	197	392
	2243	209	407
	2244	212	391
	2245	196	402
	2246	195	396
	2247	221	396
	2248	210	395
	2249	204	402
	2250	195	399
	2251	201	399
	2252	198	389
	2253	210	400
	2254	186	396
	2255	203	405
	2256	206	395
	2257	207	404
	2258	196	389
	2259	208	389
	2260	194	404
	2261	211	405
	2262	192	396
	2263	201	410
	2264	201	396
	2265	210	411
	2266	202	386
	2267	201	403
	2268	199	412
	2269	203	399
	2270	192	395
	2271	208	396
	2272	187	398
	2273	204	386
	2274	207	384
	2275	209	405
	2276	194	395
	2277	204	400
	2278	198	399
	2279	205	399
	2280	199	396
	2281	199	401
	2282	208	391
	2283	205	406
	2284	190	405
	2285	203	397
	2286	196	393
	2287	213	390
	2288	198	399
	2289	199	409
	2290	195	404
	2291	204	402
	2292	204	392
	2293	208	404
	2294	208	399
	2295	204	412
	2296	194	393
	2297	211	410
	2298	202	413
	2299	208	403
	2300	197	392
	2301	191	398
	2302	197	397
	2303	207	404
	2304	186	402
	2305	210	408
	2306	191	396
	2307	210	398
	2308	190	392
	2309	208	401
	2310	201	388
	2311	208	403
	2312	195	386
	2313	206	402
	2314	193	391
	2315	204	408
	2316	194	388
	2317	201	401
	2318	195	403
	2319	200	398
	2320	195	397
	2321	211	397
	2322	194	390
	2323	210	401
	2324	191	397
	2325	218	405
	2326	193	399
	2327	199	397
	2328	196	399
	2329	218	399
	2330	218	392
	2331	199	400
	2332	191	387
	2333	211	405
	2334	192	385
	2335	199	395
	2336	194	388
	2337	199	401
	2338	197	393
	2339	207	411
	2340	188	393
	2341	196	399
	2342	198	392
	2343	192	399
	2344	199	399
	2345	210	395
	2346	199	398
	2347	204	396
	2348	188	393
	2349	207	402
	2350	199	390
	2351	201	409
	2352	195	393
	2353	205	405
	2354	183	398
	2355	211	397
	2356	199	391
	2357	204	391
	2358	190	395
	2359	196	407
	2360	189	399
	2361	197	414
	2362	194	402
	2363	202	421
	2364	194	394
	2365	202	390
	2366	197	393
	2367	199	394
	2368	192	394
	2369	204	404
	2370	200	389
	2371	209	400
	2372	194	397
	2373	201	405
	2374	186	391
	2375	207	409
	2376	192	390
	2377	205	397
	2378	191	389
	2379	209	398
	2380	202	394
	2381	204	408
	2382	203	403
	2383	211	395
	2384	199	399
	2385	194	402
	2386	193	397
	2387	203	402
	2388	201	394
	2389	211	406
	2390	195	390
	2391	207	418
	2392	205	395
	2393	201	404
	2394	198	389
	2395	199	391
	2396	196	389
	2397	195	411
	2398	195	402
	2399	199	400
	2400	187	417
	2401	202	396
	2402	190	395
	2403	269	402
	2404	190	390
	2405	198	397
	2406	193	390
	2407	209	400
	2408	198	401
	2409	196	402
	2410	198	395
	2411	204	414
	2412	206	391
	2413	199	399
	2414	196	396
	2415	219	398
	2416	194	401
	2417	209	455
	2418	199	406
	2419	209	398
	2420	197	395
	2421	211	403
	2422	188	391
	2423	205	409
	2424	188	388
	2425	221	401
	2426	189	396
	2427	210	413
	2428	196	389
	2429	208	401
	2430	191	402
	2431	208	409
	2432	189	392
	2433	202	412
	2434	198	396
	2435	214	403
	2436	208	390
	2437	203	407
	2438	193	400
	2439	201	397
	2440	191	393
	2441	196	404
	2442	204	402
	2443	209	402
	2444	192	385
	2445	194	394
	2446	205	395
	2447	206	395
	2448	198	391
	2449	202	393
	2450	192	397
	2451	201	412
	2452	198	397
	2453	198	399
	2454	198	402
	2455	204	406
	2456	202	394
	2457	204	397
	2458	208	406
	2459	217	400
	2460	198	396
	2461	200	410
	2462	203	395
	2463	206	407
	2464	197	427
	2465	201	398
	2466	203	401
	2467	209	414
	2468	191	393
	2469	201	404
	2470	201	402
	2471	212	408
	2472	186	399
	2473	203	401
	2474	205	393
	2475	208	399
	2476	192	391
	2477	198	411
	2478	208	401
	2479	196	395
	2480	194	406
	2481	210	421
	2482	204	409
	2483	197	397
	2484	186	392
	2485	210	391
	2486	187	404
	2487	199	398
	2488	191	395
	2489	204	393
	2490	193	402
	2491	204	396
	2492	194	400
	2493	206	399
	2494	199	394
	2495	210	415
	2496	195	389
	2497	201	398
	2498	197	392
	2499	205	409
	2500	193	400
	2501	212	406
	2502	218	397
	2503	200	399
	2504	204	389
	2505	200	397
	2506	197	409
	2507	202	412
	2508	198	389
	2509	200	399
	2510	203	398
	2511	204	406
	2512	193	393
	2513	208	425
	2514	195	394
	2515	209	398
	2516	200	395
	2517	206	403
	2518	195	400
	2519	209	402
	2520	200	400
	2521	204	399
	2522	202	402
	2523	195	396
	2524	200	392
	2525	205	398
	2526	208	404
	2527	211	400
	2528	189	393
	2529	207	402
	2530	191	402
	2531	208	401
	2532	196	396
	2533	201	393
	2534	194	393
	2535	210	410
	2536	201	398
	2537	211	403
	2538	191	395
	2539	199	403
	2540	201	396
	2541	205	404
	2542	190	399
	2543	208	395
	2544	198	400
	2545	205	394
	2546	193	399
	2547	200	398
	2548	197	406
	2549	199	396
	2550	197	391
	2551	197	403
	2552	194	395
	2553	205	407
	2554	199	397
	2555	203	405
	2556	199	398
	2557	204	404
	2558	190	396
	2559	205	404
	2560	195	395
	2561	200	402
	2562	202	391
	2563	205	399
	2564	201	394
	2565	199	397
	2566	200	407
	2567	209	449
	2568	205	405
	2569	204	400
	2570	193	398
	2571	219	401
	2572	203	389
	2573	196	404
	2574	196	389
	2575	211	403
	2576	190	404
	2577	207	404
	2578	195	393
	2579	217	400
	2580	193	396
	2581	204	398
	2582	187	412
	2583	194	403
	2584	182	394
	2585	198	399
	2586	195	397
	2587	199	407
	2588	194	385
	2589	209	397
	2590	201	394
	2591	215	405
	2592	187	394
	2593	208	400
	2594	191	383
	2595	207	402
	2596	203	394
	2597	197	396
	2598	201	396
	2599	209	393
	2600	197	390
	2601	205	391
	2602	188	386
	2603	199	398
	2604	199	393
	2605	202	399
	2606	191	395
	2607	206	394
	2608	195	400
	2609	206	404
	2610	193	407
	2611	204	396
	2612	194	403
	2613	215	399
	2614	200	402
	2615	222	408
	2616	200	394
	2617	208	394
	2618	191	389
	2619	214	396
	2620	194	394
	2621	203	410
	2622	196	390
	2623	199	401
	2624	194	395
	2625	197	396
	2626	252	397
	2627	190	409
	2628	189	405
	2629	190	398
	2630	202	390
	2631	198	404
	2632	206	394
	2633	204	417
	2634	204	389
	2635	209	399
	2636	197	400
	2637	204	397
	2638	194	399
	2639	205	398
	2640	190	395
	2641	224	410
	2642	185	395
	2643	207	409
	2644	195	394
	2645	199	409
	2646	199	397
	2647	209	410
	2648	193	402
	2649	201	401
	2650	197	410
	2651	205	402
	2652	201	402
	2653	209	402
	2654	206	396
	2655	203	406
	2656	207	398
	2657	207	398
	2658	206	398
	2659	204	398
	2660	201	392
	2661	208	401
	2662	199	388
	2663	205	402
	2664	198	388
	2665	207	397
	2666	196	388
	2667	198	391
	2668	193	399
	2669	206	398
	2670	192	409
	2671	203	411
	2672	198	395
	2673	212	401
	2674	188	406
	2675	191	413
	2676	191	396
	2677	197	403
	2678	189	386
	2679	201	393
	2680	198	394
	2681	193	408
	2682	188	388
	2683	215	403
	2684	193	390
	2685	203	400
	2686	201	391
	2687	199	390
	2688	205	390
	2689	219	389
	2690	197	395
	2691	215	398
	2692	205	398
	2693	210	392
	2694	197	390
	2695	204	400
	2696	192	386
	2697	201	402
	2698	201	400
	2699	213	421
	2700	196	388
	2701	201	401
	2702	193	403
	2703	205	412
	2704	197	407
	2705	209	394
	2706	195	402
	2707	206	393
	2708	196	400
	2709	199	394
	2710	194	403
	2711	211	413
	2712	196	389
	2713	207	403
	2714	198	393
	2715	205	397
	2716	189	383
	2717	197	397
	2718	185	393
	2719	204	419
	2720	189	394
	2721	265	402
	2722	198	394
	2723	201	397
	2724	190	396
	2725	204	421
	2726	249	400
	2727	206	402
	2728	191	396
	2729	206	399
	2730	200	394
	2731	212	411
	2732	194	390
	2733	200	408
	2734	191	407
	2735	200	395
	2736	197	391
	2737	197	403
	2738	202	399
	2739	204	398
	2740	189	402
	2741	190	394
	2742	199	399
	2743	205	395
	2744	197	401
	2745	200	401
	2746	196	397
	2747	217	402
	2748	191	401
	2749	208	396
	2750	206	412
	2751	215	419
	2752	190	389
	2753	204	401
	2754	192	393
	2755	200	395
	2756	198	388
	2757	206	401
	2758	188	392
	2759	202	400
	2760	194	400
	2761	201	406
	2762	182	399
	2763	220	399
	2764	201	393
	2765	216	398
	2766	191	392
	2767	205	411
	2768	198	386
	2769	199	394
	2770	193	395
	2771	224	407
	2772	191	386
	2773	207	399
	2774	192	389
	2775	205	401
	2776	189	402
	2777	196	407
	2778	189	395
	2779	200	398
	2780	198	398
	2781	203	392
	2782	190	395
	2783	256	400
	2784	197	400
	2785	211	409
	2786	205	388
	2787	199	398
	2788	190	397
	2789	205	404
	2790	193	387
	2791	193	396
	2792	194	384
	2793	190	391
	2794	190	392
	2795	205	406
	2796	197	400
	2797	205	395
	2798	194	392
	2799	195	405
	2800	187	407
	2801	203	420
	2802	200	445
	2803	207	400
	2804	193	398
	2805	205	402
	2806	207	395
	2807	203	402
	2808	199	399
	2809	207	398
	2810	196	405
	2811	192	411
	2812	190	402
	2813	200	406
	2814	195	413
	2815	208	395
	2816	196	394
	2817	204	398
	2818	200	394
	2819	212	402
	2820	202	390
	2821	206	395
	2822	192	389
	2823	214	396
	2824	201	390
	2825	208	388
	2826	197	387
	2827	197	396
	2828	199	394
	2829	208	394
	2830	200	390
	2831	252	391
	2832	198	389
	2833	197	403
	2834	198	397
	2835	196	397
	2836	195	386
	2837	202	414
	2838	207	391
	2839	208	404
	2840	203	388
	2841	205	396
	2842	201	390
	2843	206	401
	2844	195	404
	2845	202	407
	2846	197	384
	2847	202	396
	2848	195	386
	2849	197	397
	2850	190	402
	2851	206	399
	2852	185	399
	2853	217	387
	2854	196	386
	2855	202	395
	2856	197	385
	2857	200	406
	2858	189	398
	2859	215	419
	2860	198	390
	2861	220	402
	2862	197	393
	2863	207	396
	2864	200	393
	2865	197	397
	2866	189	398
	2867	198	393
	2868	187	392
	2869	204	400
	2870	211	388
	2871	202	392
	2872	191	398
	2873	206	403
	2874	195	401
	2875	210	405
	2876	193	392
	2877	202	416
	2878	207	411
	2879	200	399
	2880	190	391
	2881	190	388
	2882	197	384
	2883	215	399
	2884	192	388
	2885	205	395
	2886	193	392
	2887	208	397
	2888	198	397
	2889	373	392
	2890	201	400
	2891	199	417
	2892	192	405
	2893	210	414
	2894	202	391
	2895	205	396
	2896	199	396
	2897	202	398
	2898	199	403
	2899	214	420
	2900	188	395
	2901	209	398
	2902	190	396
	2903	193	393
	2904	202	398
	2905	201	404
	2906	196	392
	2907	210	392
	2908	195	398
	2909	200	398
	2910	194	401
	2911	197	440
	2912	198	396
	2913	210	409
	2914	196	429
	2915	207	405
	2916	194	394
	2917	201	399
	2918	211	407
	2919	212	391
	2920	240	396
	2921	210	407
	2922	202	406
	2923	194	395
	2924	205	401
	2925	189	395
	2926	189	398
	2927	201	399
	2928	197	396
	2929	201	405
	2930	188	406
	2931	193	397
	2932	188	397
	2933	200	399
	2934	187	399
	2935	203	399
	2936	195	410
	2937	202	385
	2938	203	395
	2939	193	410
	2940	196	403
	2941	200	398
	2942	199	405
	2943	208	398
	2944	194	407
	2945	196	395
	2946	200	400
	2947	205	407
	2948	194	390
	2949	202	402
	2950	189	402
	2951	200	408
	2952	189	390
	2953	199	405
	2954	205	397
	2955	212	399
	2956	208	393
	2957	207	401
	2958	201	400
	2959	207	398
	2960	195	396
	2961	202	407
	2962	191	396
	2963	205	396
	2964	191	387
	2965	201	398
	2966	201	387
	2967	204	401
	2968	199	390
	2969	194	411
	2970	192	389
	2971	212	401
	2972	190	389
	2973	201	397
	2974	195	395
	2975	212	403
	2976	193	389
	2977	213	406
	2978	199	395
	2979	207	388
	2980	203	393
	2981	204	402
	2982	197	387
	2983	204	401
	2984	193	386
	2985	188	405
	2986	198	402
	2987	205	408
	2988	200	402
	2989	207	396
	2990	193	405
	2991	200	398
	2992	203	399
	2993	208	401
	2994	197	399
	2995	210	388
	2996	188	384
	2997	207	402
	2998	225	396
	2999	211	390
	3000	192	384
	3001	207	401
	3002	204	384
	3003	210	402
	3004	194	404
	3005	200	410
	3006	198	397
	3007	214	405
	3008	201	394
	3009	204	407
	3010	192	393
	3011	197	402
	3012	195	395
	3013	209	396
	3014	203	404
	3015	200	400
	3016	203	397
	3017	199	400
	3018	198	397
	3019	199	403
	3020	190	388
	3021	205	400
	3022	193	400
	3023	202	402
	3024	197	391
	3025	211	395
	3026	187	386
	3027	210	394
	3028	196	390
	3029	216	386
	3030	192	390
	3031	203	411
	3032	195	396
	3033	210	407
	3034	192	392
	3035	200	399
	3036	194	393
	3037	188	399
	3038	197	393
	3039	197	404
	3040	195	388
	3041	216	409
	3042	201	399
	3043	210	401
	3044	186	392
	3045	204	391
	3046	196	393
	3047	199	404
	3048	194	401
	3049	202	410
	3050	200	389
	3051	204	405
	3052	194	394
	3053	199	409
	3054	184	391
	3055	195	404
	3056	212	392
	3057	209	402
	3058	194	388
	3059	206	402
	3060	192	404
	3061	209	402
	3062	196	398
	3063	203	402
	3064	188	388
	3065	197	402
	3066	197	400
	3067	204	395
	3068	202	390
	3069	203	405
	3070	197	396
	3071	196	397
	3072	205	395
	3073	201	399
	3074	195	384
	3075	207	411
	3076	204	383
	3077	198	407
	3078	196	385
	3079	201	406
	3080	192	398
	3081	204	409
	3082	200	403
	3083	211	407
	3084	191	401
	3085	197	394
	3086	196	391
	3087	208	400
	3088	197	387
	3089	202	391
	3090	189	404
	3091	198	406
	3092	210	396
	3093	197	387
	3094	190	405
	3095	206	406
	3096	190	397
	3097	197	407
	3098	200	388
	3099	202	404
	3100	190	397
	3101	200	391
	3102	194	397
	3103	215	396
	3104	196	400
	3105	208	402
	3106	190	387
	3107	207	401
	3108	199	401
	3109	199	394
	3110	188	395
	3111	207	415
	3112	199	408
	3113	188	413
	3114	191	392
	3115	202	405
	3116	194	379
	3117	206	394
	3118	197	395
	3119	199	401
	3120	195	395
	3121	198	399
	3122	197	401
	3123	201	405
	3124	193	395
	3125	200	402
	3126	189	396
	3127	199	402
	3128	191	402
	3129	194	400
	3130	190	407
	3131	216	403
	3132	199	393
	3133	210	399
	3134	195	393
	3135	205	392
	3136	206	396
	3137	201	398
	3138	197	396
	3139	207	401
	3140	197	394
	3141	205	403
	3142	199	400
	3143	197	394
	3144	196	405
	3145	207	399
	3146	234	390
	3147	198	410
	3148	190	399
	3149	196	397
	3150	196	390
	3151	208	399
	3152	199	391
	3153	206	416
	3154	184	395
	3155	200	391
	3156	197	393
	3157	202	400
	3158	189	395
	3159	197	395
	3160	193	403
	3161	201	411
	3162	190	396
	3163	207	400
	3164	197	396
	3165	207	399
	3166	207	396
	3167	214	406
	3168	196	392
	3169	202	391
	3170	193	394
	3171	207	404
	3172	205	387
	3173	210	397
	3174	190	399
	3175	205	407
	3176	193	399
	3177	209	397
	3178	204	398
	3179	204	406
	3180	202	409
	3181	196	402
	3182	186	386
	3183	201	407
	3184	194	390
	3185	249	400
	3186	198	393
	3187	212	398
	3188	187	396
	3189	204	394
	3190	191	399
	3191	213	397
	3192	203	394
	3193	200	404
	3194	191	393
	3195	209	399
	3196	195	405
	3197	201	399
	3198	191	398
	3199	204	400
	3200	202	388
	3201	202	405
	3202	184	385
	3203	193	404
	3204	197	395
	3205	200	401
	3206	195	393
	3207	205	408
	3208	188	399
	3209	204	400
	3210	190	400
	3211	213	408
	3212	198	399
	3213	210	407
	3214	193	393
	3215	210	399
	3216	196	393
	3217	204	403
	3218	201	384
	3219	210	399
	3220	192	397
	3221	204	406
	3222	191	383
	3223	211	462
	3224	192	395
	3225	201	406
	3226	195	403
	3227	194	406
	3228	185	396
	3229	205	405
	3230	192	393
	3231	205	395
	3232	187	393
	3233	197	404
	3234	196	386
	3235	198	399
	3236	193	397
	3237	213	400
	3238	195	390
	3239	200	403
	3240	199	398
	3241	201	450
	3242	199	401
	3243	202	413
	3244	199	395
	3245	202	397
	3246	191	421
	3247	208	395
	3248	182	391
	3249	205	399
	3250	198	395
	3251	203	415
	3252	202	395
	3253	211	398
	3254	192	398
	3255	207	398
	3256	194	395
	3257	202	410
	3258	192	398
	3259	198	396
	3260	205	387
	3261	202	400
	3262	193	401
	3263	209	407
	3264	195	397
	3265	212	393
	3266	187	395
	3267	204	400
	3268	194	394
	3269	192	414
	3270	191	387
	3271	204	406
	3272	203	402
	3273	208	391
	3274	194	394
	3275	202	405
	3276	194	397
	3277	209	406
	3278	188	399
	3279	198	405
	3280	193	395
	3281	208	400
	3282	200	387
	3283	200	400
	3284	192	403
	3285	253	404
	3286	192	394
	3287	208	409
	3288	197	390
	3289	204	405
	3290	200	397
	3291	203	405
	3292	195	387
	3293	220	402
	3294	192	388
	3295	199	407
	3296	204	389
	3297	199	397
	3298	193	391
	3299	202	397
	3300	201	403
	3301	194	396
	3302	199	393
	3303	211	392
	3304	198	402
	3305	200	406
	3306	187	393
	3307	204	401
	3308	197	390
	3309	200	392
	3310	198	396
	3311	200	400
	3312	183	394
	3313	198	404
	3314	179	402
	3315	201	399
	3316	196	392
	3317	198	414
	3318	195	390
	3319	197	403
	3320	200	393
	3321	208	395
	3322	208	379
	3323	204	393
	3324	190	387
	3325	204	393
	3326	200	394
	3327	203	404
	3328	196	392
	3329	208	407
	3330	200	393
	3331	204	401
	3332	197	407
	3333	199	404
	3334	197	404
	3335	201	406
	3336	194	386
	3337	201	407
	3338	196	395
	3339	205	402
	3340	185	393
	3341	200	404
	3342	190	395
	3343	200	402
	3344	196	397
	3345	206	400
	3346	198	397
	3347	220	403
	3348	203	394
	3349	205	404
	3350	183	393
	3351	196	398
	3352	194	402
	3353	199	397
	3354	193	387
	3355	207	406
	3356	195	397
	3357	204	393
	3358	203	389
	3359	201	401
	3360	189	394
	3361	209	401
	3362	202	396
	3363	203	404
	3364	199	396
	3365	209	406
	3366	196	388
	3367	204	407
	3368	190	395
	3369	202	405
	3370	199	384
	3371	209	397
	3372	194	394
	3373	199	388
	3374	200	385
	3375	210	398
	3376	198	398
	3377	201	397
	3378	185	392
	3379	201	400
	3380	195	400
	3381	194	402
	3382	200	394
	3383	209	406
	3384	196	383
	3385	218	406
	3386	195	401
	3387	206	401
	3388	194	392
	3389	196	402
	3390	193	400
	3391	207	397
	3392	180	393
	3393	190	400
	3394	200	384
	3395	202	399
	3396	198	390
	3397	201	397
	3398	197	396
	3399	208	396
	3400	186	400
	3401	203	406
	3402	188	398
	3403	202	394
	3404	193	404
	3405	207	405
	3406	186	391
	3407	211	388
	3408	199	389
	3409	205	394
	3410	193	396
	3411	204	397
	3412	193	387
	3413	186	398
	3414	189	397
	3415	212	401
	3416	201	395
	3417	200	404
	3418	195	395
	3419	199	401
	3420	188	392
	3421	204	390
	3422	195	407
	3423	210	402
	3424	200	398
	3425	206	406
	3426	195	394
	3427	203	401
	3428	201	392
	3429	207	397
	3430	192	402
	3431	204	400
	3432	196	391
	3433	201	402
	3434	194	394
	3435	213	403
	3436	192	392
	3437	196	417
	3438	190	379
	3439	194	406
	3440	197	400
	3441	208	396
	3442	201	393
	3443	195	398
	3444	190	392
	3445	198	414
	3446	193	407
	3447	197	398
	3448	196	385
	3449	199	399
	3450	199	384
	3451	198	398
	3452	194	386
	3453	205	398
	3454	196	393
	3455	212	412
	3456	192	386
	3457	207	397
	3458	194	396
	3459	204	403
	3460	206	392
	3461	208	421
	3462	193	407
	3463	205	401
	3464	196	402
	3465	206	403
	3466	188	395
	3467	206	408
	3468	193	396
	3469	204	395
	3470	196	406
	3471	209	403
	3472	189	461
	3473	198	393
	3474	196	386
	3475	208	396
	3476	187	383
	3477	201	403
	3478	202	442
	3479	196	394
	3480	204	394
	3481	208	392
	3482	198	390
	3483	208	409
	3484	191	396
	3485	197	405
	3486	190	387
	3487	202	403
	3488	198	395
	3489	196	401
	3490	192	391
	3491	195	401
	3492	194	390
	3493	193	405
	3494	200	388
	3495	210	407
	3496	199	392
	3497	204	388
	3498	191	405
	3499	206	404
	3500	200	405
	3501	202	386
	3502	190	400
	3503	209	400
	3504	188	395
	3505	194	397
	3506	190	401
	3507	193	390
	3508	184	396
	3509	205	414
	3510	201	402
	3511	198	408
	3512	185	382
	3513	201	395
	3514	197	394
	3515	207	404
	3516	194	389
	3517	215	402
	3518	187	405
	3519	207	399
	3520	191	398
	3521	197	399
	3522	196	395
	3523	207	406
	3524	187	391
	3525	198	403
	3526	193	401
	3527	196	411
	3528	196	389
	3529	194	405
	3530	201	390
	3531	206	412
	3532	194	394
	3533	200	393
	3534	206	387
	3535	203	405
	3536	196	402
	3537	211	403
	3538	194	395
	3539	201	402
	3540	192	436
	3541	196	389
	3542	191	391
	3543	201	400
	3544	198	386
	3545	196	393
	3546	196	384
	3547	203	393
	3548	200	387
	3549	209	408
	3550	245	443
	3551	200	397
	3552	190	399
	3553	210	405
	3554	199	389
	3555	205	422
	3556	200	392
	3557	198	394
	3558	190	396
	3559	204	413
	3560	204	387
	3561	210	396
	3562	213	384
	3563	201	400
	3564	196	402
	3565	207	409
	3566	189	393
	3567	204	410
	3568	190	395
	3569	201	405
	3570	203	399
	3571	209	402
	3572	193	397
	3573	203	394
	3574	203	395
	3575	201	396
	3576	195	395
	3577	190	395
	3578	194	392
	3579	205	419
	3580	188	381
	3581	211	401
	3582	200	405
	3583	252	403
	3584	193	398
	3585	205	399
	3586	202	406
	3587	211	399
	3588	196	395
	3589	206	401
	3590	202	397
	3591	208	408
	3592	196	395
	3593	209	400
	3594	193	391
	3595	205	400
	3596	191	396
	3597	201	396
	3598	185	391
	3599	204	402
	3600	190	391
	3601	216	393
	3602	197	402
	3603	209	403
	3604	192	387
	3605	197	385
	3606	194	391
	3607	206	398
	3608	203	396
	3609	203	403
	3610	194	394
	3611	204	405
	3612	203	394
	3613	200	402
	3614	194	405
	3615	200	393
	3616	183	396
	3617	207	391
	3618	196	388
	3619	194	406
	3620	186	393
	3621	196	404
	3622	197	387
	3623	196	403
	3624	190	395
	3625	197	386
	3626	200	396
	3627	199	405
	3628	187	399
	3629	213	391
	3630	180	381
	3631	206	393
	3632	212	395
	3633	206	408
	3634	192	399
	3635	207	414
	3636	197	382
	3637	209	403
	3638	192	388
	3639	203	405
	3640	188	395
	3641	202	397
	3642	187	385
	3643	200	402
	3644	190	386
	3645	204	403
	3646	192	390
	3647	207	397
	3648	192	404
	3649	213	399
	3650	187	385
	3651	206	407
	3652	200	388
	3653	196	403
	3654	201	395
	3655	193	401
	3656	195	395
	3657	205	399
	3658	197	394
	3659	198	393
	3660	198	393
	3661	193	404
	3662	189	395
	3663	204	398
	3664	194	392
	3665	205	394
	3666	200	396
	3667	220	408
	3668	195	387
	3669	203	411
	3670	198	389
	3671	205	400
	3672	192	382
	3673	198	407
	3674	192	382
	3675	195	402
	3676	199	387
	3677	200	408
	3678	195	396
	3679	212	412
	3680	189	385
	3681	202	394
	3682	205	397
	3683	200	407
	3684	196	390
	3685	207	402
	3686	193	394
	3687	202	400
	3688	202	394
	3689	200	400
	3690	191	387
	3691	198	410
	3692	207	401
	3693	203	413
	3694	193	389
	3695	208	403
	3696	200	398
	3697	204	404
	3698	194	399
	3699	224	397
	3700	242	394
	3701	204	396
	3702	193	391
	3703	209	406
	3704	194	400
	3705	209	399
	3706	192	392
	3707	210	410
	3708	193	387
	3709	190	408
	3710	186	396
	3711	203	402
	3712	190	391
	3713	211	395
	3714	190	385
	3715	193	378
	3716	183	382
	3717	196	391
	3718	183	386
	3719	189	387
	3720	192	391
	3721	207	391
	3722	194	383
	3723	192	392
