	0	19	39
	1	20	40
	2	17	39
	3	18	35
	4	17	36
	5	17	37
	6	18	37
	7	18	38
	8	15	39
	9	17	36
	10	19	41
	11	17	37
	12	18	35
	13	18	35
	14	19	38
	15	18	39
	16	17	39
	17	16	37
	18	18	38
	19	17	38
	20	16	39
	21	18	40
	22	17	37
	23	17	39
	24	17	38
	25	17	38
	26	22	38
	27	22	42
	28	19	40
	29	19	42
	30	24	43
	31	23	42
	32	21	38
	33	19	42
	34	21	40
	35	23	40
	36	20	41
	37	21	40
	38	20	38
	39	20	41
	40	19	41
	41	19	40
	42	21	40
	43	22	42
	44	18	41
	45	21	42
	46	19	41
	47	20	40
	48	21	38
	49	24	41
	50	20	43
	51	20	41
	52	18	41
	53	22	41
	54	21	40
	55	22	41
	56	20	43
	57	21	39
	58	21	38
	59	20	40
	60	21	39
	61	21	41
	62	23	45
	63	25	41
	64	20	44
	65	21	42
	66	22	40
	67	22	46
	68	19	41
	69	22	43
	70	19	42
	71	24	40
	72	22	40
	73	21	40
	74	22	41
	75	21	44
	76	21	41
	77	21	40
	78	23	41
	79	24	40
	80	19	43
	81	21	43
	82	19	41
	83	22	46
	84	19	43
	85	20	42
	86	23	42
	87	22	43
	88	23	44
	89	23	41
	90	21	42
	91	23	43
	92	21	38
	93	22	45
	94	21	42
	95	25	38
	96	22	51
	97	22	43
	98	21	41
	99	22	40
	100	21	42
	101	21	42
	102	22	42
	103	23	44
	104	25	41
	105	22	43
	106	23	41
	107	25	42
	108	21	43
	109	23	42
	110	21	41
	111	24	42
	112	21	43
	113	22	45
	114	21	41
	115	23	45
	116	20	40
	117	23	41
	118	21	43
	119	23	43
	120	23	39
	121	25	42
	122	22	42
	123	20	42
	124	21	40
	125	22	45
	126	21	41
	127	23	41
	128	21	40
	129	22	44
	130	19	42
	131	21	43
	132	22	43
	133	24	39
	134	24	41
	135	23	42
	136	30	41
	137	23	44
	138	21	45
	139	23	44
	140	25	40
	141	29	44
	142	25	43
	143	22	41
	144	21	41
	145	23	43
	146	25	42
	147	24	43
	148	23	43
	149	25	41
	150	22	40
	151	22	43
	152	19	39
	153	24	44
	154	22	42
	155	22	43
	156	21	42
	157	22	41
	158	20	40
	159	24	44
	160	24	41
	161	25	43
	162	19	42
	163	24	41
	164	23	44
	165	23	43
	166	24	40
	167	23	45
	168	21	41
	169	25	43
	170	25	44
	171	20	42
	172	22	43
	173	22	43
	174	23	44
	175	23	44
	176	22	43
	177	24	45
	178	23	44
	179	21	41
	180	22	40
	181	23	42
	182	22	40
	183	22	41
	184	24	42
	185	20	44
	186	24	43
	187	21	44
	188	21	41
	189	21	41
	190	23	42
	191	22	42
	192	23	42
	193	20	44
	194	22	41
	195	22	42
	196	21	43
	197	23	41
	198	21	41
	199	25	43
	200	24	41
	201	23	42
	202	24	44
	203	25	42
	204	23	42
	205	25	42
	206	23	42
	207	25	41
	208	22	41
	209	26	43
	210	21	43
	211	23	43
	212	22	43
	213	23	40
	214	20	41
	215	22	43
	216	27	42
	217	26	45
	218	24	42
	219	23	50
	220	24	40
	221	22	42
	222	24	45
	223	25	43
	224	23	43
	225	23	43
	226	23	42
	227	23	43
	228	20	44
	229	25	42
	230	24	44
	231	22	44
	232	21	43
	233	23	41
	234	25	40
	235	21	40
	236	23	43
	237	23	44
	238	23	39
	239	25	46
	240	22	40
	241	23	45
	242	21	42
	243	21	41
	244	26	45
	245	23	42
	246	20	43
	247	21	42
	248	23	40
	249	22	40
	250	25	44
	251	23	44
	252	22	39
	253	22	44
	254	23	40
	255	25	44
	256	22	42
	257	27	45
	258	23	45
	259	23	44
	260	21	42
	261	24	42
	262	23	43
	263	25	43
	264	23	40
	265	23	43
	266	24	44
	267	23	44
	268	23	46
	269	23	45
	270	21	42
	271	27	40
	272	22	44
	273	24	44
	274	23	44
	275	25	44
	276	21	44
	277	23	41
	278	21	42
	279	24	43
	280	23	42
	281	23	42
	282	24	41
	283	24	38
	284	23	43
	285	22	43
	286	23	41
	287	23	45
	288	22	40
	289	25	40
	290	27	42
	291	24	41
	292	25	44
	293	22	43
	294	21	44
	295	23	44
	296	25	42
	297	22	43
	298	32	39
	299	26	42
	300	22	43
	301	24	43
	302	26	45
	303	25	40
	304	20	43
	305	22	42
	306	22	40
	307	27	43
	308	23	43
	309	24	45
	310	26	42
	311	25	43
	312	25	41
	313	20	44
	314	22	44
	315	24	43
	316	21	42
	317	26	43
	318	24	42
	319	24	44
	320	23	40
	321	24	43
	322	23	46
	323	25	44
	324	23	41
	325	23	43
	326	24	41
	327	23	41
	328	24	43
	329	23	43
	330	25	46
	331	27	42
	332	26	40
	333	25	46
	334	26	41
	335	26	42
	336	23	42
	337	29	43
	338	24	42
	339	26	43
	340	23	42
	341	25	45
	342	23	39
	343	27	40
	344	27	39
	345	26	42
	346	26	43
	347	23	42
	348	23	42
	349	25	39
	350	23	45
	351	25	44
	352	19	41
	353	22	44
	354	25	40
	355	24	39
	356	27	41
	357	24	43
	358	25	40
	359	24	41
	360	23	40
	361	24	44
	362	25	43
	363	25	42
	364	23	43
	365	24	45
	366	23	41
	367	26	44
	368	26	44
	369	28	42
	370	27	42
	371	27	42
	372	25	39
	373	28	41
	374	29	41
	375	24	39
	376	26	40
	377	27	43
	378	28	43
	379	27	43
	380	25	37
	381	25	40
	382	24	44
	383	26	42
	384	25	45
	385	27	43
	386	23	39
	387	27	42
	388	25	42
	389	28	39
	390	27	42
	391	25	43
	392	24	41
	393	26	44
	394	25	42
	395	27	39
	396	27	42
	397	27	43
	398	24	40
	399	28	52
	400	27	43
	401	29	41
	402	29	41
	403	26	42
	404	27	44
	405	31	44
	406	27	43
	407	28	41
	408	27	40
	409	29	43
	410	31	46
	411	25	40
	412	27	41
	413	29	42
	414	29	46
	415	28	45
	416	26	42
	417	27	43
	418	26	45
	419	29	44
	420	27	42
	421	29	42
	422	30	43
	423	28	43
	424	31	43
	425	28	44
	426	29	43
	427	31	46
	428	29	43
	429	30	43
	430	27	43
	431	29	46
	432	28	44
	433	30	44
	434	29	43
	435	29	44
	436	26	41
	437	30	45
	438	32	43
	439	28	43
	440	27	40
	441	29	46
	442	32	44
	443	32	41
	444	29	42
	445	33	43
	446	29	44
	447	36	45
	448	33	46
	449	34	42
	450	30	40
	451	33	41
	452	40	42
	453	31	46
	454	34	44
	455	31	43
	456	34	43
	457	32	44
	458	30	44
	459	33	47
	460	32	44
	461	34	44
	462	32	44
	463	33	42
	464	29	42
	465	35	44
	466	35	43
	467	35	44
	468	35	44
	469	36	42
	470	34	43
	471	34	46
	472	34	43
	473	35	45
	474	37	43
	475	32	44
	476	37	43
	477	36	45
	478	35	44
	479	37	45
	480	36	45
	481	37	43
	482	37	45
	483	39	44
	484	34	41
	485	34	44
	486	37	42
	487	38	45
	488	40	43
	489	36	43
	490	38	45
	491	39	48
	492	35	45
	493	41	44
	494	37	43
	495	38	46
	496	38	44
	497	41	42
	498	39	46
	499	37	44
	500	40	42
	501	41	45
	502	40	42
	503	37	45
	504	39	43
	505	40	44
	506	43	43
	507	42	47
	508	41	43
	509	41	43
	510	41	43
	511	42	45
	512	43	45
	513	46	47
	514	41	45
	515	42	44
	516	42	47
	517	43	48
	518	44	45
	519	46	45
	520	42	43
	521	42	46
	522	45	45
	523	46	49
	524	46	47
	525	46	47
	526	48	46
	527	47	47
	528	44	45
	529	45	46
	530	44	47
	531	45	48
	532	48	46
	533	49	45
	534	51	47
	535	45	47
	536	46	45
	537	48	48
	538	47	43
	539	50	48
	540	51	41
	541	50	44
	542	46	43
	543	51	46
	544	52	43
	545	50	46
	546	49	44
	547	52	45
	548	54	46
	549	52	47
	550	51	48
	551	51	45
	552	53	47
	553	55	45
	554	51	45
	555	55	48
	556	49	47
	557	54	51
	558	57	45
	559	55	50
	560	56	45
	561	57	47
	562	57	44
	563	59	47
	564	55	44
	565	59	49
	566	62	50
	567	57	48
	568	59	50
	569	57	46
	570	58	48
	571	63	49
	572	61	47
	573	59	45
	574	59	44
	575	59	48
	576	62	46
	577	62	50
	578	62	45
	579	63	48
	580	65	46
	581	61	47
	582	63	45
	583	65	47
	584	68	47
	585	63	47
	586	65	47
	587	67	48
	588	63	47
	589	66	50
	590	62	47
	591	69	47
	592	70	43
	593	68	51
	594	67	48
	595	69	46
	596	69	44
	597	75	45
	598	71	48
	599	70	50
	600	74	44
	601	74	47
	602	72	49
	603	74	49
	604	71	48
	605	72	49
	606	74	44
	607	73	48
	608	73	48
	609	75	47
	610	74	46
	611	74	51
	612	77	48
	613	78	51
	614	76	48
	615	75	49
	616	73	51
	617	79	48
	618	80	46
	619	76	52
	620	78	48
	621	79	50
	622	85	48
	623	78	47
	624	80	50
	625	81	48
	626	80	48
	627	82	53
	628	83	49
	629	81	48
	630	82	51
	631	83	54
	632	80	49
	633	85	48
	634	81	50
	635	82	50
	636	84	52
	637	88	51
	638	87	53
	639	88	49
	640	84	49
	641	87	50
	642	87	51
	643	84	50
	644	85	51
	645	87	51
	646	89	48
	647	88	51
	648	85	47
	649	85	50
	650	87	49
	651	92	53
	652	89	49
	653	91	53
	654	88	51
	655	90	51
	656	93	52
	657	92	52
	658	91	51
	659	93	54
	660	92	51
	661	93	51
	662	92	54
	663	93	53
	664	95	51
	665	96	51
	666	96	49
	667	95	52
	668	92	52
	669	97	52
	670	98	53
	671	94	52
	672	99	54
	673	98	55
	674	93	52
	675	99	55
	676	98	55
	677	99	54
	678	100	50
	679	100	54
	680	102	52
	681	104	52
	682	100	52
	683	101	55
	684	102	52
	685	102	52
	686	101	52
	687	105	52
	688	103	50
	689	101	53
	690	103	54
	691	103	53
	692	106	51
	693	101	54
	694	105	52
	695	102	52
	696	102	50
	697	105	55
	698	105	50
	699	107	54
	700	102	54
	701	108	53
	702	105	52
	703	108	51
	704	106	52
	705	103	53
	706	109	53
	707	107	55
	708	120	54
	709	109	53
	710	111	55
	711	113	55
	712	109	53
	713	110	52
	714	110	57
	715	110	54
	716	111	53
	717	117	52
	718	113	55
	719	113	56
	720	114	56
	721	112	54
	722	113	53
	723	113	56
	724	111	55
	725	116	55
	726	119	55
	727	114	54
	728	115	54
	729	115	54
	730	112	52
	731	116	60
	732	113	53
	733	115	55
	734	118	54
	735	114	56
	736	119	54
	737	118	53
	738	114	54
	739	114	56
	740	112	52
	741	114	53
	742	115	55
	743	113	55
	744	113	55
	745	118	56
	746	118	55
	747	115	55
	748	117	57
	749	116	57
	750	118	56
	751	118	56
	752	114	52
	753	116	56
	754	116	53
	755	117	54
	756	117	54
	757	115	53
	758	118	51
	759	120	57
	760	116	56
	761	121	54
	762	114	56
	763	117	51
	764	114	54
	765	119	52
	766	114	55
	767	117	57
	768	115	54
	769	118	53
	770	114	54
	771	117	55
	772	116	53
	773	118	55
	774	115	53
	775	121	55
	776	125	54
	777	118	57
	778	118	54
	779	115	54
	780	114	54
	781	117	54
	782	115	54
	783	119	53
	784	116	51
	785	118	52
	786	117	52
	787	112	53
	788	116	53
	789	118	55
	790	117	52
	791	118	55
	792	113	51
	793	114	55
	794	116	52
	795	115	52
	796	115	55
	797	113	57
	798	111	51
	799	116	54
	800	111	52
	801	113	53
	802	112	55
	803	112	62
	804	113	50
	805	112	55
	806	110	54
	807	114	54
	808	110	59
	809	112	53
	810	109	51
	811	113	56
	812	109	50
	813	112	54
	814	105	53
	815	108	54
	816	110	53
	817	106	55
	818	108	54
	819	104	53
	820	110	50
	821	106	51
	822	108	51
	823	107	54
	824	106	54
	825	109	54
	826	107	49
	827	107	51
	828	103	54
	829	107	54
	830	105	52
	831	105	55
	832	104	52
	833	104	51
	834	106	50
	835	98	50
	836	104	51
	837	103	50
	838	105	50
	839	98	52
	840	102	48
	841	99	54
	842	104	51
	843	99	50
	844	100	49
	845	99	52
	846	99	47
	847	100	52
	848	100	51
	849	102	51
	850	97	51
	851	98	52
	852	98	51
	853	96	53
	854	98	55
	855	95	48
	856	96	51
	857	98	50
	858	95	51
	859	101	51
	860	97	50
	861	95	49
	862	98	51
	863	95	49
	864	95	51
	865	96	50
	866	100	51
	867	95	51
	868	96	53
	869	96	49
	870	91	48
	871	93	54
	872	92	50
	873	92	52
	874	93	49
	875	94	49
	876	90	52
	877	93	50
	878	91	48
	879	96	52
	880	94	49
	881	94	52
	882	90	48
	883	91	49
	884	89	49
	885	90	48
	886	89	49
	887	95	51
	888	86	50
	889	87	51
	890	90	53
	891	90	52
	892	86	50
	893	86	55
	894	88	49
	895	87	48
	896	88	53
	897	84	47
	898	86	47
	899	91	51
	900	88	52
	901	89	49
	902	89	49
	903	84	48
	904	85	48
	905	82	51
	906	84	47
	907	90	49
	908	84	49
	909	82	50
	910	83	50
	911	82	47
	912	81	46
	913	79	47
	914	84	48
	915	83	48
	916	78	48
	917	78	48
	918	77	47
	919	82	46
	920	79	46
	921	79	45
	922	77	49
	923	77	51
	924	78	47
	925	77	50
	926	76	48
	927	79	45
	928	74	47
	929	74	48
	930	76	48
	931	74	51
	932	72	44
	933	73	50
	934	75	46
	935	76	48
	936	74	45
	937	72	49
	938	70	47
	939	72	50
	940	68	46
	941	72	47
	942	70	46
	943	68	47
	944	74	47
	945	70	48
	946	70	43
	947	71	46
	948	70	46
	949	70	46
	950	70	55
	951	68	47
	952	69	47
	953	68	47
	954	68	47
	955	67	48
	956	66	45
	957	67	47
	958	66	45
	959	68	46
	960	66	45
	961	67	46
	962	64	48
	963	66	44
	964	66	46
	965	67	46
	966	61	46
	967	62	45
	968	65	47
	969	62	46
	970	62	49
	971	63	49
	972	62	48
	973	60	47
	974	60	45
	975	58	46
	976	60	47
	977	59	47
	978	61	46
	979	58	44
	980	59	46
	981	59	46
	982	55	44
	983	57	47
	984	57	47
	985	59	48
	986	53	43
	987	56	46
	988	53	45
	989	54	47
	990	55	46
	991	56	46
	992	51	42
	993	53	47
	994	52	46
	995	52	43
	996	52	47
	997	55	46
	998	50	46
	999	49	46
	1000	51	46
	1001	52	46
	1002	48	44
	1003	49	46
	1004	49	44
	1005	50	47
	1006	51	44
	1007	46	43
	1008	47	43
	1009	45	43
	1010	50	42
	1011	48	43
	1012	46	45
	1013	47	43
	1014	49	47
	1015	46	40
	1016	47	43
	1017	49	43
	1018	46	46
	1019	48	44
	1020	46	43
	1021	46	43
	1022	46	43
	1023	50	43
	1024	50	41
	1025	47	43
	1026	48	42
	1027	47	41
	1028	49	43
	1029	47	41
	1030	45	44
	1031	46	43
	1032	44	45
	1033	48	43
	1034	43	43
	1035	48	44
	1036	46	42
	1037	46	45
	1038	48	42
	1039	44	43
	1040	44	45
	1041	46	44
	1042	44	41
	1043	44	44
	1044	44	48
	1045	44	42
	1046	43	42
	1047	42	44
	1048	45	46
	1049	45	43
	1050	42	42
	1051	42	45
	1052	41	40
	1053	43	42
	1054	44	44
	1055	45	51
	1056	43	44
	1057	44	41
	1058	42	43
	1059	43	46
	1060	42	43
	1061	44	45
	1062	41	41
	1063	44	43
	1064	39	42
	1065	41	43
	1066	41	39
	1067	42	44
	1068	37	45
	1069	42	41
	1070	39	41
	1071	43	43
	1072	39	43
	1073	40	43
	1074	40	41
	1075	43	40
	1076	41	44
	1077	49	46
	1078	42	41
	1079	42	44
	1080	43	43
	1081	40	41
	1082	40	41
	1083	42	44
	1084	40	40
	1085	39	40
	1086	39	43
	1087	42	41
	1088	41	41
	1089	42	43
	1090	39	40
	1091	39	41
	1092	39	41
	1093	39	43
	1094	39	42
	1095	40	41
	1096	39	42
	1097	39	45
	1098	38	43
	1099	43	43
	1100	39	42
	1101	40	44
	1102	41	43
	1103	42	45
	1104	38	43
	1105	40	41
	1106	42	42
	1107	36	41
	1108	43	43
	1109	44	45
	1110	39	46
	1111	39	42
	1112	40	38
	1113	43	43
	1114	41	44
	1115	41	43
	1116	42	41
	1117	39	42
	1118	37	43
	1119	41	43
	1120	40	42
	1121	38	42
	1122	37	42
	1123	38	43
	1124	38	40
	1125	42	39
	1126	40	42
	1127	40	42
	1128	39	45
	1129	39	40
	1130	42	42
	1131	40	43
	1132	38	42
	1133	39	43
	1134	38	40
	1135	39	43
	1136	40	48
	1137	39	41
	1138	40	45
	1139	36	42
	1140	42	43
	1141	36	39
	1142	38	41
	1143	40	43
	1144	41	43
	1145	38	45
	1146	37	43
	1147	41	45
	1148	42	41
	1149	40	43
	1150	39	40
	1151	37	43
	1152	36	44
	1153	38	42
	1154	39	43
	1155	40	43
	1156	37	41
	1157	40	42
	1158	39	42
	1159	38	42
	1160	38	41
	1161	41	41
	1162	38	43
	1163	38	44
	1164	37	40
	1165	40	44
	1166	39	38
	1167	40	44
	1168	39	41
	1169	37	43
	1170	40	42
	1171	42	43
	1172	38	42
	1173	38	42
	1174	38	43
	1175	40	42
	1176	40	41
	1177	40	41
	1178	34	43
	1179	40	44
	1180	37	42
	1181	38	41
	1182	40	38
	1183	41	41
	1184	37	42
	1185	37	42
	1186	36	44
	1187	40	41
	1188	38	43
	1189	41	41
	1190	38	42
	1191	40	43
	1192	40	42
	1193	38	44
	1194	41	45
	1195	40	42
	1196	37	41
	1197	39	44
	1198	37	39
	1199	36	44
	1200	38	39
	1201	35	43
	1202	38	41
	1203	36	42
	1204	37	39
	1205	41	44
	1206	38	44
	1207	39	42
	1208	39	42
	1209	40	40
	1210	39	42
	1211	39	43
	1212	37	42
	1213	39	43
	1214	39	43
	1215	40	39
	1216	37	41
	1217	37	42
	1218	38	39
	1219	36	42
	1220	36	41
	1221	38	45
	1222	38	41
	1223	37	47
	1224	34	42
	1225	37	43
	1226	37	43
	1227	34	42
	1228	39	44
	1229	38	41
	1230	34	41
	1231	39	42
	1232	37	40
	1233	39	41
	1234	36	42
	1235	37	43
	1236	36	39
	1237	38	42
	1238	32	40
	1239	39	40
	1240	38	40
	1241	36	43
	1242	38	41
	1243	36	43
	1244	38	45
	1245	38	43
	1246	36	41
	1247	37	40
	1248	37	43
	1249	38	42
	1250	37	40
	1251	37	46
	1252	36	41
	1253	36	41
	1254	37	41
	1255	36	43
	1256	34	43
	1257	35	42
	1258	36	42
	1259	35	40
	1260	36	41
	1261	37	41
	1262	39	45
	1263	35	42
	1264	34	40
	1265	37	42
	1266	42	42
	1267	44	44
	1268	37	41
	1269	36	44
	1270	35	41
	1271	36	43
	1272	36	41
	1273	40	44
	1274	36	41
	1275	36	48
	1276	33	41
	1277	37	40
	1278	35	42
	1279	34	42
	1280	34	42
	1281	37	41
	1282	36	43
	1283	34	41
	1284	39	41
	1285	36	41
	1286	35	43
	1287	37	41
	1288	34	39
	1289	38	41
	1290	34	40
	1291	36	43
	1292	35	41
	1293	35	42
	1294	32	41
	1295	35	41
	1296	37	42
	1297	35	43
	1298	35	43
	1299	37	41
	1300	35	41
	1301	35	41
	1302	33	43
	1303	36	43
	1304	36	41
	1305	40	43
	1306	35	42
	1307	37	41
	1308	33	40
	1309	36	43
	1310	34	38
	1311	35	43
	1312	34	38
	1313	34	41
	1314	33	42
	1315	38	42
	1316	34	41
	1317	37	40
	1318	33	39
	1319	33	43
	1320	34	47
	1321	38	43
	1322	34	43
	1323	35	43
	1324	34	42
	1325	34	43
	1326	35	41
	1327	38	42
	1328	34	42
	1329	31	44
	1330	33	43
	1331	37	42
	1332	32	41
	1333	36	44
	1334	33	45
	1335	36	41
	1336	31	42
	1337	35	42
	1338	33	42
	1339	32	42
	1340	35	41
	1341	35	45
	1342	31	41
	1343	38	43
	1344	35	42
	1345	34	43
	1346	36	43
	1347	34	45
	1348	34	40
	1349	31	42
	1350	32	42
	1351	34	43
	1352	31	39
	1353	32	44
	1354	32	43
	1355	33	43
	1356	35	41
	1357	33	42
	1358	35	42
	1359	35	42
	1360	33	39
	1361	33	42
	1362	33	39
	1363	33	43
	1364	34	40
	1365	35	41
	1366	32	43
	1367	34	42
	1368	35	42
	1369	33	41
	1370	29	39
	1371	34	41
	1372	39	42
	1373	33	43
	1374	33	43
	1375	31	42
	1376	33	41
	1377	35	41
	1378	32	41
	1379	35	41
	1380	31	40
	1381	41	42
	1382	32	42
	1383	32	44
	1384	33	40
	1385	36	41
	1386	35	43
	1387	36	41
	1388	31	43
	1389	33	41
	1390	31	41
	1391	35	44
	1392	31	41
	1393	34	44
	1394	32	43
	1395	32	45
	1396	34	44
	1397	32	42
	1398	31	41
	1399	33	44
	1400	28	42
	1401	34	43
	1402	32	41
	1403	33	41
	1404	34	41
	1405	34	42
	1406	33	44
	1407	31	38
	1408	31	40
	1409	34	40
	1410	34	42
	1411	34	42
	1412	33	46
	1413	33	43
	1414	30	40
	1415	32	45
	1416	33	43
	1417	31	42
	1418	31	44
	1419	35	42
	1420	30	42
	1421	35	41
	1422	31	43
	1423	33	46
	1424	35	41
	1425	34	47
	1426	31	45
	1427	34	42
	1428	28	44
	1429	32	41
	1430	30	44
	1431	34	44
	1432	31	41
	1433	34	40
	1434	30	41
	1435	35	39
	1436	30	40
	1437	33	41
	1438	35	42
	1439	31	42
	1440	29	43
	1441	33	42
	1442	31	41
	1443	32	41
	1444	31	40
	1445	32	40
	1446	29	43
	1447	33	41
	1448	30	41
	1449	31	43
	1450	29	41
	1451	31	44
	1452	28	41
	1453	27	41
	1454	29	41
	1455	32	42
	1456	30	42
	1457	30	41
	1458	32	41
	1459	32	43
	1460	29	42
	1461	32	41
	1462	30	42
	1463	33	44
	1464	30	42
	1465	31	44
	1466	30	45
	1467	30	42
	1468	31	41
	1469	32	42
	1470	30	40
	1471	31	40
	1472	30	42
	1473	30	40
	1474	33	43
	1475	31	43
	1476	29	40
	1477	29	40
	1478	29	39
	1479	32	43
	1480	30	43
	1481	28	42
	1482	30	43
	1483	29	41
	1484	28	41
	1485	29	43
	1486	31	41
	1487	29	40
	1488	26	39
	1489	30	41
	1490	29	40
	1491	29	44
	1492	29	43
	1493	30	41
	1494	30	44
	1495	30	42
	1496	29	39
	1497	32	42
	1498	28	41
	1499	30	44
	1500	29	44
	1501	29	43
	1502	30	40
	1503	28	44
	1504	25	41
	1505	29	39
	1506	27	42
	1507	31	43
	1508	29	42
	1509	27	43
	1510	31	43
	1511	32	41
	1512	30	41
	1513	29	42
	1514	29	44
	1515	30	39
	1516	29	40
	1517	30	42
	1518	30	43
	1519	28	41
	1520	31	41
	1521	30	40
	1522	30	41
	1523	27	40
	1524	28	38
	1525	30	43
	1526	30	39
	1527	28	44
	1528	29	43
	1529	29	43
	1530	29	39
	1531	36	46
	1532	26	43
	1533	30	42
	1534	29	43
	1535	29	41
	1536	28	42
	1537	29	42
	1538	26	39
	1539	29	43
	1540	29	42
	1541	29	43
	1542	28	41
	1543	32	42
	1544	27	40
	1545	28	43
	1546	28	41
	1547	31	45
	1548	29	41
	1549	32	40
	1550	30	42
	1551	31	41
	1552	30	41
	1553	30	38
	1554	28	41
	1555	31	44
	1556	28	42
	1557	33	44
	1558	32	46
	1559	31	43
	1560	28	41
	1561	30	42
	1562	29	41
	1563	32	41
	1564	34	38
	1565	31	42
	1566	33	41
	1567	31	40
	1568	35	42
	1569	38	44
	1570	32	40
	1571	34	53
	1572	33	41
	1573	34	44
	1574	35	44
	1575	40	46
	1576	34	44
	1577	38	47
	1578	35	45
	1579	37	45
	1580	39	42
	1581	36	43
	1582	36	43
	1583	38	44
	1584	40	42
	1585	40	45
	1586	39	45
	1587	38	42
	1588	39	40
	1589	41	45
	1590	40	42
	1591	38	42
	1592	40	40
	1593	39	44
	1594	38	44
	1595	38	47
	1596	39	39
	1597	44	44
	1598	35	43
	1599	36	46
	1600	37	42
	1601	41	41
	1602	37	45
	1603	39	43
	1604	37	44
	1605	38	43
	1606	36	44
	1607	39	42
	1608	36	43
	1609	39	46
	1610	38	44
	1611	36	46
	1612	36	42
	1613	37	44
	1614	37	42
	1615	35	43
	1616	34	42
	1617	39	43
	1618	33	38
	1619	38	44
	1620	38	45
	1621	39	43
	1622	38	44
	1623	37	43
	1624	39	44
	1625	39	44
	1626	38	43
	1627	38	43
	1628	37	43
	1629	35	41
	1630	37	45
	1631	40	44
	1632	37	41
	1633	38	44
	1634	34	43
	1635	39	46
	1636	34	42
	1637	37	44
	1638	36	44
	1639	33	44
	1640	36	46
	1641	37	44
	1642	34	44
	1643	34	43
	1644	35	43
	1645	37	41
	1646	43	42
	1647	35	43
	1648	33	42
	1649	38	48
	1650	35	43
	1651	36	42
	1652	35	44
	1653	38	44
	1654	40	43
	1655	39	41
	1656	34	39
	1657	37	42
	1658	38	43
	1659	38	42
	1660	35	44
	1661	37	42
	1662	36	41
	1663	38	44
	1664	33	41
	1665	37	43
	1666	38	42
	1667	39	44
	1668	35	46
	1669	35	43
	1670	36	45
	1671	40	44
	1672	36	43
	1673	35	45
	1674	35	42
	1675	36	43
	1676	36	41
	1677	36	43
	1678	34	41
	1679	36	44
	1680	35	40
	1681	34	43
	1682	33	44
	1683	36	43
	1684	33	43
	1685	34	43
	1686	33	44
	1687	35	46
	1688	31	41
	1689	33	42
	1690	30	43
	1691	28	42
	1692	31	42
	1693	30	44
	1694	29	42
	1695	32	44
	1696	27	42
	1697	29	46
	1698	27	43
	1699	28	41
	1700	27	43
	1701	28	44
	1702	24	40
	1703	26	43
	1704	26	41
	1705	27	43
	1706	26	41
	1707	24	41
	1708	26	41
	1709	24	41
	1710	23	41
	1711	24	40
	1712	23	39
	1713	24	39
	1714	25	40
	1715	30	42
	1716	24	39
	1717	23	41
	1718	25	39
	1719	26	41
	1720	24	39
	1721	23	43
	1722	25	41
	1723	26	42
	1724	25	40
	1725	24	43
	1726	33	39
	1727	25	41
	1728	26	41
	1729	25	41
	1730	23	41
	1731	26	42
	1732	25	43
	1733	24	42
	1734	23	40
	1735	24	38
	1736	25	41
	1737	26	40
	1738	25	40
	1739	24	40
	1740	26	40
	1741	26	40
	1742	23	38
	1743	27	39
	1744	22	39
	1745	27	41
	1746	23	41
	1747	25	38
	1748	25	39
	1749	25	43
	1750	24	42
	1751	23	41
	1752	20	41
	1753	26	39
	1754	25	42
	1755	21	41
	1756	23	40
	1757	23	42
	1758	23	41
	1759	23	41
	1760	24	43
	1761	23	42
	1762	24	43
	1763	23	40
	1764	22	42
	1765	27	40
	1766	22	43
	1767	23	43
	1768	22	40
	1769	21	40
	1770	23	41
	1771	24	41
	1772	21	40
	1773	23	41
	1774	22	38
	1775	23	42
	1776	25	40
	1777	26	40
	1778	24	41
	1779	25	40
	1780	23	42
	1781	23	42
	1782	24	39
	1783	23	40
	1784	26	39
	1785	23	40
	1786	23	40
	1787	24	41
	1788	24	40
	1789	23	43
	1790	22	38
	1791	24	39
	1792	20	40
	1793	24	39
	1794	22	40
	1795	22	41
	1796	23	39
	1797	24	39
	1798	22	39
	1799	24	40
	1800	18	41
	1801	22	40
	1802	23	41
	1803	23	40
	1804	26	39
	1805	22	40
	1806	22	44
	1807	25	38
	1808	21	44
	1809	23	41
	1810	21	37
	1811	21	42
	1812	23	39
	1813	23	40
	1814	23	41
	1815	23	40
	1816	22	41
	1817	23	40
	1818	24	39
	1819	23	39
	1820	22	43
	1821	21	43
	1822	20	40
	1823	24	39
	1824	22	39
	1825	22	40
	1826	23	39
	1827	23	41
	1828	22	41
	1829	21	45
	1830	22	39
	1831	25	42
	1832	26	42
	1833	23	39
	1834	23	39
	1835	25	40
	1836	23	39
	1837	22	41
	1838	24	39
	1839	21	39
	1840	20	40
	1841	21	44
	1842	22	41
	1843	24	43
	1844	21	36
	1845	22	39
	1846	21	42
	1847	21	40
	1848	26	44
	1849	21	44
	1850	22	41
	1851	24	40
	1852	23	43
	1853	23	39
	1854	23	39
	1855	21	42
	1856	19	40
	1857	24	41
	1858	22	39
	1859	21	43
	1860	21	38
	1861	21	39
	1862	25	40
	1863	22	43
	1864	24	39
	1865	21	41
	1866	20	41
	1867	21	40
	1868	21	39
	1869	21	40
	1870	19	42
	1871	23	40
	1872	21	41
	1873	24	39
	1874	23	38
	1875	24	37
	1876	21	37
	1877	22	44
	1878	23	40
	1879	22	41
	1880	24	40
	1881	20	39
	1882	21	37
	1883	23	42
	1884	23	39
	1885	24	40
	1886	22	36
	1887	21	41
	1888	22	39
	1889	26	42
	1890	21	40
	1891	24	41
	1892	23	42
	1893	23	41
	1894	22	40
	1895	22	43
	1896	22	38
	1897	20	40
	1898	22	39
	1899	24	40
	1900	20	39
	1901	23	41
	1902	22	39
	1903	23	43
	1904	24	41
	1905	23	39
	1906	23	42
	1907	29	38
	1908	21	40
	1909	24	39
	1910	25	40
	1911	23	43
	1912	21	39
	1913	23	40
	1914	24	41
	1915	23	37
	1916	25	39
	1917	21	41
	1918	22	39
	1919	20	39
	1920	20	41
	1921	21	44
	1922	21	39
	1923	23	41
	1924	24	40
	1925	21	41
	1926	23	41
	1927	21	40
	1928	22	43
	1929	21	40
	1930	24	38
	1931	22	43
	1932	23	40
	1933	23	42
	1934	23	40
	1935	22	41
	1936	21	37
	1937	23	39
	1938	22	41
	1939	22	41
	1940	22	40
	1941	23	39
	1942	23	41
	1943	25	40
	1944	22	41
	1945	20	41
	1946	22	41
	1947	22	39
	1948	23	39
	1949	20	39
	1950	20	43
	1951	22	39
	1952	24	41
	1953	26	40
	1954	22	40
	1955	23	43
	1956	22	40
	1957	24	41
	1958	20	41
	1959	22	41
	1960	22	40
	1961	24	41
	1962	20	41
	1963	22	42
	1964	18	40
	1965	21	39
	1966	23	40
	1967	22	41
	1968	22	40
	1969	26	41
	1970	22	41
	1971	23	39
	1972	23	40
	1973	20	40
	1974	21	39
	1975	20	42
	1976	21	37
	1977	22	40
	1978	21	41
	1979	22	40
	1980	20	40
	1981	22	39
	1982	20	37
	1983	23	41
	1984	21	37
	1985	20	43
	1986	23	39
	1987	23	40
	1988	25	40
	1989	22	42
	1990	21	39
	1991	22	40
	1992	22	40
	1993	19	40
	1994	21	39
	1995	20	39
	1996	19	39
	1997	24	39
	1998	19	40
	1999	24	39
	2000	19	36
	2001	22	43
	2002	21	41
	2003	22	40
	2004	19	41
	2005	25	39
	2006	22	42
	2007	23	42
	2008	21	39
	2009	21	39
	2010	23	41
	2011	23	41
	2012	20	44
	2013	21	40
	2014	19	41
	2015	22	43
	2016	17	41
	2017	21	38
	2018	20	41
	2019	19	40
	2020	23	40
	2021	23	39
	2022	20	39
	2023	22	42
	2024	19	40
	2025	21	40
	2026	21	39
	2027	22	41
	2028	19	39
	2029	18	40
	2030	19	41
	2031	21	42
	2032	18	40
	2033	23	42
	2034	19	39
	2035	19	43
	2036	18	40
	2037	20	42
	2038	20	41
	2039	20	39
	2040	23	38
	2041	21	39
	2042	22	41
	2043	21	42
	2044	20	42
	2045	19	40
	2046	19	42
	2047	21	39
	2048	19	39
	2049	19	42
	2050	21	37
	2051	20	40
	2052	18	40
	2053	20	38
	2054	18	42
	2055	23	41
	2056	21	39
	2057	20	42
	2058	18	38
	2059	19	40
	2060	20	39
	2061	22	41
	2062	17	41
	2063	21	41
	2064	19	39
	2065	20	41
	2066	21	41
	2067	20	41
	2068	21	39
	2069	21	42
	2070	19	40
	2071	19	41
	2072	22	42
	2073	20	37
	2074	19	39
	2075	21	40
	2076	19	39
	2077	19	41
	2078	21	40
	2079	21	36
	2080	21	41
	2081	22	39
	2082	21	41
	2083	22	42
	2084	19	40
	2085	20	42
	2086	20	39
	2087	18	40
	2088	22	38
	2089	18	41
	2090	19	41
	2091	23	39
	2092	19	37
	2093	21	40
	2094	21	38
	2095	22	41
	2096	18	39
	2097	21	39
	2098	18	39
	2099	19	40
	2100	21	40
	2101	21	41
	2102	19	41
	2103	24	40
	2104	25	41
	2105	20	41
	2106	21	42
	2107	21	40
	2108	18	39
	2109	19	41
	2110	18	39
	2111	25	38
	2112	20	40
	2113	20	41
	2114	21	42
	2115	18	42
	2116	17	43
	2117	21	39
	2118	18	40
	2119	21	40
	2120	20	40
	2121	20	39
	2122	21	43
	2123	19	41
	2124	17	41
	2125	22	40
	2126	18	38
	2127	19	40
	2128	18	40
	2129	22	43
	2130	20	39
	2131	21	41
	2132	18	41
	2133	20	42
	2134	19	39
	2135	19	39
	2136	18	40
	2137	23	40
	2138	19	41
	2139	20	39
	2140	21	39
	2141	20	41
	2142	21	42
	2143	18	42
	2144	17	40
	2145	22	40
	2146	20	41
	2147	22	40
	2148	19	39
	2149	19	40
	2150	21	38
	2151	19	39
	2152	20	40
	2153	22	39
	2154	21	41
	2155	19	39
	2156	18	39
	2157	21	41
	2158	20	39
	2159	24	38
	2160	19	40
	2161	21	40
	2162	19	41
	2163	20	42
	2164	21	40
	2165	19	39
	2166	20	38
	2167	18	40
	2168	18	38
	2169	19	40
	2170	22	59
	2171	20	41
	2172	20	41
	2173	19	43
	2174	16	39
	2175	18	41
	2176	20	41
	2177	20	39
	2178	19	42
	2179	19	39
	2180	21	41
	2181	22	40
	2182	19	39
	2183	22	41
	2184	22	42
	2185	19	41
	2186	19	39
	2187	19	40
	2188	20	37
	2189	23	40
	2190	17	39
	2191	18	42
	2192	17	43
	2193	23	39
	2194	19	46
	2195	19	40
	2196	19	40
	2197	19	42
	2198	22	40
	2199	19	39
	2200	20	41
	2201	19	39
	2202	18	40
	2203	21	41
	2204	18	39
	2205	24	41
	2206	18	42
	2207	20	39
	2208	17	35
	2209	21	42
	2210	19	39
	2211	21	41
	2212	19	41
	2213	19	40
	2214	19	38
	2215	20	39
	2216	17	37
	2217	23	41
	2218	19	41
	2219	18	40
	2220	18	41
	2221	21	41
	2222	21	39
	2223	21	43
	2224	18	37
	2225	22	40
	2226	21	39
	2227	19	40
	2228	19	40
	2229	19	41
	2230	20	41
	2231	19	39
	2232	19	39
	2233	17	40
	2234	18	39
	2235	17	41
	2236	21	36
	2237	21	38
	2238	18	43
	2239	21	43
	2240	21	41
	2241	18	38
	2242	21	39
	2243	18	41
	2244	19	39
	2245	22	40
	2246	20	41
	2247	17	41
	2248	22	38
	2249	21	38
	2250	19	39
	2251	21	40
	2252	19	37
	2253	20	40
	2254	19	40
	2255	20	41
	2256	19	40
	2257	19	39
	2258	18	41
	2259	18	39
	2260	20	40
	2261	20	41
	2262	21	37
	2263	22	40
	2264	23	39
	2265	22	39
	2266	20	40
	2267	20	43
	2268	19	40
	2269	23	42
	2270	17	40
	2271	22	42
	2272	17	39
	2273	19	41
	2274	20	39
	2275	19	42
	2276	19	40
	2277	22	38
	2278	19	39
	2279	21	40
	2280	20	37
	2281	20	42
	2282	19	41
	2283	20	38
	2284	20	42
	2285	20	39
	2286	17	41
	2287	18	41
	2288	19	41
	2289	20	43
	2290	20	39
	2291	20	40
	2292	19	40
	2293	19	38
	2294	21	39
	2295	21	41
	2296	18	36
	2297	20	40
	2298	19	40
	2299	21	40
	2300	19	40
	2301	20	41
	2302	18	42
	2303	20	40
	2304	18	42
	2305	17	42
	2306	22	39
	2307	22	41
	2308	18	39
	2309	22	41
	2310	20	37
	2311	20	40
	2312	19	38
	2313	20	39
	2314	18	39
	2315	20	41
	2316	20	40
	2317	19	39
	2318	16	42
	2319	19	40
	2320	17	38
	2321	20	40
	2322	19	41
	2323	20	39
	2324	19	43
	2325	18	40
	2326	19	39
	2327	22	41
	2328	19	37
	2329	22	41
	2330	20	39
	2331	19	37
	2332	20	40
	2333	22	39
	2334	20	41
	2335	21	42
	2336	20	39
	2337	18	42
	2338	21	43
	2339	20	39
	2340	19	42
	2341	19	40
	2342	18	39
	2343	19	41
	2344	19	41
	2345	22	38
	2346	22	40
	2347	17	39
	2348	20	39
	2349	23	41
	2350	20	40
	2351	20	42
	2352	16	40
	2353	19	39
	2354	20	43
	2355	21	40
	2356	18	40
	2357	17	42
	2358	19	37
	2359	18	40
	2360	18	38
	2361	18	40
	2362	19	40
	2363	20	42
	2364	18	40
	2365	19	38
	2366	20	39
	2367	23	44
	2368	19	41
	2369	20	41
	2370	20	39
	2371	20	36
	2372	21	42
	2373	21	40
	2374	19	38
	2375	19	40
	2376	18	35
	2377	23	36
	2378	19	41
	2379	22	39
	2380	19	41
	2381	21	42
	2382	17	38
	2383	20	40
	2384	19	39
	2385	19	40
	2386	18	40
	2387	20	39
	2388	20	41
	2389	20	41
	2390	20	42
	2391	19	41
	2392	20	39
	2393	19	39
	2394	19	39
	2395	20	41
	2396	19	39
	2397	20	41
	2398	20	39
	2399	21	40
	2400	20	45
	2401	19	40
	2402	21	40
	2403	27	41
	2404	19	40
	2405	22	42
	2406	20	42
	2407	20	37
	2408	18	43
	2409	19	39
	2410	18	40
	2411	19	37
	2412	17	39
	2413	19	41
	2414	19	39
	2415	20	41
	2416	17	39
	2417	19	43
	2418	21	38
	2419	22	39
	2420	18	38
	2421	21	40
	2422	20	39
	2423	19	38
	2424	19	36
	2425	21	36
	2426	18	39
	2427	22	40
	2428	21	40
	2429	23	42
	2430	23	40
	2431	21	39
	2432	18	40
	2433	20	43
	2434	18	40
	2435	18	40
	2436	17	39
	2437	19	41
	2438	17	40
	2439	23	38
	2440	22	39
	2441	23	41
	2442	20	41
	2443	18	39
	2444	19	40
	2445	19	36
	2446	19	35
	2447	18	40
	2448	17	40
	2449	17	40
	2450	18	39
	2451	19	41
	2452	21	36
	2453	21	42
	2454	19	39
	2455	21	41
	2456	20	41
	2457	21	40
	2458	19	38
	2459	23	38
	2460	18	39
	2461	21	42
	2462	17	39
	2463	22	41
	2464	20	44
	2465	17	40
	2466	22	39
	2467	20	40
	2468	15	38
	2469	17	44
	2470	18	39
	2471	20	41
	2472	17	37
	2473	20	38
	2474	18	37
	2475	19	39
	2476	16	38
	2477	19	41
	2478	22	42
	2479	18	40
	2480	19	41
	2481	20	39
	2482	18	40
	2483	20	39
	2484	18	37
	2485	21	39
	2486	17	40
	2487	19	41
	2488	19	37
	2489	22	39
	2490	17	38
	2491	20	40
	2492	21	37
	2493	19	39
	2494	21	41
	2495	21	42
	2496	21	41
	2497	21	40
	2498	20	42
	2499	17	42
	2500	20	39
	2501	21	42
	2502	19	39
	2503	21	41
	2504	20	38
	2505	19	39
	2506	19	39
	2507	20	40
	2508	18	38
	2509	19	40
	2510	17	38
	2511	18	38
	2512	19	43
	2513	19	43
	2514	18	39
	2515	16	40
	2516	20	41
	2517	20	40
	2518	19	41
	2519	21	38
	2520	20	37
	2521	20	39
	2522	19	38
	2523	19	38
	2524	20	40
	2525	19	38
	2526	20	37
	2527	21	41
	2528	20	39
	2529	19	43
	2530	19	40
	2531	20	37
	2532	22	41
	2533	19	38
	2534	18	40
	2535	20	39
	2536	20	39
	2537	23	39
	2538	19	38
	2539	19	42
	2540	18	39
	2541	18	41
	2542	18	38
	2543	20	39
	2544	17	39
	2545	19	37
	2546	17	40
	2547	15	39
	2548	18	40
	2549	19	38
	2550	19	38
	2551	19	39
	2552	19	39
	2553	22	41
	2554	18	38
	2555	16	41
	2556	19	41
	2557	22	41
	2558	19	40
	2559	18	38
	2560	19	39
	2561	19	42
	2562	19	40
	2563	19	44
	2564	19	40
	2565	19	38
	2566	18	39
	2567	21	46
	2568	18	43
	2569	22	39
	2570	19	39
	2571	20	38
	2572	22	41
	2573	20	43
	2574	18	40
	2575	21	41
	2576	21	35
	2577	18	41
	2578	21	40
	2579	20	40
	2580	19	40
	2581	21	41
	2582	19	39
	2583	21	39
	2584	18	40
	2585	19	39
	2586	18	42
	2587	20	38
	2588	17	41
	2589	18	38
	2590	19	41
	2591	22	40
	2592	21	38
	2593	17	39
	2594	19	42
	2595	19	41
	2596	20	39
	2597	21	39
	2598	19	37
	2599	19	39
	2600	20	39
	2601	22	40
	2602	19	41
	2603	19	42
	2604	20	40
	2605	19	38
	2606	19	41
	2607	18	39
	2608	20	37
	2609	22	41
	2610	17	45
	2611	20	40
	2612	22	37
	2613	22	40
	2614	19	37
	2615	23	41
	2616	19	39
	2617	23	42
	2618	18	41
	2619	17	39
	2620	16	38
	2621	19	41
	2622	23	41
	2623	19	41
	2624	17	38
	2625	19	39
	2626	24	42
	2627	19	40
	2628	21	40
	2629	20	41
	2630	21	39
	2631	20	41
	2632	17	38
	2633	20	41
	2634	19	38
	2635	17	39
	2636	21	40
	2637	19	41
	2638	18	39
	2639	18	36
	2640	18	39
	2641	19	42
	2642	20	41
	2643	20	42
	2644	19	38
	2645	19	40
	2646	18	36
	2647	19	41
	2648	19	40
	2649	17	43
	2650	19	40
	2651	19	40
	2652	20	39
	2653	21	41
	2654	18	39
	2655	20	41
	2656	21	38
	2657	20	39
	2658	18	41
	2659	18	41
	2660	18	38
	2661	20	40
	2662	21	36
	2663	19	41
	2664	18	40
	2665	19	39
	2666	18	39
	2667	20	39
	2668	21	38
	2669	17	41
	2670	18	40
	2671	20	40
	2672	18	39
	2673	21	41
	2674	18	37
	2675	19	40
	2676	17	35
	2677	19	38
	2678	18	39
	2679	19	40
	2680	19	40
	2681	21	39
	2682	20	40
	2683	20	39
	2684	18	42
	2685	21	39
	2686	19	40
	2687	20	41
	2688	18	40
	2689	21	41
	2690	20	40
	2691	19	40
	2692	19	41
	2693	19	38
	2694	20	38
	2695	21	37
	2696	16	41
	2697	17	40
	2698	18	39
	2699	20	41
	2700	18	40
	2701	20	39
	2702	19	37
	2703	21	40
	2704	18	36
	2705	19	38
	2706	20	40
	2707	22	39
	2708	19	38
	2709	22	40
	2710	19	41
	2711	18	41
	2712	22	39
	2713	19	40
	2714	18	37
	2715	20	39
	2716	17	40
	2717	19	41
	2718	20	38
	2719	18	39
	2720	19	40
	2721	27	42
	2722	17	41
	2723	22	41
	2724	20	39
	2725	20	40
	2726	24	39
	2727	19	39
	2728	17	42
	2729	22	42
	2730	19	40
	2731	22	40
	2732	18	37
	2733	19	40
	2734	20	42
	2735	19	41
	2736	20	39
	2737	18	40
	2738	17	40
	2739	19	40
	2740	20	39
	2741	20	42
	2742	20	41
	2743	20	41
	2744	18	41
	2745	19	40
	2746	20	40
	2747	23	41
	2748	19	42
	2749	18	41
	2750	20	44
	2751	20	42
	2752	19	41
	2753	18	40
	2754	19	43
	2755	18	42
	2756	18	39
	2757	20	41
	2758	20	39
	2759	23	38
	2760	18	38
	2761	21	43
	2762	18	43
	2763	22	38
	2764	17	40
	2765	19	41
	2766	19	40
	2767	21	39
	2768	21	41
	2769	21	41
	2770	19	38
	2771	22	41
	2772	18	38
	2773	18	40
	2774	22	38
	2775	20	41
	2776	17	41
	2777	19	43
	2778	17	37
	2779	19	39
	2780	20	40
	2781	19	42
	2782	20	41
	2783	24	39
	2784	20	41
	2785	19	40
	2786	21	38
	2787	21	39
	2788	16	39
	2789	19	38
	2790	17	37
	2791	19	39
	2792	21	40
	2793	20	39
	2794	19	36
	2795	20	38
	2796	21	39
	2797	21	38
	2798	19	40
	2799	19	38
	2800	19	41
	2801	20	39
	2802	19	46
	2803	20	39
	2804	19	40
	2805	20	41
	2806	20	37
	2807	22	39
	2808	19	39
	2809	20	41
	2810	17	42
	2811	20	46
	2812	19	44
	2813	20	43
	2814	20	41
	2815	17	41
	2816	18	39
	2817	19	39
	2818	19	40
	2819	18	39
	2820	19	40
	2821	22	38
	2822	18	39
	2823	22	39
	2824	20	39
	2825	18	40
	2826	18	39
	2827	21	42
	2828	21	38
	2829	18	37
	2830	19	38
	2831	26	41
	2832	19	40
	2833	20	38
	2834	21	38
	2835	20	41
	2836	20	43
	2837	19	42
	2838	19	37
	2839	21	39
	2840	21	39
	2841	19	42
	2842	21	39
	2843	20	40
	2844	19	41
	2845	19	42
	2846	19	42
	2847	19	41
	2848	19	40
	2849	17	39
	2850	18	38
	2851	19	40
	2852	17	42
	2853	21	41
	2854	19	41
	2855	22	40
	2856	17	38
	2857	20	39
	2858	20	39
	2859	22	41
	2860	20	39
	2861	20	40
	2862	19	42
	2863	20	39
	2864	17	39
	2865	19	41
	2866	19	39
	2867	19	40
	2868	18	39
	2869	22	40
	2870	21	40
	2871	21	37
	2872	19	39
	2873	19	41
	2874	21	39
	2875	20	45
	2876	18	40
	2877	21	39
	2878	19	43
	2879	21	39
	2880	20	40
	2881	19	42
	2882	20	37
	2883	20	40
	2884	19	39
	2885	19	43
	2886	20	40
	2887	20	41
	2888	17	38
	2889	45	38
	2890	18	42
	2891	18	42
	2892	20	41
	2893	20	40
	2894	20	38
	2895	19	41
	2896	19	42
	2897	22	41
	2898	19	39
	2899	17	43
	2900	18	40
	2901	21	42
	2902	17	41
	2903	20	39
	2904	19	40
	2905	22	39
	2906	18	38
	2907	19	41
	2908	22	38
	2909	19	40
	2910	19	41
	2911	20	45
	2912	22	39
	2913	22	42
	2914	20	44
	2915	19	43
	2916	19	41
	2917	21	42
	2918	20	38
	2919	23	39
	2920	25	36
	2921	21	42
	2922	17	39
	2923	20	40
	2924	21	39
	2925	17	39
	2926	18	40
	2927	17	39
	2928	20	40
	2929	18	41
	2930	20	41
	2931	19	39
	2932	19	42
	2933	20	40
	2934	19	39
	2935	20	42
	2936	19	40
	2937	19	39
	2938	16	42
	2939	22	43
	2940	20	41
	2941	21	42
	2942	19	40
	2943	18	39
	2944	18	43
	2945	17	44
	2946	18	38
	2947	22	39
	2948	20	38
	2949	22	40
	2950	18	39
	2951	21	40
	2952	20	36
	2953	21	41
	2954	17	36
	2955	20	43
	2956	20	40
	2957	19	39
	2958	21	40
	2959	22	39
	2960	18	38
	2961	18	38
	2962	16	38
	2963	17	37
	2964	18	39
	2965	19	39
	2966	17	42
	2967	18	41
	2968	18	39
	2969	19	39
	2970	17	42
	2971	18	40
	2972	19	39
	2973	19	39
	2974	17	37
	2975	21	40
	2976	19	38
	2977	19	41
	2978	20	37
	2979	21	41
	2980	18	39
	2981	21	38
	2982	19	38
	2983	20	37
	2984	20	38
	2985	18	40
	2986	19	39
	2987	19	42
	2988	19	40
	2989	20	40
	2990	19	40
	2991	19	41
	2992	22	38
	2993	20	40
	2994	17	40
	2995	20	39
	2996	19	38
	2997	24	38
	2998	21	42
	2999	20	40
	3000	19	40
	3001	20	39
	3002	21	40
	3003	21	40
	3004	20	41
	3005	21	39
	3006	22	40
	3007	17	42
	3008	21	40
	3009	21	38
	3010	20	39
	3011	20	38
	3012	16	36
	3013	19	38
	3014	19	41
	3015	19	40
	3016	20	41
	3017	20	37
	3018	19	42
	3019	21	41
	3020	19	42
	3021	18	42
	3022	16	39
	3023	17	39
	3024	20	41
	3025	20	42
	3026	19	38
	3027	18	39
	3028	16	37
	3029	21	40
	3030	17	39
	3031	20	39
	3032	18	40
	3033	20	39
	3034	19	38
	3035	18	40
	3036	18	42
	3037	19	39
	3038	18	40
	3039	19	43
	3040	18	39
	3041	18	43
	3042	17	37
	3043	19	38
	3044	17	39
	3045	20	40
	3046	18	37
	3047	19	39
	3048	20	39
	3049	18	37
	3050	22	39
	3051	19	36
	3052	18	37
	3053	17	41
	3054	16	39
	3055	19	41
	3056	21	40
	3057	20	41
	3058	18	40
	3059	19	39
	3060	19	37
	3061	20	40
	3062	19	39
	3063	18	40
	3064	19	40
	3065	22	38
	3066	19	41
	3067	19	43
	3068	20	39
	3069	18	41
	3070	20	41
	3071	18	39
	3072	18	38
	3073	19	39
	3074	20	39
	3075	20	40
	3076	21	38
	3077	20	42
	3078	17	35
	3079	20	40
	3080	17	38
	3081	21	39
	3082	19	40
	3083	21	40
	3084	18	40
	3085	19	38
	3086	19	37
	3087	21	38
	3088	18	41
	3089	19	38
	3090	19	39
	3091	20	39
	3092	20	38
	3093	18	41
	3094	18	37
	3095	21	43
	3096	18	39
	3097	17	41
	3098	18	40
	3099	18	39
	3100	20	39
	3101	20	41
	3102	19	38
	3103	19	39
	3104	19	40
	3105	21	41
	3106	17	39
	3107	19	41
	3108	17	39
	3109	22	39
	3110	17	39
	3111	21	42
	3112	19	38
	3113	19	39
	3114	20	38
	3115	20	40
	3116	20	39
	3117	17	40
	3118	18	40
	3119	18	39
	3120	16	40
	3121	18	40
	3122	18	39
	3123	20	41
	3124	20	38
	3125	18	40
	3126	19	39
	3127	21	39
	3128	17	41
	3129	20	40
	3130	16	41
	3131	19	39
	3132	18	42
	3133	19	42
	3134	19	40
	3135	18	40
	3136	19	39
	3137	18	41
	3138	20	41
	3139	21	41
	3140	18	38
	3141	21	38
	3142	21	38
	3143	22	37
	3144	19	39
	3145	20	38
	3146	22	39
	3147	21	39
	3148	20	40
	3149	17	40
	3150	19	39
	3151	19	39
	3152	19	39
	3153	21	43
	3154	19	37
	3155	17	38
	3156	20	40
	3157	18	36
	3158	17	40
	3159	19	37
	3160	21	41
	3161	19	41
	3162	19	41
	3163	17	38
	3164	19	41
	3165	21	39
	3166	20	40
	3167	20	41
	3168	19	38
	3169	18	39
	3170	17	36
	3171	21	42
	3172	21	39
	3173	20	40
	3174	19	39
	3175	17	41
	3176	19	42
	3177	20	37
	3178	20	39
	3179	19	39
	3180	20	40
	3181	19	40
	3182	19	39
	3183	19	41
	3184	19	39
	3185	25	41
	3186	18	38
	3187	21	41
	3188	23	41
	3189	21	39
	3190	17	41
	3191	20	41
	3192	16	39
	3193	20	42
	3194	20	39
	3195	23	40
	3196	19	43
	3197	18	38
	3198	17	41
	3199	21	39
	3200	20	39
	3201	20	41
	3202	19	41
	3203	19	40
	3204	19	41
	3205	21	40
	3206	20	38
	3207	22	44
	3208	19	39
	3209	18	40
	3210	19	42
	3211	21	37
	3212	20	40
	3213	19	42
	3214	18	38
	3215	22	40
	3216	18	39
	3217	21	40
	3218	18	40
	3219	21	38
	3220	20	39
	3221	22	43
	3222	18	40
	3223	23	44
	3224	22	38
	3225	20	41
	3226	22	41
	3227	20	40
	3228	17	38
	3229	20	42
	3230	19	38
	3231	19	39
	3232	19	38
	3233	19	42
	3234	18	42
	3235	20	42
	3236	18	39
	3237	18	37
	3238	19	38
	3239	20	40
	3240	20	35
	3241	19	44
	3242	17	40
	3243	19	41
	3244	19	40
	3245	19	39
	3246	19	41
	3247	19	39
	3248	18	38
	3249	18	39
	3250	19	39
	3251	19	41
	3252	22	40
	3253	20	42
	3254	17	38
	3255	19	41
	3256	17	39
	3257	20	42
	3258	18	40
	3259	23	41
	3260	19	39
	3261	21	39
	3262	19	42
	3263	19	42
	3264	19	41
	3265	20	38
	3266	18	38
	3267	20	40
	3268	18	39
	3269	17	39
	3270	17	41
	3271	20	39
	3272	22	40
	3273	20	41
	3274	22	40
	3275	19	40
	3276	19	39
	3277	22	39
	3278	20	39
	3279	20	39
	3280	22	39
	3281	19	39
	3282	19	39
	3283	22	41
	3284	18	42
	3285	24	38
	3286	16	39
	3287	20	42
	3288	20	39
	3289	20	41
	3290	20	39
	3291	19	39
	3292	19	39
	3293	22	41
	3294	21	36
	3295	21	41
	3296	20	39
	3297	21	36
	3298	19	39
	3299	22	38
	3300	18	39
	3301	20	42
	3302	19	40
	3303	20	40
	3304	20	40
	3305	20	41
	3306	18	39
	3307	19	39
	3308	20	39
	3309	17	42
	3310	21	40
	3311	21	42
	3312	19	38
	3313	21	40
	3314	18	40
	3315	17	40
	3316	19	40
	3317	22	40
	3318	20	39
	3319	20	41
	3320	18	40
	3321	17	41
	3322	24	42
	3323	19	39
	3324	19	38
	3325	18	41
	3326	20	39
	3327	18	41
	3328	19	39
	3329	20	39
	3330	19	39
	3331	20	40
	3332	21	40
	3333	20	39
	3334	17	41
	3335	22	40
	3336	20	42
	3337	18	39
	3338	23	39
	3339	18	36
	3340	18	37
	3341	19	41
	3342	20	38
	3343	19	40
	3344	17	37
	3345	21	39
	3346	18	38
	3347	22	41
	3348	19	39
	3349	21	42
	3350	20	42
	3351	20	38
	3352	21	38
	3353	19	41
	3354	19	37
	3355	24	39
	3356	18	40
	3357	24	40
	3358	21	39
	3359	20	36
	3360	18	39
	3361	20	39
	3362	17	40
	3363	21	40
	3364	17	39
	3365	17	42
	3366	22	38
	3367	21	42
	3368	19	40
	3369	19	40
	3370	17	39
	3371	21	42
	3372	21	37
	3373	18	39
	3374	19	39
	3375	18	39
	3376	20	40
	3377	20	40
	3378	18	37
	3379	19	39
	3380	17	37
	3381	19	40
	3382	16	38
	3383	19	40
	3384	19	38
	3385	21	40
	3386	19	39
	3387	19	39
	3388	17	39
	3389	19	39
	3390	22	41
	3391	21	41
	3392	18	38
	3393	19	39
	3394	21	37
	3395	18	40
	3396	18	42
	3397	19	40
	3398	17	41
	3399	20	40
	3400	17	41
	3401	18	39
	3402	18	40
	3403	19	40
	3404	16	40
	3405	18	41
	3406	18	37
	3407	19	39
	3408	18	38
	3409	18	38
	3410	18	37
	3411	21	41
	3412	19	37
	3413	20	40
	3414	19	40
	3415	21	36
	3416	18	39
	3417	19	40
	3418	19	40
	3419	19	38
	3420	17	36
	3421	19	40
	3422	21	39
	3423	19	42
	3424	19	42
	3425	20	39
	3426	17	38
	3427	18	39
	3428	21	39
	3429	21	40
	3430	22	41
	3431	21	40
	3432	16	40
	3433	18	42
	3434	18	37
	3435	19	39
	3436	18	39
	3437	19	41
	3438	18	38
	3439	19	41
	3440	19	41
	3441	25	40
	3442	22	42
	3443	18	38
	3444	20	40
	3445	22	41
	3446	21	39
	3447	21	39
	3448	19	38
	3449	19	41
	3450	21	41
	3451	19	41
	3452	17	37
	3453	21	41
	3454	17	38
	3455	22	42
	3456	19	37
	3457	20	38
	3458	17	39
	3459	17	40
	3460	19	42
	3461	18	43
	3462	19	42
	3463	21	37
	3464	18	39
	3465	17	39
	3466	17	39
	3467	22	42
	3468	17	40
	3469	22	41
	3470	18	40
	3471	21	39
	3472	19	45
	3473	19	38
	3474	18	37
	3475	20	38
	3476	19	40
	3477	20	39
	3478	20	41
	3479	19	40
	3480	19	36
	3481	21	44
	3482	21	40
	3483	19	40
	3484	19	41
	3485	19	43
	3486	19	40
	3487	20	41
	3488	21	38
	3489	21	42
	3490	22	37
	3491	20	41
	3492	22	38
	3493	19	41
	3494	18	39
	3495	18	40
	3496	20	38
	3497	20	37
	3498	19	40
	3499	18	41
	3500	18	40
	3501	19	38
	3502	21	39
	3503	22	38
	3504	17	41
	3505	20	41
	3506	18	37
	3507	19	41
	3508	21	39
	3509	21	41
	3510	17	38
	3511	20	40
	3512	19	35
	3513	19	43
	3514	17	40
	3515	23	41
	3516	19	40
	3517	21	38
	3518	16	37
	3519	21	40
	3520	19	40
	3521	19	41
	3522	19	40
	3523	21	41
	3524	17	40
	3525	19	38
	3526	18	38
	3527	19	39
	3528	20	39
	3529	19	40
	3530	17	41
	3531	20	41
	3532	20	38
	3533	16	39
	3534	20	36
	3535	18	39
	3536	20	41
	3537	20	43
	3538	20	38
	3539	21	38
	3540	21	43
	3541	20	41
	3542	20	39
	3543	17	38
	3544	19	40
	3545	20	40
	3546	20	37
	3547	22	38
	3548	19	39
	3549	20	40
	3550	23	43
	3551	19	39
	3552	18	38
	3553	21	39
	3554	17	37
	3555	19	42
	3556	19	42
	3557	19	44
	3558	16	40
	3559	22	41
	3560	22	37
	3561	19	42
	3562	21	36
	3563	20	39
	3564	20	38
	3565	21	39
	3566	20	41
	3567	20	39
	3568	16	40
	3569	19	40
	3570	19	40
	3571	21	38
	3572	21	38
	3573	19	40
	3574	20	40
	3575	20	41
	3576	20	39
	3577	16	41
	3578	18	39
	3579	22	43
	3580	20	39
	3581	22	41
	3582	18	40
	3583	22	38
	3584	17	40
	3585	20	41
	3586	19	39
	3587	18	39
	3588	16	39
	3589	21	41
	3590	20	40
	3591	20	41
	3592	18	38
	3593	20	38
	3594	17	39
	3595	19	39
	3596	18	42
	3597	20	43
	3598	17	39
	3599	20	40
	3600	22	39
	3601	21	40
	3602	20	36
	3603	22	39
	3604	19	39
	3605	20	41
	3606	19	39
	3607	23	38
	3608	18	40
	3609	19	38
	3610	18	40
	3611	22	40
	3612	17	39
	3613	19	42
	3614	19	41
	3615	21	39
	3616	16	38
	3617	21	39
	3618	19	36
	3619	21	39
	3620	19	39
	3621	19	41
	3622	18	38
	3623	20	37
	3624	20	39
	3625	20	40
	3626	19	39
	3627	19	42
	3628	16	40
	3629	22	39
	3630	19	41
	3631	20	39
	3632	19	37
	3633	20	38
	3634	20	42
	3635	22	41
	3636	17	41
	3637	21	42
	3638	19	40
	3639	20	40
	3640	21	38
	3641	22	36
	3642	18	40
	3643	21	41
	3644	19	41
	3645	22	42
	3646	17	40
	3647	19	40
	3648	16	39
	3649	20	42
	3650	17	40
	3651	21	40
	3652	18	38
	3653	20	39
	3654	19	41
	3655	19	41
	3656	23	42
	3657	20	39
	3658	19	37
	3659	20	42
	3660	19	39
	3661	20	40
	3662	20	39
	3663	20	41
	3664	21	41
	3665	21	40
	3666	18	38
	3667	18	40
	3668	18	42
	3669	20	39
	3670	21	39
	3671	20	42
	3672	22	40
	3673	18	40
	3674	18	39
	3675	19	40
	3676	19	41
	3677	18	41
	3678	19	41
	3679	20	40
	3680	17	41
	3681	18	40
	3682	17	38
	3683	20	40
	3684	19	39
	3685	18	42
	3686	17	38
	3687	18	42
	3688	18	41
	3689	19	41
	3690	17	39
	3691	20	39
	3692	17	40
	3693	20	43
	3694	19	38
	3695	19	39
	3696	22	40
	3697	19	40
	3698	19	38
	3699	24	42
	3700	22	39
	3701	20	39
	3702	17	39
	3703	22	43
	3704	19	44
	3705	18	43
	3706	18	39
	3707	19	38
	3708	18	39
	3709	19	40
	3710	21	37
	3711	20	40
	3712	18	39
	3713	21	42
	3714	19	40
	3715	19	37
	3716	21	39
	3717	19	41
	3718	18	39
	3719	17	41
	3720	18	39
	3721	19	41
	3722	18	40
	3723	19	41
