	0	18	39
	1	18	38
	2	19	37
	3	19	39
	4	19	36
	5	19	39
	6	18	35
	7	18	38
	8	16	39
	9	16	38
	10	20	37
	11	20	38
	12	19	38
	13	19	38
	14	16	39
	15	20	38
	16	20	36
	17	18	40
	18	18	37
	19	19	38
	20	18	39
	21	17	39
	22	17	39
	23	15	39
	24	19	40
	25	20	38
	26	24	41
	27	22	39
	28	20	39
	29	19	41
	30	24	42
	31	23	46
	32	23	41
	33	21	43
	34	19	41
	35	23	45
	36	21	41
	37	23	40
	38	21	39
	39	19	40
	40	19	42
	41	21	42
	42	23	40
	43	22	40
	44	21	40
	45	21	39
	46	22	38
	47	24	40
	48	21	40
	49	21	42
	50	19	42
	51	23	44
	52	21	41
	53	22	42
	54	23	39
	55	23	42
	56	19	41
	57	22	40
	58	20	40
	59	23	43
	60	19	39
	61	23	41
	62	21	41
	63	24	42
	64	24	42
	65	24	43
	66	23	42
	67	19	40
	68	20	41
	69	24	41
	70	24	42
	71	23	43
	72	21	42
	73	25	41
	74	23	41
	75	26	41
	76	21	40
	77	23	40
	78	22	41
	79	23	41
	80	24	43
	81	21	43
	82	23	40
	83	23	43
	84	23	40
	85	22	44
	86	22	45
	87	23	46
	88	22	41
	89	24	42
	90	24	39
	91	25	43
	92	22	41
	93	23	42
	94	23	45
	95	23	43
	96	23	50
	97	23	44
	98	24	41
	99	22	46
	100	22	42
	101	23	42
	102	22	42
	103	22	45
	104	23	44
	105	25	43
	106	21	41
	107	24	41
	108	22	43
	109	27	43
	110	22	40
	111	23	41
	112	23	40
	113	21	44
	114	22	42
	115	24	45
	116	23	41
	117	24	41
	118	25	41
	119	24	43
	120	21	41
	121	21	44
	122	23	39
	123	24	44
	124	25	41
	125	23	43
	126	22	42
	127	26	40
	128	22	42
	129	23	46
	130	23	40
	131	22	44
	132	22	42
	133	22	40
	134	24	42
	135	25	44
	136	26	41
	137	25	46
	138	22	41
	139	23	42
	140	23	43
	141	26	44
	142	26	42
	143	24	42
	144	24	43
	145	23	46
	146	24	41
	147	23	45
	148	24	45
	149	24	43
	150	24	42
	151	25	43
	152	21	41
	153	24	42
	154	25	44
	155	23	44
	156	23	43
	157	24	44
	158	21	42
	159	24	44
	160	22	46
	161	25	43
	162	24	46
	163	24	44
	164	24	41
	165	25	43
	166	26	43
	167	25	46
	168	23	43
	169	27	45
	170	23	43
	171	22	47
	172	21	44
	173	23	44
	174	22	45
	175	22	45
	176	24	43
	177	24	46
	178	24	43
	179	20	43
	180	22	42
	181	25	40
	182	23	41
	183	25	42
	184	22	40
	185	25	45
	186	21	42
	187	21	41
	188	23	41
	189	26	41
	190	24	43
	191	24	43
	192	25	41
	193	23	43
	194	23	42
	195	23	42
	196	22	43
	197	23	43
	198	20	41
	199	25	45
	200	25	44
	201	24	43
	202	23	41
	203	23	42
	204	22	43
	205	23	42
	206	23	44
	207	22	41
	208	23	45
	209	25	42
	210	23	45
	211	22	45
	212	25	42
	213	23	42
	214	25	44
	215	26	44
	216	26	41
	217	25	43
	218	22	42
	219	25	53
	220	25	43
	221	23	42
	222	21	44
	223	26	42
	224	25	42
	225	22	45
	226	23	41
	227	22	41
	228	23	44
	229	26	45
	230	26	44
	231	24	43
	232	23	39
	233	23	44
	234	25	42
	235	24	44
	236	23	44
	237	25	42
	238	21	41
	239	24	45
	240	24	43
	241	26	47
	242	26	45
	243	26	43
	244	24	44
	245	23	47
	246	21	43
	247	23	41
	248	24	42
	249	24	46
	250	25	43
	251	25	44
	252	23	43
	253	24	44
	254	25	43
	255	25	48
	256	23	41
	257	23	45
	258	22	46
	259	24	46
	260	25	43
	261	24	43
	262	23	42
	263	23	43
	264	23	42
	265	23	44
	266	23	43
	267	24	45
	268	24	44
	269	28	44
	270	23	43
	271	22	45
	272	24	41
	273	27	44
	274	24	47
	275	25	43
	276	21	42
	277	23	42
	278	22	41
	279	23	42
	280	24	41
	281	25	43
	282	23	41
	283	24	43
	284	25	42
	285	23	43
	286	22	41
	287	25	40
	288	22	45
	289	24	41
	290	26	40
	291	23	40
	292	21	45
	293	23	41
	294	21	45
	295	26	44
	296	23	41
	297	22	43
	298	31	42
	299	23	40
	300	25	42
	301	24	42
	302	23	45
	303	23	46
	304	22	42
	305	25	42
	306	25	41
	307	25	41
	308	23	44
	309	25	44
	310	23	43
	311	24	42
	312	23	43
	313	22	39
	314	23	43
	315	21	44
	316	23	42
	317	23	43
	318	24	40
	319	24	44
	320	25	42
	321	23	45
	322	24	44
	323	24	44
	324	24	40
	325	24	44
	326	24	43
	327	23	43
	328	23	45
	329	23	43
	330	22	44
	331	25	42
	332	26	41
	333	25	47
	334	27	43
	335	24	44
	336	23	44
	337	25	47
	338	26	43
	339	28	46
	340	22	40
	341	24	41
	342	24	43
	343	24	47
	344	22	43
	345	29	43
	346	26	42
	347	24	39
	348	25	41
	349	26	42
	350	24	41
	351	27	46
	352	23	41
	353	25	45
	354	26	42
	355	23	42
	356	25	42
	357	23	42
	358	27	44
	359	27	43
	360	23	43
	361	25	42
	362	24	40
	363	26	43
	364	25	43
	365	27	44
	366	24	44
	367	25	44
	368	24	43
	369	24	42
	370	27	42
	371	29	44
	372	22	42
	373	28	43
	374	26	43
	375	25	43
	376	27	39
	377	29	41
	378	26	42
	379	29	45
	380	27	40
	381	24	40
	382	27	43
	383	27	43
	384	28	45
	385	27	42
	386	27	41
	387	29	42
	388	26	41
	389	28	44
	390	27	41
	391	28	43
	392	26	41
	393	29	43
	394	26	40
	395	27	43
	396	26	44
	397	27	45
	398	27	44
	399	29	48
	400	27	42
	401	25	40
	402	30	42
	403	27	44
	404	28	42
	405	29	41
	406	26	42
	407	28	42
	408	24	44
	409	27	45
	410	27	40
	411	28	46
	412	29	43
	413	27	46
	414	28	45
	415	28	43
	416	29	39
	417	29	43
	418	28	45
	419	29	42
	420	31	41
	421	28	42
	422	27	40
	423	30	45
	424	31	44
	425	32	44
	426	28	42
	427	30	45
	428	28	43
	429	31	44
	430	30	43
	431	32	44
	432	30	45
	433	30	45
	434	29	44
	435	29	43
	436	28	43
	437	31	44
	438	30	42
	439	31	45
	440	28	43
	441	29	45
	442	31	43
	443	32	45
	444	29	39
	445	32	45
	446	31	43
	447	28	43
	448	30	42
	449	33	43
	450	33	41
	451	34	44
	452	43	41
	453	33	41
	454	33	43
	455	34	41
	456	33	43
	457	34	44
	458	33	43
	459	33	44
	460	35	45
	461	35	45
	462	33	44
	463	37	46
	464	33	44
	465	36	46
	466	36	44
	467	36	44
	468	33	44
	469	39	44
	470	36	41
	471	40	44
	472	34	43
	473	36	43
	474	36	44
	475	34	42
	476	36	45
	477	37	47
	478	37	43
	479	37	44
	480	33	42
	481	34	44
	482	38	45
	483	40	44
	484	39	44
	485	37	44
	486	35	44
	487	37	44
	488	39	43
	489	41	44
	490	41	42
	491	40	44
	492	39	45
	493	37	44
	494	38	44
	495	40	45
	496	39	41
	497	39	44
	498	41	43
	499	41	45
	500	40	39
	501	42	42
	502	41	43
	503	40	44
	504	41	45
	505	40	43
	506	40	46
	507	42	43
	508	41	44
	509	43	45
	510	43	44
	511	43	47
	512	44	45
	513	45	44
	514	42	42
	515	43	43
	516	43	46
	517	44	46
	518	44	42
	519	46	45
	520	44	47
	521	45	49
	522	42	48
	523	42	46
	524	44	43
	525	44	45
	526	46	45
	527	46	46
	528	44	45
	529	49	44
	530	44	43
	531	46	49
	532	47	43
	533	51	48
	534	47	43
	535	52	43
	536	50	45
	537	49	44
	538	49	46
	539	48	47
	540	50	46
	541	49	45
	542	49	45
	543	49	46
	544	51	46
	545	52	44
	546	52	45
	547	55	46
	548	54	44
	549	50	46
	550	53	45
	551	54	48
	552	52	46
	553	54	45
	554	51	44
	555	56	43
	556	53	45
	557	56	53
	558	57	46
	559	54	46
	560	54	48
	561	58	49
	562	56	47
	563	58	44
	564	52	45
	565	58	44
	566	56	46
	567	60	48
	568	57	44
	569	58	46
	570	57	48
	571	59	48
	572	62	45
	573	61	47
	574	57	48
	575	62	45
	576	62	46
	577	61	48
	578	60	47
	579	65	47
	580	65	46
	581	63	46
	582	64	45
	583	67	49
	584	63	45
	585	64	45
	586	65	49
	587	66	49
	588	68	45
	589	70	47
	590	65	48
	591	69	49
	592	67	48
	593	68	48
	594	69	49
	595	71	47
	596	67	50
	597	69	46
	598	72	46
	599	71	46
	600	74	44
	601	72	49
	602	71	49
	603	74	50
	604	73	49
	605	74	48
	606	74	46
	607	72	49
	608	71	47
	609	71	45
	610	75	47
	611	76	49
	612	74	51
	613	75	46
	614	80	47
	615	81	48
	616	78	48
	617	79	47
	618	78	48
	619	76	49
	620	78	47
	621	78	49
	622	83	51
	623	82	49
	624	82	47
	625	82	49
	626	80	49
	627	84	51
	628	80	50
	629	83	50
	630	79	47
	631	79	49
	632	84	50
	633	88	49
	634	86	49
	635	90	50
	636	83	48
	637	83	49
	638	84	51
	639	84	52
	640	82	54
	641	88	50
	642	85	49
	643	85	49
	644	87	51
	645	84	51
	646	84	52
	647	90	50
	648	87	49
	649	86	50
	650	90	50
	651	89	49
	652	88	50
	653	94	52
	654	92	51
	655	93	51
	656	95	51
	657	94	51
	658	95	52
	659	89	52
	660	96	50
	661	96	50
	662	92	51
	663	94	52
	664	93	49
	665	100	51
	666	96	51
	667	98	51
	668	95	51
	669	97	52
	670	98	51
	671	96	54
	672	100	52
	673	102	52
	674	98	49
	675	101	54
	676	100	52
	677	97	55
	678	98	49
	679	101	54
	680	100	53
	681	103	56
	682	103	50
	683	100	56
	684	103	51
	685	102	51
	686	105	52
	687	103	53
	688	104	49
	689	103	52
	690	103	51
	691	105	56
	692	104	52
	693	103	52
	694	105	57
	695	107	49
	696	103	52
	697	107	53
	698	106	54
	699	110	58
	700	110	55
	701	107	51
	702	106	53
	703	109	52
	704	108	54
	705	109	55
	706	109	54
	707	111	53
	708	118	52
	709	110	53
	710	110	52
	711	110	51
	712	112	53
	713	111	55
	714	112	55
	715	113	56
	716	111	56
	717	113	52
	718	114	53
	719	112	52
	720	114	57
	721	115	57
	722	113	52
	723	113	55
	724	110	52
	725	118	54
	726	115	52
	727	111	53
	728	111	53
	729	117	57
	730	114	52
	731	116	57
	732	116	57
	733	113	53
	734	115	56
	735	119	57
	736	120	56
	737	116	55
	738	119	52
	739	119	58
	740	117	56
	741	115	55
	742	116	56
	743	115	57
	744	116	59
	745	115	57
	746	119	56
	747	119	54
	748	119	52
	749	117	55
	750	115	55
	751	118	57
	752	117	53
	753	120	55
	754	120	54
	755	120	54
	756	121	53
	757	117	55
	758	118	54
	759	124	56
	760	119	54
	761	118	54
	762	117	55
	763	117	57
	764	117	52
	765	117	53
	766	118	54
	767	118	55
	768	117	56
	769	118	53
	770	118	54
	771	118	56
	772	118	55
	773	121	52
	774	117	54
	775	120	53
	776	123	53
	777	118	56
	778	116	53
	779	119	56
	780	118	57
	781	117	53
	782	116	54
	783	115	57
	784	117	54
	785	116	55
	786	114	55
	787	120	53
	788	119	55
	789	116	55
	790	115	55
	791	120	58
	792	113	56
	793	114	53
	794	113	54
	795	115	55
	796	115	51
	797	114	56
	798	113	53
	799	117	55
	800	111	54
	801	113	55
	802	110	54
	803	111	58
	804	113	52
	805	116	52
	806	115	56
	807	115	55
	808	109	58
	809	115	54
	810	114	49
	811	115	56
	812	111	52
	813	111	52
	814	110	52
	815	109	52
	816	110	53
	817	109	54
	818	105	51
	819	113	50
	820	107	50
	821	105	53
	822	109	49
	823	105	53
	824	105	51
	825	103	51
	826	107	54
	827	105	53
	828	108	51
	829	104	54
	830	105	49
	831	106	54
	832	102	51
	833	102	49
	834	105	53
	835	101	54
	836	103	51
	837	102	50
	838	100	49
	839	103	51
	840	106	48
	841	103	51
	842	101	54
	843	98	52
	844	101	49
	845	101	52
	846	101	51
	847	102	52
	848	97	50
	849	101	52
	850	99	49
	851	99	54
	852	98	49
	853	100	51
	854	99	49
	855	96	52
	856	99	47
	857	96	50
	858	99	49
	859	99	51
	860	96	51
	861	97	51
	862	98	49
	863	98	50
	864	100	51
	865	100	52
	866	96	51
	867	99	49
	868	98	51
	869	95	50
	870	91	50
	871	95	53
	872	91	49
	873	90	53
	874	91	51
	875	91	53
	876	93	52
	877	92	49
	878	91	47
	879	96	51
	880	90	51
	881	94	51
	882	93	45
	883	90	51
	884	89	48
	885	91	49
	886	86	49
	887	93	50
	888	86	49
	889	88	49
	890	89	50
	891	85	53
	892	87	48
	893	87	51
	894	89	50
	895	92	46
	896	86	52
	897	89	47
	898	86	50
	899	88	48
	900	84	51
	901	88	49
	902	87	47
	903	85	49
	904	86	47
	905	86	47
	906	85	47
	907	85	50
	908	83	46
	909	84	49
	910	82	47
	911	85	46
	912	84	46
	913	81	48
	914	83	50
	915	81	48
	916	78	47
	917	79	48
	918	82	49
	919	80	44
	920	81	48
	921	79	47
	922	81	47
	923	80	51
	924	79	44
	925	79	48
	926	77	45
	927	77	46
	928	76	48
	929	77	48
	930	76	47
	931	77	47
	932	73	45
	933	79	49
	934	75	46
	935	75	48
	936	76	45
	937	72	46
	938	71	48
	939	69	49
	940	74	45
	941	70	45
	942	73	45
	943	72	47
	944	70	45
	945	74	50
	946	71	48
	947	71	44
	948	70	45
	949	71	43
	950	67	54
	951	66	45
	952	69	47
	953	67	46
	954	70	41
	955	71	49
	956	68	47
	957	70	46
	958	66	47
	959	68	45
	960	67	44
	961	66	44
	962	70	44
	963	68	43
	964	65	46
	965	62	45
	966	67	45
	967	64	46
	968	65	49
	969	64	45
	970	63	46
	971	63	44
	972	61	48
	973	60	47
	974	58	47
	975	60	45
	976	61	46
	977	56	46
	978	58	45
	979	62	46
	980	58	44
	981	55	47
	982	55	44
	983	58	48
	984	56	46
	985	54	44
	986	55	46
	987	53	45
	988	56	43
	989	55	46
	990	51	46
	991	53	45
	992	49	45
	993	53	44
	994	53	45
	995	51	44
	996	49	44
	997	53	47
	998	52	46
	999	49	47
	1000	52	45
	1001	53	47
	1002	53	44
	1003	49	46
	1004	52	44
	1005	47	45
	1006	49	44
	1007	52	45
	1008	51	44
	1009	47	46
	1010	50	44
	1011	47	46
	1012	47	44
	1013	49	47
	1014	51	43
	1015	49	46
	1016	48	44
	1017	47	42
	1018	50	44
	1019	47	44
	1020	45	45
	1021	46	44
	1022	47	44
	1023	47	44
	1024	45	42
	1025	46	44
	1026	44	45
	1027	49	44
	1028	48	41
	1029	43	44
	1030	42	40
	1031	43	46
	1032	43	45
	1033	49	44
	1034	42	43
	1035	46	47
	1036	44	43
	1037	45	46
	1038	47	43
	1039	46	43
	1040	45	45
	1041	48	44
	1042	42	43
	1043	45	40
	1044	44	52
	1045	43	40
	1046	43	42
	1047	44	46
	1048	46	47
	1049	44	46
	1050	43	40
	1051	46	44
	1052	45	43
	1053	44	42
	1054	45	44
	1055	42	51
	1056	40	41
	1057	45	43
	1058	42	40
	1059	44	44
	1060	44	44
	1061	43	44
	1062	43	40
	1063	45	45
	1064	43	44
	1065	40	43
	1066	45	45
	1067	44	44
	1068	42	43
	1069	43	46
	1070	41	43
	1071	41	43
	1072	42	41
	1073	41	43
	1074	42	45
	1075	43	43
	1076	41	44
	1077	52	44
	1078	41	44
	1079	44	43
	1080	43	45
	1081	42	41
	1082	41	43
	1083	41	44
	1084	40	44
	1085	42	40
	1086	43	47
	1087	42	45
	1088	41	42
	1089	42	42
	1090	41	43
	1091	41	43
	1092	40	43
	1093	43	42
	1094	40	43
	1095	41	45
	1096	43	45
	1097	42	46
	1098	41	46
	1099	42	43
	1100	41	46
	1101	41	45
	1102	39	43
	1103	42	44
	1104	38	42
	1105	41	42
	1106	39	43
	1107	40	41
	1108	42	41
	1109	40	43
	1110	40	46
	1111	40	45
	1112	45	42
	1113	48	42
	1114	41	43
	1115	41	43
	1116	44	42
	1117	39	42
	1118	41	42
	1119	45	41
	1120	42	42
	1121	39	44
	1122	38	41
	1123	39	43
	1124	40	42
	1125	39	40
	1126	40	43
	1127	42	42
	1128	39	42
	1129	39	45
	1130	39	43
	1131	39	45
	1132	39	47
	1133	41	45
	1134	39	41
	1135	38	42
	1136	38	48
	1137	39	42
	1138	39	43
	1139	42	44
	1140	41	41
	1141	41	40
	1142	37	39
	1143	40	44
	1144	38	46
	1145	38	43
	1146	37	44
	1147	44	44
	1148	37	41
	1149	39	45
	1150	42	42
	1151	41	43
	1152	35	47
	1153	39	44
	1154	39	43
	1155	41	42
	1156	36	44
	1157	41	44
	1158	39	44
	1159	40	45
	1160	40	43
	1161	40	45
	1162	37	46
	1163	35	48
	1164	38	42
	1165	39	42
	1166	39	41
	1167	41	45
	1168	36	41
	1169	38	42
	1170	37	43
	1171	40	45
	1172	35	46
	1173	37	44
	1174	34	43
	1175	37	46
	1176	39	42
	1177	40	45
	1178	40	42
	1179	38	45
	1180	36	44
	1181	38	44
	1182	39	41
	1183	42	45
	1184	38	42
	1185	36	40
	1186	37	44
	1187	38	44
	1188	37	42
	1189	38	41
	1190	37	40
	1191	38	42
	1192	39	42
	1193	36	46
	1194	37	42
	1195	37	42
	1196	36	40
	1197	41	44
	1198	40	43
	1199	38	42
	1200	37	45
	1201	38	42
	1202	38	43
	1203	36	43
	1204	39	42
	1205	39	41
	1206	37	43
	1207	37	45
	1208	38	43
	1209	37	42
	1210	35	41
	1211	38	43
	1212	36	43
	1213	39	44
	1214	37	40
	1215	41	41
	1216	37	43
	1217	40	41
	1218	35	42
	1219	38	41
	1220	38	42
	1221	39	42
	1222	38	43
	1223	39	45
	1224	35	43
	1225	39	44
	1226	34	42
	1227	36	40
	1228	38	41
	1229	39	48
	1230	35	39
	1231	37	45
	1232	38	40
	1233	40	42
	1234	37	42
	1235	36	43
	1236	41	40
	1237	39	45
	1238	34	43
	1239	36	42
	1240	38	43
	1241	35	43
	1242	38	44
	1243	35	45
	1244	37	41
	1245	36	42
	1246	36	44
	1247	38	45
	1248	38	42
	1249	39	41
	1250	38	41
	1251	38	44
	1252	39	41
	1253	37	41
	1254	34	43
	1255	36	41
	1256	35	42
	1257	36	44
	1258	38	42
	1259	38	42
	1260	38	43
	1261	38	42
	1262	38	43
	1263	39	46
	1264	36	39
	1265	37	42
	1266	42	40
	1267	44	43
	1268	35	41
	1269	38	41
	1270	36	40
	1271	37	44
	1272	33	44
	1273	35	43
	1274	38	43
	1275	37	48
	1276	35	43
	1277	37	40
	1278	37	41
	1279	36	42
	1280	34	40
	1281	37	43
	1282	37	43
	1283	38	45
	1284	35	43
	1285	35	41
	1286	33	46
	1287	38	40
	1288	34	40
	1289	37	43
	1290	34	41
	1291	36	45
	1292	36	44
	1293	38	41
	1294	31	42
	1295	37	43
	1296	37	43
	1297	35	43
	1298	35	41
	1299	35	44
	1300	35	45
	1301	35	43
	1302	36	40
	1303	36	44
	1304	35	42
	1305	36	43
	1306	35	42
	1307	35	42
	1308	32	41
	1309	33	42
	1310	34	41
	1311	34	42
	1312	33	44
	1313	35	39
	1314	37	41
	1315	35	42
	1316	35	42
	1317	35	43
	1318	32	42
	1319	34	43
	1320	35	41
	1321	37	44
	1322	35	43
	1323	37	45
	1324	35	41
	1325	36	41
	1326	34	44
	1327	37	44
	1328	35	43
	1329	32	41
	1330	32	39
	1331	37	43
	1332	33	43
	1333	36	40
	1334	33	45
	1335	38	44
	1336	32	40
	1337	35	42
	1338	31	43
	1339	32	42
	1340	37	44
	1341	34	46
	1342	33	42
	1343	38	44
	1344	32	40
	1345	33	42
	1346	36	43
	1347	33	42
	1348	32	41
	1349	33	41
	1350	35	42
	1351	35	43
	1352	33	43
	1353	34	45
	1354	31	42
	1355	35	45
	1356	33	41
	1357	33	40
	1358	31	44
	1359	33	40
	1360	34	43
	1361	35	42
	1362	33	41
	1363	34	42
	1364	33	40
	1365	36	39
	1366	34	40
	1367	33	47
	1368	32	41
	1369	36	42
	1370	35	42
	1371	35	42
	1372	39	45
	1373	34	40
	1374	33	41
	1375	38	43
	1376	33	39
	1377	35	43
	1378	29	39
	1379	37	43
	1380	34	43
	1381	41	42
	1382	33	41
	1383	34	43
	1384	32	39
	1385	34	44
	1386	33	44
	1387	34	41
	1388	35	42
	1389	32	42
	1390	32	40
	1391	33	41
	1392	33	43
	1393	33	42
	1394	33	39
	1395	34	39
	1396	32	44
	1397	32	42
	1398	35	42
	1399	37	44
	1400	35	41
	1401	34	44
	1402	34	43
	1403	33	45
	1404	31	42
	1405	32	41
	1406	32	41
	1407	35	45
	1408	29	39
	1409	31	40
	1410	33	44
	1411	33	41
	1412	32	42
	1413	33	44
	1414	30	40
	1415	35	42
	1416	33	42
	1417	32	41
	1418	33	43
	1419	33	41
	1420	31	43
	1421	35	42
	1422	32	39
	1423	32	45
	1424	31	42
	1425	34	43
	1426	30	43
	1427	32	43
	1428	30	41
	1429	29	42
	1430	33	44
	1431	31	42
	1432	34	39
	1433	31	41
	1434	31	43
	1435	35	45
	1436	33	41
	1437	31	43
	1438	31	40
	1439	34	40
	1440	33	44
	1441	30	44
	1442	33	42
	1443	31	40
	1444	33	41
	1445	30	41
	1446	31	42
	1447	35	41
	1448	32	41
	1449	31	44
	1450	27	41
	1451	32	46
	1452	31	45
	1453	30	42
	1454	33	43
	1455	33	45
	1456	31	42
	1457	30	42
	1458	33	40
	1459	31	39
	1460	33	43
	1461	30	42
	1462	30	44
	1463	29	43
	1464	30	41
	1465	30	40
	1466	29	43
	1467	28	43
	1468	30	42
	1469	31	41
	1470	31	41
	1471	29	45
	1472	32	42
	1473	32	43
	1474	31	43
	1475	32	42
	1476	30	41
	1477	30	41
	1478	28	42
	1479	31	43
	1480	30	43
	1481	32	43
	1482	30	39
	1483	29	43
	1484	27	39
	1485	32	44
	1486	31	43
	1487	29	41
	1488	29	41
	1489	29	41
	1490	28	42
	1491	31	41
	1492	30	42
	1493	28	44
	1494	29	43
	1495	32	45
	1496	31	42
	1497	33	42
	1498	27	43
	1499	34	45
	1500	27	43
	1501	29	43
	1502	28	41
	1503	30	40
	1504	29	44
	1505	29	44
	1506	30	42
	1507	29	44
	1508	27	41
	1509	27	44
	1510	28	44
	1511	31	40
	1512	30	42
	1513	30	39
	1514	26	44
	1515	28	47
	1516	29	42
	1517	30	43
	1518	28	43
	1519	29	40
	1520	29	41
	1521	29	44
	1522	29	43
	1523	29	40
	1524	31	40
	1525	30	41
	1526	28	41
	1527	30	44
	1528	30	43
	1529	30	45
	1530	28	42
	1531	36	45
	1532	26	40
	1533	30	45
	1534	29	41
	1535	31	42
	1536	27	38
	1537	28	42
	1538	29	41
	1539	31	40
	1540	28	40
	1541	30	45
	1542	23	40
	1543	31	44
	1544	29	43
	1545	29	41
	1546	29	43
	1547	31	44
	1548	27	40
	1549	30	44
	1550	29	41
	1551	29	39
	1552	31	42
	1553	31	40
	1554	30	41
	1555	33	42
	1556	29	42
	1557	30	40
	1558	31	48
	1559	31	43
	1560	30	42
	1561	31	41
	1562	31	40
	1563	36	45
	1564	32	39
	1565	32	42
	1566	33	42
	1567	34	43
	1568	34	43
	1569	37	43
	1570	34	42
	1571	37	53
	1572	35	41
	1573	34	45
	1574	37	39
	1575	39	43
	1576	38	46
	1577	39	44
	1578	38	45
	1579	35	42
	1580	38	42
	1581	38	42
	1582	34	44
	1583	37	43
	1584	39	44
	1585	39	43
	1586	39	42
	1587	38	43
	1588	36	40
	1589	40	42
	1590	41	42
	1591	37	46
	1592	38	44
	1593	38	41
	1594	38	42
	1595	38	45
	1596	38	41
	1597	45	40
	1598	39	42
	1599	39	45
	1600	36	43
	1601	39	44
	1602	36	40
	1603	39	42
	1604	36	44
	1605	37	44
	1606	39	42
	1607	36	44
	1608	37	45
	1609	41	46
	1610	38	42
	1611	40	45
	1612	37	44
	1613	37	44
	1614	39	43
	1615	40	44
	1616	37	43
	1617	39	43
	1618	37	41
	1619	38	44
	1620	39	42
	1621	35	46
	1622	36	44
	1623	36	43
	1624	40	43
	1625	40	45
	1626	37	44
	1627	36	42
	1628	35	42
	1629	39	44
	1630	37	44
	1631	39	43
	1632	35	43
	1633	37	44
	1634	36	46
	1635	39	45
	1636	38	43
	1637	37	46
	1638	34	46
	1639	36	47
	1640	35	44
	1641	40	45
	1642	33	43
	1643	38	43
	1644	37	44
	1645	39	43
	1646	45	42
	1647	40	44
	1648	34	43
	1649	40	47
	1650	39	44
	1651	34	42
	1652	36	42
	1653	37	44
	1654	39	44
	1655	41	43
	1656	35	40
	1657	38	44
	1658	34	44
	1659	37	44
	1660	35	43
	1661	37	44
	1662	38	44
	1663	40	42
	1664	40	43
	1665	35	45
	1666	38	44
	1667	38	43
	1668	36	41
	1669	36	43
	1670	34	45
	1671	36	41
	1672	35	45
	1673	39	43
	1674	34	41
	1675	37	45
	1676	37	41
	1677	34	42
	1678	33	42
	1679	36	41
	1680	36	43
	1681	38	44
	1682	34	42
	1683	34	43
	1684	35	45
	1685	34	39
	1686	35	44
	1687	37	46
	1688	33	42
	1689	35	43
	1690	33	43
	1691	32	42
	1692	28	44
	1693	33	44
	1694	30	43
	1695	29	46
	1696	28	40
	1697	28	42
	1698	27	42
	1699	28	41
	1700	29	40
	1701	29	43
	1702	27	40
	1703	29	44
	1704	26	44
	1705	29	41
	1706	26	41
	1707	25	38
	1708	26	44
	1709	26	43
	1710	25	41
	1711	24	42
	1712	22	39
	1713	23	40
	1714	25	38
	1715	30	41
	1716	22	40
	1717	23	42
	1718	24	43
	1719	25	41
	1720	26	38
	1721	26	42
	1722	26	41
	1723	26	45
	1724	24	41
	1725	25	40
	1726	29	40
	1727	27	43
	1728	28	40
	1729	24	39
	1730	23	39
	1731	23	41
	1732	23	40
	1733	24	44
	1734	25	43
	1735	22	41
	1736	23	43
	1737	25	40
	1738	25	45
	1739	26	41
	1740	27	38
	1741	23	40
	1742	24	41
	1743	26	41
	1744	24	41
	1745	24	39
	1746	24	40
	1747	24	43
	1748	27	43
	1749	25	44
	1750	21	39
	1751	26	42
	1752	22	41
	1753	27	40
	1754	23	40
	1755	24	39
	1756	23	44
	1757	26	40
	1758	25	44
	1759	26	43
	1760	26	41
	1761	24	40
	1762	26	43
	1763	25	41
	1764	23	41
	1765	24	40
	1766	22	39
	1767	24	43
	1768	21	41
	1769	24	42
	1770	20	42
	1771	24	39
	1772	23	41
	1773	23	44
	1774	25	39
	1775	24	41
	1776	23	40
	1777	26	40
	1778	24	41
	1779	23	42
	1780	24	42
	1781	24	43
	1782	24	38
	1783	22	42
	1784	20	39
	1785	23	40
	1786	22	42
	1787	24	41
	1788	23	43
	1789	25	41
	1790	23	42
	1791	23	38
	1792	22	43
	1793	22	43
	1794	21	40
	1795	20	43
	1796	19	41
	1797	23	42
	1798	23	39
	1799	23	43
	1800	23	43
	1801	21	46
	1802	22	39
	1803	24	43
	1804	24	39
	1805	23	42
	1806	22	43
	1807	25	36
	1808	20	39
	1809	22	41
	1810	23	40
	1811	22	34
	1812	20	40
	1813	24	41
	1814	23	37
	1815	22	41
	1816	20	40
	1817	22	42
	1818	21	39
	1819	23	41
	1820	24	40
	1821	20	42
	1822	21	40
	1823	23	42
	1824	21	43
	1825	22	39
	1826	22	40
	1827	20	42
	1828	23	41
	1829	21	42
	1830	20	43
	1831	22	43
	1832	22	43
	1833	23	40
	1834	22	41
	1835	24	41
	1836	21	39
	1837	25	40
	1838	23	40
	1839	22	40
	1840	23	39
	1841	21	42
	1842	21	41
	1843	21	41
	1844	21	41
	1845	22	41
	1846	23	42
	1847	23	41
	1848	22	40
	1849	20	43
	1850	19	41
	1851	21	39
	1852	22	44
	1853	23	39
	1854	24	41
	1855	21	41
	1856	22	42
	1857	24	41
	1858	20	41
	1859	25	44
	1860	20	39
	1861	24	43
	1862	25	41
	1863	22	40
	1864	20	40
	1865	20	40
	1866	20	40
	1867	22	42
	1868	20	41
	1869	21	43
	1870	19	43
	1871	25	41
	1872	26	39
	1873	23	40
	1874	22	36
	1875	23	39
	1876	22	39
	1877	21	40
	1878	21	43
	1879	23	43
	1880	25	42
	1881	22	41
	1882	20	38
	1883	23	40
	1884	23	41
	1885	21	42
	1886	21	39
	1887	22	43
	1888	24	40
	1889	21	41
	1890	23	41
	1891	21	41
	1892	22	41
	1893	26	42
	1894	20	42
	1895	23	40
	1896	22	39
	1897	21	43
	1898	25	42
	1899	24	41
	1900	24	43
	1901	24	39
	1902	23	40
	1903	22	42
	1904	25	41
	1905	23	40
	1906	22	41
	1907	28	43
	1908	22	39
	1909	23	41
	1910	24	40
	1911	24	41
	1912	22	39
	1913	23	40
	1914	21	40
	1915	22	39
	1916	25	38
	1917	24	40
	1918	24	41
	1919	22	41
	1920	23	40
	1921	22	47
	1922	23	38
	1923	23	42
	1924	21	41
	1925	23	39
	1926	22	44
	1927	24	41
	1928	20	39
	1929	20	41
	1930	21	40
	1931	23	38
	1932	24	41
	1933	19	41
	1934	21	40
	1935	21	41
	1936	21	39
	1937	24	41
	1938	19	39
	1939	21	43
	1940	22	41
	1941	20	41
	1942	17	40
	1943	23	41
	1944	22	39
	1945	22	40
	1946	21	41
	1947	25	42
	1948	22	40
	1949	23	39
	1950	21	42
	1951	21	39
	1952	22	38
	1953	22	41
	1954	23	39
	1955	21	42
	1956	23	41
	1957	23	44
	1958	20	40
	1959	22	36
	1960	20	41
	1961	22	44
	1962	21	40
	1963	22	43
	1964	19	40
	1965	20	34
	1966	21	41
	1967	23	40
	1968	22	40
	1969	21	41
	1970	21	40
	1971	23	39
	1972	22	38
	1973	21	42
	1974	22	42
	1975	24	41
	1976	19	40
	1977	23	39
	1978	21	42
	1979	21	40
	1980	22	41
	1981	20	41
	1982	23	42
	1983	24	40
	1984	21	41
	1985	21	41
	1986	20	40
	1987	23	42
	1988	24	41
	1989	19	42
	1990	22	44
	1991	24	38
	1992	23	38
	1993	22	42
	1994	21	41
	1995	24	42
	1996	22	42
	1997	22	37
	1998	23	38
	1999	21	39
	2000	18	39
	2001	19	39
	2002	21	39
	2003	21	39
	2004	22	43
	2005	24	41
	2006	19	39
	2007	21	40
	2008	22	38
	2009	22	39
	2010	20	39
	2011	20	42
	2012	19	42
	2013	21	42
	2014	18	41
	2015	22	39
	2016	21	44
	2017	20	41
	2018	20	41
	2019	23	40
	2020	19	38
	2021	21	41
	2022	21	43
	2023	20	40
	2024	21	42
	2025	21	40
	2026	21	43
	2027	20	43
	2028	22	38
	2029	22	41
	2030	21	40
	2031	21	44
	2032	19	38
	2033	20	42
	2034	19	39
	2035	21	40
	2036	20	42
	2037	20	41
	2038	20	40
	2039	24	41
	2040	18	38
	2041	18	40
	2042	19	39
	2043	20	39
	2044	19	42
	2045	19	40
	2046	19	41
	2047	21	39
	2048	19	41
	2049	22	41
	2050	20	40
	2051	21	43
	2052	19	40
	2053	21	40
	2054	20	39
	2055	22	43
	2056	20	41
	2057	18	40
	2058	20	40
	2059	19	42
	2060	19	39
	2061	22	39
	2062	20	40
	2063	19	41
	2064	19	40
	2065	18	41
	2066	20	42
	2067	22	40
	2068	19	40
	2069	22	42
	2070	20	43
	2071	21	43
	2072	19	41
	2073	20	39
	2074	18	39
	2075	19	42
	2076	22	41
	2077	20	39
	2078	19	41
	2079	20	41
	2080	18	39
	2081	19	42
	2082	20	41
	2083	21	40
	2084	15	40
	2085	19	41
	2086	18	40
	2087	22	42
	2088	21	38
	2089	19	38
	2090	18	40
	2091	20	42
	2092	22	38
	2093	20	39
	2094	21	37
	2095	20	39
	2096	17	42
	2097	19	40
	2098	18	42
	2099	18	38
	2100	19	41
	2101	21	43
	2102	17	38
	2103	21	39
	2104	20	39
	2105	24	41
	2106	21	42
	2107	20	41
	2108	21	38
	2109	20	40
	2110	20	40
	2111	19	38
	2112	19	42
	2113	22	43
	2114	21	38
	2115	19	41
	2116	18	42
	2117	21	39
	2118	17	41
	2119	18	41
	2120	20	38
	2121	20	41
	2122	19	42
	2123	23	43
	2124	20	41
	2125	18	40
	2126	22	40
	2127	21	40
	2128	19	42
	2129	18	41
	2130	20	40
	2131	22	40
	2132	18	39
	2133	21	41
	2134	18	43
	2135	19	40
	2136	20	40
	2137	18	40
	2138	20	41
	2139	23	43
	2140	22	42
	2141	21	41
	2142	21	38
	2143	19	40
	2144	17	41
	2145	22	42
	2146	17	40
	2147	21	43
	2148	21	40
	2149	17	38
	2150	18	43
	2151	20	40
	2152	18	43
	2153	21	39
	2154	20	41
	2155	21	43
	2156	20	38
	2157	19	39
	2158	18	38
	2159	21	39
	2160	18	39
	2161	22	40
	2162	20	40
	2163	20	41
	2164	21	38
	2165	21	41
	2166	21	38
	2167	21	39
	2168	16	43
	2169	18	40
	2170	17	56
	2171	20	41
	2172	18	39
	2173	19	41
	2174	19	38
	2175	22	38
	2176	19	38
	2177	22	39
	2178	19	39
	2179	22	41
	2180	21	39
	2181	23	40
	2182	18	41
	2183	22	40
	2184	20	43
	2185	18	41
	2186	20	36
	2187	22	41
	2188	21	40
	2189	19	43
	2190	21	39
	2191	19	41
	2192	19	40
	2193	18	42
	2194	19	44
	2195	21	38
	2196	19	39
	2197	18	39
	2198	20	40
	2199	20	40
	2200	19	39
	2201	21	40
	2202	20	36
	2203	21	38
	2204	19	39
	2205	25	38
	2206	20	40
	2207	22	41
	2208	18	37
	2209	18	40
	2210	17	38
	2211	20	38
	2212	20	38
	2213	20	43
	2214	19	39
	2215	19	40
	2216	18	38
	2217	22	41
	2218	19	42
	2219	19	41
	2220	22	38
	2221	19	42
	2222	19	40
	2223	21	36
	2224	18	40
	2225	21	39
	2226	21	39
	2227	20	41
	2228	16	38
	2229	23	40
	2230	19	38
	2231	23	39
	2232	19	42
	2233	21	41
	2234	19	38
	2235	20	40
	2236	19	39
	2237	20	37
	2238	19	41
	2239	20	41
	2240	18	41
	2241	21	40
	2242	21	38
	2243	22	43
	2244	20	40
	2245	20	39
	2246	21	42
	2247	21	45
	2248	20	38
	2249	21	39
	2250	22	38
	2251	21	41
	2252	19	41
	2253	22	39
	2254	20	41
	2255	22	40
	2256	20	39
	2257	21	40
	2258	19	38
	2259	23	39
	2260	19	40
	2261	19	41
	2262	18	39
	2263	18	40
	2264	19	40
	2265	20	43
	2266	22	39
	2267	21	39
	2268	19	39
	2269	19	39
	2270	16	40
	2271	21	39
	2272	19	40
	2273	22	40
	2274	20	39
	2275	21	40
	2276	19	40
	2277	19	44
	2278	21	39
	2279	20	42
	2280	19	39
	2281	19	39
	2282	19	40
	2283	20	43
	2284	21	41
	2285	20	39
	2286	20	40
	2287	21	39
	2288	19	40
	2289	18	42
	2290	19	39
	2291	20	38
	2292	18	40
	2293	22	40
	2294	20	40
	2295	20	41
	2296	18	39
	2297	21	42
	2298	22	43
	2299	19	41
	2300	19	37
	2301	17	41
	2302	19	39
	2303	20	41
	2304	19	42
	2305	21	39
	2306	19	41
	2307	21	41
	2308	18	39
	2309	20	42
	2310	19	40
	2311	21	39
	2312	19	40
	2313	20	39
	2314	21	40
	2315	21	41
	2316	19	38
	2317	21	41
	2318	21	39
	2319	19	40
	2320	18	36
	2321	22	40
	2322	19	40
	2323	22	41
	2324	19	43
	2325	21	38
	2326	20	38
	2327	18	41
	2328	18	41
	2329	22	42
	2330	19	38
	2331	19	39
	2332	21	37
	2333	21	40
	2334	21	37
	2335	20	40
	2336	20	40
	2337	21	40
	2338	19	39
	2339	19	44
	2340	17	39
	2341	17	39
	2342	20	37
	2343	22	41
	2344	19	42
	2345	20	39
	2346	18	41
	2347	18	38
	2348	20	38
	2349	21	42
	2350	19	39
	2351	21	38
	2352	19	40
	2353	18	41
	2354	20	39
	2355	21	39
	2356	19	40
	2357	22	39
	2358	18	38
	2359	20	40
	2360	19	37
	2361	20	40
	2362	19	39
	2363	20	43
	2364	17	40
	2365	20	38
	2366	20	39
	2367	20	43
	2368	18	39
	2369	20	41
	2370	19	41
	2371	21	38
	2372	19	42
	2373	20	40
	2374	20	40
	2375	22	41
	2376	18	39
	2377	18	41
	2378	21	38
	2379	19	37
	2380	20	39
	2381	16	39
	2382	21	41
	2383	21	41
	2384	20	39
	2385	21	39
	2386	17	40
	2387	20	42
	2388	21	39
	2389	22	40
	2390	21	37
	2391	20	40
	2392	20	38
	2393	21	38
	2394	20	39
	2395	23	40
	2396	20	38
	2397	20	42
	2398	20	42
	2399	23	41
	2400	18	41
	2401	22	38
	2402	20	39
	2403	27	40
	2404	23	39
	2405	19	41
	2406	20	38
	2407	21	43
	2408	20	41
	2409	20	41
	2410	20	40
	2411	22	40
	2412	19	41
	2413	18	41
	2414	18	39
	2415	24	40
	2416	18	40
	2417	20	39
	2418	19	43
	2419	21	40
	2420	19	39
	2421	21	40
	2422	21	40
	2423	19	39
	2424	18	38
	2425	21	41
	2426	18	40
	2427	23	41
	2428	19	38
	2429	21	41
	2430	19	40
	2431	21	41
	2432	18	40
	2433	21	40
	2434	18	42
	2435	20	41
	2436	20	39
	2437	16	40
	2438	19	41
	2439	20	42
	2440	19	38
	2441	19	39
	2442	20	39
	2443	24	40
	2444	20	40
	2445	20	39
	2446	22	37
	2447	20	41
	2448	19	39
	2449	22	40
	2450	16	40
	2451	19	38
	2452	20	38
	2453	22	40
	2454	19	39
	2455	18	39
	2456	20	39
	2457	18	39
	2458	19	39
	2459	21	43
	2460	18	37
	2461	21	41
	2462	23	38
	2463	21	39
	2464	17	43
	2465	21	41
	2466	20	38
	2467	20	41
	2468	18	37
	2469	19	41
	2470	17	44
	2471	20	41
	2472	20	39
	2473	18	41
	2474	23	39
	2475	20	41
	2476	17	40
	2477	20	40
	2478	17	40
	2479	19	40
	2480	19	39
	2481	22	40
	2482	18	39
	2483	19	40
	2484	19	39
	2485	20	41
	2486	20	36
	2487	21	39
	2488	20	41
	2489	17	40
	2490	18	41
	2491	17	41
	2492	21	38
	2493	19	38
	2494	18	38
	2495	19	40
	2496	19	40
	2497	18	39
	2498	15	38
	2499	19	41
	2500	19	38
	2501	20	41
	2502	23	42
	2503	20	41
	2504	18	41
	2505	20	39
	2506	20	39
	2507	19	41
	2508	21	39
	2509	19	40
	2510	17	39
	2511	19	41
	2512	17	40
	2513	22	42
	2514	18	35
	2515	17	39
	2516	21	40
	2517	20	41
	2518	20	39
	2519	21	40
	2520	19	38
	2521	20	39
	2522	18	40
	2523	18	40
	2524	20	41
	2525	18	41
	2526	18	41
	2527	22	39
	2528	21	40
	2529	22	38
	2530	17	39
	2531	19	39
	2532	20	40
	2533	21	44
	2534	21	39
	2535	21	40
	2536	20	41
	2537	23	39
	2538	20	38
	2539	20	40
	2540	22	39
	2541	20	43
	2542	19	39
	2543	17	40
	2544	19	39
	2545	22	38
	2546	20	38
	2547	18	41
	2548	18	38
	2549	16	37
	2550	17	40
	2551	19	41
	2552	23	39
	2553	23	41
	2554	20	39
	2555	19	41
	2556	20	38
	2557	20	38
	2558	19	40
	2559	19	43
	2560	18	40
	2561	22	40
	2562	20	40
	2563	21	39
	2564	20	38
	2565	18	38
	2566	19	39
	2567	21	50
	2568	20	39
	2569	19	40
	2570	19	38
	2571	19	41
	2572	21	37
	2573	19	38
	2574	21	37
	2575	21	41
	2576	16	41
	2577	22	39
	2578	20	37
	2579	19	39
	2580	21	37
	2581	22	41
	2582	20	39
	2583	20	39
	2584	19	38
	2585	19	40
	2586	20	37
	2587	20	44
	2588	18	39
	2589	22	40
	2590	18	38
	2591	22	41
	2592	20	40
	2593	21	41
	2594	21	40
	2595	21	39
	2596	21	44
	2597	21	41
	2598	17	40
	2599	19	41
	2600	21	40
	2601	19	38
	2602	21	39
	2603	21	40
	2604	19	39
	2605	20	40
	2606	20	38
	2607	19	40
	2608	16	42
	2609	20	39
	2610	17	42
	2611	20	36
	2612	20	42
	2613	22	38
	2614	18	41
	2615	21	41
	2616	18	40
	2617	20	43
	2618	20	39
	2619	20	40
	2620	20	39
	2621	22	43
	2622	19	38
	2623	21	37
	2624	18	39
	2625	19	43
	2626	26	37
	2627	18	39
	2628	21	40
	2629	18	41
	2630	22	39
	2631	20	41
	2632	22	39
	2633	20	41
	2634	21	37
	2635	20	40
	2636	19	39
	2637	19	40
	2638	18	39
	2639	20	39
	2640	18	36
	2641	21	42
	2642	21	38
	2643	20	40
	2644	18	38
	2645	20	43
	2646	18	39
	2647	20	39
	2648	17	40
	2649	16	38
	2650	18	41
	2651	21	40
	2652	21	40
	2653	22	40
	2654	20	40
	2655	21	41
	2656	19	41
	2657	21	39
	2658	22	41
	2659	20	41
	2660	20	38
	2661	17	41
	2662	21	42
	2663	19	41
	2664	18	39
	2665	17	41
	2666	19	40
	2667	20	41
	2668	17	40
	2669	21	39
	2670	21	41
	2671	20	42
	2672	17	40
	2673	23	42
	2674	18	40
	2675	18	39
	2676	18	39
	2677	19	42
	2678	19	37
	2679	18	41
	2680	20	38
	2681	20	41
	2682	18	40
	2683	21	38
	2684	20	43
	2685	19	41
	2686	20	36
	2687	20	39
	2688	18	39
	2689	20	40
	2690	19	40
	2691	21	42
	2692	21	39
	2693	19	40
	2694	20	39
	2695	18	41
	2696	20	38
	2697	21	39
	2698	19	40
	2699	22	41
	2700	17	39
	2701	17	40
	2702	17	39
	2703	21	40
	2704	20	38
	2705	17	40
	2706	19	38
	2707	21	39
	2708	20	38
	2709	20	40
	2710	19	40
	2711	22	43
	2712	22	39
	2713	19	40
	2714	20	38
	2715	18	40
	2716	18	40
	2717	23	42
	2718	19	41
	2719	20	42
	2720	19	38
	2721	26	42
	2722	20	40
	2723	22	39
	2724	21	40
	2725	18	41
	2726	25	40
	2727	20	41
	2728	17	41
	2729	20	40
	2730	21	39
	2731	23	40
	2732	17	39
	2733	20	40
	2734	20	38
	2735	20	39
	2736	19	40
	2737	20	39
	2738	22	37
	2739	20	40
	2740	17	38
	2741	19	42
	2742	23	40
	2743	24	40
	2744	19	37
	2745	22	39
	2746	21	39
	2747	21	40
	2748	19	38
	2749	19	40
	2750	21	39
	2751	22	40
	2752	18	37
	2753	20	39
	2754	21	38
	2755	19	41
	2756	21	40
	2757	19	41
	2758	21	38
	2759	19	40
	2760	21	39
	2761	20	40
	2762	21	40
	2763	20	37
	2764	21	40
	2765	20	40
	2766	19	36
	2767	19	40
	2768	20	38
	2769	20	39
	2770	20	42
	2771	22	38
	2772	16	39
	2773	19	41
	2774	20	38
	2775	20	40
	2776	20	40
	2777	21	39
	2778	19	38
	2779	19	40
	2780	17	39
	2781	20	44
	2782	18	42
	2783	24	38
	2784	19	41
	2785	23	42
	2786	21	42
	2787	22	42
	2788	19	40
	2789	19	38
	2790	21	39
	2791	18	42
	2792	21	38
	2793	18	39
	2794	18	39
	2795	22	39
	2796	20	39
	2797	21	38
	2798	19	40
	2799	21	39
	2800	18	39
	2801	21	44
	2802	18	44
	2803	19	38
	2804	19	40
	2805	20	38
	2806	19	40
	2807	18	40
	2808	20	39
	2809	23	40
	2810	18	38
	2811	19	40
	2812	19	40
	2813	22	40
	2814	21	41
	2815	21	39
	2816	18	40
	2817	20	42
	2818	21	40
	2819	20	43
	2820	22	39
	2821	21	41
	2822	20	39
	2823	21	41
	2824	19	38
	2825	21	39
	2826	22	38
	2827	20	40
	2828	21	39
	2829	21	37
	2830	20	39
	2831	24	39
	2832	17	39
	2833	19	40
	2834	19	39
	2835	21	41
	2836	21	39
	2837	18	42
	2838	18	38
	2839	17	40
	2840	21	38
	2841	20	40
	2842	18	41
	2843	19	39
	2844	17	38
	2845	20	40
	2846	19	40
	2847	20	39
	2848	23	39
	2849	18	43
	2850	19	43
	2851	19	40
	2852	18	38
	2853	21	41
	2854	19	39
	2855	21	40
	2856	17	40
	2857	18	40
	2858	20	39
	2859	23	42
	2860	19	39
	2861	24	41
	2862	18	39
	2863	20	40
	2864	19	38
	2865	21	41
	2866	21	39
	2867	20	41
	2868	21	39
	2869	21	42
	2870	22	38
	2871	18	40
	2872	19	38
	2873	17	40
	2874	19	37
	2875	20	41
	2876	17	41
	2877	21	40
	2878	18	41
	2879	18	40
	2880	17	39
	2881	19	41
	2882	19	39
	2883	22	43
	2884	22	40
	2885	22	39
	2886	20	37
	2887	18	41
	2888	21	39
	2889	43	37
	2890	18	40
	2891	20	40
	2892	15	40
	2893	21	40
	2894	19	39
	2895	20	41
	2896	19	41
	2897	19	38
	2898	18	42
	2899	21	41
	2900	20	39
	2901	20	42
	2902	19	41
	2903	18	40
	2904	21	42
	2905	19	40
	2906	17	37
	2907	20	39
	2908	18	40
	2909	20	41
	2910	18	40
	2911	19	45
	2912	20	40
	2913	21	43
	2914	20	43
	2915	20	40
	2916	22	43
	2917	18	38
	2918	19	39
	2919	22	40
	2920	22	39
	2921	21	39
	2922	20	41
	2923	19	39
	2924	22	39
	2925	21	41
	2926	20	39
	2927	23	40
	2928	21	38
	2929	18	40
	2930	20	42
	2931	18	39
	2932	19	39
	2933	22	40
	2934	18	40
	2935	19	40
	2936	20	40
	2937	20	39
	2938	20	40
	2939	20	41
	2940	18	37
	2941	22	39
	2942	19	40
	2943	20	41
	2944	22	42
	2945	20	42
	2946	22	37
	2947	21	41
	2948	20	41
	2949	20	41
	2950	20	39
	2951	20	42
	2952	20	39
	2953	22	39
	2954	17	41
	2955	22	39
	2956	17	41
	2957	21	40
	2958	21	39
	2959	19	41
	2960	22	42
	2961	19	41
	2962	19	40
	2963	20	39
	2964	19	41
	2965	21	38
	2966	19	38
	2967	22	39
	2968	20	39
	2969	20	40
	2970	20	39
	2971	22	41
	2972	20	39
	2973	18	40
	2974	18	43
	2975	19	43
	2976	21	41
	2977	22	42
	2978	19	41
	2979	19	44
	2980	25	39
	2981	21	42
	2982	19	37
	2983	21	39
	2984	20	38
	2985	22	42
	2986	21	42
	2987	21	40
	2988	16	40
	2989	19	39
	2990	18	42
	2991	18	38
	2992	21	40
	2993	21	39
	2994	20	40
	2995	20	38
	2996	17	39
	2997	20	39
	2998	23	40
	2999	19	40
	3000	18	38
	3001	20	41
	3002	18	39
	3003	20	37
	3004	19	40
	3005	20	39
	3006	20	41
	3007	19	40
	3008	19	41
	3009	20	39
	3010	19	40
	3011	20	41
	3012	19	37
	3013	19	43
	3014	23	41
	3015	19	39
	3016	20	37
	3017	22	43
	3018	19	39
	3019	22	40
	3020	19	40
	3021	19	41
	3022	17	41
	3023	22	38
	3024	21	39
	3025	21	40
	3026	19	38
	3027	21	42
	3028	18	40
	3029	17	38
	3030	19	37
	3031	20	43
	3032	19	37
	3033	21	41
	3034	17	39
	3035	21	40
	3036	19	39
	3037	22	40
	3038	20	40
	3039	18	40
	3040	17	39
	3041	18	41
	3042	20	42
	3043	22	40
	3044	20	39
	3045	21	40
	3046	19	40
	3047	20	40
	3048	20	41
	3049	23	40
	3050	23	38
	3051	20	40
	3052	19	37
	3053	22	41
	3054	19	41
	3055	19	41
	3056	20	39
	3057	21	41
	3058	20	39
	3059	21	42
	3060	20	39
	3061	21	38
	3062	18	39
	3063	21	40
	3064	18	40
	3065	20	41
	3066	19	39
	3067	20	39
	3068	16	39
	3069	20	40
	3070	19	41
	3071	21	42
	3072	20	40
	3073	21	39
	3074	20	41
	3075	18	40
	3076	19	44
	3077	18	42
	3078	19	43
	3079	20	41
	3080	18	41
	3081	21	39
	3082	19	39
	3083	23	42
	3084	19	42
	3085	23	40
	3086	17	39
	3087	20	40
	3088	18	40
	3089	21	42
	3090	22	43
	3091	22	39
	3092	20	41
	3093	21	40
	3094	23	39
	3095	19	41
	3096	19	39
	3097	22	41
	3098	17	42
	3099	19	42
	3100	17	39
	3101	18	38
	3102	18	42
	3103	21	41
	3104	17	41
	3105	21	42
	3106	19	38
	3107	20	39
	3108	19	41
	3109	22	39
	3110	19	39
	3111	22	44
	3112	20	42
	3113	21	42
	3114	19	40
	3115	20	39
	3116	21	38
	3117	20	40
	3118	20	42
	3119	19	43
	3120	20	41
	3121	18	40
	3122	22	37
	3123	21	43
	3124	18	38
	3125	19	42
	3126	20	39
	3127	19	41
	3128	19	42
	3129	19	39
	3130	19	43
	3131	22	41
	3132	22	40
	3133	20	40
	3134	19	42
	3135	18	39
	3136	20	40
	3137	19	41
	3138	20	40
	3139	20	41
	3140	18	40
	3141	18	40
	3142	19	39
	3143	21	39
	3144	20	43
	3145	19	40
	3146	22	40
	3147	19	40
	3148	20	42
	3149	22	40
	3150	20	37
	3151	21	41
	3152	20	38
	3153	21	42
	3154	19	39
	3155	20	38
	3156	17	39
	3157	20	42
	3158	17	38
	3159	19	40
	3160	18	38
	3161	21	39
	3162	20	41
	3163	19	39
	3164	19	41
	3165	19	42
	3166	20	43
	3167	24	40
	3168	20	43
	3169	21	38
	3170	21	37
	3171	21	40
	3172	21	40
	3173	21	44
	3174	18	40
	3175	20	40
	3176	18	39
	3177	19	41
	3178	19	38
	3179	20	41
	3180	18	41
	3181	20	39
	3182	20	41
	3183	20	38
	3184	21	40
	3185	25	39
	3186	17	39
	3187	19	40
	3188	17	39
	3189	21	40
	3190	19	40
	3191	19	42
	3192	18	42
	3193	20	40
	3194	20	38
	3195	22	43
	3196	19	39
	3197	19	39
	3198	21	40
	3199	20	43
	3200	21	38
	3201	20	40
	3202	20	43
	3203	21	40
	3204	21	38
	3205	17	40
	3206	20	39
	3207	21	38
	3208	19	40
	3209	20	40
	3210	18	38
	3211	21	42
	3212	21	37
	3213	21	39
	3214	19	37
	3215	22	40
	3216	19	41
	3217	19	42
	3218	22	41
	3219	21	41
	3220	22	42
	3221	21	42
	3222	19	39
	3223	25	48
	3224	18	37
	3225	19	41
	3226	19	39
	3227	21	43
	3228	20	39
	3229	22	43
	3230	21	38
	3231	19	40
	3232	18	41
	3233	20	43
	3234	19	38
	3235	19	39
	3236	18	41
	3237	21	42
	3238	18	38
	3239	21	41
	3240	22	38
	3241	20	41
	3242	20	41
	3243	20	44
	3244	20	40
	3245	21	44
	3246	20	41
	3247	20	37
	3248	19	39
	3249	21	40
	3250	19	43
	3251	19	43
	3252	19	40
	3253	19	40
	3254	19	39
	3255	21	37
	3256	18	40
	3257	20	42
	3258	20	44
	3259	20	40
	3260	20	39
	3261	21	40
	3262	23	39
	3263	18	40
	3264	18	38
	3265	21	41
	3266	17	40
	3267	22	41
	3268	18	40
	3269	20	41
	3270	19	42
	3271	21	39
	3272	19	41
	3273	20	38
	3274	19	40
	3275	20	39
	3276	20	43
	3277	19	39
	3278	20	39
	3279	19	41
	3280	20	40
	3281	21	41
	3282	20	40
	3283	21	41
	3284	20	41
	3285	25	41
	3286	22	41
	3287	19	44
	3288	20	40
	3289	18	38
	3290	18	38
	3291	22	41
	3292	19	41
	3293	19	42
	3294	22	42
	3295	20	39
	3296	19	39
	3297	18	40
	3298	19	39
	3299	23	40
	3300	20	41
	3301	19	40
	3302	17	39
	3303	19	40
	3304	19	37
	3305	21	36
	3306	17	39
	3307	20	41
	3308	18	42
	3309	16	39
	3310	22	40
	3311	18	39
	3312	20	40
	3313	22	43
	3314	17	38
	3315	20	38
	3316	17	41
	3317	20	42
	3318	20	41
	3319	22	40
	3320	20	41
	3321	23	41
	3322	22	40
	3323	21	43
	3324	19	38
	3325	18	39
	3326	21	41
	3327	19	41
	3328	18	40
	3329	15	40
	3330	19	39
	3331	20	42
	3332	20	40
	3333	20	42
	3334	20	41
	3335	18	41
	3336	16	39
	3337	19	42
	3338	20	36
	3339	19	39
	3340	19	43
	3341	18	41
	3342	20	39
	3343	19	39
	3344	17	38
	3345	21	41
	3346	18	42
	3347	21	41
	3348	19	40
	3349	19	38
	3350	15	39
	3351	20	42
	3352	22	41
	3353	18	39
	3354	21	38
	3355	21	38
	3356	19	41
	3357	19	41
	3358	21	43
	3359	21	39
	3360	20	41
	3361	20	41
	3362	20	43
	3363	21	41
	3364	18	40
	3365	18	40
	3366	22	40
	3367	23	40
	3368	17	40
	3369	22	41
	3370	16	39
	3371	23	42
	3372	21	37
	3373	19	41
	3374	20	41
	3375	21	40
	3376	19	40
	3377	21	39
	3378	20	38
	3379	21	40
	3380	19	37
	3381	21	37
	3382	20	39
	3383	18	42
	3384	19	39
	3385	20	42
	3386	18	42
	3387	20	42
	3388	19	43
	3389	18	43
	3390	21	41
	3391	22	40
	3392	21	40
	3393	19	40
	3394	20	38
	3395	22	38
	3396	20	38
	3397	20	39
	3398	17	41
	3399	22	40
	3400	19	39
	3401	22	38
	3402	22	37
	3403	20	40
	3404	21	43
	3405	21	42
	3406	18	39
	3407	20	40
	3408	20	38
	3409	18	44
	3410	20	40
	3411	18	42
	3412	18	40
	3413	20	38
	3414	16	43
	3415	20	38
	3416	20	41
	3417	20	41
	3418	22	38
	3419	20	41
	3420	17	39
	3421	20	41
	3422	21	40
	3423	20	40
	3424	19	40
	3425	19	40
	3426	19	40
	3427	23	40
	3428	16	36
	3429	22	38
	3430	19	40
	3431	22	40
	3432	21	40
	3433	20	40
	3434	21	37
	3435	21	39
	3436	20	39
	3437	20	43
	3438	21	40
	3439	20	41
	3440	17	39
	3441	23	39
	3442	22	40
	3443	18	41
	3444	20	38
	3445	19	40
	3446	22	40
	3447	21	38
	3448	15	39
	3449	19	42
	3450	21	41
	3451	22	39
	3452	20	40
	3453	18	39
	3454	19	42
	3455	22	41
	3456	21	40
	3457	20	38
	3458	20	42
	3459	19	40
	3460	18	38
	3461	18	42
	3462	19	39
	3463	22	42
	3464	19	39
	3465	19	40
	3466	19	41
	3467	20	41
	3468	19	39
	3469	20	41
	3470	20	39
	3471	21	40
	3472	21	46
	3473	20	40
	3474	21	40
	3475	21	40
	3476	20	37
	3477	20	39
	3478	19	42
	3479	21	41
	3480	18	38
	3481	21	40
	3482	18	41
	3483	18	41
	3484	19	41
	3485	18	41
	3486	18	42
	3487	18	42
	3488	19	41
	3489	21	39
	3490	19	40
	3491	21	41
	3492	18	39
	3493	19	38
	3494	18	38
	3495	19	41
	3496	21	39
	3497	21	38
	3498	20	36
	3499	22	39
	3500	19	43
	3501	20	41
	3502	20	43
	3503	21	43
	3504	18	40
	3505	22	40
	3506	18	38
	3507	23	39
	3508	18	38
	3509	19	41
	3510	21	35
	3511	21	41
	3512	17	40
	3513	19	43
	3514	21	40
	3515	22	41
	3516	22	39
	3517	20	40
	3518	19	39
	3519	17	42
	3520	16	39
	3521	18	40
	3522	17	40
	3523	23	40
	3524	18	39
	3525	19	40
	3526	19	38
	3527	21	41
	3528	21	40
	3529	20	42
	3530	21	41
	3531	18	40
	3532	18	38
	3533	19	42
	3534	19	40
	3535	19	40
	3536	17	39
	3537	19	43
	3538	17	39
	3539	21	43
	3540	19	44
	3541	22	39
	3542	20	39
	3543	19	40
	3544	19	38
	3545	19	41
	3546	22	42
	3547	22	39
	3548	20	41
	3549	20	41
	3550	27	45
	3551	17	42
	3552	21	40
	3553	19	39
	3554	15	38
	3555	23	43
	3556	20	42
	3557	20	38
	3558	18	39
	3559	19	40
	3560	18	41
	3561	22	39
	3562	19	40
	3563	21	40
	3564	20	41
	3565	17	43
	3566	19	37
	3567	20	40
	3568	18	40
	3569	21	42
	3570	18	40
	3571	22	39
	3572	18	39
	3573	19	41
	3574	20	37
	3575	20	40
	3576	18	37
	3577	19	42
	3578	20	40
	3579	17	43
	3580	20	38
	3581	22	41
	3582	21	40
	3583	26	40
	3584	21	39
	3585	18	44
	3586	21	41
	3587	21	40
	3588	19	36
	3589	21	40
	3590	21	38
	3591	19	42
	3592	18	41
	3593	21	40
	3594	20	40
	3595	20	40
	3596	18	39
	3597	21	40
	3598	18	37
	3599	18	44
	3600	21	41
	3601	21	37
	3602	20	40
	3603	20	41
	3604	20	40
	3605	19	39
	3606	19	39
	3607	22	40
	3608	20	40
	3609	20	40
	3610	16	38
	3611	19	40
	3612	18	36
	3613	20	41
	3614	21	43
	3615	19	39
	3616	18	40
	3617	17	39
	3618	17	39
	3619	20	42
	3620	18	39
	3621	19	39
	3622	21	37
	3623	22	40
	3624	17	39
	3625	22	40
	3626	18	40
	3627	20	41
	3628	20	39
	3629	21	37
	3630	19	40
	3631	19	40
	3632	19	40
	3633	19	40
	3634	20	38
	3635	21	42
	3636	19	38
	3637	20	41
	3638	18	37
	3639	22	41
	3640	18	42
	3641	22	40
	3642	20	41
	3643	18	43
	3644	20	40
	3645	21	41
	3646	19	40
	3647	20	37
	3648	18	44
	3649	20	40
	3650	18	40
	3651	20	40
	3652	16	41
	3653	21	38
	3654	16	39
	3655	20	41
	3656	17	39
	3657	21	41
	3658	19	39
	3659	19	41
	3660	19	41
	3661	19	40
	3662	20	40
	3663	21	42
	3664	21	42
	3665	19	42
	3666	17	38
	3667	21	40
	3668	20	39
	3669	21	41
	3670	19	41
	3671	19	39
	3672	19	42
	3673	20	41
	3674	22	41
	3675	21	42
	3676	21	39
	3677	19	39
	3678	18	43
	3679	22	42
	3680	19	40
	3681	20	41
	3682	21	40
	3683	19	40
	3684	19	40
	3685	21	40
	3686	18	40
	3687	20	36
	3688	17	36
	3689	19	39
	3690	19	40
	3691	20	41
	3692	22	39
	3693	18	40
	3694	17	42
	3695	23	43
	3696	19	40
	3697	23	41
	3698	21	38
	3699	22	40
	3700	22	42
	3701	22	39
	3702	17	42
	3703	19	41
	3704	19	39
	3705	21	42
	3706	20	40
	3707	20	39
	3708	20	40
	3709	19	42
	3710	20	42
	3711	19	44
	3712	17	40
	3713	21	38
	3714	18	40
	3715	19	39
	3716	14	38
	3717	19	39
	3718	19	41
	3719	20	39
	3720	22	42
	3721	19	39
	3722	18	38
	3723	22	39
