	0	182	369
	1	188	389
	2	192	367
	3	189	383
	4	180	381
	5	184	382
	6	184	381
	7	189	379
	8	178	374
	9	187	377
	10	173	383
	11	188	374
	12	182	368
	13	188	375
	14	185	364
	15	181	383
	16	176	380
	17	184	388
	18	177	369
	19	183	378
	20	173	382
	21	189	382
	22	178	378
	23	189	382
	24	177	381
	25	192	373
	26	210	410
	27	211	410
	28	201	400
	29	206	419
	30	205	411
	31	209	424
	32	211	399
	33	211	419
	34	211	395
	35	216	399
	36	207	396
	37	222	416
	38	205	404
	39	211	410
	40	204	415
	41	210	415
	42	212	399
	43	208	427
	44	210	415
	45	216	408
	46	206	402
	47	199	411
	48	216	393
	49	218	411
	50	197	398
	51	212	423
	52	203	417
	53	214	414
	54	217	404
	55	218	417
	56	212	418
	57	213	410
	58	213	419
	59	225	420
	60	229	415
	61	225	415
	62	227	419
	63	218	419
	64	218	433
	65	228	415
	66	221	407
	67	225	419
	68	212	424
	69	233	427
	70	204	417
	71	221	431
	72	215	424
	73	229	421
	74	212	420
	75	237	441
	76	217	433
	77	237	412
	78	219	414
	79	234	426
	80	217	420
	81	235	422
	82	213	422
	83	221	453
	84	220	422
	85	218	416
	86	231	423
	87	231	441
	88	214	416
	89	214	424
	90	218	411
	91	237	415
	92	212	409
	93	218	426
	94	215	430
	95	226	413
	96	211	495
	97	219	426
	98	221	426
	99	226	431
	100	225	425
	101	232	421
	102	222	412
	103	216	423
	104	236	422
	105	232	422
	106	226	431
	107	231	425
	108	213	407
	109	244	448
	110	211	423
	111	241	426
	112	238	422
	113	237	425
	114	218	416
	115	233	437
	116	211	407
	117	251	420
	118	234	431
	119	231	433
	120	222	417
	121	228	433
	122	211	411
	123	230	449
	124	235	425
	125	223	435
	126	236	423
	127	233	410
	128	226	398
	129	215	437
	130	196	423
	131	227	429
	132	222	420
	133	221	417
	134	235	417
	135	248	435
	136	288	411
	137	241	430
	138	227	443
	139	239	423
	140	216	414
	141	287	430
	142	237	423
	143	239	418
	144	223	418
	145	221	425
	146	241	417
	147	232	437
	148	238	451
	149	228	434
	150	226	432
	151	247	419
	152	233	409
	153	243	430
	154	231	427
	155	233	433
	156	227	425
	157	238	432
	158	232	421
	159	241	427
	160	233	436
	161	224	432
	162	223	439
	163	248	432
	164	227	420
	165	229	444
	166	255	425
	167	236	447
	168	215	420
	169	245	436
	170	244	434
	171	228	433
	172	233	431
	173	243	428
	174	245	428
	175	237	442
	176	218	416
	177	230	420
	178	245	439
	179	223	435
	180	236	418
	181	238	436
	182	226	430
	183	236	424
	184	230	429
	185	235	426
	186	224	431
	187	244	442
	188	227	431
	189	250	415
	190	244	424
	191	234	435
	192	221	424
	193	245	437
	194	216	423
	195	231	426
	196	232	426
	197	248	418
	198	232	413
	199	249	446
	200	230	426
	201	240	436
	202	237	423
	203	245	431
	204	227	426
	205	256	421
	206	229	421
	207	237	425
	208	231	423
	209	264	421
	210	235	457
	211	241	434
	212	221	427
	213	250	437
	214	219	423
	215	233	444
	216	249	414
	217	237	447
	218	236	443
	219	239	512
	220	231	427
	221	228	436
	222	227	428
	223	270	421
	224	229	436
	225	236	435
	226	230	428
	227	230	433
	228	224	435
	229	244	418
	230	236	431
	231	246	438
	232	224	436
	233	242	425
	234	240	421
	235	232	432
	236	235	426
	237	244	420
	238	234	419
	239	240	432
	240	225	421
	241	235	450
	242	224	430
	243	243	430
	244	237	425
	245	233	442
	246	224	439
	247	226	439
	248	230	430
	249	232	440
	250	239	419
	251	254	447
	252	220	422
	253	230	429
	254	225	419
	255	249	457
	256	213	419
	257	249	434
	258	233	448
	259	239	450
	260	244	414
	261	234	438
	262	226	436
	263	226	447
	264	217	423
	265	226	445
	266	226	431
	267	230	435
	268	225	418
	269	238	443
	270	217	417
	271	230	416
	272	224	420
	273	226	433
	274	228	430
	275	247	443
	276	220	421
	277	242	426
	278	227	421
	279	225	432
	280	215	420
	281	219	429
	282	220	424
	283	235	422
	284	226	417
	285	232	429
	286	222	427
	287	233	425
	288	220	425
	289	217	425
	290	261	420
	291	222	416
	292	219	435
	293	209	419
	294	216	444
	295	229	431
	296	232	437
	297	228	438
	298	290	429
	299	225	430
	300	218	424
	301	247	428
	302	217	427
	303	248	431
	304	219	425
	305	230	435
	306	216	416
	307	238	437
	308	222	437
	309	239	440
	310	225	426
	311	235	432
	312	219	425
	313	205	432
	314	208	421
	315	232	425
	316	229	427
	317	230	427
	318	236	424
	319	221	436
	320	231	415
	321	226	454
	322	231	443
	323	224	430
	324	232	413
	325	235	420
	326	214	420
	327	228	433
	328	220	426
	329	222	435
	330	222	430
	331	242	437
	332	243	415
	333	236	460
	334	234	422
	335	228	429
	336	224	421
	337	228	447
	338	220	424
	339	251	455
	340	215	412
	341	222	432
	342	225	412
	343	242	443
	344	227	416
	345	235	436
	346	232	433
	347	225	413
	348	211	419
	349	243	417
	350	221	426
	351	229	445
	352	218	418
	353	228	449
	354	213	423
	355	230	425
	356	224	430
	357	218	429
	358	230	420
	359	226	435
	360	225	407
	361	215	441
	362	237	431
	363	251	429
	364	224	421
	365	230	436
	366	226	438
	367	230	439
	368	220	435
	369	233	431
	370	237	439
	371	246	427
	372	216	417
	373	238	425
	374	228	422
	375	232	424
	376	228	407
	377	246	415
	378	236	423
	379	241	425
	380	220	414
	381	226	419
	382	221	424
	383	240	442
	384	223	442
	385	236	424
	386	228	410
	387	231	430
	388	221	416
	389	248	421
	390	219	424
	391	242	434
	392	223	420
	393	232	437
	394	229	426
	395	239	438
	396	226	426
	397	234	438
	398	223	438
	399	224	477
	400	224	427
	401	233	434
	402	232	425
	403	234	432
	404	227	439
	405	253	427
	406	228	423
	407	236	438
	408	225	420
	409	230	428
	410	234	442
	411	237	444
	412	235	419
	413	227	439
	414	233	438
	415	240	431
	416	226	408
	417	234	438
	418	247	432
	419	241	428
	420	229	429
	421	225	437
	422	242	426
	423	239	435
	424	248	431
	425	236	446
	426	231	437
	427	213	450
	428	221	428
	429	228	442
	430	225	428
	431	237	463
	432	223	432
	433	245	444
	434	230	432
	435	238	451
	436	232	424
	437	239	428
	438	236	426
	439	238	441
	440	242	435
	441	235	461
	442	239	430
	443	233	436
	444	233	417
	445	237	444
	446	224	421
	447	248	437
	448	225	422
	449	253	425
	450	235	430
	451	257	431
	452	310	417
	453	245	441
	454	246	425
	455	235	433
	456	248	439
	457	236	430
	458	227	433
	459	237	444
	460	225	441
	461	244	440
	462	224	428
	463	246	446
	464	232	431
	465	238	456
	466	247	441
	467	245	435
	468	238	438
	469	250	433
	470	230	425
	471	248	457
	472	237	434
	473	245	443
	474	260	442
	475	250	427
	476	239	452
	477	239	448
	478	246	442
	479	253	442
	480	240	438
	481	241	433
	482	234	444
	483	250	437
	484	234	430
	485	247	448
	486	243	433
	487	242	448
	488	242	443
	489	246	441
	490	262	440
	491	254	449
	492	242	433
	493	251	446
	494	237	434
	495	249	432
	496	247	425
	497	264	437
	498	224	423
	499	242	430
	500	238	422
	501	272	442
	502	244	432
	503	244	437
	504	245	429
	505	239	431
	506	255	434
	507	255	467
	508	234	421
	509	252	439
	510	242	447
	511	254	447
	512	255	442
	513	247	446
	514	247	432
	515	242	440
	516	239	460
	517	259	462
	518	244	441
	519	257	449
	520	238	439
	521	250	459
	522	241	446
	523	247	451
	524	243	434
	525	251	448
	526	244	441
	527	256	470
	528	250	443
	529	259	449
	530	256	443
	531	243	475
	532	242	454
	533	263	448
	534	243	437
	535	252	454
	536	241	456
	537	264	444
	538	239	444
	539	257	451
	540	257	439
	541	258	452
	542	241	440
	543	256	466
	544	259	442
	545	252	458
	546	247	446
	547	279	449
	548	278	453
	549	260	457
	550	263	445
	551	253	457
	552	257	448
	553	264	452
	554	252	452
	555	263	450
	556	253	458
	557	262	509
	558	263	443
	559	261	469
	560	260	452
	561	278	449
	562	273	452
	563	269	449
	564	253	437
	565	262	462
	566	272	461
	567	270	469
	568	267	458
	569	262	462
	570	258	464
	571	278	476
	572	257	442
	573	263	448
	574	242	451
	575	250	451
	576	267	447
	577	266	482
	578	246	443
	579	264	469
	580	275	452
	581	269	460
	582	262	459
	583	269	477
	584	260	458
	585	263	470
	586	275	467
	587	286	474
	588	271	454
	589	273	459
	590	262	465
	591	277	472
	592	274	457
	593	273	468
	594	277	458
	595	277	462
	596	266	460
	597	274	462
	598	275	465
	599	290	479
	600	274	447
	601	284	467
	602	277	463
	603	276	485
	604	268	473
	605	276	477
	606	283	455
	607	278	474
	608	265	469
	609	287	469
	610	281	458
	611	276	477
	612	264	477
	613	285	466
	614	285	465
	615	292	474
	616	272	482
	617	290	495
	618	282	461
	619	282	496
	620	278	458
	621	287	457
	622	280	483
	623	294	475
	624	276	467
	625	282	485
	626	291	481
	627	300	482
	628	296	481
	629	297	479
	630	286	479
	631	305	478
	632	282	471
	633	295	484
	634	287	483
	635	299	496
	636	291	486
	637	302	485
	638	293	499
	639	294	497
	640	292	490
	641	282	473
	642	291	481
	643	306	482
	644	301	476
	645	284	485
	646	290	482
	647	308	483
	648	302	471
	649	299	497
	650	296	474
	651	326	484
	652	292	482
	653	296	497
	654	279	491
	655	290	492
	656	288	487
	657	317	487
	658	303	478
	659	294	493
	660	308	495
	661	315	494
	662	288	491
	663	299	493
	664	301	479
	665	321	498
	666	311	490
	667	313	494
	668	291	500
	669	292	496
	670	302	490
	671	298	508
	672	305	494
	673	334	505
	674	305	518
	675	317	501
	676	308	507
	677	312	511
	678	298	490
	679	315	508
	680	313	498
	681	318	512
	682	307	499
	683	310	525
	684	318	489
	685	314	507
	686	301	499
	687	324	509
	688	318	480
	689	310	507
	690	323	506
	691	311	507
	692	312	494
	693	322	497
	694	308	518
	695	314	504
	696	300	494
	697	312	515
	698	321	501
	699	335	504
	700	319	512
	701	329	508
	702	309	494
	703	323	507
	704	314	501
	705	315	502
	706	315	508
	707	333	508
	708	394	489
	709	334	505
	710	322	507
	711	336	519
	712	319	506
	713	318	509
	714	317	512
	715	315	528
	716	327	526
	717	314	515
	718	315	515
	719	327	508
	720	337	506
	721	330	508
	722	330	501
	723	322	525
	724	320	511
	725	330	511
	726	339	511
	727	323	509
	728	315	503
	729	342	518
	730	324	505
	731	318	526
	732	320	497
	733	330	514
	734	317	508
	735	332	520
	736	327	505
	737	330	518
	738	332	520
	739	328	540
	740	312	522
	741	317	525
	742	316	513
	743	317	536
	744	311	529
	745	327	515
	746	323	535
	747	340	516
	748	329	516
	749	332	522
	750	305	511
	751	328	527
	752	333	503
	753	320	514
	754	317	506
	755	325	508
	756	317	497
	757	310	519
	758	321	518
	759	339	532
	760	311	509
	761	324	505
	762	318	518
	763	330	529
	764	304	502
	765	312	521
	766	319	513
	767	330	513
	768	315	512
	769	328	504
	770	301	501
	771	332	513
	772	335	506
	773	341	511
	774	312	501
	775	343	503
	776	393	498
	777	321	525
	778	312	508
	779	316	511
	780	316	516
	781	327	508
	782	317	507
	783	316	515
	784	311	495
	785	340	506
	786	320	527
	787	320	516
	788	313	497
	789	324	517
	790	320	508
	791	343	522
	792	311	490
	793	319	508
	794	305	505
	795	310	507
	796	315	488
	797	306	526
	798	297	497
	799	337	502
	800	315	497
	801	318	510
	802	298	507
	803	302	581
	804	307	492
	805	336	498
	806	307	513
	807	321	509
	808	301	541
	809	321	500
	810	308	486
	811	322	509
	812	302	508
	813	302	500
	814	295	499
	815	302	496
	816	306	489
	817	303	493
	818	297	489
	819	328	484
	820	309	485
	821	292	496
	822	302	479
	823	299	511
	824	285	504
	825	302	495
	826	294	495
	827	303	490
	828	300	499
	829	289	505
	830	288	484
	831	305	493
	832	303	483
	833	299	485
	834	302	490
	835	285	495
	836	293	494
	837	310	479
	838	293	478
	839	293	481
	840	287	473
	841	287	505
	842	291	485
	843	277	493
	844	290	470
	845	289	475
	846	286	476
	847	298	497
	848	286	461
	849	295	487
	850	274	471
	851	288	492
	852	264	479
	853	278	488
	854	289	481
	855	284	484
	856	267	471
	857	288	485
	858	287	482
	859	288	466
	860	280	477
	861	278	482
	862	286	475
	863	276	479
	864	270	491
	865	279	479
	866	284	483
	867	276	493
	868	281	483
	869	280	499
	870	257	476
	871	283	492
	872	263	475
	873	267	488
	874	271	471
	875	272	487
	876	276	479
	877	283	479
	878	269	469
	879	297	475
	880	270	470
	881	278	472
	882	265	462
	883	263	482
	884	272	455
	885	280	465
	886	255	458
	887	287	473
	888	269	461
	889	265	474
	890	271	484
	891	275	488
	892	271	466
	893	278	494
	894	262	470
	895	280	472
	896	251	511
	897	280	465
	898	262	469
	899	272	468
	900	258	480
	901	273	456
	902	273	469
	903	269	452
	904	251	451
	905	268	473
	906	264	450
	907	268	452
	908	262	449
	909	265	456
	910	250	446
	911	266	440
	912	260	449
	913	253	457
	914	256	458
	915	260	460
	916	236	467
	917	254	457
	918	262	454
	919	282	458
	920	256	444
	921	272	459
	922	264	445
	923	269	476
	924	254	441
	925	265	463
	926	264	445
	927	268	460
	928	246	460
	929	270	458
	930	258	455
	931	265	479
	932	244	453
	933	268	454
	934	248	450
	935	259	450
	936	266	442
	937	270	456
	938	246	452
	939	255	461
	940	262	437
	941	256	468
	942	253	443
	943	244	452
	944	262	432
	945	265	459
	946	246	446
	947	261	450
	948	255	443
	949	265	441
	950	249	532
	951	251	445
	952	251	459
	953	250	461
	954	247	433
	955	263	444
	956	243	450
	957	257	461
	958	237	451
	959	254	448
	960	232	439
	961	249	447
	962	252	448
	963	248	446
	964	237	446
	965	246	435
	966	230	448
	967	247	440
	968	245	443
	969	254	443
	970	260	450
	971	249	436
	972	235	459
	973	246	452
	974	243	441
	975	241	448
	976	248	452
	977	238	440
	978	244	436
	979	250	438
	980	241	449
	981	247	448
	982	242	435
	983	262	454
	984	241	443
	985	244	452
	986	236	441
	987	245	443
	988	250	440
	989	262	447
	990	237	446
	991	244	435
	992	229	436
	993	234	462
	994	231	427
	995	242	438
	996	225	448
	997	263	440
	998	244	433
	999	232	443
	1000	256	438
	1001	241	442
	1002	242	446
	1003	245	440
	1004	244	436
	1005	251	429
	1006	241	431
	1007	240	433
	1008	213	437
	1009	234	440
	1010	245	424
	1011	236	433
	1012	225	433
	1013	225	444
	1014	234	430
	1015	246	444
	1016	236	445
	1017	234	430
	1018	231	433
	1019	242	425
	1020	229	440
	1021	245	434
	1022	231	438
	1023	245	430
	1024	232	421
	1025	244	434
	1026	226	443
	1027	243	426
	1028	236	423
	1029	239	418
	1030	225	407
	1031	234	442
	1032	223	426
	1033	247	422
	1034	210	417
	1035	235	424
	1036	225	416
	1037	235	443
	1038	230	426
	1039	225	421
	1040	219	432
	1041	225	420
	1042	219	423
	1043	240	415
	1044	227	483
	1045	241	435
	1046	220	427
	1047	220	447
	1048	229	445
	1049	236	423
	1050	213	428
	1051	234	430
	1052	227	420
	1053	229	420
	1054	226	430
	1055	232	494
	1056	213	433
	1057	238	418
	1058	234	423
	1059	239	451
	1060	223	424
	1061	229	437
	1062	214	419
	1063	242	419
	1064	228	432
	1065	224	431
	1066	234	419
	1067	246	429
	1068	230	419
	1069	243	423
	1070	221	422
	1071	241	427
	1072	216	421
	1073	222	416
	1074	218	413
	1075	237	423
	1076	232	423
	1077	303	435
	1078	231	423
	1079	243	430
	1080	225	433
	1081	237	413
	1082	232	430
	1083	245	423
	1084	233	416
	1085	233	417
	1086	211	438
	1087	233	424
	1088	237	418
	1089	232	415
	1090	214	417
	1091	228	427
	1092	215	408
	1093	225	427
	1094	215	417
	1095	228	424
	1096	230	432
	1097	231	430
	1098	226	425
	1099	232	425
	1100	234	425
	1101	231	439
	1102	213	404
	1103	240	426
	1104	216	420
	1105	230	425
	1106	225	420
	1107	226	429
	1108	226	429
	1109	234	443
	1110	225	472
	1111	229	435
	1112	232	414
	1113	246	415
	1114	237	424
	1115	223	420
	1116	237	416
	1117	231	427
	1118	218	437
	1119	248	418
	1120	227	427
	1121	234	434
	1122	216	426
	1123	232	425
	1124	227	417
	1125	227	410
	1126	226	430
	1127	225	427
	1128	217	413
	1129	221	415
	1130	227	441
	1131	229	430
	1132	233	421
	1133	233	426
	1134	216	421
	1135	229	421
	1136	215	472
	1137	227	419
	1138	225	414
	1139	230	435
	1140	242	410
	1141	239	417
	1142	223	415
	1143	226	418
	1144	217	429
	1145	216	412
	1146	213	420
	1147	254	433
	1148	225	422
	1149	227	425
	1150	234	428
	1151	243	435
	1152	213	418
	1153	212	433
	1154	234	413
	1155	241	415
	1156	216	419
	1157	239	418
	1158	217	419
	1159	228	423
	1160	211	415
	1161	241	433
	1162	231	406
	1163	233	452
	1164	214	421
	1165	232	422
	1166	223	402
	1167	221	413
	1168	211	427
	1169	231	417
	1170	219	432
	1171	236	423
	1172	223	419
	1173	218	432
	1174	212	418
	1175	235	425
	1176	229	414
	1177	225	413
	1178	223	412
	1179	234	419
	1180	218	430
	1181	220	424
	1182	245	413
	1183	235	420
	1184	231	421
	1185	234	414
	1186	217	417
	1187	219	412
	1188	225	422
	1189	230	418
	1190	222	422
	1191	222	411
	1192	228	408
	1193	221	425
	1194	223	417
	1195	242	429
	1196	242	419
	1197	222	435
	1198	225	404
	1199	235	435
	1200	226	411
	1201	228	420
	1202	231	427
	1203	229	424
	1204	240	419
	1205	231	419
	1206	223	411
	1207	235	417
	1208	217	407
	1209	242	419
	1210	221	423
	1211	235	427
	1212	212	412
	1213	237	428
	1214	229	423
	1215	256	412
	1216	222	425
	1217	234	427
	1218	223	408
	1219	222	409
	1220	222	407
	1221	244	417
	1222	233	410
	1223	232	422
	1224	219	412
	1225	239	440
	1226	217	423
	1227	221	416
	1228	232	420
	1229	237	437
	1230	233	415
	1231	224	432
	1232	221	409
	1233	250	421
	1234	221	416
	1235	232	432
	1236	225	412
	1237	222	414
	1238	215	414
	1239	222	412
	1240	213	402
	1241	229	433
	1242	233	418
	1243	230	426
	1244	220	420
	1245	229	408
	1246	212	410
	1247	241	430
	1248	227	412
	1249	237	412
	1250	228	406
	1251	241	411
	1252	221	411
	1253	223	424
	1254	217	410
	1255	228	409
	1256	219	420
	1257	219	420
	1258	228	411
	1259	224	410
	1260	231	427
	1261	231	426
	1262	222	434
	1263	226	428
	1264	225	409
	1265	232	428
	1266	293	416
	1267	291	423
	1268	222	413
	1269	234	415
	1270	212	418
	1271	237	427
	1272	214	425
	1273	237	436
	1274	227	423
	1275	241	468
	1276	214	424
	1277	237	418
	1278	225	426
	1279	224	431
	1280	215	415
	1281	227	429
	1282	224	421
	1283	233	421
	1284	218	424
	1285	223	426
	1286	216	412
	1287	229	419
	1288	217	403
	1289	229	416
	1290	214	419
	1291	224	417
	1292	222	413
	1293	230	417
	1294	215	432
	1295	243	414
	1296	223	426
	1297	223	421
	1298	214	408
	1299	235	416
	1300	227	423
	1301	243	425
	1302	221	409
	1303	227	423
	1304	214	403
	1305	239	434
	1306	223	425
	1307	229	418
	1308	216	411
	1309	230	423
	1310	221	415
	1311	231	417
	1312	219	408
	1313	230	416
	1314	239	423
	1315	232	426
	1316	236	419
	1317	222	409
	1318	209	419
	1319	228	419
	1320	221	418
	1321	229	423
	1322	228	423
	1323	235	417
	1324	227	416
	1325	236	421
	1326	216	421
	1327	238	424
	1328	237	439
	1329	224	416
	1330	230	413
	1331	260	428
	1332	206	414
	1333	239	421
	1334	223	432
	1335	244	430
	1336	208	420
	1337	217	422
	1338	213	406
	1339	226	423
	1340	234	418
	1341	239	440
	1342	228	421
	1343	244	428
	1344	212	410
	1345	226	419
	1346	221	413
	1347	224	424
	1348	213	401
	1349	221	415
	1350	224	409
	1351	228	440
	1352	220	406
	1353	227	421
	1354	214	419
	1355	241	426
	1356	211	410
	1357	219	431
	1358	226	430
	1359	234	430
	1360	223	416
	1361	229	408
	1362	218	422
	1363	227	428
	1364	210	417
	1365	234	433
	1366	226	411
	1367	227	424
	1368	217	425
	1369	234	427
	1370	222	418
	1371	232	411
	1372	285	429
	1373	227	417
	1374	225	427
	1375	247	419
	1376	221	409
	1377	229	421
	1378	213	413
	1379	231	422
	1380	220	407
	1381	304	417
	1382	211	412
	1383	230	423
	1384	219	418
	1385	225	420
	1386	224	416
	1387	235	414
	1388	214	413
	1389	219	414
	1390	210	417
	1391	236	422
	1392	211	402
	1393	231	446
	1394	211	426
	1395	227	424
	1396	225	434
	1397	223	421
	1398	212	410
	1399	231	434
	1400	217	425
	1401	230	421
	1402	217	423
	1403	232	429
	1404	223	403
	1405	233	413
	1406	221	407
	1407	223	420
	1408	215	395
	1409	229	408
	1410	225	434
	1411	236	420
	1412	222	427
	1413	231	424
	1414	224	416
	1415	237	423
	1416	210	425
	1417	226	407
	1418	224	407
	1419	245	416
	1420	207	412
	1421	223	430
	1422	216	428
	1423	229	430
	1424	218	420
	1425	227	421
	1426	216	413
	1427	234	415
	1428	211	423
	1429	219	433
	1430	219	421
	1431	224	420
	1432	213	416
	1433	236	409
	1434	224	431
	1435	223	416
	1436	217	418
	1437	224	414
	1438	228	421
	1439	240	423
	1440	220	414
	1441	226	419
	1442	231	427
	1443	219	410
	1444	225	407
	1445	227	420
	1446	217	413
	1447	237	425
	1448	211	418
	1449	232	427
	1450	217	413
	1451	228	423
	1452	209	409
	1453	230	422
	1454	225	422
	1455	217	434
	1456	219	412
	1457	226	411
	1458	229	406
	1459	223	414
	1460	214	419
	1461	217	409
	1462	217	431
	1463	228	440
	1464	215	404
	1465	232	414
	1466	223	410
	1467	221	417
	1468	221	424
	1469	234	412
	1470	222	408
	1471	219	426
	1472	228	409
	1473	219	423
	1474	227	426
	1475	239	420
	1476	210	420
	1477	228	413
	1478	215	416
	1479	229	411
	1480	223	408
	1481	230	411
	1482	223	408
	1483	227	429
	1484	212	403
	1485	226	418
	1486	220	410
	1487	225	430
	1488	208	416
	1489	230	406
	1490	209	410
	1491	234	413
	1492	228	413
	1493	238	414
	1494	218	427
	1495	226	432
	1496	216	410
	1497	228	429
	1498	214	403
	1499	236	422
	1500	210	423
	1501	213	419
	1502	210	411
	1503	225	424
	1504	224	402
	1505	224	414
	1506	220	420
	1507	227	425
	1508	213	406
	1509	228	424
	1510	214	421
	1511	235	416
	1512	223	412
	1513	224	409
	1514	210	409
	1515	212	422
	1516	216	404
	1517	223	411
	1518	217	402
	1519	219	418
	1520	223	404
	1521	222	405
	1522	216	405
	1523	223	421
	1524	215	420
	1525	224	407
	1526	219	405
	1527	224	413
	1528	223	413
	1529	213	429
	1530	232	394
	1531	297	418
	1532	217	422
	1533	237	421
	1534	216	421
	1535	221	417
	1536	219	395
	1537	218	410
	1538	215	401
	1539	224	415
	1540	213	419
	1541	223	429
	1542	215	398
	1543	242	420
	1544	220	409
	1545	226	425
	1546	210	411
	1547	233	435
	1548	204	421
	1549	225	411
	1550	218	418
	1551	218	429
	1552	218	421
	1553	232	409
	1554	211	410
	1555	235	429
	1556	220	423
	1557	230	412
	1558	220	458
	1559	233	420
	1560	222	409
	1561	231	415
	1562	219	412
	1563	233	434
	1564	232	409
	1565	235	423
	1566	232	416
	1567	231	420
	1568	224	418
	1569	239	429
	1570	231	412
	1571	239	512
	1572	221	423
	1573	218	425
	1574	220	424
	1575	225	419
	1576	230	429
	1577	226	434
	1578	229	438
	1579	234	432
	1580	227	416
	1581	234	426
	1582	229	423
	1583	239	445
	1584	238	423
	1585	251	433
	1586	243	439
	1587	238	428
	1588	227	423
	1589	238	431
	1590	232	408
	1591	238	428
	1592	219	430
	1593	237	426
	1594	228	411
	1595	236	433
	1596	226	415
	1597	289	426
	1598	232	427
	1599	250	440
	1600	222	436
	1601	251	432
	1602	226	434
	1603	245	425
	1604	230	426
	1605	242	435
	1606	216	428
	1607	235	443
	1608	234	427
	1609	247	437
	1610	225	425
	1611	244	438
	1612	228	415
	1613	236	435
	1614	229	416
	1615	225	435
	1616	227	423
	1617	244	435
	1618	222	415
	1619	234	430
	1620	235	430
	1621	237	435
	1622	233	433
	1623	227	429
	1624	236	429
	1625	244	436
	1626	233	436
	1627	237	423
	1628	222	432
	1629	231	434
	1630	230	421
	1631	233	449
	1632	239	423
	1633	232	431
	1634	214	436
	1635	243	436
	1636	221	421
	1637	225	443
	1638	229	446
	1639	244	442
	1640	232	432
	1641	236	440
	1642	222	421
	1643	242	430
	1644	226	426
	1645	250	427
	1646	293	425
	1647	243	425
	1648	216	431
	1649	234	440
	1650	227	432
	1651	227	434
	1652	220	422
	1653	242	445
	1654	237	421
	1655	262	428
	1656	225	415
	1657	243	433
	1658	224	426
	1659	231	417
	1660	234	434
	1661	236	432
	1662	222	415
	1663	253	429
	1664	227	433
	1665	238	429
	1666	238	434
	1667	251	435
	1668	221	431
	1669	231	432
	1670	219	432
	1671	242	430
	1672	219	434
	1673	248	422
	1674	223	415
	1675	233	440
	1676	240	420
	1677	235	414
	1678	229	427
	1679	233	433
	1680	227	425
	1681	232	437
	1682	219	435
	1683	230	425
	1684	224	428
	1685	234	418
	1686	222	417
	1687	245	451
	1688	226	421
	1689	236	428
	1690	219	414
	1691	245	424
	1692	210	427
	1693	231	434
	1694	225	429
	1695	219	437
	1696	212	425
	1697	226	428
	1698	215	422
	1699	231	421
	1700	215	411
	1701	212	433
	1702	215	408
	1703	217	411
	1704	208	417
	1705	239	410
	1706	212	403
	1707	218	404
	1708	204	407
	1709	211	421
	1710	215	413
	1711	232	407
	1712	209	407
	1713	215	409
	1714	216	422
	1715	248	417
	1716	211	403
	1717	214	408
	1718	219	411
	1719	208	427
	1720	199	394
	1721	210	408
	1722	208	405
	1723	215	418
	1724	211	399
	1725	212	404
	1726	266	406
	1727	211	419
	1728	219	407
	1729	218	411
	1730	215	400
	1731	215	421
	1732	217	411
	1733	209	412
	1734	212	405
	1735	206	411
	1736	213	410
	1737	220	413
	1738	197	408
	1739	216	414
	1740	224	401
	1741	217	413
	1742	211	393
	1743	233	415
	1744	204	408
	1745	212	409
	1746	209	402
	1747	214	406
	1748	221	405
	1749	221	415
	1750	207	397
	1751	220	412
	1752	205	405
	1753	213	400
	1754	203	400
	1755	220	408
	1756	206	404
	1757	218	407
	1758	204	406
	1759	214	413
	1760	207	417
	1761	215	406
	1762	206	412
	1763	221	402
	1764	209	404
	1765	217	413
	1766	208	398
	1767	206	407
	1768	205	399
	1769	209	422
	1770	199	405
	1771	213	418
	1772	216	401
	1773	208	424
	1774	207	409
	1775	210	417
	1776	203	408
	1777	215	409
	1778	214	403
	1779	213	406
	1780	210	405
	1781	213	412
	1782	214	401
	1783	211	398
	1784	208	401
	1785	209	410
	1786	202	403
	1787	211	412
	1788	214	401
	1789	215	414
	1790	216	406
	1791	218	403
	1792	191	407
	1793	205	414
	1794	207	409
	1795	209	422
	1796	214	401
	1797	212	415
	1798	203	405
	1799	215	404
	1800	197	393
	1801	210	399
	1802	210	405
	1803	216	407
	1804	207	398
	1805	211	404
	1806	197	410
	1807	227	407
	1808	201	401
	1809	222	410
	1810	216	395
	1811	223	400
	1812	206	405
	1813	209	418
	1814	201	404
	1815	205	407
	1816	209	421
	1817	204	408
	1818	204	402
	1819	214	414
	1820	205	415
	1821	203	413
	1822	194	403
	1823	222	412
	1824	201	397
	1825	199	403
	1826	204	395
	1827	212	424
	1828	207	407
	1829	205	418
	1830	198	411
	1831	221	412
	1832	201	395
	1833	215	405
	1834	196	405
	1835	233	409
	1836	200	402
	1837	216	409
	1838	202	411
	1839	212	401
	1840	201	400
	1841	211	414
	1842	209	414
	1843	206	394
	1844	204	395
	1845	210	414
	1846	201	410
	1847	209	409
	1848	207	400
	1849	213	411
	1850	202	400
	1851	208	399
	1852	203	415
	1853	212	393
	1854	203	392
	1855	203	405
	1856	206	411
	1857	219	407
	1858	207	398
	1859	215	411
	1860	200	400
	1861	207	404
	1862	227	395
	1863	223	415
	1864	209	412
	1865	214	414
	1866	197	404
	1867	209	405
	1868	199	414
	1869	208	414
	1870	197	418
	1871	205	405
	1872	212	401
	1873	202	402
	1874	197	396
	1875	215	402
	1876	200	408
	1877	201	399
	1878	208	398
	1879	218	412
	1880	211	396
	1881	215	399
	1882	201	387
	1883	227	408
	1884	212	396
	1885	206	414
	1886	193	393
	1887	201	418
	1888	208	389
	1889	224	400
	1890	200	415
	1891	207	409
	1892	203	395
	1893	219	403
	1894	200	402
	1895	210	416
	1896	205	392
	1897	195	419
	1898	216	408
	1899	209	419
	1900	203	401
	1901	221	397
	1902	205	404
	1903	215	399
	1904	202	392
	1905	213	404
	1906	196	399
	1907	280	404
	1908	201	393
	1909	217	394
	1910	200	394
	1911	208	415
	1912	192	405
	1913	202	401
	1914	206	394
	1915	208	409
	1916	202	396
	1917	209	394
	1918	204	399
	1919	204	414
	1920	205	398
	1921	204	465
	1922	209	401
	1923	214	406
	1924	198	401
	1925	207	406
	1926	199	409
	1927	212	399
	1928	203	400
	1929	212	416
	1930	200	401
	1931	210	395
	1932	201	398
	1933	217	413
	1934	203	394
	1935	216	409
	1936	208	385
	1937	219	414
	1938	197	415
	1939	215	408
	1940	214	393
	1941	213	404
	1942	204	389
	1943	209	405
	1944	194	392
	1945	203	406
	1946	190	399
	1947	212	399
	1948	205	404
	1949	204	402
	1950	194	415
	1951	212	401
	1952	196	392
	1953	216	405
	1954	211	399
	1955	214	404
	1956	206	395
	1957	207	411
	1958	199	393
	1959	209	405
	1960	199	399
	1961	218	406
	1962	201	401
	1963	216	412
	1964	192	400
	1965	206	403
	1966	210	398
	1967	216	402
	1968	200	385
	1969	208	409
	1970	202	419
	1971	211	404
	1972	195	397
	1973	206	399
	1974	203	392
	1975	211	403
	1976	196	404
	1977	207	401
	1978	204	411
	1979	217	404
	1980	203	393
	1981	209	407
	1982	215	406
	1983	207	393
	1984	206	391
	1985	206	407
	1986	202	409
	1987	210	406
	1988	195	400
	1989	206	409
	1990	206	404
	1991	208	408
	1992	209	397
	1993	207	413
	1994	195	401
	1995	211	406
	1996	204	394
	1997	206	404
	1998	202	399
	1999	216	405
	2000	203	391
	2001	207	402
	2002	199	395
	2003	210	397
	2004	205	427
	2005	216	420
	2006	190	399
	2007	215	402
	2008	201	410
	2009	211	399
	2010	195	402
	2011	199	414
	2012	204	415
	2013	204	412
	2014	212	414
	2015	210	404
	2016	196	416
	2017	210	401
	2018	197	399
	2019	215	405
	2020	206	400
	2021	211	402
	2022	201	413
	2023	205	403
	2024	200	422
	2025	209	402
	2026	191	411
	2027	208	411
	2028	194	395
	2029	216	406
	2030	199	397
	2031	211	417
	2032	197	383
	2033	217	407
	2034	197	392
	2035	207	405
	2036	192	394
	2037	203	401
	2038	198	402
	2039	214	408
	2040	208	405
	2041	208	404
	2042	194	399
	2043	201	410
	2044	197	401
	2045	205	400
	2046	201	403
	2047	204	400
	2048	193	397
	2049	205	407
	2050	200	400
	2051	207	406
	2052	197	400
	2053	211	407
	2054	198	409
	2055	202	405
	2056	201	402
	2057	203	398
	2058	198	397
	2059	206	408
	2060	199	402
	2061	206	409
	2062	184	397
	2063	209	403
	2064	194	395
	2065	205	408
	2066	198	389
	2067	204	399
	2068	196	390
	2069	213	400
	2070	196	396
	2071	200	412
	2072	192	399
	2073	201	405
	2074	205	400
	2075	205	400
	2076	192	401
	2077	206	399
	2078	204	403
	2079	221	404
	2080	206	404
	2081	206	413
	2082	197	397
	2083	209	403
	2084	188	403
	2085	210	407
	2086	191	399
	2087	210	396
	2088	190	395
	2089	202	399
	2090	191	392
	2091	211	403
	2092	202	391
	2093	196	397
	2094	215	400
	2095	205	406
	2096	190	397
	2097	205	403
	2098	191	389
	2099	205	402
	2100	197	395
	2101	202	408
	2102	198	396
	2103	207	410
	2104	201	395
	2105	209	404
	2106	203	390
	2107	208	397
	2108	198	398
	2109	195	392
	2110	200	390
	2111	218	397
	2112	200	391
	2113	200	400
	2114	195	399
	2115	198	411
	2116	189	402
	2117	199	397
	2118	191	410
	2119	207	402
	2120	195	396
	2121	221	394
	2122	193	403
	2123	204	406
	2124	200	404
	2125	210	397
	2126	197	394
	2127	197	397
	2128	198	392
	2129	193	407
	2130	208	413
	2131	200	405
	2132	198	396
	2133	206	411
	2134	200	399
	2135	201	400
	2136	193	386
	2137	196	409
	2138	198	389
	2139	209	396
	2140	196	398
	2141	212	402
	2142	205	400
	2143	202	406
	2144	207	405
	2145	221	396
	2146	197	387
	2147	212	395
	2148	204	399
	2149	201	402
	2150	200	404
	2151	207	407
	2152	205	403
	2153	206	404
	2154	205	394
	2155	205	396
	2156	194	397
	2157	216	400
	2158	196	393
	2159	204	402
	2160	191	388
	2161	204	393
	2162	195	398
	2163	211	401
	2164	190	394
	2165	208	410
	2166	194	397
	2167	199	397
	2168	194	391
	2169	200	397
	2170	198	593
	2171	215	397
	2172	198	392
	2173	202	400
	2174	197	394
	2175	202	400
	2176	206	392
	2177	199	396
	2178	190	396
	2179	217	399
	2180	209	397
	2181	205	398
	2182	200	397
	2183	225	397
	2184	205	394
	2185	206	407
	2186	195	394
	2187	209	404
	2188	195	393
	2189	205	406
	2190	188	387
	2191	203	414
	2192	193	390
	2193	200	408
	2194	204	462
	2195	203	400
	2196	196	391
	2197	204	403
	2198	194	402
	2199	204	409
	2200	194	398
	2201	205	406
	2202	195	403
	2203	203	405
	2204	194	385
	2205	296	399
	2206	193	397
	2207	203	406
	2208	197	399
	2209	210	407
	2210	201	389
	2211	203	403
	2212	192	405
	2213	198	411
	2214	192	397
	2215	203	402
	2216	191	386
	2217	216	404
	2218	203	405
	2219	197	410
	2220	181	398
	2221	200	392
	2222	188	402
	2223	216	409
	2224	187	385
	2225	204	392
	2226	194	399
	2227	206	398
	2228	192	393
	2229	200	401
	2230	204	390
	2231	208	403
	2232	195	393
	2233	204	396
	2234	203	403
	2235	201	400
	2236	199	403
	2237	224	394
	2238	193	391
	2239	210	428
	2240	196	393
	2241	197	396
	2242	195	401
	2243	203	409
	2244	197	396
	2245	197	404
	2246	192	398
	2247	217	410
	2248	206	391
	2249	212	403
	2250	198	385
	2251	205	392
	2252	194	385
	2253	211	402
	2254	193	392
	2255	209	398
	2256	200	383
	2257	209	402
	2258	201	387
	2259	206	389
	2260	197	402
	2261	206	398
	2262	195	391
	2263	206	411
	2264	202	392
	2265	203	406
	2266	204	395
	2267	207	398
	2268	204	396
	2269	208	398
	2270	195	398
	2271	210	406
	2272	198	411
	2273	203	396
	2274	214	391
	2275	206	408
	2276	197	398
	2277	200	408
	2278	200	394
	2279	196	410
	2280	194	396
	2281	198	390
	2282	199	387
	2283	213	409
	2284	199	393
	2285	200	401
	2286	202	398
	2287	219	407
	2288	200	406
	2289	203	407
	2290	192	405
	2291	209	411
	2292	207	393
	2293	207	394
	2294	206	391
	2295	203	408
	2296	200	387
	2297	207	404
	2298	206	411
	2299	207	408
	2300	195	395
	2301	203	396
	2302	193	398
	2303	203	411
	2304	196	408
	2305	215	406
	2306	209	402
	2307	212	406
	2308	194	397
	2309	205	402
	2310	194	398
	2311	209	390
	2312	194	385
	2313	205	398
	2314	194	390
	2315	208	407
	2316	193	384
	2317	197	395
	2318	192	390
	2319	198	394
	2320	197	389
	2321	219	395
	2322	200	385
	2323	214	397
	2324	197	391
	2325	220	400
	2326	194	391
	2327	202	394
	2328	186	396
	2329	210	400
	2330	219	392
	2331	205	399
	2332	200	390
	2333	210	403
	2334	190	391
	2335	202	406
	2336	189	389
	2337	199	393
	2338	198	388
	2339	208	411
	2340	192	393
	2341	201	396
	2342	199	391
	2343	202	408
	2344	189	389
	2345	214	392
	2346	193	390
	2347	210	403
	2348	194	396
	2349	208	395
	2350	203	387
	2351	201	409
	2352	198	394
	2353	198	400
	2354	191	406
	2355	204	401
	2356	193	382
	2357	193	404
	2358	192	392
	2359	192	398
	2360	194	395
	2361	204	402
	2362	199	402
	2363	211	411
	2364	198	388
	2365	219	400
	2366	197	387
	2367	197	403
	2368	197	398
	2369	194	398
	2370	206	389
	2371	210	397
	2372	200	394
	2373	205	402
	2374	197	395
	2375	216	410
	2376	192	388
	2377	208	393
	2378	185	387
	2379	210	390
	2380	199	398
	2381	201	408
	2382	201	398
	2383	208	403
	2384	192	403
	2385	201	404
	2386	191	396
	2387	211	389
	2388	202	390
	2389	206	398
	2390	191	392
	2391	203	412
	2392	205	397
	2393	200	397
	2394	188	382
	2395	204	400
	2396	196	389
	2397	191	412
	2398	182	405
	2399	206	397
	2400	186	418
	2401	201	404
	2402	188	391
	2403	271	409
	2404	201	391
	2405	197	392
	2406	196	387
	2407	200	402
	2408	199	392
	2409	201	407
	2410	191	394
	2411	212	405
	2412	196	396
	2413	204	402
	2414	196	390
	2415	211	402
	2416	196	401
	2417	209	455
	2418	205	405
	2419	211	402
	2420	195	391
	2421	215	397
	2422	194	386
	2423	197	406
	2424	186	392
	2425	218	400
	2426	189	392
	2427	218	416
	2428	192	395
	2429	195	403
	2430	192	406
	2431	208	402
	2432	194	400
	2433	196	423
	2434	199	401
	2435	215	393
	2436	196	390
	2437	202	406
	2438	190	399
	2439	205	404
	2440	195	394
	2441	193	395
	2442	200	391
	2443	206	392
	2444	190	393
	2445	202	398
	2446	207	386
	2447	198	402
	2448	195	393
	2449	197	403
	2450	195	392
	2451	205	400
	2452	192	392
	2453	207	399
	2454	200	400
	2455	207	402
	2456	207	387
	2457	204	403
	2458	205	401
	2459	212	394
	2460	204	397
	2461	201	409
	2462	206	388
	2463	199	394
	2464	199	440
	2465	193	399
	2466	205	385
	2467	192	407
	2468	189	387
	2469	201	402
	2470	192	406
	2471	194	404
	2472	202	392
	2473	200	401
	2474	199	392
	2475	214	408
	2476	206	394
	2477	206	410
	2478	193	393
	2479	195	401
	2480	197	399
	2481	206	418
	2482	201	395
	2483	201	397
	2484	189	396
	2485	204	394
	2486	188	397
	2487	195	404
	2488	192	390
	2489	204	392
	2490	196	400
	2491	198	404
	2492	191	401
	2493	202	403
	2494	207	399
	2495	210	430
	2496	194	404
	2497	193	395
	2498	190	382
	2499	198	402
	2500	193	390
	2501	207	405
	2502	204	390
	2503	191	406
	2504	197	391
	2505	199	400
	2506	188	408
	2507	196	414
	2508	189	395
	2509	207	399
	2510	190	391
	2511	202	395
	2512	189	400
	2513	201	424
	2514	188	391
	2515	196	399
	2516	198	394
	2517	201	394
	2518	197	397
	2519	206	394
	2520	197	397
	2521	205	399
	2522	196	401
	2523	201	412
	2524	192	401
	2525	197	397
	2526	198	400
	2527	203	399
	2528	193	389
	2529	206	399
	2530	198	405
	2531	206	389
	2532	192	395
	2533	200	394
	2534	189	392
	2535	211	406
	2536	204	383
	2537	208	401
	2538	194	400
	2539	198	410
	2540	192	395
	2541	204	407
	2542	192	390
	2543	198	399
	2544	195	391
	2545	208	392
	2546	197	397
	2547	201	400
	2548	201	405
	2549	200	399
	2550	196	390
	2551	197	409
	2552	196	401
	2553	196	405
	2554	197	390
	2555	196	407
	2556	183	396
	2557	202	411
	2558	196	398
	2559	210	404
	2560	188	389
	2561	203	400
	2562	207	394
	2563	199	407
	2564	202	391
	2565	206	393
	2566	191	398
	2567	209	454
	2568	200	395
	2569	208	417
	2570	186	391
	2571	213	403
	2572	193	384
	2573	198	401
	2574	200	393
	2575	210	401
	2576	199	393
	2577	202	398
	2578	193	382
	2579	202	403
	2580	187	395
	2581	209	403
	2582	197	402
	2583	204	390
	2584	195	397
	2585	205	405
	2586	201	398
	2587	205	402
	2588	196	392
	2589	209	395
	2590	207	393
	2591	209	400
	2592	193	386
	2593	201	400
	2594	196	392
	2595	203	405
	2596	200	385
	2597	201	401
	2598	191	391
	2599	201	397
	2600	195	399
	2601	209	395
	2602	187	392
	2603	211	399
	2604	201	396
	2605	207	402
	2606	194	394
	2607	203	394
	2608	192	393
	2609	203	397
	2610	184	408
	2611	205	387
	2612	196	395
	2613	207	406
	2614	194	388
	2615	212	419
	2616	187	396
	2617	197	399
	2618	193	393
	2619	200	400
	2620	188	396
	2621	205	406
	2622	194	396
	2623	204	383
	2624	193	396
	2625	197	400
	2626	261	386
	2627	198	400
	2628	198	394
	2629	199	395
	2630	207	390
	2631	196	394
	2632	205	389
	2633	206	414
	2634	198	387
	2635	203	399
	2636	194	391
	2637	201	406
	2638	191	399
	2639	199	387
	2640	194	383
	2641	218	412
	2642	196	398
	2643	201	417
	2644	190	392
	2645	209	402
	2646	202	392
	2647	200	406
	2648	194	398
	2649	196	400
	2650	192	399
	2651	200	393
	2652	192	395
	2653	206	398
	2654	200	390
	2655	198	395
	2656	201	394
	2657	200	392
	2658	192	390
	2659	198	398
	2660	200	387
	2661	205	396
	2662	202	384
	2663	200	404
	2664	203	392
	2665	206	402
	2666	192	387
	2667	199	395
	2668	203	400
	2669	204	405
	2670	195	407
	2671	202	405
	2672	194	388
	2673	205	401
	2674	191	393
	2675	193	413
	2676	196	390
	2677	190	408
	2678	189	402
	2679	202	407
	2680	204	397
	2681	206	397
	2682	191	396
	2683	204	406
	2684	191	384
	2685	208	404
	2686	194	384
	2687	203	394
	2688	197	387
	2689	204	397
	2690	189	386
	2691	212	394
	2692	204	386
	2693	201	393
	2694	195	389
	2695	193	398
	2696	189	387
	2697	202	404
	2698	193	390
	2699	204	415
	2700	195	388
	2701	207	392
	2702	187	397
	2703	204	409
	2704	193	396
	2705	213	403
	2706	198	397
	2707	205	401
	2708	190	387
	2709	195	394
	2710	195	400
	2711	209	411
	2712	196	401
	2713	208	409
	2714	201	388
	2715	198	397
	2716	192	389
	2717	207	402
	2718	195	395
	2719	208	409
	2720	204	389
	2721	262	400
	2722	191	395
	2723	202	398
	2724	184	396
	2725	200	402
	2726	237	391
	2727	200	396
	2728	187	402
	2729	196	404
	2730	195	402
	2731	202	401
	2732	189	382
	2733	199	402
	2734	188	392
	2735	205	400
	2736	192	385
	2737	202	405
	2738	201	390
	2739	212	400
	2740	193	395
	2741	201	395
	2742	199	408
	2743	207	397
	2744	198	402
	2745	204	398
	2746	198	394
	2747	213	395
	2748	198	394
	2749	206	394
	2750	196	397
	2751	202	406
	2752	198	387
	2753	201	396
	2754	189	392
	2755	192	402
	2756	191	396
	2757	203	401
	2758	189	389
	2759	205	389
	2760	184	388
	2761	196	392
	2762	195	399
	2763	218	391
	2764	179	397
	2765	204	395
	2766	192	383
	2767	206	406
	2768	191	388
	2769	204	394
	2770	198	396
	2771	212	418
	2772	182	393
	2773	208	404
	2774	193	396
	2775	200	397
	2776	188	399
	2777	193	409
	2778	190	398
	2779	203	396
	2780	193	398
	2781	204	399
	2782	189	392
	2783	253	396
	2784	193	394
	2785	204	401
	2786	212	392
	2787	207	401
	2788	199	402
	2789	202	401
	2790	197	393
	2791	203	405
	2792	196	396
	2793	198	403
	2794	202	393
	2795	205	393
	2796	199	399
	2797	206	398
	2798	193	385
	2799	203	406
	2800	190	400
	2801	202	417
	2802	193	450
	2803	206	401
	2804	189	401
	2805	200	399
	2806	199	391
	2807	194	402
	2808	202	390
	2809	200	391
	2810	193	393
	2811	199	414
	2812	196	405
	2813	195	400
	2814	195	396
	2815	199	391
	2816	197	397
	2817	199	406
	2818	206	396
	2819	215	406
	2820	204	395
	2821	209	396
	2822	194	389
	2823	208	401
	2824	199	392
	2825	201	399
	2826	197	388
	2827	213	399
	2828	203	393
	2829	206	403
	2830	208	386
	2831	251	395
	2832	191	386
	2833	194	398
	2834	192	400
	2835	207	389
	2836	194	398
	2837	198	413
	2838	205	392
	2839	196	401
	2840	194	393
	2841	198	395
	2842	192	390
	2843	205	400
	2844	185	393
	2845	200	402
	2846	194	390
	2847	201	403
	2848	195	396
	2849	191	393
	2850	191	397
	2851	209	403
	2852	187	398
	2853	216	402
	2854	190	391
	2855	201	395
	2856	194	395
	2857	200	397
	2858	191	403
	2859	217	417
	2860	199	396
	2861	210	402
	2862	196	391
	2863	197	403
	2864	200	393
	2865	195	396
	2866	201	392
	2867	201	400
	2868	181	395
	2869	213	409
	2870	207	386
	2871	194	394
	2872	191	390
	2873	198	394
	2874	184	401
	2875	206	404
	2876	188	386
	2877	202	410
	2878	202	412
	2879	196	397
	2880	196	400
	2881	197	399
	2882	192	391
	2883	217	404
	2884	194	381
	2885	206	406
	2886	196	398
	2887	203	390
	2888	198	398
	2889	370	394
	2890	198	402
	2891	204	421
	2892	199	395
	2893	215	404
	2894	200	390
	2895	207	399
	2896	192	405
	2897	200	400
	2898	201	393
	2899	209	409
	2900	193	401
	2901	211	402
	2902	190	397
	2903	209	399
	2904	209	399
	2905	202	405
	2906	187	396
	2907	201	391
	2908	200	398
	2909	192	400
	2910	197	397
	2911	202	436
	2912	201	383
	2913	207	406
	2914	194	425
	2915	201	397
	2916	194	395
	2917	195	403
	2918	207	400
	2919	214	393
	2920	245	387
	2921	208	405
	2922	203	405
	2923	207	398
	2924	203	389
	2925	196	399
	2926	199	396
	2927	198	391
	2928	193	394
	2929	198	402
	2930	190	402
	2931	198	400
	2932	192	397
	2933	200	396
	2934	193	396
	2935	205	399
	2936	186	403
	2937	199	388
	2938	194	396
	2939	206	409
	2940	192	399
	2941	206	392
	2942	197	394
	2943	200	399
	2944	191	398
	2945	204	392
	2946	188	390
	2947	207	394
	2948	201	385
	2949	194	390
	2950	189	395
	2951	205	413
	2952	183	392
	2953	213	402
	2954	188	390
	2955	209	408
	2956	204	389
	2957	211	404
	2958	195	393
	2959	210	402
	2960	192	396
	2961	199	409
	2962	194	399
	2963	205	403
	2964	200	394
	2965	205	398
	2966	204	393
	2967	206	395
	2968	204	396
	2969	203	411
	2970	191	402
	2971	208	397
	2972	195	403
	2973	201	393
	2974	190	399
	2975	204	403
	2976	196	391
	2977	214	395
	2978	197	388
	2979	210	399
	2980	202	392
	2981	207	395
	2982	196	392
	2983	211	395
	2984	190	393
	2985	198	400
	2986	193	398
	2987	197	414
	2988	183	396
	2989	210	398
	2990	197	399
	2991	198	391
	2992	194	389
	2993	200	403
	2994	191	396
	2995	202	397
	2996	197	392
	2997	211	391
	2998	231	396
	2999	214	388
	3000	193	387
	3001	204	396
	3002	198	386
	3003	209	394
	3004	201	408
	3005	202	402
	3006	194	396
	3007	203	401
	3008	188	391
	3009	197	403
	3010	185	391
	3011	198	400
	3012	200	391
	3013	200	400
	3014	191	403
	3015	209	390
	3016	204	392
	3017	200	403
	3018	196	399
	3019	195	406
	3020	194	392
	3021	198	407
	3022	189	402
	3023	189	399
	3024	191	390
	3025	210	398
	3026	199	387
	3027	207	399
	3028	188	387
	3029	206	396
	3030	187	387
	3031	203	403
	3032	195	392
	3033	196	390
	3034	197	396
	3035	206	398
	3036	190	392
	3037	191	398
	3038	197	393
	3039	197	395
	3040	191	395
	3041	205	408
	3042	196	397
	3043	212	403
	3044	197	395
	3045	198	397
	3046	198	403
	3047	196	403
	3048	187	398
	3049	202	405
	3050	202	391
	3051	214	412
	3052	195	399
	3053	202	399
	3054	193	388
	3055	203	398
	3056	206	399
	3057	206	400
	3058	197	400
	3059	200	397
	3060	193	401
	3061	200	389
	3062	200	393
	3063	199	409
	3064	195	388
	3065	196	404
	3066	184	400
	3067	208	400
	3068	202	383
	3069	199	400
	3070	197	385
	3071	197	396
	3072	188	397
	3073	194	386
	3074	191	391
	3075	202	395
	3076	200	386
	3077	207	410
	3078	196	393
	3079	199	396
	3080	189	389
	3081	210	404
	3082	200	383
	3083	210	412
	3084	193	392
	3085	204	402
	3086	206	384
	3087	198	394
	3088	200	392
	3089	205	404
	3090	200	397
	3091	201	406
	3092	206	396
	3093	197	395
	3094	196	393
	3095	219	389
	3096	198	394
	3097	213	413
	3098	180	388
	3099	193	408
	3100	192	393
	3101	195	397
	3102	191	390
	3103	204	391
	3104	179	397
	3105	205	394
	3106	187	394
	3107	207	401
	3108	198	406
	3109	198	391
	3110	185	385
	3111	202	413
	3112	187	400
	3113	199	411
	3114	198	402
	3115	205	413
	3116	194	401
	3117	209	409
	3118	192	394
	3119	196	408
	3120	194	386
	3121	196	398
	3122	201	389
	3123	200	408
	3124	189	391
	3125	196	399
	3126	194	409
	3127	202	406
	3128	191	405
	3129	202	402
	3130	191	406
	3131	204	396
	3132	190	389
	3133	203	402
	3134	191	405
	3135	200	408
	3136	204	385
	3137	195	401
	3138	197	392
	3139	203	396
	3140	192	387
	3141	201	407
	3142	196	390
	3143	196	399
	3144	200	404
	3145	195	392
	3146	231	399
	3147	198	394
	3148	189	405
	3149	202	403
	3150	203	392
	3151	208	403
	3152	196	392
	3153	202	409
	3154	194	397
	3155	203	401
	3156	185	391
	3157	208	394
	3158	194	397
	3159	202	391
	3160	199	398
	3161	210	402
	3162	196	393
	3163	215	397
	3164	202	391
	3165	204	404
	3166	206	399
	3167	213	407
	3168	189	389
	3169	202	396
	3170	192	389
	3171	208	412
	3172	191	385
	3173	206	399
	3174	197	386
	3175	199	401
	3176	189	405
	3177	208	399
	3178	191	396
	3179	204	402
	3180	192	397
	3181	202	396
	3182	191	393
	3183	202	390
	3184	185	395
	3185	243	404
	3186	194	390
	3187	204	401
	3188	186	383
	3189	210	392
	3190	199	395
	3191	207	399
	3192	191	408
	3193	203	404
	3194	196	396
	3195	210	396
	3196	193	395
	3197	206	395
	3198	203	401
	3199	203	392
	3200	209	394
	3201	207	397
	3202	195	398
	3203	208	405
	3204	197	398
	3205	204	406
	3206	195	389
	3207	195	412
	3208	188	388
	3209	192	397
	3210	195	397
	3211	211	412
	3212	189	393
	3213	214	410
	3214	191	402
	3215	213	398
	3216	189	394
	3217	201	402
	3218	204	390
	3219	201	401
	3220	189	391
	3221	200	407
	3222	189	391
	3223	215	452
	3224	194	383
	3225	203	411
	3226	198	397
	3227	201	406
	3228	195	390
	3229	206	410
	3230	190	389
	3231	200	397
	3232	195	393
	3233	199	401
	3234	202	395
	3235	205	398
	3236	208	396
	3237	210	395
	3238	199	393
	3239	210	410
	3240	199	395
	3241	201	443
	3242	196	384
	3243	200	401
	3244	197	390
	3245	192	405
	3246	193	425
	3247	210	403
	3248	192	390
	3249	199	399
	3250	193	392
	3251	204	414
	3252	193	386
	3253	203	401
	3254	194	400
	3255	204	397
	3256	189	391
	3257	194	407
	3258	192	397
	3259	200	398
	3260	197	387
	3261	204	395
	3262	198	396
	3263	209	403
	3264	195	390
	3265	203	396
	3266	182	405
	3267	207	405
	3268	202	386
	3269	201	402
	3270	195	390
	3271	211	389
	3272	197	401
	3273	211	395
	3274	195	401
	3275	214	406
	3276	195	387
	3277	205	406
	3278	194	397
	3279	200	402
	3280	193	381
	3281	206	398
	3282	204	394
	3283	205	403
	3284	185	400
	3285	250	398
	3286	195	397
	3287	198	412
	3288	187	398
	3289	200	414
	3290	186	390
	3291	202	398
	3292	193	397
	3293	210	389
	3294	187	397
	3295	202	398
	3296	203	391
	3297	202	394
	3298	192	389
	3299	204	392
	3300	200	391
	3301	195	403
	3302	197	385
	3303	205	400
	3304	199	404
	3305	209	402
	3306	197	397
	3307	210	394
	3308	197	398
	3309	191	399
	3310	190	396
	3311	201	394
	3312	193	395
	3313	204	403
	3314	205	398
	3315	204	395
	3316	191	394
	3317	205	406
	3318	187	396
	3319	194	391
	3320	196	396
	3321	211	397
	3322	207	389
	3323	211	396
	3324	194	391
	3325	203	389
	3326	196	398
	3327	201	406
	3328	198	391
	3329	207	396
	3330	198	387
	3331	204	405
	3332	196	400
	3333	209	399
	3334	201	395
	3335	200	411
	3336	200	387
	3337	194	415
	3338	202	398
	3339	208	397
	3340	193	398
	3341	197	408
	3342	202	392
	3343	195	402
	3344	194	396
	3345	210	394
	3346	199	404
	3347	227	404
	3348	197	393
	3349	199	394
	3350	192	397
	3351	201	397
	3352	199	403
	3353	197	394
	3354	191	382
	3355	210	401
	3356	180	392
	3357	208	399
	3358	191	388
	3359	196	400
	3360	186	383
	3361	198	405
	3362	199	398
	3363	200	399
	3364	194	398
	3365	201	403
	3366	198	382
	3367	195	414
	3368	191	395
	3369	204	402
	3370	193	387
	3371	214	389
	3372	199	391
	3373	199	394
	3374	196	388
	3375	198	395
	3376	199	390
	3377	199	394
	3378	195	395
	3379	198	395
	3380	192	390
	3381	203	409
	3382	195	389
	3383	208	402
	3384	196	387
	3385	213	403
	3386	196	403
	3387	212	402
	3388	195	389
	3389	193	396
	3390	194	402
	3391	201	405
	3392	195	393
	3393	199	400
	3394	193	394
	3395	201	391
	3396	188	400
	3397	199	398
	3398	190	389
	3399	205	394
	3400	191	399
	3401	201	397
	3402	192	403
	3403	200	390
	3404	195	387
	3405	210	393
	3406	189	392
	3407	194	391
	3408	188	386
	3409	200	399
	3410	193	393
	3411	198	401
	3412	192	395
	3413	211	402
	3414	187	390
	3415	218	392
	3416	193	394
	3417	194	393
	3418	196	382
	3419	209	395
	3420	189	387
	3421	200	401
	3422	199	395
	3423	205	416
	3424	200	391
	3425	208	411
	3426	200	384
	3427	198	395
	3428	193	393
	3429	212	402
	3430	190	401
	3431	206	403
	3432	197	386
	3433	207	393
	3434	189	397
	3435	208	397
	3436	189	392
	3437	190	411
	3438	190	379
	3439	194	399
	3440	199	402
	3441	208	397
	3442	204	395
	3443	203	395
	3444	200	392
	3445	194	405
	3446	201	397
	3447	208	400
	3448	188	388
	3449	204	402
	3450	199	394
	3451	203	401
	3452	195	391
	3453	207	397
	3454	206	399
	3455	212	409
	3456	195	393
	3457	199	399
	3458	200	407
	3459	202	397
	3460	198	394
	3461	206	418
	3462	195	404
	3463	207	412
	3464	198	390
	3465	208	398
	3466	192	392
	3467	204	414
	3468	192	384
	3469	213	394
	3470	194	402
	3471	214	394
	3472	197	465
	3473	197	395
	3474	196	390
	3475	205	397
	3476	193	391
	3477	199	404
	3478	197	437
	3479	210	396
	3480	201	393
	3481	212	403
	3482	198	389
	3483	199	409
	3484	182	389
	3485	202	403
	3486	199	393
	3487	198	405
	3488	202	394
	3489	198	403
	3490	201	396
	3491	201	400
	3492	201	388
	3493	199	398
	3494	198	387
	3495	203	393
	3496	185	393
	3497	206	392
	3498	195	391
	3499	199	403
	3500	196	399
	3501	207	394
	3502	186	390
	3503	208	392
	3504	192	398
	3505	203	398
	3506	188	389
	3507	193	395
	3508	189	388
	3509	203	396
	3510	197	392
	3511	215	395
	3512	188	391
	3513	205	411
	3514	194	393
	3515	205	398
	3516	195	387
	3517	209	397
	3518	192	393
	3519	203	402
	3520	189	403
	3521	197	404
	3522	190	393
	3523	204	400
	3524	185	394
	3525	200	402
	3526	192	398
	3527	193	394
	3528	191	392
	3529	207	396
	3530	195	396
	3531	200	399
	3532	194	384
	3533	197	393
	3534	194	389
	3535	206	403
	3536	210	396
	3537	197	403
	3538	196	394
	3539	207	398
	3540	191	429
	3541	204	396
	3542	199	387
	3543	204	391
	3544	192	392
	3545	199	397
	3546	203	381
	3547	201	398
	3548	197	393
	3549	205	402
	3550	240	433
	3551	207	401
	3552	194	395
	3553	205	405
	3554	192	393
	3555	209	416
	3556	194	389
	3557	203	399
	3558	188	398
	3559	213	409
	3560	192	387
	3561	200	402
	3562	205	390
	3563	206	398
	3564	203	393
	3565	204	403
	3566	195	390
	3567	205	400
	3568	184	401
	3569	202	400
	3570	203	385
	3571	213	415
	3572	191	388
	3573	197	401
	3574	197	385
	3575	193	398
	3576	195	392
	3577	204	407
	3578	186	390
	3579	204	414
	3580	187	386
	3581	194	404
	3582	200	399
	3583	245	400
	3584	185	405
	3585	202	396
	3586	204	392
	3587	193	396
	3588	193	392
	3589	200	401
	3590	206	387
	3591	195	395
	3592	186	382
	3593	208	392
	3594	195	398
	3595	203	392
	3596	197	400
	3597	203	397
	3598	194	390
	3599	211	404
	3600	199	389
	3601	203	391
	3602	196	395
	3603	206	397
	3604	195	385
	3605	191	395
	3606	198	387
	3607	205	402
	3608	184	385
	3609	204	403
	3610	196	399
	3611	211	410
	3612	193	396
	3613	197	403
	3614	192	408
	3615	198	391
	3616	190	390
	3617	211	399
	3618	190	390
	3619	199	397
	3620	192	389
	3621	197	398
	3622	203	384
	3623	197	395
	3624	200	385
	3625	199	402
	3626	186	384
	3627	201	400
	3628	186	391
	3629	208	395
	3630	186	386
	3631	205	398
	3632	204	400
	3633	206	401
	3634	197	398
	3635	207	402
	3636	206	385
	3637	213	397
	3638	195	390
	3639	208	408
	3640	189	392
	3641	209	396
	3642	196	387
	3643	200	407
	3644	197	387
	3645	205	398
	3646	191	392
	3647	203	399
	3648	190	395
	3649	205	397
	3650	192	397
	3651	210	399
	3652	201	386
	3653	204	397
	3654	190	393
	3655	198	390
	3656	190	398
	3657	206	397
	3658	197	384
	3659	195	390
	3660	193	380
	3661	193	392
	3662	194	388
	3663	213	405
	3664	199	393
	3665	201	395
	3666	184	385
	3667	218	397
	3668	186	404
	3669	197	398
	3670	195	386
	3671	197	397
	3672	195	384
	3673	198	407
	3674	187	392
	3675	203	403
	3676	196	396
	3677	201	407
	3678	202	387
	3679	200	404
	3680	195	389
	3681	198	388
	3682	209	395
	3683	202	397
	3684	194	381
	3685	200	400
	3686	181	381
	3687	197	386
	3688	203	395
	3689	198	388
	3690	194	392
	3691	204	399
	3692	201	398
	3693	190	410
	3694	189	381
	3695	207	403
	3696	198	385
	3697	209	405
	3698	193	395
	3699	217	401
	3700	232	387
	3701	207	397
	3702	187	395
	3703	211	393
	3704	195	394
	3705	202	399
	3706	189	397
	3707	194	402
	3708	188	387
	3709	193	408
	3710	191	391
	3711	200	396
	3712	192	378
	3713	211	399
	3714	189	389
	3715	194	389
	3716	191	374
	3717	190	386
	3718	183	380
	3719	193	393
	3720	195	383
	3721	198	393
	3722	193	387
	3723	194	392
