	0	174	386
	1	192	387
	2	176	374
	3	187	395
	4	182	384
	5	189	385
	6	187	381
	7	182	389
	8	173	379
	9	184	380
	10	178	381
	11	179	375
	12	174	379
	13	185	387
	14	169	391
	15	180	387
	16	175	381
	17	182	383
	18	178	379
	19	187	380
	20	188	377
	21	185	394
	22	179	384
	23	185	380
	24	189	379
	25	172	383
	26	214	407
	27	214	416
	28	204	409
	29	210	408
	30	209	408
	31	217	425
	32	201	395
	33	214	418
	34	211	411
	35	218	406
	36	211	411
	37	207	405
	38	202	401
	39	209	410
	40	210	411
	41	201	408
	42	208	404
	43	208	429
	44	206	411
	45	218	405
	46	202	398
	47	209	418
	48	216	394
	49	213	408
	50	189	397
	51	220	422
	52	211	409
	53	215	410
	54	211	401
	55	216	420
	56	208	418
	57	214	409
	58	210	406
	59	215	417
	60	215	410
	61	231	424
	62	228	416
	63	222	420
	64	214	435
	65	229	427
	66	231	412
	67	221	418
	68	216	430
	69	240	423
	70	226	415
	71	216	427
	72	223	413
	73	233	422
	74	216	433
	75	236	437
	76	213	432
	77	243	421
	78	225	425
	79	233	426
	80	218	414
	81	225	431
	82	209	422
	83	221	459
	84	225	426
	85	221	429
	86	233	427
	87	232	430
	88	221	423
	89	216	421
	90	217	418
	91	237	421
	92	209	413
	93	228	440
	94	218	438
	95	232	424
	96	212	499
	97	216	434
	98	223	427
	99	229	434
	100	227	413
	101	232	420
	102	223	417
	103	221	436
	104	233	428
	105	235	425
	106	225	430
	107	227	423
	108	218	419
	109	253	444
	110	216	420
	111	252	422
	112	236	417
	113	235	429
	114	222	424
	115	242	431
	116	218	410
	117	253	414
	118	227	429
	119	234	432
	120	224	424
	121	224	431
	122	231	420
	123	231	454
	124	231	420
	125	232	427
	126	230	415
	127	242	416
	128	234	405
	129	218	441
	130	205	416
	131	232	441
	132	219	423
	133	232	410
	134	241	420
	135	242	436
	136	296	418
	137	246	423
	138	233	448
	139	242	425
	140	223	420
	141	288	427
	142	242	426
	143	247	420
	144	222	420
	145	233	423
	146	233	405
	147	238	422
	148	240	457
	149	231	430
	150	229	428
	151	233	422
	152	222	406
	153	232	430
	154	236	430
	155	238	444
	156	220	425
	157	243	426
	158	232	439
	159	246	441
	160	228	442
	161	226	443
	162	234	450
	163	250	437
	164	235	422
	165	224	436
	166	252	430
	167	231	447
	168	225	421
	169	256	436
	170	250	436
	171	223	443
	172	243	435
	173	249	422
	174	236	446
	175	230	445
	176	217	419
	177	241	439
	178	235	436
	179	225	437
	180	237	418
	181	239	426
	182	222	433
	183	240	427
	184	239	435
	185	230	427
	186	225	427
	187	238	441
	188	227	425
	189	241	419
	190	236	435
	191	235	445
	192	220	427
	193	239	443
	194	226	427
	195	228	425
	196	229	433
	197	246	419
	198	230	419
	199	247	440
	200	223	425
	201	251	441
	202	247	434
	203	253	431
	204	226	423
	205	250	418
	206	230	420
	207	252	424
	208	221	420
	209	267	426
	210	239	452
	211	243	438
	212	227	426
	213	242	438
	214	233	425
	215	239	437
	216	247	414
	217	239	443
	218	241	437
	219	237	522
	220	234	429
	221	227	446
	222	229	432
	223	269	432
	224	224	425
	225	242	445
	226	225	420
	227	228	438
	228	237	439
	229	254	426
	230	245	435
	231	244	446
	232	231	431
	233	239	434
	234	246	432
	235	240	431
	236	232	431
	237	249	430
	238	230	433
	239	243	440
	240	236	417
	241	234	447
	242	232	432
	243	244	431
	244	242	426
	245	239	442
	246	220	430
	247	236	430
	248	235	430
	249	232	454
	250	237	429
	251	254	451
	252	228	437
	253	230	442
	254	237	424
	255	259	452
	256	217	435
	257	255	438
	258	234	451
	259	249	450
	260	236	434
	261	244	439
	262	234	435
	263	238	448
	264	224	436
	265	231	458
	266	223	441
	267	245	439
	268	236	430
	269	241	439
	270	221	426
	271	236	436
	272	227	419
	273	244	428
	274	232	431
	275	250	442
	276	218	426
	277	251	430
	278	232	420
	279	239	427
	280	228	419
	281	244	430
	282	236	425
	283	250	421
	284	246	428
	285	256	433
	286	236	430
	287	259	437
	288	240	436
	289	234	431
	290	265	426
	291	230	416
	292	231	447
	293	226	425
	294	223	449
	295	237	439
	296	240	434
	297	248	445
	298	304	423
	299	236	439
	300	239	425
	301	260	443
	302	233	437
	303	252	440
	304	222	423
	305	232	438
	306	235	425
	307	260	450
	308	236	440
	309	252	442
	310	234	443
	311	242	432
	312	241	439
	313	209	441
	314	222	431
	315	240	432
	316	241	428
	317	249	441
	318	246	434
	319	240	442
	320	251	434
	321	245	453
	322	243	446
	323	239	440
	324	240	421
	325	245	420
	326	235	428
	327	245	443
	328	240	434
	329	243	434
	330	232	449
	331	262	457
	332	262	428
	333	258	467
	334	242	425
	335	263	440
	336	232	432
	337	250	461
	338	241	430
	339	268	445
	340	239	427
	341	237	437
	342	239	427
	343	270	456
	344	243	419
	345	276	446
	346	259	442
	347	250	427
	348	238	433
	349	261	428
	350	244	435
	351	256	463
	352	243	435
	353	255	456
	354	244	430
	355	251	423
	356	252	444
	357	247	442
	358	260	447
	359	263	431
	360	256	418
	361	253	442
	362	258	444
	363	273	437
	364	239	431
	365	258	456
	366	249	447
	367	258	440
	368	251	445
	369	261	440
	370	260	440
	371	277	428
	372	252	432
	373	274	432
	374	270	442
	375	260	438
	376	271	418
	377	279	444
	378	264	435
	379	283	437
	380	266	426
	381	259	426
	382	255	432
	383	280	459
	384	258	453
	385	284	440
	386	278	430
	387	290	437
	388	265	438
	389	284	443
	390	267	438
	391	287	457
	392	276	439
	393	271	457
	394	273	440
	395	284	443
	396	275	442
	397	277	440
	398	271	448
	399	281	499
	400	278	441
	401	290	436
	402	291	436
	403	279	442
	404	274	441
	405	303	433
	406	279	432
	407	287	441
	408	278	435
	409	280	451
	410	280	458
	411	285	460
	412	285	434
	413	280	463
	414	291	458
	415	283	449
	416	293	433
	417	291	449
	418	309	446
	419	297	449
	420	286	431
	421	282	455
	422	301	450
	423	298	453
	424	308	444
	425	303	462
	426	299	447
	427	286	480
	428	281	439
	429	302	458
	430	295	450
	431	300	479
	432	303	442
	433	317	461
	434	300	463
	435	306	455
	436	302	437
	437	318	450
	438	309	440
	439	313	461
	440	320	459
	441	305	469
	442	321	453
	443	320	458
	444	313	430
	445	316	465
	446	321	440
	447	335	452
	448	322	435
	449	335	446
	450	326	450
	451	349	455
	452	417	444
	453	345	455
	454	352	451
	455	332	454
	456	352	453
	457	340	455
	458	333	455
	459	339	465
	460	336	460
	461	357	461
	462	339	457
	463	351	459
	464	347	451
	465	356	465
	466	367	449
	467	361	461
	468	360	451
	469	365	454
	470	359	450
	471	377	484
	472	365	450
	473	372	470
	474	396	453
	475	387	451
	476	382	473
	477	384	470
	478	382	466
	479	387	464
	480	378	454
	481	384	465
	482	373	466
	483	394	462
	484	380	460
	485	388	464
	486	397	456
	487	406	472
	488	411	461
	489	400	453
	490	418	468
	491	408	484
	492	412	459
	493	410	456
	494	400	455
	495	413	464
	496	426	448
	497	420	461
	498	411	452
	499	416	461
	500	435	450
	501	438	472
	502	437	453
	503	428	463
	504	431	464
	505	428	463
	506	454	453
	507	440	481
	508	433	454
	509	454	462
	510	434	481
	511	452	482
	512	445	481
	513	459	486
	514	456	464
	515	454	468
	516	446	477
	517	469	495
	518	457	465
	519	473	474
	520	459	472
	521	466	490
	522	467	466
	523	463	486
	524	476	473
	525	481	468
	526	478	478
	527	492	487
	528	483	467
	529	497	481
	530	501	474
	531	499	501
	532	498	476
	533	516	476
	534	507	482
	535	516	483
	536	511	482
	537	523	480
	538	505	480
	539	540	486
	540	527	478
	541	522	485
	542	511	474
	543	524	496
	544	535	482
	545	539	490
	546	535	496
	547	561	480
	548	567	476
	549	541	499
	550	555	487
	551	558	494
	552	556	476
	553	564	495
	554	566	484
	555	569	491
	556	559	482
	557	577	539
	558	576	479
	559	580	498
	560	585	502
	561	602	489
	562	594	489
	563	609	496
	564	601	473
	565	610	496
	566	625	504
	567	624	513
	568	624	495
	569	625	503
	570	622	511
	571	643	513
	572	636	475
	573	651	486
	574	627	492
	575	644	504
	576	664	491
	577	652	528
	578	654	490
	579	668	511
	580	681	500
	581	687	496
	582	682	501
	583	697	515
	584	688	508
	585	680	510
	586	715	515
	587	717	506
	588	702	497
	589	721	506
	590	712	520
	591	729	526
	592	727	496
	593	716	525
	594	737	517
	595	741	516
	596	725	513
	597	736	508
	598	761	512
	599	764	519
	600	756	498
	601	753	513
	602	762	520
	603	775	534
	604	770	521
	605	773	524
	606	782	497
	607	792	524
	608	777	531
	609	799	519
	610	802	522
	611	808	535
	612	802	541
	613	806	533
	614	828	523
	615	829	535
	616	815	531
	617	842	543
	618	828	533
	619	827	543
	620	842	516
	621	845	513
	622	843	544
	623	866	550
	624	844	521
	625	855	537
	626	868	545
	627	861	549
	628	875	539
	629	886	546
	630	878	549
	631	890	542
	632	880	553
	633	896	558
	634	900	555
	635	903	562
	636	908	549
	637	914	542
	638	912	568
	639	922	574
	640	913	551
	641	916	549
	642	922	560
	643	945	565
	644	940	554
	645	931	550
	646	946	556
	647	956	554
	648	951	538
	649	950	563
	650	952	540
	651	994	560
	652	956	548
	653	959	557
	654	952	547
	655	977	558
	656	980	553
	657	998	567
	658	978	561
	659	996	579
	660	1010	577
	661	1015	582
	662	1005	578
	663	1004	579
	664	1008	578
	665	1044	582
	666	1032	573
	667	1028	584
	668	1020	590
	669	1031	583
	670	1034	573
	671	1037	595
	672	1046	586
	673	1073	594
	674	1054	614
	675	1057	596
	676	1067	599
	677	1074	610
	678	1068	580
	679	1075	604
	680	1078	580
	681	1084	613
	682	1094	582
	683	1087	605
	684	1098	588
	685	1107	608
	686	1088	601
	687	1113	603
	688	1110	582
	689	1107	607
	690	1129	596
	691	1127	602
	692	1109	594
	693	1132	616
	694	1120	611
	695	1126	599
	696	1131	600
	697	1136	622
	698	1146	601
	699	1166	608
	700	1144	606
	701	1169	601
	702	1157	598
	703	1160	603
	704	1171	617
	705	1153	612
	706	1166	616
	707	1179	611
	708	1250	604
	709	1186	613
	710	1189	616
	711	1200	621
	712	1190	597
	713	1184	613
	714	1182	620
	715	1211	635
	716	1205	634
	717	1204	617
	718	1197	617
	719	1220	612
	720	1222	622
	721	1228	615
	722	1227	614
	723	1210	624
	724	1218	619
	725	1235	624
	726	1248	623
	727	1224	625
	728	1245	614
	729	1244	626
	730	1244	624
	731	1237	636
	732	1240	615
	733	1248	630
	734	1233	626
	735	1257	637
	736	1245	624
	737	1255	624
	738	1260	638
	739	1263	653
	740	1241	636
	741	1243	633
	742	1253	643
	743	1238	643
	744	1248	647
	745	1251	632
	746	1256	663
	747	1266	631
	748	1266	628
	749	1271	653
	750	1246	637
	751	1254	645
	752	1260	631
	753	1245	637
	754	1250	625
	755	1256	628
	756	1257	624
	757	1256	636
	758	1256	653
	759	1272	642
	760	1246	624
	761	1256	627
	762	1250	641
	763	1277	662
	764	1237	638
	765	1252	632
	766	1260	626
	767	1260	641
	768	1254	625
	769	1267	638
	770	1234	628
	771	1261	641
	772	1284	631
	773	1260	640
	774	1236	622
	775	1271	628
	776	1324	614
	777	1246	650
	778	1245	632
	779	1236	630
	780	1237	634
	781	1256	627
	782	1246	630
	783	1248	637
	784	1243	622
	785	1266	632
	786	1234	646
	787	1246	635
	788	1243	623
	789	1252	633
	790	1249	617
	791	1256	643
	792	1218	611
	793	1231	634
	794	1226	617
	795	1225	618
	796	1225	608
	797	1220	637
	798	1204	607
	799	1231	625
	800	1215	616
	801	1215	627
	802	1195	629
	803	1216	703
	804	1190	599
	805	1218	615
	806	1198	619
	807	1208	624
	808	1179	644
	809	1204	606
	810	1184	593
	811	1203	613
	812	1174	609
	813	1183	605
	814	1150	619
	815	1176	607
	816	1156	604
	817	1166	604
	818	1146	592
	819	1170	600
	820	1170	589
	821	1147	599
	822	1160	591
	823	1144	625
	824	1129	616
	825	1125	596
	826	1128	599
	827	1136	601
	828	1128	609
	829	1116	606
	830	1111	589
	831	1121	587
	832	1111	579
	833	1111	583
	834	1112	583
	835	1084	586
	836	1090	579
	837	1097	568
	838	1087	566
	839	1082	588
	840	1069	568
	841	1072	585
	842	1087	572
	843	1073	584
	844	1076	568
	845	1079	565
	846	1067	562
	847	1087	590
	848	1064	560
	849	1071	577
	850	1045	563
	851	1051	577
	852	1037	570
	853	1048	582
	854	1053	574
	855	1059	566
	856	1039	565
	857	1051	573
	858	1042	564
	859	1061	561
	860	1042	561
	861	1042	564
	862	1045	559
	863	1031	565
	864	1024	576
	865	1033	560
	866	1045	549
	867	1024	570
	868	1009	566
	869	1008	567
	870	996	560
	871	1003	564
	872	976	552
	873	992	570
	874	986	556
	875	986	559
	876	970	559
	877	988	562
	878	968	546
	879	990	562
	880	975	550
	881	980	559
	882	971	538
	883	969	552
	884	979	553
	885	969	550
	886	932	544
	887	969	549
	888	950	536
	889	944	536
	890	936	561
	891	939	577
	892	935	530
	893	944	560
	894	927	541
	895	942	535
	896	932	584
	897	944	545
	898	922	540
	899	931	539
	900	912	553
	901	930	527
	902	917	533
	903	908	524
	904	903	527
	905	902	538
	906	897	518
	907	902	533
	908	884	519
	909	892	513
	910	867	521
	911	890	520
	912	874	520
	913	866	531
	914	877	528
	915	858	531
	916	843	534
	917	856	525
	918	855	521
	919	878	527
	920	836	503
	921	841	519
	922	850	534
	923	847	541
	924	818	506
	925	826	529
	926	822	513
	927	823	511
	928	801	521
	929	815	510
	930	815	511
	931	806	528
	932	777	506
	933	801	522
	934	784	504
	935	781	514
	936	785	486
	937	777	501
	938	760	502
	939	770	509
	940	767	502
	941	766	510
	942	751	502
	943	749	509
	944	756	498
	945	757	525
	946	742	492
	947	751	511
	948	746	491
	949	740	494
	950	730	582
	951	731	497
	952	730	499
	953	719	506
	954	728	481
	955	731	496
	956	716	498
	957	733	501
	958	702	493
	959	714	496
	960	686	487
	961	708	501
	962	703	491
	963	690	487
	964	673	492
	965	684	484
	966	660	491
	967	678	504
	968	671	490
	969	660	490
	970	679	499
	971	663	487
	972	638	498
	973	655	498
	974	639	489
	975	632	489
	976	628	501
	977	612	491
	978	603	484
	979	619	482
	980	590	485
	981	599	496
	982	600	476
	983	605	496
	984	585	482
	985	592	484
	986	570	477
	987	560	488
	988	567	480
	989	567	496
	990	550	476
	991	551	482
	992	534	468
	993	535	497
	994	531	472
	995	548	475
	996	525	489
	997	551	476
	998	523	469
	999	520	471
	1000	546	465
	1001	525	474
	1002	528	472
	1003	525	468
	1004	520	462
	1005	527	461
	1006	509	451
	1007	520	474
	1008	491	466
	1009	511	466
	1010	519	459
	1011	507	465
	1012	499	466
	1013	501	462
	1014	510	455
	1015	502	468
	1016	507	470
	1017	487	445
	1018	499	458
	1019	517	463
	1020	485	479
	1021	502	470
	1022	478	458
	1023	512	455
	1024	479	451
	1025	495	460
	1026	478	468
	1027	506	452
	1028	497	438
	1029	493	451
	1030	469	436
	1031	484	470
	1032	472	450
	1033	488	445
	1034	459	438
	1035	482	457
	1036	473	441
	1037	469	475
	1038	467	449
	1039	459	446
	1040	468	446
	1041	464	452
	1042	458	444
	1043	462	441
	1044	459	501
	1045	468	458
	1046	460	447
	1047	450	466
	1048	458	467
	1049	454	444
	1050	434	453
	1051	450	456
	1052	464	444
	1053	449	446
	1054	448	455
	1055	463	508
	1056	438	440
	1057	450	445
	1058	438	453
	1059	456	478
	1060	431	449
	1061	439	462
	1062	443	429
	1063	457	450
	1064	430	448
	1065	436	442
	1066	450	444
	1067	443	448
	1068	430	441
	1069	448	455
	1070	427	452
	1071	436	457
	1072	417	445
	1073	431	426
	1074	426	439
	1075	445	442
	1076	432	445
	1077	516	459
	1078	448	446
	1079	453	452
	1080	439	454
	1081	445	437
	1082	429	449
	1083	435	443
	1084	420	441
	1085	444	431
	1086	407	465
	1087	437	447
	1088	431	439
	1089	440	431
	1090	428	437
	1091	426	446
	1092	417	430
	1093	423	453
	1094	430	438
	1095	429	441
	1096	429	453
	1097	415	461
	1098	426	449
	1099	436	444
	1100	414	453
	1101	426	454
	1102	408	430
	1103	439	442
	1104	408	442
	1105	426	448
	1106	434	439
	1107	419	438
	1108	422	444
	1109	426	462
	1110	426	492
	1111	408	448
	1112	424	430
	1113	432	433
	1114	415	440
	1115	418	436
	1116	426	438
	1117	403	444
	1118	411	446
	1119	435	422
	1120	429	446
	1121	433	461
	1122	406	442
	1123	411	441
	1124	415	434
	1125	413	434
	1126	416	465
	1127	421	444
	1128	403	441
	1129	407	441
	1130	424	459
	1131	409	457
	1132	409	457
	1133	419	452
	1134	399	436
	1135	416	439
	1136	395	490
	1137	421	438
	1138	419	429
	1139	413	456
	1140	436	432
	1141	421	429
	1142	406	443
	1143	410	448
	1144	405	447
	1145	394	445
	1146	390	436
	1147	440	447
	1148	412	428
	1149	399	446
	1150	411	437
	1151	412	446
	1152	392	434
	1153	395	449
	1154	413	425
	1155	425	440
	1156	395	445
	1157	412	436
	1158	399	447
	1159	402	440
	1160	408	436
	1161	406	449
	1162	401	428
	1163	395	479
	1164	398	434
	1165	404	437
	1166	414	415
	1167	402	442
	1168	392	445
	1169	395	438
	1170	390	443
	1171	412	451
	1172	392	442
	1173	384	444
	1174	389	444
	1175	401	453
	1176	401	444
	1177	405	440
	1178	390	431
	1179	406	437
	1180	396	445
	1181	393	448
	1182	415	433
	1183	409	447
	1184	395	441
	1185	390	435
	1186	386	441
	1187	387	450
	1188	387	441
	1189	396	436
	1190	397	447
	1191	389	441
	1192	398	438
	1193	379	448
	1194	386	437
	1195	402	442
	1196	411	442
	1197	395	465
	1198	393	427
	1199	394	457
	1200	399	440
	1201	398	435
	1202	393	446
	1203	387	449
	1204	400	439
	1205	410	444
	1206	397	434
	1207	407	448
	1208	382	422
	1209	400	438
	1210	382	444
	1211	390	444
	1212	380	444
	1213	390	435
	1214	381	445
	1215	406	433
	1216	378	439
	1217	389	443
	1218	382	431
	1219	388	438
	1220	386	431
	1221	391	449
	1222	382	432
	1223	384	458
	1224	375	425
	1225	396	445
	1226	376	448
	1227	373	433
	1228	378	440
	1229	376	458
	1230	387	437
	1231	381	450
	1232	375	437
	1233	402	431
	1234	380	431
	1235	376	456
	1236	386	430
	1237	387	444
	1238	387	432
	1239	386	450
	1240	377	426
	1241	382	457
	1242	387	437
	1243	383	445
	1244	375	445
	1245	372	439
	1246	375	433
	1247	395	459
	1248	382	439
	1249	396	426
	1250	390	432
	1251	389	436
	1252	380	435
	1253	375	441
	1254	378	436
	1255	381	447
	1256	371	441
	1257	371	446
	1258	392	442
	1259	372	431
	1260	390	439
	1261	382	446
	1262	380	447
	1263	376	449
	1264	371	432
	1265	382	444
	1266	444	443
	1267	452	431
	1268	369	430
	1269	392	437
	1270	368	431
	1271	390	456
	1272	372	435
	1273	380	442
	1274	381	436
	1275	403	500
	1276	376	448
	1277	395	433
	1278	377	440
	1279	387	448
	1280	368	434
	1281	387	450
	1282	372	449
	1283	382	452
	1284	367	454
	1285	366	441
	1286	368	440
	1287	374	431
	1288	357	427
	1289	369	435
	1290	360	440
	1291	376	443
	1292	366	433
	1293	381	440
	1294	356	443
	1295	386	431
	1296	362	427
	1297	364	442
	1298	364	441
	1299	387	447
	1300	373	436
	1301	383	448
	1302	354	425
	1303	368	451
	1304	363	430
	1305	371	457
	1306	363	440
	1307	358	434
	1308	345	417
	1309	366	442
	1310	366	432
	1311	366	448
	1312	354	438
	1313	373	441
	1314	376	438
	1315	369	449
	1316	374	438
	1317	360	433
	1318	350	438
	1319	362	434
	1320	363	454
	1321	372	444
	1322	360	442
	1323	363	431
	1324	358	434
	1325	370	442
	1326	359	443
	1327	369	453
	1328	366	453
	1329	347	433
	1330	362	430
	1331	391	452
	1332	360	422
	1333	365	443
	1334	361	439
	1335	363	442
	1336	338	431
	1337	346	435
	1338	345	440
	1339	343	445
	1340	369	443
	1341	353	455
	1342	350	442
	1343	374	439
	1344	336	425
	1345	360	438
	1346	357	443
	1347	343	453
	1348	345	427
	1349	357	447
	1350	353	439
	1351	343	452
	1352	351	432
	1353	344	447
	1354	333	444
	1355	368	442
	1356	334	431
	1357	338	435
	1358	340	448
	1359	365	438
	1360	341	435
	1361	344	433
	1362	338	439
	1363	336	452
	1364	326	441
	1365	360	449
	1366	350	428
	1367	333	447
	1368	343	437
	1369	342	442
	1370	353	436
	1371	356	434
	1372	407	442
	1373	341	435
	1374	334	438
	1375	352	443
	1376	335	418
	1377	346	440
	1378	335	419
	1379	352	435
	1380	348	427
	1381	430	436
	1382	334	433
	1383	345	448
	1384	335	442
	1385	336	445
	1386	344	438
	1387	350	442
	1388	337	420
	1389	333	432
	1390	328	445
	1391	353	447
	1392	327	428
	1393	349	468
	1394	326	433
	1395	346	435
	1396	339	452
	1397	325	437
	1398	323	427
	1399	340	452
	1400	340	433
	1401	337	444
	1402	332	432
	1403	341	452
	1404	336	428
	1405	349	432
	1406	328	427
	1407	338	437
	1408	323	423
	1409	337	420
	1410	342	453
	1411	347	430
	1412	332	448
	1413	334	449
	1414	327	437
	1415	349	452
	1416	327	433
	1417	319	421
	1418	340	432
	1419	351	444
	1420	313	428
	1421	324	439
	1422	327	448
	1423	337	440
	1424	320	437
	1425	346	448
	1426	317	427
	1427	330	438
	1428	319	445
	1429	317	433
	1430	324	441
	1431	330	437
	1432	332	441
	1433	338	438
	1434	325	438
	1435	336	429
	1436	318	431
	1437	332	432
	1438	338	446
	1439	328	438
	1440	326	428
	1441	324	435
	1442	324	434
	1443	325	432
	1444	327	432
	1445	324	432
	1446	306	437
	1447	339	435
	1448	323	423
	1449	328	456
	1450	312	421
	1451	318	444
	1452	300	433
	1453	305	443
	1454	317	440
	1455	322	464
	1456	309	433
	1457	327	432
	1458	324	430
	1459	315	442
	1460	315	434
	1461	308	435
	1462	324	442
	1463	319	446
	1464	320	425
	1465	313	438
	1466	300	439
	1467	289	432
	1468	310	444
	1469	324	433
	1470	303	429
	1471	306	454
	1472	313	429
	1473	307	453
	1474	315	444
	1475	331	434
	1476	303	436
	1477	308	429
	1478	300	428
	1479	317	420
	1480	304	427
	1481	299	424
	1482	304	426
	1483	302	439
	1484	294	428
	1485	299	426
	1486	296	422
	1487	310	442
	1488	290	426
	1489	306	426
	1490	286	433
	1491	312	434
	1492	307	426
	1493	309	434
	1494	304	440
	1495	295	452
	1496	307	422
	1497	307	435
	1498	285	423
	1499	316	441
	1500	290	429
	1501	293	431
	1502	300	431
	1503	317	438
	1504	300	429
	1505	300	437
	1506	292	426
	1507	306	450
	1508	297	431
	1509	307	429
	1510	298	433
	1511	315	432
	1512	302	423
	1513	314	430
	1514	283	426
	1515	291	440
	1516	292	424
	1517	294	422
	1518	297	430
	1519	287	437
	1520	304	420
	1521	294	426
	1522	294	421
	1523	294	436
	1524	284	431
	1525	301	423
	1526	294	414
	1527	297	437
	1528	310	438
	1529	290	439
	1530	300	423
	1531	376	431
	1532	279	438
	1533	309	437
	1534	292	435
	1535	299	441
	1536	290	416
	1537	279	430
	1538	291	426
	1539	300	428
	1540	293	427
	1541	300	446
	1542	298	420
	1543	319	436
	1544	302	421
	1545	289	444
	1546	295	426
	1547	291	451
	1548	289	434
	1549	298	422
	1550	295	429
	1551	284	449
	1552	299	436
	1553	304	423
	1554	286	420
	1555	311	440
	1556	303	449
	1557	316	427
	1558	318	483
	1559	317	426
	1560	305	420
	1561	335	420
	1562	326	431
	1563	334	452
	1564	350	428
	1565	353	449
	1566	343	425
	1567	357	448
	1568	355	435
	1569	376	447
	1570	373	431
	1571	371	532
	1572	360	438
	1573	360	451
	1574	371	449
	1575	389	452
	1576	380	465
	1577	385	472
	1578	397	482
	1579	396	466
	1580	378	453
	1581	399	474
	1582	397	471
	1583	403	488
	1584	411	464
	1585	412	476
	1586	401	482
	1587	400	482
	1588	382	471
	1589	406	477
	1590	401	453
	1591	396	468
	1592	387	471
	1593	398	461
	1594	394	474
	1595	395	477
	1596	393	467
	1597	461	470
	1598	396	468
	1599	406	506
	1600	385	475
	1601	400	474
	1602	389	474
	1603	407	455
	1604	390	471
	1605	395	480
	1606	384	464
	1607	389	484
	1608	395	473
	1609	416	483
	1610	380	475
	1611	392	485
	1612	394	467
	1613	392	478
	1614	396	467
	1615	393	478
	1616	385	459
	1617	409	468
	1618	381	447
	1619	395	485
	1620	395	469
	1621	394	485
	1622	395	477
	1623	379	468
	1624	404	466
	1625	399	479
	1626	388	484
	1627	391	466
	1628	377	471
	1629	389	463
	1630	391	468
	1631	389	485
	1632	383	452
	1633	391	483
	1634	367	478
	1635	403	487
	1636	380	468
	1637	380	477
	1638	376	476
	1639	379	487
	1640	384	469
	1641	376	479
	1642	372	468
	1643	395	470
	1644	379	477
	1645	396	471
	1646	451	462
	1647	387	471
	1648	382	479
	1649	384	491
	1650	384	478
	1651	366	467
	1652	371	464
	1653	384	485
	1654	389	467
	1655	411	461
	1656	375	460
	1657	390	486
	1658	377	470
	1659	383	464
	1660	375	477
	1661	371	475
	1662	374	467
	1663	392	462
	1664	374	464
	1665	384	475
	1666	388	465
	1667	386	468
	1668	361	466
	1669	370	467
	1670	369	472
	1671	384	455
	1672	358	473
	1673	394	458
	1674	366	450
	1675	367	470
	1676	371	455
	1677	369	462
	1678	352	459
	1679	375	488
	1680	362	464
	1681	357	472
	1682	351	468
	1683	356	458
	1684	349	476
	1685	341	462
	1686	338	459
	1687	363	479
	1688	339	458
	1689	338	466
	1690	304	450
	1691	318	473
	1692	294	463
	1693	308	485
	1694	310	458
	1695	303	461
	1696	294	462
	1697	289	462
	1698	293	444
	1699	294	451
	1700	286	438
	1701	283	444
	1702	268	442
	1703	274	433
	1704	255	439
	1705	287	423
	1706	265	417
	1707	253	419
	1708	246	408
	1709	254	419
	1710	251	417
	1711	249	417
	1712	243	415
	1713	253	422
	1714	260	423
	1715	283	431
	1716	253	411
	1717	247	420
	1718	253	421
	1719	238	436
	1720	245	409
	1721	252	420
	1722	254	420
	1723	249	434
	1724	243	404
	1725	242	425
	1726	309	402
	1727	251	428
	1728	263	410
	1729	253	421
	1730	240	403
	1731	240	421
	1732	240	411
	1733	238	418
	1734	242	420
	1735	239	409
	1736	238	416
	1737	250	420
	1738	238	410
	1739	253	418
	1740	266	413
	1741	242	419
	1742	242	410
	1743	261	420
	1744	239	409
	1745	233	418
	1746	234	411
	1747	241	416
	1748	256	404
	1749	245	425
	1750	241	402
	1751	247	423
	1752	242	418
	1753	245	409
	1754	246	427
	1755	256	426
	1756	242	426
	1757	240	418
	1758	236	407
	1759	237	422
	1760	232	430
	1761	239	421
	1762	238	427
	1763	243	414
	1764	230	416
	1765	238	428
	1766	242	410
	1767	234	427
	1768	232	409
	1769	234	433
	1770	223	416
	1771	236	423
	1772	230	404
	1773	231	417
	1774	237	419
	1775	226	417
	1776	233	413
	1777	244	420
	1778	235	405
	1779	248	412
	1780	247	420
	1781	229	439
	1782	244	411
	1783	218	410
	1784	235	411
	1785	233	412
	1786	224	421
	1787	228	422
	1788	250	417
	1789	236	419
	1790	235	413
	1791	247	411
	1792	215	420
	1793	226	415
	1794	224	411
	1795	209	424
	1796	240	406
	1797	232	422
	1798	216	405
	1799	235	406
	1800	231	405
	1801	232	414
	1802	229	417
	1803	227	427
	1804	236	410
	1805	233	404
	1806	211	414
	1807	250	408
	1808	218	402
	1809	228	417
	1810	230	406
	1811	235	408
	1812	217	420
	1813	230	419
	1814	222	409
	1815	224	423
	1816	219	410
	1817	216	417
	1818	225	411
	1819	239	420
	1820	218	409
	1821	218	426
	1822	213	404
	1823	240	406
	1824	210	407
	1825	221	413
	1826	228	408
	1827	224	421
	1828	227	409
	1829	229	416
	1830	222	409
	1831	227	419
	1832	221	400
	1833	232	397
	1834	206	413
	1835	247	420
	1836	206	405
	1837	227	407
	1838	214	409
	1839	232	407
	1840	204	393
	1841	213	419
	1842	229	416
	1843	213	406
	1844	217	406
	1845	229	412
	1846	216	408
	1847	230	407
	1848	228	413
	1849	230	413
	1850	212	403
	1851	228	415
	1852	227	416
	1853	229	403
	1854	211	391
	1855	230	421
	1856	222	401
	1857	247	403
	1858	233	402
	1859	232	418
	1860	207	401
	1861	213	404
	1862	240	402
	1863	230	418
	1864	221	404
	1865	225	424
	1866	215	406
	1867	223	408
	1868	223	403
	1869	227	417
	1870	205	406
	1871	230	399
	1872	238	414
	1873	223	407
	1874	224	399
	1875	218	405
	1876	215	405
	1877	222	411
	1878	227	394
	1879	239	416
	1880	234	403
	1881	224	403
	1882	211	398
	1883	238	394
	1884	224	401
	1885	216	416
	1886	222	385
	1887	218	428
	1888	227	393
	1889	238	410
	1890	218	412
	1891	222	423
	1892	216	395
	1893	236	419
	1894	220	416
	1895	218	417
	1896	211	402
	1897	214	414
	1898	231	412
	1899	237	427
	1900	218	408
	1901	239	403
	1902	214	408
	1903	238	406
	1904	231	405
	1905	238	400
	1906	210	409
	1907	307	410
	1908	206	398
	1909	224	410
	1910	227	410
	1911	219	419
	1912	225	411
	1913	215	402
	1914	221	412
	1915	217	412
	1916	230	409
	1917	228	405
	1918	228	399
	1919	224	409
	1920	225	403
	1921	212	471
	1922	224	421
	1923	229	411
	1924	218	405
	1925	224	414
	1926	221	414
	1927	224	408
	1928	224	410
	1929	215	431
	1930	217	413
	1931	226	407
	1932	214	400
	1933	222	416
	1934	218	405
	1935	237	411
	1936	204	402
	1937	226	406
	1938	208	417
	1939	233	414
	1940	223	405
	1941	218	415
	1942	216	400
	1943	229	414
	1944	218	400
	1945	221	418
	1946	215	397
	1947	216	406
	1948	213	406
	1949	207	413
	1950	218	421
	1951	232	410
	1952	210	406
	1953	236	414
	1954	227	406
	1955	218	414
	1956	226	407
	1957	219	416
	1958	218	393
	1959	223	410
	1960	211	410
	1961	225	411
	1962	213	398
	1963	227	418
	1964	214	403
	1965	214	412
	1966	221	399
	1967	234	405
	1968	210	411
	1969	226	429
	1970	217	420
	1971	220	414
	1972	216	412
	1973	227	405
	1974	215	402
	1975	216	404
	1976	208	404
	1977	220	410
	1978	226	414
	1979	222	409
	1980	210	396
	1981	221	401
	1982	221	403
	1983	219	398
	1984	216	399
	1985	226	419
	1986	200	416
	1987	212	424
	1988	200	404
	1989	213	407
	1990	213	403
	1991	225	408
	1992	218	395
	1993	213	413
	1994	205	399
	1995	222	417
	1996	206	407
	1997	224	408
	1998	223	406
	1999	213	408
	2000	213	404
	2001	213	408
	2002	226	404
	2003	220	403
	2004	211	431
	2005	220	427
	2006	213	403
	2007	210	408
	2008	205	405
	2009	216	397
	2010	204	414
	2011	205	422
	2012	208	411
	2013	213	418
	2014	208	420
	2015	212	410
	2016	201	412
	2017	216	403
	2018	201	408
	2019	216	405
	2020	207	407
	2021	211	409
	2022	208	399
	2023	209	406
	2024	208	411
	2025	210	413
	2026	196	398
	2027	208	417
	2028	202	407
	2029	227	403
	2030	206	406
	2031	216	415
	2032	200	395
	2033	210	415
	2034	200	397
	2035	206	414
	2036	201	404
	2037	216	399
	2038	202	420
	2039	202	415
	2040	213	399
	2041	201	408
	2042	208	402
	2043	200	401
	2044	198	407
	2045	206	398
	2046	198	410
	2047	202	398
	2048	200	401
	2049	206	412
	2050	193	397
	2051	211	403
	2052	199	396
	2053	208	402
	2054	201	406
	2055	207	408
	2056	202	409
	2057	206	406
	2058	199	391
	2059	210	406
	2060	201	401
	2061	208	407
	2062	199	401
	2063	210	408
	2064	193	404
	2065	211	400
	2066	197	394
	2067	211	413
	2068	204	396
	2069	205	407
	2070	208	395
	2071	205	416
	2072	200	395
	2073	206	408
	2074	192	399
	2075	204	410
	2076	206	403
	2077	210	401
	2078	194	407
	2079	227	404
	2080	204	400
	2081	206	389
	2082	200	408
	2083	215	405
	2084	201	407
	2085	211	407
	2086	195	398
	2087	200	399
	2088	199	393
	2089	201	404
	2090	198	406
	2091	212	402
	2092	199	395
	2093	214	415
	2094	212	392
	2095	220	416
	2096	189	403
	2097	207	414
	2098	194	393
	2099	207	408
	2100	196	409
	2101	208	414
	2102	199	405
	2103	211	411
	2104	199	387
	2105	214	400
	2106	189	401
	2107	202	404
	2108	194	400
	2109	200	401
	2110	201	398
	2111	222	403
	2112	196	395
	2113	204	394
	2114	202	410
	2115	207	417
	2116	194	401
	2117	206	406
	2118	195	407
	2119	201	414
	2120	197	401
	2121	215	393
	2122	190	413
	2123	211	424
	2124	199	405
	2125	204	400
	2126	195	396
	2127	192	406
	2128	196	397
	2129	208	412
	2130	205	406
	2131	201	408
	2132	185	405
	2133	199	413
	2134	204	401
	2135	204	405
	2136	202	396
	2137	207	408
	2138	191	396
	2139	204	402
	2140	193	404
	2141	217	406
	2142	200	395
	2143	211	401
	2144	191	405
	2145	221	400
	2146	197	403
	2147	202	412
	2148	200	400
	2149	205	397
	2150	205	394
	2151	221	401
	2152	209	408
	2153	209	398
	2154	215	407
	2155	210	396
	2156	195	399
	2157	213	399
	2158	195	394
	2159	210	409
	2160	187	392
	2161	209	403
	2162	206	398
	2163	222	399
	2164	192	398
	2165	209	405
	2166	196	407
	2167	202	390
	2168	194	409
	2169	188	404
	2170	202	598
	2171	218	408
	2172	201	402
	2173	200	399
	2174	195	397
	2175	206	408
	2176	201	405
	2177	198	404
	2178	197	402
	2179	211	399
	2180	201	393
	2181	206	396
	2182	204	397
	2183	207	400
	2184	205	388
	2185	206	397
	2186	185	391
	2187	207	406
	2188	196	397
	2189	200	401
	2190	188	392
	2191	205	418
	2192	195	404
	2193	213	405
	2194	193	454
	2195	204	406
	2196	190	392
	2197	203	407
	2198	195	400
	2199	198	408
	2200	194	393
	2201	202	409
	2202	204	404
	2203	208	399
	2204	195	395
	2205	287	403
	2206	196	388
	2207	211	399
	2208	195	399
	2209	218	408
	2210	203	396
	2211	208	396
	2212	188	399
	2213	206	406
	2214	195	399
	2215	198	400
	2216	187	403
	2217	215	402
	2218	197	401
	2219	201	406
	2220	192	390
	2221	209	406
	2222	198	404
	2223	218	404
	2224	194	395
	2225	209	398
	2226	202	395
	2227	209	400
	2228	195	396
	2229	209	401
	2230	204	389
	2231	202	406
	2232	194	388
	2233	196	402
	2234	198	400
	2235	204	408
	2236	196	393
	2237	218	406
	2238	188	402
	2239	213	431
	2240	187	392
	2241	210	392
	2242	201	397
	2243	206	405
	2244	202	384
	2245	198	406
	2246	205	406
	2247	217	394
	2248	208	387
	2249	201	414
	2250	194	390
	2251	197	403
	2252	192	390
	2253	209	403
	2254	192	387
	2255	204	405
	2256	202	404
	2257	206	398
	2258	201	402
	2259	198	401
	2260	194	399
	2261	210	404
	2262	201	399
	2263	200	397
	2264	204	397
	2265	196	409
	2266	206	408
	2267	207	404
	2268	204	402
	2269	212	394
	2270	193	399
	2271	207	407
	2272	191	403
	2273	198	396
	2274	207	400
	2275	209	408
	2276	201	395
	2277	200	408
	2278	193	395
	2279	192	404
	2280	199	399
	2281	206	401
	2282	202	395
	2283	209	405
	2284	193	401
	2285	204	403
	2286	189	398
	2287	210	403
	2288	194	395
	2289	195	403
	2290	195	403
	2291	209	416
	2292	211	398
	2293	206	405
	2294	208	396
	2295	203	412
	2296	197	403
	2297	199	398
	2298	203	409
	2299	208	401
	2300	207	407
	2301	206	404
	2302	197	405
	2303	214	410
	2304	195	397
	2305	208	400
	2306	201	403
	2307	207	406
	2308	191	390
	2309	202	402
	2310	205	394
	2311	207	397
	2312	198	383
	2313	204	402
	2314	199	391
	2315	207	399
	2316	193	401
	2317	203	407
	2318	192	394
	2319	205	396
	2320	197	397
	2321	222	399
	2322	193	393
	2323	216	400
	2324	193	403
	2325	209	405
	2326	193	391
	2327	205	409
	2328	197	402
	2329	210	402
	2330	207	394
	2331	209	405
	2332	202	389
	2333	214	399
	2334	199	391
	2335	210	401
	2336	198	403
	2337	200	406
	2338	201	388
	2339	208	406
	2340	195	402
	2341	206	398
	2342	195	405
	2343	209	413
	2344	193	386
	2345	211	401
	2346	197	389
	2347	204	400
	2348	193	396
	2349	208	395
	2350	199	401
	2351	207	412
	2352	193	399
	2353	207	400
	2354	202	400
	2355	209	404
	2356	199	384
	2357	200	396
	2358	195	394
	2359	193	393
	2360	201	399
	2361	205	404
	2362	188	403
	2363	191	414
	2364	200	397
	2365	217	396
	2366	198	393
	2367	205	400
	2368	195	395
	2369	200	400
	2370	197	399
	2371	202	410
	2372	202	398
	2373	210	401
	2374	198	385
	2375	218	406
	2376	187	394
	2377	200	405
	2378	199	387
	2379	211	391
	2380	208	383
	2381	208	404
	2382	200	406
	2383	210	398
	2384	192	405
	2385	208	400
	2386	197	406
	2387	218	384
	2388	201	388
	2389	211	393
	2390	195	397
	2391	213	415
	2392	214	397
	2393	205	405
	2394	195	382
	2395	207	396
	2396	200	383
	2397	198	415
	2398	200	400
	2399	210	405
	2400	198	427
	2401	210	393
	2402	196	398
	2403	271	404
	2404	206	392
	2405	205	393
	2406	201	396
	2407	197	402
	2408	200	405
	2409	197	403
	2410	193	403
	2411	211	408
	2412	196	407
	2413	202	408
	2414	191	387
	2415	216	399
	2416	187	392
	2417	205	448
	2418	205	403
	2419	215	402
	2420	198	386
	2421	223	406
	2422	193	397
	2423	201	405
	2424	187	392
	2425	214	409
	2426	192	399
	2427	210	406
	2428	197	388
	2429	204	405
	2430	195	401
	2431	214	405
	2432	195	395
	2433	206	425
	2434	199	400
	2435	208	400
	2436	202	387
	2437	194	402
	2438	201	389
	2439	206	402
	2440	207	398
	2441	203	414
	2442	194	405
	2443	209	408
	2444	197	397
	2445	195	405
	2446	210	392
	2447	198	396
	2448	195	396
	2449	200	406
	2450	192	403
	2451	209	403
	2452	205	399
	2453	198	394
	2454	199	391
	2455	207	400
	2456	197	403
	2457	201	405
	2458	200	405
	2459	207	403
	2460	208	393
	2461	201	409
	2462	197	389
	2463	199	410
	2464	207	448
	2465	201	408
	2466	213	399
	2467	206	413
	2468	199	386
	2469	205	417
	2470	198	406
	2471	203	413
	2472	198	399
	2473	199	407
	2474	216	398
	2475	208	412
	2476	193	395
	2477	207	406
	2478	199	395
	2479	200	394
	2480	201	409
	2481	201	423
	2482	195	399
	2483	187	401
	2484	190	399
	2485	217	404
	2486	189	400
	2487	198	404
	2488	193	394
	2489	198	399
	2490	195	401
	2491	198	405
	2492	190	397
	2493	199	396
	2494	194	395
	2495	206	414
	2496	189	402
	2497	193	397
	2498	198	400
	2499	201	405
	2500	193	393
	2501	196	399
	2502	196	394
	2503	198	408
	2504	208	399
	2505	206	406
	2506	196	398
	2507	206	415
	2508	204	396
	2509	205	409
	2510	197	406
	2511	209	402
	2512	194	396
	2513	206	417
	2514	194	400
	2515	201	400
	2516	205	394
	2517	206	402
	2518	200	400
	2519	207	396
	2520	196	394
	2521	196	400
	2522	189	406
	2523	204	399
	2524	199	405
	2525	203	399
	2526	203	405
	2527	210	396
	2528	192	389
	2529	206	405
	2530	195	392
	2531	208	397
	2532	193	398
	2533	203	394
	2534	189	393
	2535	212	414
	2536	199	397
	2537	221	410
	2538	199	392
	2539	208	409
	2540	197	395
	2541	201	411
	2542	188	399
	2543	203	411
	2544	195	393
	2545	208	402
	2546	202	392
	2547	200	397
	2548	193	408
	2549	204	398
	2550	199	385
	2551	200	393
	2552	191	396
	2553	204	405
	2554	198	389
	2555	201	414
	2556	186	391
	2557	204	403
	2558	198	391
	2559	206	407
	2560	198	390
	2561	199	397
	2562	209	397
	2563	209	402
	2564	197	387
	2565	199	396
	2566	203	396
	2567	203	451
	2568	200	393
	2569	196	406
	2570	195	391
	2571	210	405
	2572	196	392
	2573	196	398
	2574	193	396
	2575	210	410
	2576	192	398
	2577	202	397
	2578	193	400
	2579	201	396
	2580	193	395
	2581	212	405
	2582	195	410
	2583	199	400
	2584	201	395
	2585	199	403
	2586	195	397
	2587	196	408
	2588	190	394
	2589	210	410
	2590	199	389
	2591	209	401
	2592	196	395
	2593	204	396
	2594	199	404
	2595	210	404
	2596	196	395
	2597	202	401
	2598	196	389
	2599	202	396
	2600	192	396
	2601	205	393
	2602	188	384
	2603	208	401
	2604	198	389
	2605	210	404
	2606	193	401
	2607	199	398
	2608	187	399
	2609	209	396
	2610	194	398
	2611	211	400
	2612	195	396
	2613	203	401
	2614	191	389
	2615	217	410
	2616	196	397
	2617	200	404
	2618	193	387
	2619	204	397
	2620	191	395
	2621	199	405
	2622	201	393
	2623	211	399
	2624	192	399
	2625	202	395
	2626	251	387
	2627	195	396
	2628	191	395
	2629	193	396
	2630	210	393
	2631	204	406
	2632	201	393
	2633	207	408
	2634	193	388
	2635	209	400
	2636	196	401
	2637	206	395
	2638	198	392
	2639	207	395
	2640	188	398
	2641	213	414
	2642	198	387
	2643	205	411
	2644	192	398
	2645	205	404
	2646	199	394
	2647	194	407
	2648	195	385
	2649	196	388
	2650	194	401
	2651	203	400
	2652	203	388
	2653	203	404
	2654	198	392
	2655	203	404
	2656	196	399
	2657	205	401
	2658	205	395
	2659	203	403
	2660	196	383
	2661	208	395
	2662	211	388
	2663	210	405
	2664	192	399
	2665	212	404
	2666	195	388
	2667	196	397
	2668	195	394
	2669	200	403
	2670	208	403
	2671	219	412
	2672	186	390
	2673	207	409
	2674	188	405
	2675	199	407
	2676	194	396
	2677	194	407
	2678	186	387
	2679	197	400
	2680	204	396
	2681	197	405
	2682	198	395
	2683	206	404
	2684	187	383
	2685	201	396
	2686	188	390
	2687	203	401
	2688	199	390
	2689	217	390
	2690	203	390
	2691	207	395
	2692	195	397
	2693	203	403
	2694	194	392
	2695	205	395
	2696	200	398
	2697	199	400
	2698	205	391
	2699	210	419
	2700	190	385
	2701	205	399
	2702	198	408
	2703	208	411
	2704	199	398
	2705	207	400
	2706	196	402
	2707	202	398
	2708	201	393
	2709	203	403
	2710	196	393
	2711	211	415
	2712	189	397
	2713	203	408
	2714	198	398
	2715	211	407
	2716	194	395
	2717	206	406
	2718	191	392
	2719	200	413
	2720	189	383
	2721	262	401
	2722	199	396
	2723	209	404
	2724	187	393
	2725	198	410
	2726	239	385
	2727	210	405
	2728	197	399
	2729	197	409
	2730	197	391
	2731	202	410
	2732	194	398
	2733	206	399
	2734	187	400
	2735	215	396
	2736	193	384
	2737	194	404
	2738	202	394
	2739	193	401
	2740	189	404
	2741	205	404
	2742	195	398
	2743	217	402
	2744	204	404
	2745	195	403
	2746	192	395
	2747	213	397
	2748	198	396
	2749	205	401
	2750	196	412
	2751	198	410
	2752	201	393
	2753	207	396
	2754	192	394
	2755	195	399
	2756	202	395
	2757	205	407
	2758	187	392
	2759	199	403
	2760	185	389
	2761	204	400
	2762	192	407
	2763	225	399
	2764	196	402
	2765	201	400
	2766	183	388
	2767	212	403
	2768	186	386
	2769	203	392
	2770	193	394
	2771	210	402
	2772	186	389
	2773	203	406
	2774	191	394
	2775	204	388
	2776	191	395
	2777	201	398
	2778	196	405
	2779	209	397
	2780	192	397
	2781	200	396
	2782	193	386
	2783	255	399
	2784	194	404
	2785	200	407
	2786	206	388
	2787	206	404
	2788	192	397
	2789	206	399
	2790	197	395
	2791	191	399
	2792	198	399
	2793	191	400
	2794	203	399
	2795	220	392
	2796	203	399
	2797	207	401
	2798	193	387
	2799	204	399
	2800	191	397
	2801	200	415
	2802	184	442
	2803	202	411
	2804	190	391
	2805	203	402
	2806	192	393
	2807	199	406
	2808	205	400
	2809	207	396
	2810	187	406
	2811	195	415
	2812	197	405
	2813	206	410
	2814	193	400
	2815	203	391
	2816	191	391
	2817	197	399
	2818	200	398
	2819	207	413
	2820	199	395
	2821	214	400
	2822	191	383
	2823	205	405
	2824	207	386
	2825	200	402
	2826	191	383
	2827	214	400
	2828	208	384
	2829	209	399
	2830	200	389
	2831	246	393
	2832	196	391
	2833	188	402
	2834	195	396
	2835	207	395
	2836	193	404
	2837	199	401
	2838	205	396
	2839	199	407
	2840	200	392
	2841	202	398
	2842	193	394
	2843	207	402
	2844	193	390
	2845	209	408
	2846	201	398
	2847	202	400
	2848	199	395
	2849	203	396
	2850	191	396
	2851	194	403
	2852	191	396
	2853	212	400
	2854	199	397
	2855	204	397
	2856	201	401
	2857	200	399
	2858	185	400
	2859	215	416
	2860	195	393
	2861	218	395
	2862	193	393
	2863	207	399
	2864	189	391
	2865	192	395
	2866	193	395
	2867	205	390
	2868	190	393
	2869	215	408
	2870	206	392
	2871	195	393
	2872	193	393
	2873	201	404
	2874	193	411
	2875	202	408
	2876	189	392
	2877	205	406
	2878	196	402
	2879	195	395
	2880	186	392
	2881	196	392
	2882	199	395
	2883	218	402
	2884	189	388
	2885	202	406
	2886	201	394
	2887	212	393
	2888	193	398
	2889	377	401
	2890	203	392
	2891	203	417
	2892	200	404
	2893	205	405
	2894	200	382
	2895	207	395
	2896	190	400
	2897	185	400
	2898	199	397
	2899	209	410
	2900	191	393
	2901	214	403
	2902	194	401
	2903	198	395
	2904	206	404
	2905	196	405
	2906	191	401
	2907	213	392
	2908	206	393
	2909	204	395
	2910	190	395
	2911	192	435
	2912	190	392
	2913	216	408
	2914	194	422
	2915	196	394
	2916	188	398
	2917	189	400
	2918	204	394
	2919	210	394
	2920	239	395
	2921	206	412
	2922	190	398
	2923	204	398
	2924	204	391
	2925	201	391
	2926	193	396
	2927	199	396
	2928	203	387
	2929	191	408
	2930	200	397
	2931	195	400
	2932	197	389
	2933	211	400
	2934	195	395
	2935	195	395
	2936	185	400
	2937	191	395
	2938	194	395
	2939	203	413
	2940	197	387
	2941	205	389
	2942	189	404
	2943	204	404
	2944	189	408
	2945	199	400
	2946	202	386
	2947	213	398
	2948	191	390
	2949	204	395
	2950	186	401
	2951	198	412
	2952	194	392
	2953	212	404
	2954	192	394
	2955	215	397
	2956	197	390
	2957	207	399
	2958	200	394
	2959	205	404
	2960	202	402
	2961	200	411
	2962	186	395
	2963	196	387
	2964	190	391
	2965	204	403
	2966	202	395
	2967	206	402
	2968	191	401
	2969	202	409
	2970	189	391
	2971	204	392
	2972	194	400
	2973	213	404
	2974	190	399
	2975	204	406
	2976	180	382
	2977	197	400
	2978	189	390
	2979	209	401
	2980	203	395
	2981	207	399
	2982	186	391
	2983	206	397
	2984	191	389
	2985	204	405
	2986	190	392
	2987	208	405
	2988	199	395
	2989	210	394
	2990	190	397
	2991	197	399
	2992	198	394
	2993	198	396
	2994	196	398
	2995	203	392
	2996	188	389
	2997	206	400
	2998	226	394
	2999	215	393
	3000	188	400
	3001	203	400
	3002	189	390
	3003	207	393
	3004	194	405
	3005	201	403
	3006	206	395
	3007	200	406
	3008	192	384
	3009	191	400
	3010	182	397
	3011	204	401
	3012	190	393
	3013	201	392
	3014	186	408
	3015	201	392
	3016	193	388
	3017	201	408
	3018	195	393
	3019	208	400
	3020	192	401
	3021	202	405
	3022	187	403
	3023	200	405
	3024	193	387
	3025	198	407
	3026	186	397
	3027	206	391
	3028	196	394
	3029	206	392
	3030	179	385
	3031	208	413
	3032	192	389
	3033	207	396
	3034	194	389
	3035	197	397
	3036	195	390
	3037	199	393
	3038	196	402
	3039	201	403
	3040	181	393
	3041	194	404
	3042	197	401
	3043	209	398
	3044	192	390
	3045	208	400
	3046	190	386
	3047	191	404
	3048	193	392
	3049	203	404
	3050	211	386
	3051	204	412
	3052	196	399
	3053	199	400
	3054	192	396
	3055	189	401
	3056	210	392
	3057	201	404
	3058	198	396
	3059	205	405
	3060	192	408
	3061	199	404
	3062	195	394
	3063	198	409
	3064	185	393
	3065	200	407
	3066	192	388
	3067	207	399
	3068	200	386
	3069	192	407
	3070	196	393
	3071	209	400
	3072	199	397
	3073	200	386
	3074	199	387
	3075	207	406
	3076	199	390
	3077	193	410
	3078	197	393
	3079	209	399
	3080	200	400
	3081	215	402
	3082	189	384
	3083	212	406
	3084	197	390
	3085	204	399
	3086	195	389
	3087	188	400
	3088	192	390
	3089	202	401
	3090	201	400
	3091	203	406
	3092	211	390
	3093	199	397
	3094	203	403
	3095	208	401
	3096	192	397
	3097	213	402
	3098	191	390
	3099	198	404
	3100	190	390
	3101	205	405
	3102	185	393
	3103	203	393
	3104	196	393
	3105	202	408
	3106	198	401
	3107	202	392
	3108	190	401
	3109	196	399
	3110	194	394
	3111	206	411
	3112	186	402
	3113	199	397
	3114	190	394
	3115	204	397
	3116	201	390
	3117	208	404
	3118	200	398
	3119	196	395
	3120	194	389
	3121	196	394
	3122	197	396
	3123	195	406
	3124	194	385
	3125	198	397
	3126	193	396
	3127	195	398
	3128	195	408
	3129	199	389
	3130	197	403
	3131	209	409
	3132	199	389
	3133	196	399
	3134	191	399
	3135	200	408
	3136	209	389
	3137	199	414
	3138	194	392
	3139	198	405
	3140	199	397
	3141	201	392
	3142	201	393
	3143	192	398
	3144	191	400
	3145	202	395
	3146	233	397
	3147	192	401
	3148	194	396
	3149	204	402
	3150	196	388
	3151	206	408
	3152	195	392
	3153	200	407
	3154	192	401
	3155	193	403
	3156	193	401
	3157	212	400
	3158	195	402
	3159	201	398
	3160	194	400
	3161	198	413
	3162	190	394
	3163	208	400
	3164	196	396
	3165	204	401
	3166	205	402
	3167	212	406
	3168	193	390
	3169	206	407
	3170	196	394
	3171	213	403
	3172	198	390
	3173	205	398
	3174	203	389
	3175	201	402
	3176	198	392
	3177	208	392
	3178	188	390
	3179	201	400
	3180	191	399
	3181	199	399
	3182	198	396
	3183	207	402
	3184	196	395
	3185	253	401
	3186	188	401
	3187	200	404
	3188	191	403
	3189	201	403
	3190	193	399
	3191	215	401
	3192	194	396
	3193	200	399
	3194	187	391
	3195	210	395
	3196	199	398
	3197	207	396
	3198	201	406
	3199	206	392
	3200	205	393
	3201	201	406
	3202	188	397
	3203	198	408
	3204	196	394
	3205	202	412
	3206	190	381
	3207	201	404
	3208	193	383
	3209	201	412
	3210	202	399
	3211	212	409
	3212	195	384
	3213	211	408
	3214	193	396
	3215	209	403
	3216	195	399
	3217	198	404
	3218	203	396
	3219	209	403
	3220	194	399
	3221	201	394
	3222	195	389
	3223	205	467
	3224	194	391
	3225	205	418
	3226	190	384
	3227	192	409
	3228	189	392
	3229	218	408
	3230	194	386
	3231	212	395
	3232	184	397
	3233	203	395
	3234	197	392
	3235	205	407
	3236	197	393
	3237	212	396
	3238	193	393
	3239	197	397
	3240	195	402
	3241	205	439
	3242	191	393
	3243	212	409
	3244	201	386
	3245	209	401
	3246	190	418
	3247	212	397
	3248	192	395
	3249	199	402
	3250	197	386
	3251	204	402
	3252	198	390
	3253	204	393
	3254	191	402
	3255	210	393
	3256	191	392
	3257	203	405
	3258	194	389
	3259	198	395
	3260	199	390
	3261	197	397
	3262	202	395
	3263	203	401
	3264	191	395
	3265	198	404
	3266	178	398
	3267	201	402
	3268	196	396
	3269	206	405
	3270	195	388
	3271	204	399
	3272	197	392
	3273	202	394
	3274	196	396
	3275	206	410
	3276	197	395
	3277	211	400
	3278	191	396
	3279	195	401
	3280	196	394
	3281	201	396
	3282	206	389
	3283	212	409
	3284	196	401
	3285	252	403
	3286	199	387
	3287	207	402
	3288	197	389
	3289	203	411
	3290	191	393
	3291	209	399
	3292	198	393
	3293	212	399
	3294	192	400
	3295	207	399
	3296	206	386
	3297	198	406
	3298	198	398
	3299	200	397
	3300	199	397
	3301	194	399
	3302	195	381
	3303	213	408
	3304	199	393
	3305	202	401
	3306	189	390
	3307	205	392
	3308	198	396
	3309	203	397
	3310	199	397
	3311	204	400
	3312	194	397
	3313	201	404
	3314	199	405
	3315	201	405
	3316	198	390
	3317	196	408
	3318	192	402
	3319	198	401
	3320	194	392
	3321	211	402
	3322	220	389
	3323	209	396
	3324	198	391
	3325	206	397
	3326	193	396
	3327	195	401
	3328	189	399
	3329	194	406
	3330	196	386
	3331	201	403
	3332	196	396
	3333	211	401
	3334	205	394
	3335	205	408
	3336	204	393
	3337	200	409
	3338	194	395
	3339	203	404
	3340	194	400
	3341	198	405
	3342	192	391
	3343	198	410
	3344	193	402
	3345	203	402
	3346	198	416
	3347	224	404
	3348	202	392
	3349	207	401
	3350	188	399
	3351	199	394
	3352	191	404
	3353	201	402
	3354	191	392
	3355	215	402
	3356	193	396
	3357	200	398
	3358	202	385
	3359	204	395
	3360	197	388
	3361	208	399
	3362	207	398
	3363	206	400
	3364	198	409
	3365	200	404
	3366	198	389
	3367	203	412
	3368	197	394
	3369	210	405
	3370	198	395
	3371	210	401
	3372	197	394
	3373	201	408
	3374	200	387
	3375	203	404
	3376	203	401
	3377	202	395
	3378	188	395
	3379	192	399
	3380	202	388
	3381	206	406
	3382	190	397
	3383	210	401
	3384	193	398
	3385	204	399
	3386	192	406
	3387	208	409
	3388	199	388
	3389	201	399
	3390	202	396
	3391	203	394
	3392	190	392
	3393	196	402
	3394	206	391
	3395	196	397
	3396	196	393
	3397	206	399
	3398	193	395
	3399	204	406
	3400	195	404
	3401	209	403
	3402	188	403
	3403	202	397
	3404	196	395
	3405	200	397
	3406	187	399
	3407	208	398
	3408	201	393
	3409	208	404
	3410	194	384
	3411	190	398
	3412	188	384
	3413	210	404
	3414	201	385
	3415	210	395
	3416	195	392
	3417	203	386
	3418	185	389
	3419	207	397
	3420	202	384
	3421	199	402
	3422	198	399
	3423	204	410
	3424	187	395
	3425	199	404
	3426	191	387
	3427	201	397
	3428	191	388
	3429	204	405
	3430	185	398
	3431	209	388
	3432	201	390
	3433	207	404
	3434	193	396
	3435	215	402
	3436	194	388
	3437	199	417
	3438	193	388
	3439	197	400
	3440	198	403
	3441	217	404
	3442	203	393
	3443	200	393
	3444	198	394
	3445	205	396
	3446	194	393
	3447	203	399
	3448	200	388
	3449	205	397
	3450	197	394
	3451	205	409
	3452	191	388
	3453	203	396
	3454	199	397
	3455	211	410
	3456	194	387
	3457	207	397
	3458	194	396
	3459	210	398
	3460	205	394
	3461	194	419
	3462	193	410
	3463	206	414
	3464	185	406
	3465	201	403
	3466	195	395
	3467	206	421
	3468	197	378
	3469	201	398
	3470	196	406
	3471	214	400
	3472	204	463
	3473	203	400
	3474	193	394
	3475	209	387
	3476	194	386
	3477	202	398
	3478	200	437
	3479	207	403
	3480	197	399
	3481	213	398
	3482	193	396
	3483	203	406
	3484	197	392
	3485	194	410
	3486	188	389
	3487	202	400
	3488	206	401
	3489	203	401
	3490	204	390
	3491	202	394
	3492	199	392
	3493	202	402
	3494	202	393
	3495	203	399
	3496	191	394
	3497	208	400
	3498	198	392
	3499	200	406
	3500	197	412
	3501	202	404
	3502	188	398
	3503	202	401
	3504	190	401
	3505	200	406
	3506	204	390
	3507	205	404
	3508	194	388
	3509	203	402
	3510	198	395
	3511	211	402
	3512	196	391
	3513	203	392
	3514	200	390
	3515	210	399
	3516	200	383
	3517	209	402
	3518	191	400
	3519	204	399
	3520	198	389
	3521	200	408
	3522	202	399
	3523	198	401
	3524	187	396
	3525	202	401
	3526	195	397
	3527	209	398
	3528	186	392
	3529	200	399
	3530	187	384
	3531	200	406
	3532	198	394
	3533	199	404
	3534	200	390
	3535	207	398
	3536	194	392
	3537	198	415
	3538	192	395
	3539	200	396
	3540	193	441
	3541	204	394
	3542	195	394
	3543	208	396
	3544	194	387
	3545	197	398
	3546	201	385
	3547	204	402
	3548	194	394
	3549	208	396
	3550	238	440
	3551	207	401
	3552	203	386
	3553	206	400
	3554	196	387
	3555	202	415
	3556	194	400
	3557	204	398
	3558	191	396
	3559	204	416
	3560	195	389
	3561	199	398
	3562	199	395
	3563	209	397
	3564	203	405
	3565	211	399
	3566	194	386
	3567	203	405
	3568	191	389
	3569	199	412
	3570	201	386
	3571	208	413
	3572	193	389
	3573	200	407
	3574	196	386
	3575	197	401
	3576	190	390
	3577	200	405
	3578	191	390
	3579	206	415
	3580	197	389
	3581	201	404
	3582	202	406
	3583	244	398
	3584	186	389
	3585	207	400
	3586	204	400
	3587	205	402
	3588	198	385
	3589	208	404
	3590	205	399
	3591	198	404
	3592	203	389
	3593	218	404
	3594	197	395
	3595	198	395
	3596	186	409
	3597	204	400
	3598	198	393
	3599	212	403
	3600	203	388
	3601	205	392
	3602	189	396
	3603	203	396
	3604	195	386
	3605	206	395
	3606	195	382
	3607	202	401
	3608	192	387
	3609	200	402
	3610	195	397
	3611	213	413
	3612	198	400
	3613	195	403
	3614	191	400
	3615	198	392
	3616	195	393
	3617	211	392
	3618	192	402
	3619	214	402
	3620	189	391
	3621	202	405
	3622	191	388
	3623	196	404
	3624	196	387
	3625	200	405
	3626	196	391
	3627	212	395
	3628	190	391
	3629	214	394
	3630	200	391
	3631	200	394
	3632	206	392
	3633	206	395
	3634	195	404
	3635	212	410
	3636	213	394
	3637	212	398
	3638	203	401
	3639	205	404
	3640	198	380
	3641	208	401
	3642	183	384
	3643	200	399
	3644	194	386
	3645	203	402
	3646	194	390
	3647	192	394
	3648	185	391
	3649	208	394
	3650	190	393
	3651	208	407
	3652	197	400
	3653	195	399
	3654	198	393
	3655	193	398
	3656	193	407
	3657	207	389
	3658	191	384
	3659	202	395
	3660	197	403
	3661	201	397
	3662	193	400
	3663	213	402
	3664	192	392
	3665	205	394
	3666	201	394
	3667	230	411
	3668	185	399
	3669	201	406
	3670	195	390
	3671	207	404
	3672	194	392
	3673	201	398
	3674	182	385
	3675	195	396
	3676	191	398
	3677	194	403
	3678	202	392
	3679	203	400
	3680	197	395
	3681	203	405
	3682	199	395
	3683	207	398
	3684	191	387
	3685	200	399
	3686	195	387
	3687	198	388
	3688	197	395
	3689	205	397
	3690	191	396
	3691	199	404
	3692	204	400
	3693	198	411
	3694	186	390
	3695	200	408
	3696	202	393
	3697	216	402
	3698	186	393
	3699	215	404
	3700	240	386
	3701	204	393
	3702	183	400
	3703	204	401
	3704	199	404
	3705	208	386
	3706	191	384
	3707	210	399
	3708	195	386
	3709	196	410
	3710	193	389
	3711	207	408
	3712	193	387
	3713	208	394
	3714	189	391
	3715	188	391
	3716	192	381
	3717	200	395
	3718	189	384
	3719	192	395
	3720	190	398
	3721	191	393
	3722	187	386
	3723	191	388
