	0	18	38
	1	18	38
	2	15	38
	3	18	39
	4	19	38
	5	18	39
	6	18	39
	7	18	37
	8	17	40
	9	17	40
	10	16	39
	11	17	39
	12	18	40
	13	18	42
	14	17	40
	15	19	40
	16	15	39
	17	16	40
	18	18	39
	19	16	39
	20	16	36
	21	15	36
	22	16	36
	23	19	39
	24	17	37
	25	17	38
	26	19	41
	27	20	39
	28	20	39
	29	19	43
	30	21	41
	31	23	42
	32	18	40
	33	18	43
	34	21	41
	35	21	44
	36	20	41
	37	21	41
	38	21	42
	39	20	42
	40	20	44
	41	19	43
	42	24	41
	43	21	41
	44	19	41
	45	22	42
	46	19	43
	47	20	42
	48	19	40
	49	19	42
	50	17	40
	51	22	44
	52	21	41
	53	23	43
	54	24	39
	55	19	43
	56	18	43
	57	23	42
	58	21	45
	59	22	44
	60	20	44
	61	20	42
	62	21	44
	63	24	42
	64	21	44
	65	20	44
	66	21	41
	67	22	39
	68	22	43
	69	22	43
	70	20	40
	71	21	44
	72	17	44
	73	22	45
	74	17	41
	75	21	45
	76	21	43
	77	22	44
	78	22	43
	79	24	44
	80	20	45
	81	22	43
	82	21	44
	83	22	44
	84	26	40
	85	20	41
	86	22	42
	87	23	44
	88	21	42
	89	25	43
	90	21	41
	91	24	43
	92	22	42
	93	22	44
	94	19	45
	95	24	40
	96	20	48
	97	23	41
	98	25	45
	99	20	41
	100	18	43
	101	22	42
	102	24	41
	103	19	44
	104	23	42
	105	22	43
	106	20	45
	107	23	43
	108	20	42
	109	26	50
	110	21	43
	111	24	44
	112	25	43
	113	22	42
	114	23	43
	115	28	45
	116	21	41
	117	25	43
	118	23	43
	119	23	43
	120	21	41
	121	22	44
	122	22	42
	123	26	45
	124	24	41
	125	21	44
	126	22	44
	127	25	41
	128	22	42
	129	23	42
	130	19	43
	131	19	43
	132	21	42
	133	22	42
	134	22	42
	135	25	44
	136	30	41
	137	25	46
	138	24	45
	139	22	43
	140	24	42
	141	27	43
	142	26	43
	143	27	43
	144	20	42
	145	21	42
	146	23	43
	147	21	42
	148	24	45
	149	23	44
	150	23	43
	151	25	41
	152	23	41
	153	23	41
	154	23	42
	155	23	45
	156	24	42
	157	26	41
	158	21	42
	159	24	47
	160	23	40
	161	22	44
	162	22	42
	163	24	44
	164	25	42
	165	22	42
	166	24	43
	167	21	45
	168	22	44
	169	25	43
	170	22	43
	171	22	42
	172	20	44
	173	24	43
	174	23	42
	175	21	43
	176	24	40
	177	23	46
	178	23	45
	179	23	43
	180	23	42
	181	21	43
	182	24	43
	183	21	44
	184	22	45
	185	23	45
	186	19	44
	187	24	44
	188	24	45
	189	23	41
	190	24	42
	191	21	45
	192	24	41
	193	26	43
	194	20	42
	195	23	44
	196	25	42
	197	23	42
	198	23	45
	199	24	43
	200	22	43
	201	27	44
	202	23	42
	203	25	45
	204	21	40
	205	25	44
	206	23	44
	207	24	43
	208	25	43
	209	25	43
	210	22	44
	211	22	46
	212	20	42
	213	27	43
	214	23	42
	215	25	42
	216	24	41
	217	25	45
	218	24	44
	219	23	51
	220	21	44
	221	22	44
	222	21	41
	223	26	47
	224	24	45
	225	22	43
	226	23	44
	227	22	42
	228	20	44
	229	25	44
	230	25	44
	231	24	44
	232	23	44
	233	21	42
	234	24	41
	235	26	44
	236	23	44
	237	23	42
	238	23	43
	239	22	44
	240	24	42
	241	23	41
	242	24	44
	243	22	45
	244	23	43
	245	22	43
	246	20	44
	247	23	48
	248	23	41
	249	23	45
	250	22	42
	251	24	45
	252	25	42
	253	23	44
	254	24	43
	255	28	45
	256	23	42
	257	25	44
	258	26	46
	259	23	44
	260	23	45
	261	23	43
	262	20	46
	263	24	46
	264	23	40
	265	23	45
	266	22	44
	267	25	43
	268	23	44
	269	24	43
	270	22	43
	271	24	45
	272	22	44
	273	24	42
	274	25	43
	275	24	43
	276	22	44
	277	23	42
	278	20	43
	279	23	39
	280	23	41
	281	21	43
	282	21	42
	283	24	42
	284	22	39
	285	25	42
	286	22	43
	287	23	43
	288	23	45
	289	22	42
	290	27	42
	291	23	40
	292	23	47
	293	24	42
	294	23	45
	295	24	46
	296	24	44
	297	24	44
	298	29	41
	299	26	43
	300	22	44
	301	24	43
	302	22	44
	303	25	46
	304	22	44
	305	26	42
	306	21	41
	307	26	45
	308	23	43
	309	24	44
	310	23	42
	311	23	42
	312	25	43
	313	23	43
	314	23	42
	315	24	43
	316	25	40
	317	26	46
	318	25	43
	319	23	44
	320	26	43
	321	25	45
	322	25	44
	323	22	43
	324	25	41
	325	25	44
	326	24	42
	327	26	43
	328	21	42
	329	23	42
	330	23	43
	331	29	45
	332	26	41
	333	25	46
	334	24	43
	335	25	41
	336	21	42
	337	24	46
	338	26	42
	339	27	42
	340	20	43
	341	24	42
	342	21	43
	343	25	44
	344	22	42
	345	25	40
	346	25	47
	347	27	43
	348	23	42
	349	26	43
	350	23	41
	351	24	44
	352	25	43
	353	25	44
	354	22	42
	355	25	42
	356	23	43
	357	21	47
	358	24	43
	359	25	43
	360	26	43
	361	25	45
	362	23	43
	363	26	43
	364	26	43
	365	25	44
	366	26	44
	367	25	45
	368	23	44
	369	24	42
	370	26	42
	371	26	43
	372	25	44
	373	27	44
	374	25	43
	375	24	45
	376	27	40
	377	28	41
	378	25	43
	379	26	43
	380	26	43
	381	27	43
	382	23	42
	383	26	44
	384	23	45
	385	27	43
	386	28	43
	387	26	42
	388	27	42
	389	29	45
	390	26	41
	391	28	44
	392	24	42
	393	27	45
	394	24	43
	395	27	46
	396	27	42
	397	28	46
	398	28	45
	399	28	48
	400	26	46
	401	27	42
	402	29	42
	403	27	42
	404	28	43
	405	32	42
	406	27	45
	407	28	43
	408	28	42
	409	28	44
	410	27	43
	411	29	46
	412	29	43
	413	27	45
	414	29	45
	415	26	46
	416	27	41
	417	30	44
	418	28	42
	419	30	42
	420	29	42
	421	32	45
	422	31	43
	423	30	43
	424	32	45
	425	30	45
	426	28	45
	427	25	47
	428	27	42
	429	27	46
	430	32	44
	431	32	48
	432	29	43
	433	28	45
	434	30	46
	435	26	45
	436	30	40
	437	31	43
	438	30	42
	439	30	44
	440	33	46
	441	28	44
	442	29	42
	443	32	46
	444	32	40
	445	31	44
	446	29	45
	447	31	42
	448	30	45
	449	31	43
	450	32	44
	451	34	47
	452	40	44
	453	31	44
	454	33	43
	455	34	45
	456	33	46
	457	31	43
	458	31	44
	459	35	44
	460	31	45
	461	35	45
	462	32	45
	463	34	47
	464	34	44
	465	35	46
	466	36	42
	467	35	44
	468	33	39
	469	36	43
	470	34	43
	471	36	47
	472	35	42
	473	35	44
	474	34	39
	475	36	47
	476	36	46
	477	37	48
	478	36	47
	479	39	46
	480	36	44
	481	35	45
	482	36	43
	483	39	43
	484	34	44
	485	37	44
	486	38	48
	487	40	44
	488	34	41
	489	39	45
	490	41	43
	491	39	45
	492	39	44
	493	39	42
	494	38	44
	495	40	46
	496	40	42
	497	43	44
	498	39	41
	499	40	46
	500	41	44
	501	40	45
	502	40	42
	503	42	45
	504	41	45
	505	41	47
	506	42	46
	507	40	47
	508	39	44
	509	43	45
	510	41	47
	511	43	45
	512	44	44
	513	43	47
	514	43	46
	515	44	47
	516	41	47
	517	46	50
	518	42	44
	519	44	44
	520	44	45
	521	46	49
	522	44	42
	523	43	49
	524	44	45
	525	45	47
	526	46	46
	527	47	49
	528	47	45
	529	47	45
	530	44	44
	531	46	46
	532	45	44
	533	50	46
	534	48	46
	535	49	47
	536	49	47
	537	50	45
	538	48	44
	539	50	45
	540	48	48
	541	51	46
	542	50	45
	543	50	48
	544	51	48
	545	49	46
	546	51	45
	547	51	46
	548	53	45
	549	53	46
	550	52	47
	551	49	46
	552	49	47
	553	52	46
	554	52	46
	555	54	49
	556	52	46
	557	57	50
	558	55	44
	559	56	46
	560	57	47
	561	59	49
	562	56	45
	563	56	46
	564	56	45
	565	60	44
	566	57	46
	567	62	48
	568	59	46
	569	60	49
	570	58	48
	571	61	47
	572	60	43
	573	57	46
	574	57	45
	575	58	48
	576	60	45
	577	59	50
	578	60	46
	579	62	45
	580	61	45
	581	65	48
	582	61	48
	583	62	49
	584	60	49
	585	65	48
	586	67	48
	587	68	48
	588	65	48
	589	66	51
	590	67	46
	591	68	47
	592	69	46
	593	68	47
	594	68	46
	595	69	48
	596	68	48
	597	66	48
	598	70	47
	599	73	47
	600	74	46
	601	71	48
	602	70	47
	603	73	48
	604	69	51
	605	72	48
	606	76	46
	607	73	52
	608	71	49
	609	76	47
	610	76	48
	611	75	48
	612	75	52
	613	77	49
	614	77	46
	615	80	51
	616	72	45
	617	77	48
	618	77	48
	619	79	50
	620	77	48
	621	78	49
	622	79	51
	623	78	52
	624	78	47
	625	80	51
	626	80	47
	627	81	48
	628	82	47
	629	82	50
	630	81	51
	631	82	50
	632	83	51
	633	83	48
	634	83	49
	635	87	50
	636	84	50
	637	84	52
	638	85	51
	639	83	54
	640	86	48
	641	83	47
	642	85	51
	643	90	52
	644	84	53
	645	88	53
	646	90	50
	647	87	52
	648	88	50
	649	88	51
	650	89	51
	651	93	52
	652	92	51
	653	90	51
	654	92	52
	655	90	49
	656	92	50
	657	93	51
	658	91	50
	659	91	52
	660	94	52
	661	94	55
	662	91	46
	663	94	53
	664	92	53
	665	93	53
	666	96	52
	667	94	52
	668	95	53
	669	94	53
	670	96	53
	671	95	52
	672	100	52
	673	98	55
	674	98	56
	675	97	52
	676	96	52
	677	100	54
	678	101	52
	679	101	55
	680	99	52
	681	98	56
	682	101	51
	683	101	55
	684	102	53
	685	103	55
	686	101	54
	687	106	55
	688	104	50
	689	102	51
	690	106	50
	691	106	50
	692	104	55
	693	108	55
	694	102	57
	695	108	53
	696	102	50
	697	106	56
	698	105	54
	699	109	56
	700	106	54
	701	107	52
	702	108	54
	703	104	53
	704	108	54
	705	106	50
	706	108	54
	707	111	54
	708	116	52
	709	109	57
	710	110	53
	711	113	55
	712	111	56
	713	112	53
	714	108	55
	715	112	55
	716	110	53
	717	111	54
	718	113	56
	719	115	53
	720	111	54
	721	114	54
	722	113	55
	723	115	55
	724	116	57
	725	116	53
	726	118	53
	727	110	56
	728	117	55
	729	116	58
	730	116	55
	731	114	57
	732	118	51
	733	117	55
	734	117	54
	735	115	55
	736	115	57
	737	118	54
	738	116	55
	739	117	59
	740	116	54
	741	111	55
	742	116	53
	743	114	56
	744	118	56
	745	118	56
	746	117	57
	747	118	53
	748	117	53
	749	118	57
	750	116	55
	751	118	57
	752	118	54
	753	115	58
	754	115	52
	755	115	55
	756	115	55
	757	120	56
	758	116	55
	759	117	54
	760	115	54
	761	113	55
	762	116	57
	763	120	57
	764	114	55
	765	115	53
	766	116	54
	767	117	57
	768	118	56
	769	118	56
	770	116	52
	771	119	55
	772	118	56
	773	117	55
	774	115	55
	775	118	56
	776	123	51
	777	115	56
	778	116	56
	779	117	57
	780	114	54
	781	118	53
	782	118	53
	783	116	56
	784	114	57
	785	118	55
	786	116	55
	787	113	53
	788	117	51
	789	116	57
	790	117	52
	791	120	56
	792	113	54
	793	113	57
	794	114	55
	795	113	54
	796	115	55
	797	115	54
	798	114	54
	799	117	53
	800	119	54
	801	113	52
	802	113	52
	803	112	61
	804	111	53
	805	113	51
	806	111	55
	807	115	57
	808	111	58
	809	111	53
	810	112	51
	811	112	56
	812	109	55
	813	110	49
	814	106	53
	815	110	51
	816	110	51
	817	108	52
	818	108	49
	819	115	53
	820	108	51
	821	106	54
	822	111	51
	823	110	54
	824	107	51
	825	105	50
	826	103	54
	827	107	52
	828	106	51
	829	105	53
	830	103	52
	831	107	52
	832	102	52
	833	105	51
	834	106	50
	835	102	51
	836	105	52
	837	103	50
	838	100	52
	839	100	50
	840	101	48
	841	101	54
	842	102	50
	843	104	51
	844	103	52
	845	100	50
	846	102	51
	847	100	49
	848	99	50
	849	102	52
	850	100	48
	851	98	49
	852	99	52
	853	99	53
	854	98	50
	855	100	52
	856	92	48
	857	97	48
	858	98	51
	859	97	52
	860	96	52
	861	99	51
	862	96	50
	863	98	50
	864	92	52
	865	96	49
	866	96	53
	867	99	53
	868	95	51
	869	96	52
	870	93	51
	871	93	50
	872	91	49
	873	95	51
	874	90	49
	875	93	51
	876	94	51
	877	95	52
	878	95	47
	879	91	51
	880	93	51
	881	89	49
	882	93	49
	883	93	52
	884	92	49
	885	94	47
	886	85	48
	887	93	51
	888	91	48
	889	89	49
	890	90	49
	891	86	48
	892	90	50
	893	89	50
	894	87	48
	895	90	51
	896	90	54
	897	93	49
	898	86	48
	899	89	45
	900	85	51
	901	90	47
	902	86	49
	903	85	48
	904	84	47
	905	88	51
	906	86	49
	907	87	48
	908	86	47
	909	83	50
	910	80	49
	911	83	48
	912	81	45
	913	81	49
	914	80	49
	915	82	47
	916	80	50
	917	81	47
	918	80	50
	919	82	49
	920	81	48
	921	79	46
	922	82	47
	923	82	50
	924	80	44
	925	78	49
	926	78	45
	927	80	50
	928	75	49
	929	78	47
	930	76	51
	931	77	49
	932	72	48
	933	75	48
	934	73	47
	935	76	48
	936	77	43
	937	73	47
	938	69	47
	939	72	47
	940	73	46
	941	74	49
	942	70	45
	943	70	49
	944	71	47
	945	72	49
	946	69	43
	947	74	49
	948	70	41
	949	71	47
	950	71	53
	951	68	46
	952	73	49
	953	69	44
	954	68	42
	955	68	48
	956	69	47
	957	70	46
	958	66	45
	959	67	46
	960	64	46
	961	69	48
	962	66	46
	963	63	46
	964	61	44
	965	64	48
	966	62	47
	967	62	47
	968	63	45
	969	65	47
	970	66	47
	971	59	46
	972	61	49
	973	60	45
	974	63	45
	975	60	44
	976	59	47
	977	56	44
	978	54	46
	979	59	44
	980	57	46
	981	58	48
	982	58	45
	983	57	46
	984	53	47
	985	57	45
	986	55	45
	987	53	46
	988	55	44
	989	56	50
	990	55	45
	991	53	46
	992	51	45
	993	52	48
	994	52	44
	995	51	45
	996	49	46
	997	53	45
	998	52	43
	999	47	45
	1000	52	43
	1001	50	45
	1002	50	45
	1003	48	44
	1004	51	43
	1005	49	46
	1006	50	44
	1007	47	45
	1008	48	43
	1009	49	45
	1010	46	43
	1011	47	43
	1012	46	44
	1013	47	45
	1014	50	45
	1015	49	45
	1016	46	45
	1017	44	43
	1018	47	43
	1019	47	43
	1020	46	43
	1021	47	47
	1022	44	44
	1023	49	43
	1024	43	44
	1025	45	43
	1026	46	46
	1027	47	45
	1028	46	40
	1029	46	45
	1030	43	41
	1031	48	47
	1032	45	42
	1033	47	42
	1034	41	45
	1035	45	44
	1036	45	41
	1037	46	46
	1038	45	44
	1039	45	42
	1040	43	42
	1041	44	42
	1042	43	43
	1043	43	43
	1044	39	48
	1045	45	45
	1046	44	45
	1047	44	42
	1048	47	43
	1049	42	45
	1050	42	42
	1051	45	43
	1052	44	44
	1053	42	43
	1054	45	41
	1055	42	50
	1056	39	44
	1057	46	43
	1058	43	45
	1059	45	47
	1060	42	44
	1061	42	45
	1062	40	41
	1063	44	44
	1064	43	45
	1065	42	44
	1066	44	45
	1067	43	45
	1068	43	44
	1069	43	46
	1070	42	44
	1071	40	43
	1072	41	41
	1073	44	43
	1074	41	40
	1075	43	44
	1076	39	43
	1077	45	44
	1078	41	45
	1079	42	43
	1080	42	42
	1081	39	43
	1082	42	41
	1083	39	42
	1084	41	43
	1085	43	43
	1086	41	45
	1087	40	42
	1088	40	41
	1089	41	42
	1090	41	43
	1091	42	45
	1092	39	41
	1093	40	44
	1094	41	42
	1095	41	44
	1096	40	47
	1097	40	43
	1098	37	44
	1099	40	43
	1100	41	45
	1101	40	45
	1102	36	41
	1103	39	41
	1104	37	43
	1105	40	43
	1106	40	43
	1107	40	42
	1108	39	42
	1109	42	42
	1110	42	47
	1111	39	45
	1112	41	44
	1113	42	41
	1114	39	42
	1115	39	43
	1116	40	44
	1117	39	41
	1118	41	43
	1119	39	42
	1120	40	43
	1121	41	47
	1122	34	42
	1123	38	44
	1124	40	43
	1125	39	45
	1126	40	45
	1127	38	44
	1128	37	44
	1129	39	46
	1130	44	47
	1131	41	45
	1132	39	46
	1133	39	45
	1134	39	42
	1135	39	43
	1136	41	48
	1137	41	39
	1138	37	43
	1139	39	46
	1140	44	42
	1141	38	42
	1142	38	42
	1143	40	41
	1144	35	42
	1145	40	42
	1146	40	42
	1147	40	44
	1148	38	42
	1149	36	43
	1150	38	43
	1151	42	44
	1152	36	42
	1153	37	41
	1154	39	42
	1155	40	44
	1156	36	43
	1157	36	41
	1158	38	45
	1159	38	42
	1160	39	44
	1161	39	46
	1162	39	41
	1163	37	43
	1164	38	44
	1165	39	42
	1166	38	40
	1167	37	40
	1168	37	45
	1169	39	43
	1170	39	43
	1171	40	44
	1172	37	43
	1173	36	40
	1174	37	43
	1175	37	48
	1176	38	42
	1177	40	42
	1178	38	40
	1179	41	42
	1180	41	42
	1181	39	44
	1182	40	42
	1183	39	43
	1184	39	44
	1185	41	42
	1186	36	45
	1187	39	43
	1188	38	45
	1189	37	46
	1190	39	43
	1191	34	43
	1192	38	43
	1193	36	43
	1194	36	42
	1195	41	44
	1196	38	42
	1197	36	44
	1198	39	42
	1199	38	44
	1200	39	39
	1201	38	42
	1202	37	42
	1203	38	43
	1204	40	43
	1205	38	39
	1206	37	40
	1207	37	44
	1208	38	40
	1209	37	41
	1210	36	42
	1211	40	40
	1212	36	40
	1213	38	40
	1214	35	41
	1215	40	44
	1216	34	40
	1217	38	43
	1218	37	40
	1219	39	41
	1220	36	42
	1221	38	45
	1222	37	40
	1223	37	41
	1224	38	46
	1225	40	41
	1226	36	44
	1227	36	40
	1228	36	42
	1229	37	46
	1230	36	44
	1231	38	42
	1232	33	41
	1233	37	40
	1234	33	43
	1235	36	44
	1236	36	41
	1237	38	44
	1238	38	43
	1239	36	42
	1240	34	42
	1241	35	42
	1242	37	42
	1243	36	39
	1244	37	41
	1245	36	44
	1246	34	43
	1247	35	43
	1248	38	42
	1249	39	43
	1250	36	43
	1251	38	41
	1252	40	44
	1253	35	44
	1254	37	40
	1255	38	44
	1256	37	42
	1257	36	42
	1258	38	44
	1259	37	43
	1260	38	44
	1261	37	42
	1262	38	44
	1263	36	41
	1264	35	40
	1265	39	42
	1266	43	42
	1267	44	43
	1268	36	39
	1269	38	40
	1270	36	42
	1271	35	45
	1272	35	46
	1273	36	41
	1274	37	46
	1275	36	47
	1276	35	43
	1277	38	39
	1278	37	44
	1279	36	42
	1280	36	42
	1281	38	43
	1282	36	41
	1283	38	41
	1284	35	44
	1285	34	44
	1286	36	42
	1287	37	44
	1288	38	40
	1289	34	43
	1290	34	40
	1291	38	42
	1292	35	41
	1293	37	43
	1294	35	42
	1295	37	43
	1296	37	42
	1297	38	40
	1298	34	42
	1299	36	44
	1300	35	44
	1301	36	44
	1302	37	39
	1303	37	43
	1304	36	42
	1305	34	42
	1306	34	44
	1307	35	44
	1308	33	41
	1309	33	42
	1310	33	41
	1311	35	42
	1312	31	40
	1313	35	42
	1314	36	43
	1315	40	41
	1316	36	45
	1317	34	43
	1318	34	43
	1319	38	43
	1320	35	43
	1321	34	45
	1322	36	43
	1323	35	44
	1324	34	41
	1325	36	43
	1326	34	42
	1327	36	43
	1328	34	46
	1329	35	42
	1330	37	43
	1331	36	43
	1332	31	42
	1333	36	41
	1334	33	43
	1335	35	41
	1336	33	41
	1337	35	43
	1338	33	44
	1339	34	43
	1340	35	42
	1341	36	44
	1342	34	43
	1343	37	43
	1344	30	42
	1345	33	44
	1346	34	42
	1347	31	46
	1348	34	43
	1349	35	44
	1350	34	43
	1351	31	41
	1352	31	43
	1353	34	42
	1354	34	43
	1355	38	44
	1356	34	41
	1357	33	41
	1358	34	43
	1359	34	43
	1360	34	40
	1361	38	41
	1362	29	42
	1363	32	42
	1364	31	45
	1365	34	42
	1366	35	41
	1367	33	45
	1368	30	44
	1369	34	43
	1370	33	43
	1371	36	40
	1372	37	42
	1373	33	41
	1374	34	42
	1375	35	43
	1376	34	42
	1377	35	43
	1378	30	41
	1379	34	43
	1380	34	41
	1381	40	44
	1382	32	42
	1383	31	43
	1384	33	43
	1385	32	43
	1386	31	41
	1387	32	38
	1388	32	41
	1389	35	40
	1390	30	43
	1391	33	46
	1392	31	39
	1393	33	43
	1394	32	41
	1395	32	43
	1396	31	43
	1397	33	42
	1398	30	42
	1399	32	41
	1400	32	43
	1401	31	43
	1402	31	43
	1403	35	44
	1404	31	43
	1405	30	40
	1406	29	39
	1407	32	41
	1408	33	38
	1409	35	44
	1410	32	44
	1411	35	41
	1412	33	46
	1413	34	43
	1414	35	41
	1415	33	43
	1416	32	41
	1417	32	42
	1418	32	42
	1419	35	43
	1420	33	41
	1421	31	41
	1422	31	42
	1423	34	39
	1424	30	43
	1425	33	40
	1426	30	40
	1427	31	42
	1428	32	42
	1429	28	41
	1430	32	41
	1431	31	41
	1432	32	41
	1433	32	41
	1434	31	42
	1435	30	42
	1436	29	42
	1437	32	39
	1438	30	45
	1439	31	42
	1440	31	42
	1441	32	43
	1442	31	41
	1443	31	41
	1444	31	41
	1445	32	43
	1446	31	42
	1447	32	42
	1448	31	42
	1449	31	42
	1450	31	43
	1451	29	43
	1452	31	42
	1453	32	41
	1454	32	44
	1455	31	43
	1456	28	43
	1457	32	41
	1458	32	43
	1459	33	44
	1460	29	41
	1461	30	42
	1462	28	43
	1463	31	44
	1464	31	40
	1465	34	44
	1466	32	44
	1467	31	44
	1468	28	44
	1469	29	42
	1470	29	40
	1471	29	43
	1472	32	44
	1473	28	43
	1474	32	42
	1475	29	41
	1476	30	45
	1477	29	41
	1478	30	41
	1479	30	41
	1480	28	40
	1481	31	42
	1482	29	42
	1483	28	43
	1484	28	41
	1485	29	41
	1486	30	40
	1487	33	43
	1488	30	40
	1489	31	43
	1490	27	43
	1491	30	39
	1492	31	42
	1493	30	44
	1494	27	44
	1495	27	42
	1496	29	38
	1497	29	44
	1498	31	40
	1499	31	40
	1500	28	40
	1501	28	43
	1502	28	39
	1503	30	42
	1504	30	41
	1505	31	43
	1506	29	39
	1507	31	44
	1508	27	42
	1509	31	45
	1510	27	42
	1511	33	41
	1512	32	40
	1513	30	41
	1514	28	42
	1515	28	44
	1516	26	42
	1517	31	42
	1518	30	41
	1519	29	43
	1520	31	40
	1521	27	41
	1522	29	41
	1523	30	39
	1524	29	42
	1525	29	39
	1526	28	39
	1527	29	42
	1528	30	41
	1529	27	39
	1530	30	44
	1531	37	43
	1532	27	42
	1533	30	42
	1534	26	37
	1535	30	43
	1536	26	41
	1537	29	40
	1538	27	41
	1539	28	45
	1540	28	41
	1541	26	44
	1542	27	42
	1543	32	44
	1544	30	43
	1545	31	42
	1546	27	41
	1547	29	41
	1548	27	43
	1549	30	40
	1550	29	39
	1551	28	43
	1552	27	42
	1553	30	43
	1554	26	39
	1555	29	41
	1556	30	43
	1557	30	45
	1558	29	48
	1559	30	43
	1560	29	39
	1561	33	40
	1562	32	42
	1563	31	45
	1564	32	43
	1565	35	43
	1566	35	40
	1567	37	42
	1568	30	41
	1569	36	43
	1570	38	46
	1571	36	52
	1572	34	40
	1573	33	43
	1574	33	45
	1575	34	43
	1576	36	46
	1577	38	42
	1578	37	45
	1579	40	44
	1580	37	43
	1581	38	43
	1582	38	42
	1583	38	43
	1584	40	42
	1585	41	46
	1586	38	43
	1587	39	42
	1588	36	43
	1589	38	45
	1590	39	42
	1591	38	42
	1592	36	44
	1593	36	42
	1594	36	41
	1595	39	46
	1596	36	43
	1597	42	44
	1598	36	43
	1599	38	47
	1600	40	44
	1601	39	45
	1602	34	44
	1603	38	41
	1604	39	44
	1605	36	46
	1606	35	42
	1607	36	46
	1608	38	45
	1609	40	43
	1610	36	42
	1611	39	46
	1612	37	45
	1613	41	44
	1614	35	41
	1615	37	44
	1616	39	42
	1617	36	42
	1618	38	41
	1619	35	46
	1620	36	40
	1621	37	46
	1622	38	43
	1623	38	46
	1624	37	44
	1625	36	43
	1626	36	45
	1627	36	43
	1628	37	43
	1629	39	42
	1630	35	43
	1631	34	46
	1632	36	44
	1633	37	44
	1634	36	45
	1635	39	45
	1636	37	43
	1637	37	48
	1638	36	45
	1639	35	44
	1640	37	43
	1641	37	45
	1642	35	41
	1643	40	44
	1644	35	41
	1645	37	44
	1646	42	42
	1647	37	45
	1648	36	44
	1649	37	45
	1650	36	44
	1651	36	44
	1652	36	40
	1653	37	46
	1654	35	43
	1655	39	42
	1656	38	41
	1657	37	44
	1658	35	41
	1659	36	44
	1660	34	42
	1661	37	45
	1662	36	46
	1663	41	42
	1664	34	46
	1665	34	43
	1666	39	42
	1667	36	46
	1668	37	41
	1669	33	43
	1670	36	44
	1671	37	42
	1672	32	45
	1673	40	43
	1674	35	39
	1675	35	41
	1676	38	39
	1677	37	45
	1678	36	41
	1679	36	45
	1680	35	42
	1681	35	45
	1682	38	43
	1683	35	45
	1684	36	43
	1685	35	40
	1686	35	43
	1687	36	45
	1688	33	44
	1689	33	43
	1690	31	41
	1691	30	45
	1692	25	42
	1693	29	47
	1694	33	42
	1695	32	43
	1696	30	42
	1697	28	45
	1698	28	40
	1699	28	44
	1700	27	41
	1701	26	42
	1702	26	41
	1703	28	42
	1704	25	43
	1705	29	43
	1706	25	42
	1707	26	39
	1708	27	43
	1709	23	40
	1710	25	38
	1711	24	40
	1712	22	41
	1713	24	42
	1714	25	39
	1715	29	40
	1716	27	42
	1717	21	39
	1718	24	41
	1719	22	43
	1720	25	39
	1721	27	44
	1722	23	40
	1723	24	42
	1724	22	42
	1725	23	43
	1726	30	40
	1727	24	43
	1728	26	42
	1729	25	43
	1730	27	43
	1731	26	43
	1732	24	41
	1733	24	42
	1734	24	42
	1735	25	41
	1736	23	41
	1737	22	43
	1738	25	40
	1739	24	41
	1740	26	41
	1741	24	41
	1742	21	38
	1743	25	40
	1744	26	39
	1745	23	43
	1746	25	42
	1747	26	42
	1748	23	43
	1749	25	39
	1750	26	42
	1751	24	43
	1752	22	40
	1753	23	43
	1754	22	42
	1755	27	40
	1756	25	41
	1757	25	38
	1758	23	42
	1759	24	43
	1760	24	44
	1761	23	42
	1762	25	42
	1763	22	41
	1764	21	38
	1765	25	42
	1766	23	40
	1767	23	46
	1768	23	41
	1769	24	41
	1770	23	37
	1771	22	42
	1772	23	38
	1773	25	40
	1774	23	42
	1775	21	42
	1776	22	39
	1777	25	41
	1778	25	40
	1779	24	41
	1780	25	41
	1781	21	42
	1782	24	42
	1783	25	40
	1784	22	39
	1785	25	43
	1786	22	40
	1787	25	41
	1788	26	41
	1789	25	42
	1790	25	41
	1791	25	44
	1792	22	40
	1793	22	40
	1794	23	41
	1795	24	42
	1796	24	42
	1797	23	41
	1798	22	40
	1799	24	42
	1800	21	41
	1801	22	44
	1802	22	39
	1803	25	39
	1804	23	38
	1805	22	41
	1806	24	41
	1807	25	43
	1808	24	42
	1809	21	40
	1810	22	41
	1811	23	40
	1812	22	39
	1813	22	41
	1814	20	39
	1815	23	40
	1816	22	40
	1817	25	42
	1818	22	41
	1819	25	40
	1820	24	41
	1821	23	43
	1822	22	41
	1823	23	41
	1824	21	42
	1825	21	43
	1826	23	43
	1827	23	43
	1828	23	43
	1829	21	44
	1830	22	42
	1831	22	42
	1832	21	40
	1833	22	38
	1834	21	36
	1835	25	42
	1836	19	38
	1837	21	41
	1838	20	38
	1839	24	42
	1840	19	39
	1841	23	39
	1842	20	39
	1843	18	39
	1844	20	41
	1845	24	41
	1846	23	40
	1847	24	41
	1848	19	44
	1849	19	39
	1850	22	40
	1851	25	40
	1852	22	41
	1853	23	42
	1854	20	38
	1855	19	46
	1856	21	43
	1857	24	38
	1858	23	42
	1859	23	42
	1860	24	41
	1861	23	42
	1862	20	40
	1863	25	39
	1864	24	43
	1865	24	42
	1866	19	41
	1867	23	40
	1868	21	39
	1869	21	40
	1870	22	43
	1871	24	40
	1872	26	40
	1873	21	42
	1874	26	38
	1875	21	41
	1876	23	41
	1877	22	41
	1878	22	38
	1879	22	41
	1880	22	41
	1881	22	40
	1882	19	39
	1883	25	38
	1884	23	38
	1885	22	42
	1886	22	41
	1887	20	42
	1888	22	37
	1889	23	40
	1890	21	43
	1891	24	42
	1892	22	41
	1893	24	43
	1894	20	40
	1895	24	43
	1896	18	39
	1897	21	40
	1898	24	41
	1899	22	44
	1900	21	41
	1901	23	41
	1902	23	43
	1903	27	38
	1904	22	37
	1905	24	43
	1906	25	40
	1907	31	39
	1908	21	41
	1909	22	41
	1910	23	39
	1911	20	45
	1912	23	41
	1913	24	41
	1914	21	40
	1915	24	40
	1916	21	38
	1917	24	39
	1918	24	40
	1919	23	40
	1920	24	41
	1921	21	46
	1922	22	41
	1923	25	41
	1924	24	41
	1925	21	42
	1926	22	40
	1927	22	40
	1928	24	39
	1929	22	42
	1930	19	40
	1931	24	41
	1932	20	38
	1933	21	41
	1934	21	41
	1935	25	43
	1936	22	41
	1937	22	39
	1938	21	42
	1939	22	41
	1940	23	39
	1941	21	42
	1942	24	40
	1943	21	39
	1944	22	38
	1945	25	43
	1946	24	39
	1947	20	43
	1948	21	44
	1949	20	43
	1950	24	39
	1951	24	43
	1952	21	42
	1953	20	42
	1954	22	41
	1955	21	42
	1956	21	44
	1957	22	41
	1958	22	41
	1959	22	41
	1960	20	40
	1961	23	41
	1962	21	39
	1963	22	43
	1964	23	40
	1965	21	42
	1966	21	40
	1967	22	39
	1968	22	40
	1969	23	41
	1970	23	42
	1971	24	40
	1972	19	40
	1973	24	39
	1974	21	41
	1975	21	39
	1976	22	41
	1977	23	39
	1978	22	42
	1979	22	41
	1980	22	39
	1981	18	40
	1982	23	39
	1983	23	39
	1984	22	40
	1985	22	44
	1986	22	39
	1987	19	41
	1988	20	41
	1989	21	41
	1990	23	41
	1991	22	39
	1992	21	38
	1993	23	39
	1994	19	42
	1995	18	41
	1996	22	40
	1997	21	39
	1998	23	43
	1999	21	41
	2000	23	40
	2001	23	41
	2002	23	40
	2003	21	40
	2004	22	43
	2005	21	44
	2006	19	39
	2007	22	42
	2008	20	42
	2009	22	39
	2010	21	42
	2011	21	44
	2012	23	38
	2013	21	41
	2014	19	42
	2015	23	39
	2016	21	42
	2017	21	44
	2018	21	40
	2019	20	41
	2020	19	40
	2021	22	43
	2022	19	40
	2023	22	38
	2024	19	42
	2025	23	42
	2026	18	41
	2027	19	40
	2028	21	40
	2029	22	37
	2030	17	41
	2031	21	41
	2032	19	40
	2033	21	43
	2034	19	40
	2035	20	42
	2036	20	42
	2037	21	40
	2038	20	39
	2039	21	43
	2040	20	38
	2041	24	40
	2042	20	40
	2043	19	41
	2044	16	42
	2045	19	41
	2046	18	42
	2047	20	41
	2048	22	42
	2049	20	41
	2050	18	40
	2051	20	41
	2052	20	40
	2053	19	43
	2054	17	40
	2055	21	40
	2056	21	40
	2057	22	40
	2058	19	38
	2059	23	42
	2060	20	41
	2061	19	39
	2062	20	42
	2063	18	39
	2064	19	41
	2065	20	42
	2066	20	36
	2067	18	44
	2068	23	42
	2069	21	38
	2070	20	38
	2071	19	42
	2072	15	41
	2073	19	42
	2074	19	40
	2075	19	42
	2076	21	40
	2077	18	40
	2078	20	39
	2079	23	39
	2080	22	41
	2081	20	42
	2082	21	42
	2083	20	41
	2084	18	39
	2085	22	41
	2086	17	41
	2087	21	42
	2088	21	40
	2089	18	41
	2090	17	38
	2091	22	40
	2092	22	38
	2093	21	38
	2094	20	41
	2095	21	41
	2096	20	42
	2097	21	41
	2098	19	40
	2099	20	37
	2100	18	42
	2101	21	42
	2102	19	39
	2103	21	42
	2104	20	39
	2105	20	42
	2106	20	39
	2107	22	43
	2108	21	39
	2109	19	39
	2110	21	38
	2111	19	43
	2112	20	41
	2113	22	40
	2114	22	39
	2115	19	38
	2116	16	42
	2117	20	40
	2118	19	42
	2119	21	40
	2120	19	37
	2121	22	38
	2122	18	42
	2123	21	41
	2124	22	42
	2125	20	42
	2126	20	39
	2127	21	42
	2128	22	41
	2129	19	41
	2130	19	41
	2131	20	41
	2132	19	42
	2133	19	40
	2134	20	41
	2135	21	39
	2136	20	41
	2137	21	40
	2138	18	39
	2139	21	43
	2140	20	42
	2141	21	43
	2142	18	37
	2143	19	40
	2144	19	41
	2145	20	41
	2146	18	43
	2147	19	43
	2148	19	40
	2149	20	40
	2150	20	39
	2151	23	42
	2152	22	39
	2153	18	38
	2154	20	39
	2155	19	39
	2156	18	38
	2157	21	41
	2158	19	41
	2159	18	40
	2160	18	38
	2161	21	40
	2162	19	40
	2163	21	42
	2164	19	39
	2165	18	42
	2166	20	37
	2167	20	41
	2168	20	41
	2169	20	40
	2170	19	58
	2171	18	42
	2172	21	40
	2173	21	42
	2174	22	40
	2175	19	42
	2176	20	40
	2177	19	42
	2178	17	40
	2179	22	43
	2180	19	37
	2181	18	40
	2182	18	38
	2183	20	40
	2184	18	42
	2185	22	38
	2186	20	42
	2187	20	43
	2188	20	39
	2189	19	40
	2190	18	40
	2191	21	44
	2192	18	41
	2193	21	39
	2194	18	48
	2195	18	38
	2196	17	41
	2197	20	40
	2198	17	38
	2199	19	41
	2200	19	42
	2201	20	38
	2202	20	42
	2203	18	40
	2204	21	40
	2205	25	41
	2206	19	39
	2207	20	40
	2208	20	43
	2209	19	42
	2210	20	38
	2211	20	40
	2212	18	40
	2213	23	40
	2214	19	40
	2215	20	42
	2216	17	38
	2217	21	41
	2218	20	40
	2219	19	42
	2220	17	39
	2221	19	41
	2222	21	43
	2223	20	38
	2224	20	40
	2225	21	40
	2226	19	39
	2227	21	38
	2228	18	39
	2229	17	41
	2230	21	40
	2231	21	39
	2232	19	40
	2233	21	41
	2234	19	39
	2235	21	39
	2236	19	42
	2237	21	38
	2238	20	38
	2239	21	42
	2240	19	39
	2241	20	41
	2242	21	43
	2243	20	41
	2244	18	37
	2245	19	38
	2246	20	41
	2247	22	41
	2248	21	38
	2249	18	41
	2250	19	37
	2251	20	38
	2252	21	38
	2253	22	39
	2254	17	39
	2255	16	38
	2256	19	41
	2257	20	43
	2258	19	39
	2259	20	39
	2260	18	40
	2261	19	39
	2262	18	40
	2263	19	38
	2264	18	40
	2265	20	40
	2266	21	38
	2267	19	43
	2268	19	38
	2269	21	42
	2270	19	39
	2271	20	43
	2272	20	41
	2273	21	43
	2274	22	38
	2275	21	42
	2276	16	39
	2277	20	40
	2278	22	39
	2279	21	39
	2280	20	39
	2281	19	40
	2282	21	39
	2283	23	39
	2284	20	38
	2285	20	42
	2286	20	37
	2287	19	40
	2288	21	40
	2289	18	43
	2290	16	42
	2291	20	39
	2292	19	39
	2293	19	38
	2294	16	38
	2295	21	41
	2296	18	41
	2297	20	43
	2298	21	41
	2299	21	40
	2300	20	41
	2301	19	40
	2302	18	40
	2303	22	41
	2304	18	42
	2305	21	44
	2306	20	41
	2307	19	43
	2308	20	41
	2309	20	39
	2310	19	39
	2311	21	41
	2312	20	41
	2313	18	41
	2314	16	41
	2315	17	39
	2316	20	40
	2317	20	42
	2318	18	40
	2319	21	42
	2320	19	38
	2321	19	42
	2322	17	40
	2323	20	41
	2324	18	39
	2325	23	39
	2326	18	39
	2327	19	40
	2328	18	40
	2329	21	41
	2330	23	39
	2331	21	42
	2332	18	39
	2333	19	43
	2334	18	41
	2335	19	41
	2336	19	41
	2337	20	37
	2338	17	39
	2339	21	43
	2340	16	38
	2341	20	39
	2342	18	41
	2343	22	39
	2344	20	40
	2345	19	40
	2346	18	40
	2347	18	39
	2348	20	40
	2349	18	39
	2350	19	38
	2351	22	40
	2352	18	40
	2353	19	43
	2354	18	40
	2355	21	39
	2356	19	39
	2357	19	36
	2358	19	38
	2359	21	39
	2360	21	40
	2361	21	42
	2362	18	40
	2363	19	43
	2364	21	39
	2365	20	39
	2366	19	39
	2367	19	42
	2368	21	39
	2369	18	40
	2370	18	39
	2371	21	40
	2372	19	40
	2373	17	38
	2374	18	38
	2375	24	40
	2376	21	39
	2377	21	41
	2378	19	39
	2379	22	38
	2380	21	41
	2381	19	41
	2382	18	42
	2383	23	38
	2384	18	38
	2385	21	39
	2386	19	40
	2387	21	41
	2388	20	40
	2389	18	40
	2390	17	36
	2391	21	43
	2392	19	38
	2393	20	41
	2394	18	38
	2395	19	41
	2396	19	40
	2397	17	43
	2398	19	38
	2399	19	44
	2400	19	39
	2401	21	39
	2402	18	44
	2403	31	40
	2404	20	38
	2405	21	39
	2406	18	37
	2407	20	41
	2408	18	39
	2409	20	40
	2410	19	43
	2411	20	41
	2412	18	39
	2413	16	39
	2414	20	41
	2415	20	40
	2416	19	41
	2417	22	43
	2418	21	41
	2419	20	39
	2420	19	38
	2421	20	42
	2422	18	40
	2423	17	40
	2424	18	41
	2425	21	41
	2426	20	40
	2427	21	40
	2428	18	38
	2429	19	41
	2430	17	41
	2431	18	42
	2432	18	41
	2433	19	40
	2434	20	39
	2435	21	39
	2436	20	40
	2437	21	43
	2438	16	39
	2439	21	39
	2440	19	39
	2441	19	40
	2442	23	40
	2443	20	40
	2444	21	39
	2445	18	44
	2446	19	39
	2447	19	41
	2448	17	41
	2449	20	38
	2450	19	39
	2451	19	41
	2452	19	39
	2453	22	39
	2454	21	42
	2455	22	42
	2456	20	40
	2457	20	39
	2458	19	40
	2459	20	41
	2460	20	39
	2461	20	42
	2462	19	41
	2463	18	42
	2464	21	43
	2465	19	43
	2466	19	38
	2467	20	43
	2468	17	39
	2469	20	42
	2470	19	39
	2471	19	41
	2472	18	39
	2473	19	43
	2474	19	39
	2475	21	37
	2476	18	39
	2477	18	44
	2478	19	41
	2479	20	43
	2480	19	39
	2481	23	42
	2482	17	41
	2483	19	40
	2484	17	38
	2485	20	43
	2486	21	41
	2487	19	40
	2488	20	38
	2489	20	42
	2490	20	38
	2491	19	43
	2492	17	40
	2493	20	40
	2494	18	42
	2495	20	44
	2496	19	42
	2497	18	39
	2498	17	39
	2499	21	41
	2500	20	41
	2501	21	44
	2502	21	38
	2503	18	41
	2504	21	36
	2505	19	41
	2506	19	42
	2507	19	40
	2508	19	41
	2509	19	38
	2510	19	41
	2511	19	41
	2512	19	41
	2513	18	42
	2514	19	39
	2515	23	38
	2516	18	42
	2517	20	41
	2518	19	39
	2519	19	38
	2520	22	40
	2521	21	39
	2522	17	40
	2523	16	40
	2524	19	37
	2525	19	41
	2526	21	39
	2527	18	42
	2528	19	41
	2529	22	39
	2530	21	41
	2531	19	40
	2532	21	36
	2533	20	39
	2534	20	37
	2535	22	41
	2536	19	41
	2537	20	41
	2538	19	39
	2539	20	41
	2540	21	42
	2541	19	41
	2542	18	41
	2543	19	41
	2544	17	37
	2545	21	39
	2546	20	42
	2547	20	39
	2548	21	42
	2549	18	39
	2550	21	40
	2551	19	39
	2552	18	41
	2553	19	41
	2554	19	40
	2555	20	45
	2556	19	42
	2557	18	43
	2558	19	39
	2559	21	42
	2560	19	40
	2561	19	40
	2562	17	39
	2563	21	39
	2564	21	38
	2565	19	38
	2566	18	38
	2567	22	43
	2568	19	40
	2569	18	41
	2570	17	40
	2571	20	42
	2572	19	38
	2573	17	39
	2574	19	40
	2575	22	39
	2576	19	40
	2577	20	41
	2578	19	38
	2579	21	41
	2580	19	41
	2581	20	40
	2582	20	41
	2583	19	38
	2584	19	40
	2585	20	41
	2586	19	40
	2587	21	40
	2588	20	41
	2589	21	40
	2590	23	41
	2591	22	39
	2592	20	39
	2593	23	41
	2594	18	41
	2595	20	40
	2596	17	42
	2597	17	41
	2598	18	40
	2599	22	41
	2600	18	40
	2601	19	38
	2602	19	39
	2603	19	43
	2604	21	41
	2605	21	42
	2606	19	40
	2607	20	37
	2608	19	39
	2609	20	39
	2610	20	38
	2611	19	40
	2612	19	39
	2613	20	40
	2614	21	40
	2615	22	41
	2616	19	39
	2617	18	41
	2618	19	41
	2619	19	44
	2620	19	43
	2621	21	40
	2622	19	41
	2623	23	40
	2624	21	38
	2625	22	42
	2626	26	38
	2627	21	37
	2628	18	39
	2629	21	41
	2630	21	39
	2631	20	40
	2632	21	39
	2633	21	43
	2634	19	41
	2635	21	39
	2636	20	40
	2637	22	40
	2638	19	39
	2639	21	44
	2640	20	39
	2641	22	42
	2642	18	39
	2643	21	40
	2644	20	40
	2645	22	43
	2646	21	41
	2647	19	38
	2648	19	40
	2649	19	42
	2650	20	41
	2651	21	41
	2652	19	40
	2653	20	41
	2654	19	43
	2655	20	40
	2656	17	42
	2657	22	41
	2658	20	41
	2659	21	43
	2660	19	41
	2661	19	42
	2662	21	37
	2663	19	42
	2664	20	34
	2665	17	40
	2666	21	39
	2667	20	40
	2668	21	43
	2669	22	40
	2670	18	39
	2671	23	41
	2672	18	39
	2673	20	40
	2674	19	42
	2675	19	40
	2676	19	37
	2677	18	43
	2678	21	38
	2679	19	41
	2680	20	37
	2681	20	41
	2682	19	39
	2683	22	40
	2684	17	40
	2685	19	39
	2686	17	39
	2687	21	41
	2688	18	44
	2689	20	39
	2690	19	40
	2691	22	39
	2692	19	38
	2693	18	40
	2694	20	41
	2695	20	40
	2696	20	39
	2697	20	41
	2698	18	39
	2699	19	41
	2700	17	41
	2701	19	41
	2702	20	41
	2703	19	43
	2704	18	39
	2705	22	40
	2706	18	37
	2707	18	39
	2708	18	40
	2709	20	40
	2710	20	38
	2711	22	40
	2712	19	37
	2713	19	43
	2714	19	41
	2715	19	42
	2716	19	38
	2717	20	42
	2718	19	39
	2719	22	43
	2720	18	39
	2721	26	43
	2722	19	42
	2723	19	40
	2724	21	40
	2725	20	42
	2726	22	40
	2727	21	41
	2728	19	39
	2729	19	40
	2730	18	40
	2731	21	42
	2732	18	38
	2733	21	41
	2734	19	41
	2735	18	40
	2736	21	41
	2737	18	40
	2738	17	39
	2739	19	43
	2740	19	39
	2741	19	39
	2742	18	41
	2743	22	40
	2744	20	42
	2745	21	38
	2746	19	38
	2747	18	38
	2748	18	42
	2749	21	39
	2750	19	36
	2751	19	42
	2752	17	39
	2753	20	41
	2754	18	40
	2755	19	40
	2756	20	39
	2757	21	41
	2758	20	40
	2759	19	41
	2760	17	38
	2761	20	36
	2762	18	42
	2763	24	41
	2764	18	42
	2765	19	41
	2766	18	37
	2767	21	41
	2768	19	41
	2769	19	40
	2770	20	41
	2771	20	43
	2772	20	40
	2773	21	40
	2774	19	43
	2775	17	41
	2776	19	40
	2777	18	42
	2778	17	41
	2779	21	41
	2780	21	44
	2781	20	39
	2782	20	40
	2783	27	40
	2784	18	40
	2785	20	42
	2786	19	39
	2787	20	42
	2788	21	40
	2789	20	39
	2790	21	41
	2791	18	42
	2792	21	40
	2793	19	42
	2794	21	41
	2795	21	38
	2796	21	36
	2797	21	39
	2798	18	41
	2799	19	43
	2800	18	40
	2801	21	43
	2802	18	46
	2803	20	40
	2804	17	37
	2805	19	42
	2806	20	39
	2807	18	41
	2808	21	43
	2809	23	36
	2810	17	41
	2811	18	43
	2812	21	41
	2813	21	44
	2814	19	42
	2815	18	38
	2816	21	41
	2817	22	41
	2818	22	41
	2819	22	40
	2820	19	37
	2821	20	40
	2822	20	39
	2823	21	43
	2824	20	38
	2825	19	38
	2826	17	42
	2827	20	39
	2828	22	41
	2829	22	39
	2830	22	37
	2831	23	39
	2832	18	41
	2833	19	39
	2834	20	40
	2835	23	38
	2836	19	39
	2837	21	42
	2838	19	38
	2839	19	39
	2840	19	42
	2841	22	38
	2842	20	40
	2843	20	41
	2844	17	40
	2845	21	41
	2846	19	38
	2847	20	40
	2848	21	41
	2849	19	38
	2850	19	39
	2851	18	41
	2852	19	39
	2853	24	40
	2854	18	40
	2855	21	38
	2856	20	39
	2857	20	43
	2858	20	35
	2859	21	44
	2860	19	43
	2861	23	38
	2862	20	39
	2863	20	40
	2864	19	40
	2865	21	39
	2866	19	36
	2867	20	40
	2868	21	40
	2869	22	41
	2870	22	40
	2871	17	41
	2872	22	39
	2873	20	40
	2874	17	41
	2875	22	40
	2876	21	41
	2877	19	45
	2878	19	39
	2879	21	39
	2880	20	40
	2881	20	41
	2882	19	41
	2883	20	41
	2884	20	39
	2885	17	39
	2886	20	41
	2887	21	37
	2888	18	40
	2889	45	41
	2890	19	40
	2891	19	44
	2892	19	42
	2893	20	41
	2894	18	38
	2895	25	40
	2896	20	39
	2897	18	40
	2898	19	38
	2899	20	39
	2900	18	41
	2901	19	36
	2902	19	41
	2903	18	40
	2904	22	41
	2905	20	40
	2906	20	39
	2907	20	41
	2908	19	43
	2909	21	37
	2910	19	38
	2911	19	45
	2912	20	40
	2913	19	42
	2914	19	43
	2915	19	42
	2916	19	39
	2917	19	37
	2918	21	41
	2919	19	39
	2920	23	41
	2921	20	38
	2922	17	39
	2923	19	41
	2924	20	42
	2925	20	41
	2926	19	39
	2927	21	40
	2928	17	39
	2929	19	41
	2930	19	39
	2931	20	41
	2932	19	39
	2933	19	39
	2934	21	43
	2935	19	39
	2936	20	41
	2937	21	41
	2938	19	42
	2939	20	44
	2940	20	42
	2941	21	39
	2942	18	41
	2943	21	40
	2944	19	42
	2945	20	43
	2946	19	39
	2947	19	41
	2948	23	38
	2949	18	38
	2950	18	38
	2951	20	43
	2952	20	38
	2953	19	41
	2954	20	43
	2955	17	39
	2956	21	40
	2957	19	39
	2958	18	40
	2959	22	41
	2960	19	37
	2961	20	41
	2962	21	40
	2963	19	43
	2964	20	39
	2965	22	40
	2966	21	38
	2967	23	43
	2968	20	40
	2969	20	43
	2970	20	40
	2971	20	41
	2972	22	42
	2973	23	40
	2974	18	40
	2975	21	40
	2976	18	37
	2977	20	42
	2978	21	38
	2979	22	40
	2980	21	40
	2981	22	39
	2982	22	39
	2983	19	42
	2984	19	36
	2985	21	40
	2986	20	41
	2987	20	41
	2988	19	41
	2989	20	39
	2990	19	41
	2991	21	41
	2992	19	41
	2993	20	40
	2994	20	38
	2995	18	41
	2996	19	41
	2997	21	40
	2998	23	37
	2999	22	41
	3000	16	40
	3001	21	40
	3002	19	39
	3003	21	41
	3004	21	43
	3005	20	41
	3006	21	40
	3007	20	41
	3008	18	41
	3009	18	40
	3010	19	40
	3011	20	39
	3012	21	41
	3013	22	38
	3014	17	41
	3015	18	41
	3016	21	38
	3017	20	43
	3018	19	39
	3019	19	41
	3020	19	38
	3021	19	40
	3022	17	42
	3023	21	41
	3024	19	38
	3025	19	39
	3026	20	41
	3027	19	40
	3028	18	41
	3029	22	40
	3030	20	40
	3031	19	43
	3032	21	41
	3033	19	42
	3034	16	41
	3035	19	42
	3036	18	41
	3037	20	42
	3038	19	41
	3039	18	40
	3040	19	42
	3041	20	39
	3042	19	40
	3043	21	40
	3044	19	38
	3045	21	40
	3046	21	40
	3047	19	39
	3048	21	39
	3049	19	40
	3050	19	41
	3051	20	40
	3052	20	39
	3053	19	39
	3054	17	39
	3055	19	41
	3056	20	41
	3057	22	41
	3058	19	37
	3059	20	38
	3060	20	40
	3061	19	39
	3062	19	40
	3063	22	41
	3064	19	40
	3065	20	39
	3066	19	41
	3067	18	39
	3068	18	41
	3069	17	42
	3070	17	41
	3071	21	41
	3072	18	38
	3073	19	40
	3074	19	38
	3075	20	41
	3076	20	42
	3077	18	41
	3078	19	39
	3079	18	40
	3080	19	42
	3081	21	42
	3082	21	37
	3083	19	40
	3084	18	41
	3085	21	40
	3086	20	41
	3087	19	38
	3088	20	40
	3089	22	40
	3090	22	39
	3091	16	41
	3092	23	40
	3093	18	37
	3094	18	38
	3095	20	41
	3096	18	42
	3097	19	40
	3098	19	39
	3099	21	40
	3100	16	42
	3101	21	38
	3102	20	38
	3103	18	42
	3104	19	36
	3105	21	40
	3106	20	39
	3107	18	38
	3108	18	39
	3109	19	42
	3110	19	39
	3111	21	41
	3112	16	40
	3113	20	41
	3114	17	39
	3115	21	38
	3116	19	39
	3117	21	41
	3118	16	41
	3119	19	42
	3120	19	40
	3121	21	39
	3122	17	40
	3123	16	44
	3124	23	40
	3125	19	40
	3126	18	40
	3127	19	37
	3128	18	41
	3129	22	39
	3130	19	39
	3131	19	42
	3132	18	39
	3133	21	41
	3134	16	43
	3135	21	41
	3136	22	41
	3137	19	39
	3138	21	38
	3139	15	40
	3140	19	40
	3141	21	37
	3142	20	37
	3143	19	39
	3144	18	38
	3145	18	40
	3146	20	37
	3147	20	39
	3148	19	38
	3149	20	39
	3150	17	39
	3151	20	42
	3152	20	41
	3153	18	41
	3154	19	41
	3155	21	41
	3156	17	40
	3157	20	40
	3158	16	40
	3159	17	40
	3160	22	42
	3161	19	40
	3162	17	41
	3163	24	42
	3164	20	40
	3165	20	42
	3166	19	38
	3167	22	43
	3168	19	39
	3169	19	39
	3170	19	38
	3171	17	41
	3172	18	40
	3173	18	38
	3174	18	39
	3175	19	38
	3176	19	40
	3177	19	42
	3178	17	39
	3179	20	39
	3180	20	41
	3181	21	42
	3182	19	40
	3183	19	39
	3184	16	38
	3185	23	40
	3186	19	39
	3187	18	41
	3188	20	39
	3189	18	42
	3190	18	40
	3191	23	40
	3192	20	39
	3193	18	39
	3194	19	39
	3195	20	42
	3196	19	44
	3197	20	40
	3198	18	41
	3199	19	40
	3200	20	39
	3201	21	39
	3202	21	40
	3203	17	37
	3204	19	42
	3205	17	43
	3206	18	40
	3207	18	40
	3208	17	38
	3209	20	40
	3210	19	42
	3211	22	41
	3212	19	38
	3213	21	39
	3214	18	41
	3215	21	41
	3216	19	40
	3217	16	41
	3218	20	40
	3219	21	41
	3220	19	40
	3221	20	41
	3222	20	38
	3223	21	47
	3224	21	41
	3225	22	40
	3226	18	40
	3227	21	42
	3228	18	38
	3229	19	40
	3230	17	38
	3231	20	41
	3232	17	37
	3233	19	39
	3234	20	37
	3235	20	40
	3236	22	40
	3237	19	40
	3238	18	39
	3239	22	42
	3240	20	40
	3241	19	44
	3242	16	41
	3243	22	45
	3244	20	38
	3245	17	41
	3246	18	41
	3247	23	40
	3248	19	39
	3249	19	39
	3250	19	39
	3251	19	43
	3252	20	39
	3253	21	42
	3254	20	38
	3255	23	40
	3256	20	39
	3257	21	43
	3258	21	41
	3259	20	40
	3260	18	42
	3261	21	40
	3262	18	42
	3263	20	39
	3264	17	40
	3265	18	39
	3266	21	40
	3267	21	41
	3268	20	40
	3269	19	40
	3270	17	40
	3271	18	43
	3272	19	38
	3273	20	41
	3274	18	42
	3275	20	41
	3276	19	39
	3277	19	39
	3278	19	38
	3279	18	40
	3280	20	42
	3281	21	39
	3282	21	36
	3283	18	40
	3284	15	40
	3285	23	40
	3286	16	41
	3287	20	44
	3288	20	41
	3289	23	41
	3290	16	42
	3291	19	39
	3292	21	37
	3293	20	38
	3294	21	42
	3295	20	40
	3296	20	40
	3297	19	42
	3298	18	39
	3299	20	39
	3300	21	40
	3301	18	37
	3302	17	40
	3303	20	40
	3304	19	37
	3305	22	40
	3306	19	38
	3307	20	41
	3308	19	41
	3309	21	43
	3310	19	38
	3311	19	41
	3312	18	39
	3313	20	41
	3314	19	41
	3315	22	39
	3316	20	39
	3317	19	41
	3318	18	41
	3319	21	41
	3320	19	40
	3321	21	40
	3322	19	41
	3323	22	41
	3324	21	39
	3325	20	41
	3326	19	37
	3327	21	39
	3328	21	39
	3329	17	41
	3330	19	37
	3331	21	40
	3332	19	39
	3333	20	39
	3334	18	40
	3335	22	41
	3336	20	41
	3337	18	38
	3338	18	40
	3339	20	39
	3340	20	38
	3341	19	42
	3342	23	39
	3343	19	41
	3344	19	39
	3345	19	41
	3346	19	37
	3347	23	37
	3348	23	37
	3349	20	41
	3350	17	40
	3351	20	41
	3352	19	39
	3353	21	39
	3354	19	39
	3355	20	40
	3356	16	39
	3357	18	43
	3358	21	40
	3359	20	39
	3360	17	38
	3361	22	42
	3362	20	38
	3363	19	39
	3364	17	39
	3365	19	39
	3366	18	41
	3367	18	39
	3368	16	41
	3369	18	39
	3370	20	41
	3371	24	41
	3372	22	40
	3373	19	40
	3374	19	40
	3375	19	40
	3376	18	40
	3377	20	39
	3378	18	39
	3379	20	40
	3380	22	41
	3381	18	40
	3382	18	41
	3383	19	41
	3384	19	39
	3385	24	39
	3386	19	43
	3387	20	41
	3388	19	38
	3389	20	41
	3390	18	39
	3391	20	43
	3392	19	40
	3393	19	40
	3394	18	40
	3395	18	40
	3396	19	39
	3397	19	39
	3398	19	38
	3399	21	42
	3400	18	41
	3401	17	38
	3402	15	40
	3403	22	42
	3404	21	40
	3405	22	41
	3406	17	40
	3407	19	38
	3408	20	38
	3409	18	41
	3410	20	38
	3411	21	43
	3412	19	39
	3413	19	40
	3414	17	40
	3415	21	38
	3416	17	42
	3417	22	40
	3418	19	39
	3419	18	41
	3420	20	43
	3421	19	39
	3422	17	39
	3423	20	39
	3424	21	39
	3425	20	42
	3426	21	37
	3427	18	41
	3428	20	38
	3429	21	40
	3430	17	37
	3431	21	41
	3432	19	41
	3433	19	39
	3434	19	42
	3435	20	41
	3436	16	40
	3437	17	39
	3438	22	38
	3439	20	41
	3440	22	40
	3441	17	39
	3442	19	42
	3443	20	41
	3444	19	38
	3445	19	43
	3446	19	42
	3447	18	39
	3448	21	40
	3449	19	43
	3450	20	38
	3451	20	41
	3452	17	38
	3453	18	41
	3454	18	41
	3455	18	41
	3456	19	39
	3457	21	39
	3458	15	39
	3459	21	40
	3460	18	38
	3461	19	41
	3462	18	39
	3463	21	40
	3464	19	41
	3465	21	39
	3466	21	40
	3467	19	41
	3468	19	37
	3469	20	38
	3470	20	41
	3471	19	39
	3472	18	48
	3473	19	38
	3474	16	39
	3475	19	41
	3476	17	40
	3477	19	41
	3478	19	45
	3479	22	40
	3480	19	40
	3481	21	40
	3482	19	37
	3483	21	44
	3484	21	39
	3485	20	42
	3486	17	42
	3487	20	41
	3488	20	38
	3489	20	40
	3490	22	39
	3491	21	40
	3492	19	42
	3493	20	41
	3494	17	41
	3495	20	39
	3496	19	40
	3497	19	40
	3498	18	38
	3499	20	41
	3500	19	40
	3501	20	40
	3502	17	39
	3503	20	41
	3504	21	39
	3505	19	42
	3506	18	41
	3507	20	38
	3508	19	42
	3509	19	39
	3510	19	39
	3511	18	41
	3512	19	42
	3513	20	37
	3514	19	38
	3515	21	41
	3516	19	39
	3517	21	42
	3518	20	37
	3519	21	40
	3520	18	36
	3521	18	39
	3522	19	38
	3523	22	40
	3524	19	40
	3525	17	38
	3526	19	41
	3527	21	38
	3528	17	40
	3529	21	41
	3530	20	41
	3531	19	40
	3532	22	40
	3533	17	41
	3534	20	40
	3535	19	43
	3536	21	36
	3537	20	42
	3538	20	41
	3539	20	40
	3540	18	46
	3541	19	38
	3542	20	38
	3543	24	41
	3544	18	41
	3545	16	41
	3546	17	40
	3547	18	40
	3548	19	40
	3549	20	42
	3550	21	42
	3551	19	40
	3552	18	39
	3553	18	41
	3554	22	41
	3555	21	42
	3556	19	39
	3557	20	42
	3558	19	40
	3559	19	41
	3560	18	40
	3561	20	40
	3562	20	39
	3563	20	42
	3564	19	41
	3565	19	39
	3566	17	40
	3567	18	41
	3568	20	37
	3569	19	42
	3570	20	38
	3571	22	40
	3572	19	40
	3573	20	39
	3574	19	39
	3575	21	43
	3576	19	40
	3577	21	42
	3578	18	38
	3579	21	41
	3580	17	40
	3581	18	41
	3582	21	40
	3583	23	40
	3584	18	38
	3585	17	39
	3586	19	41
	3587	18	40
	3588	19	37
	3589	20	42
	3590	19	38
	3591	18	39
	3592	16	38
	3593	20	43
	3594	18	40
	3595	19	39
	3596	20	39
	3597	18	43
	3598	17	41
	3599	21	41
	3600	21	40
	3601	22	40
	3602	21	40
	3603	21	39
	3604	18	38
	3605	19	41
	3606	19	40
	3607	21	43
	3608	17	40
	3609	19	44
	3610	17	40
	3611	19	42
	3612	19	39
	3613	20	40
	3614	20	44
	3615	21	39
	3616	21	39
	3617	20	39
	3618	19	40
	3619	18	39
	3620	18	37
	3621	21	42
	3622	20	40
	3623	16	41
	3624	17	39
	3625	18	41
	3626	20	36
	3627	20	41
	3628	20	36
	3629	22	39
	3630	19	39
	3631	21	40
	3632	19	40
	3633	20	39
	3634	19	41
	3635	21	42
	3636	19	40
	3637	21	43
	3638	19	39
	3639	20	42
	3640	16	39
	3641	22	37
	3642	20	39
	3643	17	43
	3644	17	37
	3645	20	41
	3646	21	39
	3647	22	41
	3648	18	41
	3649	20	39
	3650	18	39
	3651	21	42
	3652	18	39
	3653	19	39
	3654	21	38
	3655	19	39
	3656	18	41
	3657	20	42
	3658	20	39
	3659	22	39
	3660	20	40
	3661	21	43
	3662	20	38
	3663	21	43
	3664	19	40
	3665	19	38
	3666	19	40
	3667	22	41
	3668	20	41
	3669	21	42
	3670	17	40
	3671	19	41
	3672	19	43
	3673	19	42
	3674	19	39
	3675	16	41
	3676	19	40
	3677	21	43
	3678	20	37
	3679	19	40
	3680	21	38
	3681	21	36
	3682	21	42
	3683	19	39
	3684	16	41
	3685	21	42
	3686	20	42
	3687	22	38
	3688	19	40
	3689	19	37
	3690	18	39
	3691	20	39
	3692	21	40
	3693	19	40
	3694	19	39
	3695	21	44
	3696	19	40
	3697	22	42
	3698	18	40
	3699	21	37
	3700	22	41
	3701	19	43
	3702	18	42
	3703	19	41
	3704	17	43
	3705	21	40
	3706	18	43
	3707	21	39
	3708	20	40
	3709	17	41
	3710	19	35
	3711	22	39
	3712	19	39
	3713	22	38
	3714	19	39
	3715	17	41
	3716	16	35
	3717	19	41
	3718	18	39
	3719	19	40
	3720	17	42
	3721	19	41
	3722	17	38
	3723	17	38
