	0	17	37
	1	16	39
	2	19	37
	3	17	37
	4	18	38
	5	18	39
	6	18	38
	7	20	41
	8	19	37
	9	16	38
	10	17	41
	11	16	38
	12	17	37
	13	17	37
	14	16	37
	15	19	35
	16	18	39
	17	20	41
	18	17	38
	19	19	39
	20	18	36
	21	18	38
	22	19	38
	23	18	38
	24	17	37
	25	18	38
	26	21	39
	27	22	43
	28	17	39
	29	20	39
	30	21	43
	31	20	42
	32	21	39
	33	21	43
	34	18	41
	35	20	39
	36	20	41
	37	19	43
	38	20	41
	39	18	43
	40	18	40
	41	20	40
	42	17	43
	43	18	42
	44	20	40
	45	20	41
	46	22	41
	47	22	39
	48	20	39
	49	19	39
	50	20	41
	51	23	43
	52	22	41
	53	25	43
	54	19	41
	55	21	44
	56	19	42
	57	21	39
	58	21	41
	59	23	45
	60	22	41
	61	23	43
	62	21	41
	63	22	44
	64	23	43
	65	22	42
	66	22	42
	67	23	42
	68	19	41
	69	26	44
	70	24	42
	71	24	44
	72	23	40
	73	25	43
	74	21	42
	75	24	45
	76	21	43
	77	24	44
	78	21	41
	79	23	42
	80	22	43
	81	25	44
	82	22	43
	83	23	43
	84	20	41
	85	20	43
	86	24	43
	87	24	44
	88	24	42
	89	21	40
	90	22	41
	91	24	41
	92	22	38
	93	23	46
	94	22	43
	95	24	41
	96	20	51
	97	23	44
	98	21	45
	99	23	43
	100	20	45
	101	23	43
	102	22	44
	103	23	43
	104	23	41
	105	25	41
	106	24	41
	107	22	42
	108	24	43
	109	26	42
	110	20	40
	111	27	43
	112	22	41
	113	23	42
	114	24	41
	115	23	42
	116	21	42
	117	27	41
	118	22	41
	119	23	43
	120	22	41
	121	23	42
	122	23	41
	123	24	45
	124	24	43
	125	25	42
	126	21	40
	127	24	41
	128	23	41
	129	22	43
	130	22	43
	131	24	43
	132	19	39
	133	20	43
	134	23	40
	135	22	45
	136	32	44
	137	24	42
	138	23	42
	139	21	40
	140	21	41
	141	28	40
	142	22	40
	143	25	41
	144	21	42
	145	24	42
	146	27	40
	147	23	44
	148	24	44
	149	24	45
	150	22	42
	151	25	43
	152	22	42
	153	23	43
	154	23	40
	155	24	43
	156	22	45
	157	23	43
	158	21	45
	159	28	45
	160	22	43
	161	23	42
	162	22	44
	163	24	44
	164	25	41
	165	21	45
	166	27	44
	167	26	46
	168	23	43
	169	24	42
	170	22	42
	171	22	44
	172	23	41
	173	25	43
	174	23	47
	175	23	43
	176	24	43
	177	26	43
	178	24	42
	179	23	45
	180	24	43
	181	25	41
	182	22	42
	183	24	44
	184	25	43
	185	22	46
	186	22	42
	187	24	43
	188	22	41
	189	26	40
	190	26	42
	191	23	41
	192	21	41
	193	24	44
	194	24	42
	195	23	44
	196	22	42
	197	22	41
	198	24	41
	199	25	48
	200	23	42
	201	24	46
	202	25	41
	203	25	42
	204	22	44
	205	24	44
	206	21	41
	207	24	38
	208	23	43
	209	27	42
	210	24	44
	211	25	46
	212	22	41
	213	25	43
	214	23	44
	215	21	41
	216	24	42
	217	25	45
	218	24	43
	219	23	51
	220	23	43
	221	25	44
	222	25	43
	223	27	43
	224	23	42
	225	23	43
	226	24	41
	227	22	43
	228	24	45
	229	24	42
	230	23	44
	231	24	47
	232	21	44
	233	23	41
	234	28	40
	235	24	43
	236	23	44
	237	26	43
	238	22	42
	239	24	43
	240	27	41
	241	22	48
	242	24	43
	243	25	43
	244	24	43
	245	23	46
	246	21	43
	247	21	44
	248	23	41
	249	26	45
	250	21	42
	251	24	45
	252	23	40
	253	25	44
	254	24	40
	255	26	47
	256	23	44
	257	27	46
	258	25	46
	259	24	46
	260	24	40
	261	25	43
	262	22	47
	263	22	45
	264	23	43
	265	23	45
	266	21	40
	267	24	43
	268	27	44
	269	24	45
	270	21	41
	271	20	45
	272	22	40
	273	25	43
	274	25	44
	275	25	46
	276	22	45
	277	25	43
	278	24	42
	279	26	44
	280	21	42
	281	23	42
	282	22	42
	283	23	43
	284	24	45
	285	26	44
	286	22	42
	287	25	41
	288	23	43
	289	23	43
	290	27	41
	291	22	43
	292	25	44
	293	22	43
	294	23	45
	295	24	41
	296	23	44
	297	24	42
	298	29	41
	299	23	40
	300	24	42
	301	27	41
	302	23	43
	303	25	43
	304	25	41
	305	24	44
	306	23	41
	307	27	43
	308	24	43
	309	26	45
	310	23	42
	311	24	44
	312	24	41
	313	24	43
	314	22	43
	315	26	42
	316	23	42
	317	25	44
	318	26	44
	319	24	43
	320	23	40
	321	23	44
	322	24	44
	323	22	42
	324	26	39
	325	25	45
	326	24	39
	327	27	41
	328	24	40
	329	24	43
	330	22	44
	331	25	42
	332	27	41
	333	25	45
	334	28	42
	335	25	41
	336	23	40
	337	23	45
	338	24	43
	339	27	48
	340	24	41
	341	27	44
	342	21	42
	343	26	46
	344	22	42
	345	28	44
	346	25	42
	347	26	40
	348	25	42
	349	27	43
	350	26	42
	351	27	44
	352	24	43
	353	25	45
	354	25	44
	355	26	44
	356	23	45
	357	24	43
	358	25	41
	359	25	44
	360	25	41
	361	25	41
	362	25	42
	363	28	42
	364	21	40
	365	26	43
	366	27	43
	367	29	43
	368	26	42
	369	27	42
	370	28	44
	371	27	41
	372	24	42
	373	27	46
	374	26	42
	375	27	42
	376	26	39
	377	26	45
	378	27	43
	379	28	44
	380	25	42
	381	26	43
	382	26	44
	383	27	44
	384	29	44
	385	28	42
	386	27	42
	387	27	44
	388	29	46
	389	26	45
	390	26	43
	391	31	44
	392	27	41
	393	28	44
	394	28	42
	395	28	43
	396	27	43
	397	29	45
	398	30	42
	399	27	47
	400	28	42
	401	29	41
	402	29	47
	403	27	43
	404	27	43
	405	31	42
	406	29	43
	407	32	43
	408	28	44
	409	27	45
	410	29	43
	411	29	45
	412	28	40
	413	29	43
	414	30	44
	415	26	45
	416	27	40
	417	27	46
	418	30	44
	419	29	45
	420	28	42
	421	26	44
	422	29	45
	423	30	42
	424	29	44
	425	32	45
	426	29	46
	427	28	45
	428	29	41
	429	30	45
	430	31	43
	431	30	46
	432	31	44
	433	33	45
	434	29	43
	435	29	46
	436	28	45
	437	29	43
	438	32	43
	439	31	44
	440	30	44
	441	30	45
	442	31	47
	443	31	46
	444	30	39
	445	30	46
	446	31	42
	447	30	43
	448	29	44
	449	31	43
	450	29	43
	451	33	45
	452	39	43
	453	34	45
	454	36	44
	455	31	41
	456	32	41
	457	31	43
	458	35	46
	459	34	44
	460	32	44
	461	35	42
	462	35	43
	463	35	43
	464	33	45
	465	34	46
	466	35	42
	467	35	46
	468	36	44
	469	34	44
	470	32	45
	471	37	45
	472	36	45
	473	35	44
	474	35	43
	475	36	42
	476	35	45
	477	37	46
	478	36	45
	479	41	45
	480	39	47
	481	34	45
	482	34	44
	483	39	44
	484	39	44
	485	38	44
	486	38	42
	487	39	45
	488	36	42
	489	40	43
	490	39	45
	491	39	45
	492	39	43
	493	42	44
	494	39	43
	495	41	42
	496	42	42
	497	40	48
	498	37	42
	499	38	45
	500	38	45
	501	43	43
	502	43	42
	503	42	44
	504	42	42
	505	44	43
	506	42	45
	507	43	47
	508	41	45
	509	44	43
	510	42	45
	511	42	48
	512	42	46
	513	42	48
	514	43	45
	515	42	44
	516	43	48
	517	45	49
	518	45	45
	519	46	46
	520	44	44
	521	44	48
	522	44	42
	523	47	45
	524	43	44
	525	45	44
	526	45	45
	527	45	47
	528	46	46
	529	45	46
	530	48	45
	531	47	49
	532	48	47
	533	50	46
	534	48	46
	535	49	44
	536	47	45
	537	51	45
	538	47	46
	539	53	47
	540	50	43
	541	50	44
	542	49	45
	543	52	46
	544	53	44
	545	51	48
	546	50	45
	547	54	47
	548	55	48
	549	51	49
	550	52	46
	551	54	46
	552	51	45
	553	54	47
	554	51	45
	555	53	45
	556	51	47
	557	54	50
	558	54	45
	559	54	46
	560	55	47
	561	57	49
	562	58	48
	563	58	43
	564	57	44
	565	57	48
	566	58	47
	567	59	48
	568	57	43
	569	58	47
	570	58	47
	571	61	50
	572	60	44
	573	61	44
	574	57	48
	575	61	48
	576	64	45
	577	66	48
	578	60	44
	579	61	48
	580	63	46
	581	66	47
	582	63	48
	583	67	45
	584	63	47
	585	64	48
	586	68	50
	587	67	47
	588	64	46
	589	68	47
	590	66	51
	591	67	51
	592	70	46
	593	66	50
	594	69	46
	595	66	48
	596	69	48
	597	69	49
	598	68	46
	599	70	48
	600	72	46
	601	71	45
	602	74	49
	603	70	51
	604	72	48
	605	71	49
	606	74	44
	607	74	49
	608	70	49
	609	74	49
	610	76	47
	611	75	48
	612	73	48
	613	74	48
	614	76	48
	615	78	48
	616	75	47
	617	79	47
	618	75	49
	619	78	49
	620	74	47
	621	83	48
	622	81	49
	623	78	50
	624	80	47
	625	80	52
	626	77	49
	627	84	50
	628	82	50
	629	83	51
	630	85	52
	631	86	51
	632	81	50
	633	86	50
	634	85	51
	635	85	51
	636	85	50
	637	85	52
	638	86	51
	639	86	53
	640	84	51
	641	88	49
	642	87	50
	643	89	50
	644	90	49
	645	91	52
	646	85	48
	647	91	52
	648	88	48
	649	86	48
	650	94	49
	651	96	52
	652	89	49
	653	92	51
	654	91	48
	655	92	50
	656	96	52
	657	93	50
	658	93	48
	659	93	52
	660	92	51
	661	96	54
	662	92	50
	663	94	51
	664	89	51
	665	99	51
	666	98	51
	667	100	53
	668	95	53
	669	97	54
	670	100	52
	671	94	53
	672	99	52
	673	98	54
	674	98	57
	675	101	53
	676	99	54
	677	100	52
	678	99	52
	679	100	55
	680	102	51
	681	101	54
	682	103	52
	683	97	52
	684	102	47
	685	100	54
	686	101	51
	687	107	54
	688	102	55
	689	105	52
	690	106	51
	691	105	54
	692	105	51
	693	103	53
	694	105	53
	695	109	51
	696	110	54
	697	104	51
	698	110	52
	699	108	56
	700	103	55
	701	110	51
	702	109	52
	703	104	55
	704	107	55
	705	110	55
	706	110	54
	707	110	53
	708	118	55
	709	112	55
	710	111	55
	711	110	56
	712	108	54
	713	111	54
	714	112	53
	715	110	56
	716	112	55
	717	114	55
	718	115	52
	719	113	51
	720	115	55
	721	115	56
	722	116	54
	723	116	53
	724	115	53
	725	115	55
	726	118	56
	727	116	55
	728	115	54
	729	119	52
	730	115	54
	731	118	56
	732	115	52
	733	118	53
	734	119	56
	735	117	54
	736	117	56
	737	117	57
	738	121	57
	739	117	59
	740	117	54
	741	116	57
	742	118	55
	743	116	55
	744	117	54
	745	118	57
	746	118	57
	747	117	56
	748	118	56
	749	119	55
	750	118	53
	751	122	57
	752	119	55
	753	120	55
	754	115	55
	755	117	54
	756	120	54
	757	116	56
	758	120	55
	759	121	55
	760	116	56
	761	115	53
	762	116	54
	763	116	56
	764	115	56
	765	119	56
	766	121	55
	767	124	57
	768	118	56
	769	121	57
	770	116	56
	771	119	56
	772	119	54
	773	118	53
	774	118	52
	775	120	55
	776	123	54
	777	118	56
	778	117	53
	779	114	54
	780	116	57
	781	120	54
	782	117	53
	783	116	53
	784	113	52
	785	118	56
	786	116	55
	787	121	54
	788	111	54
	789	116	56
	790	115	55
	791	118	57
	792	117	51
	793	118	55
	794	116	52
	795	112	56
	796	115	51
	797	112	55
	798	115	53
	799	117	56
	800	116	53
	801	118	54
	802	110	52
	803	111	61
	804	115	53
	805	115	54
	806	112	51
	807	113	53
	808	114	57
	809	113	55
	810	113	50
	811	113	54
	812	114	54
	813	108	51
	814	109	55
	815	111	52
	816	107	54
	817	109	51
	818	108	51
	819	111	53
	820	110	51
	821	107	53
	822	106	50
	823	107	51
	824	106	53
	825	109	54
	826	109	50
	827	108	52
	828	107	54
	829	106	50
	830	103	51
	831	106	54
	832	103	50
	833	104	51
	834	106	55
	835	101	51
	836	105	51
	837	107	47
	838	104	50
	839	102	53
	840	102	49
	841	102	54
	842	101	46
	843	102	51
	844	102	49
	845	100	48
	846	103	50
	847	105	51
	848	99	51
	849	101	52
	850	99	50
	851	99	51
	852	96	50
	853	99	46
	854	96	53
	855	98	53
	856	97	51
	857	98	49
	858	98	49
	859	99	49
	860	98	52
	861	96	49
	862	99	51
	863	94	51
	864	97	50
	865	97	51
	866	100	50
	867	95	50
	868	94	52
	869	96	51
	870	92	50
	871	97	50
	872	93	49
	873	91	52
	874	93	50
	875	93	51
	876	92	50
	877	95	49
	878	91	50
	879	97	52
	880	93	51
	881	94	51
	882	92	49
	883	92	51
	884	94	48
	885	91	48
	886	89	50
	887	91	52
	888	90	51
	889	91	49
	890	93	48
	891	89	51
	892	90	48
	893	90	50
	894	90	50
	895	89	47
	896	86	52
	897	91	48
	898	88	47
	899	89	48
	900	87	50
	901	89	43
	902	85	48
	903	85	48
	904	86	47
	905	84	50
	906	82	47
	907	84	47
	908	85	48
	909	84	48
	910	82	48
	911	81	48
	912	82	45
	913	83	47
	914	82	48
	915	82	49
	916	78	46
	917	82	49
	918	79	47
	919	83	50
	920	81	46
	921	84	46
	922	81	49
	923	81	50
	924	79	44
	925	81	49
	926	79	46
	927	78	49
	928	76	50
	929	77	48
	930	77	48
	931	75	49
	932	72	48
	933	78	52
	934	76	48
	935	75	48
	936	76	45
	937	75	48
	938	74	48
	939	71	48
	940	73	46
	941	73	43
	942	71	46
	943	69	47
	944	72	45
	945	70	49
	946	69	47
	947	70	48
	948	70	45
	949	71	45
	950	69	55
	951	66	47
	952	67	47
	953	68	45
	954	69	46
	955	70	44
	956	66	46
	957	72	47
	958	71	48
	959	68	49
	960	67	50
	961	67	47
	962	67	47
	963	67	46
	964	66	46
	965	62	48
	966	64	46
	967	64	47
	968	62	47
	969	64	48
	970	66	46
	971	62	44
	972	59	47
	973	60	46
	974	64	47
	975	63	44
	976	62	46
	977	60	43
	978	59	46
	979	57	43
	980	57	47
	981	58	47
	982	58	44
	983	58	46
	984	55	44
	985	58	48
	986	54	45
	987	55	45
	988	57	45
	989	56	46
	990	51	46
	991	54	46
	992	53	46
	993	51	45
	994	51	47
	995	52	45
	996	48	45
	997	52	46
	998	51	44
	999	52	46
	1000	53	47
	1001	49	47
	1002	51	47
	1003	51	44
	1004	49	44
	1005	50	47
	1006	49	45
	1007	48	46
	1008	48	45
	1009	47	45
	1010	48	43
	1011	48	44
	1012	45	47
	1013	47	42
	1014	50	45
	1015	48	43
	1016	50	43
	1017	47	42
	1018	45	42
	1019	49	44
	1020	47	44
	1021	49	46
	1022	49	46
	1023	48	45
	1024	47	43
	1025	46	42
	1026	45	46
	1027	49	44
	1028	47	41
	1029	49	42
	1030	45	40
	1031	46	44
	1032	43	43
	1033	48	41
	1034	43	43
	1035	47	43
	1036	48	44
	1037	43	47
	1038	44	43
	1039	44	44
	1040	42	44
	1041	45	43
	1042	44	42
	1043	44	46
	1044	45	48
	1045	48	45
	1046	44	44
	1047	43	44
	1048	44	46
	1049	45	44
	1050	43	45
	1051	41	43
	1052	43	44
	1053	44	42
	1054	44	44
	1055	44	50
	1056	39	43
	1057	44	45
	1058	42	43
	1059	45	47
	1060	40	42
	1061	44	44
	1062	41	43
	1063	45	43
	1064	44	41
	1065	39	42
	1066	43	41
	1067	43	41
	1068	41	42
	1069	44	45
	1070	41	44
	1071	44	45
	1072	40	39
	1073	42	43
	1074	42	42
	1075	40	42
	1076	39	42
	1077	47	47
	1078	43	42
	1079	41	42
	1080	43	44
	1081	43	42
	1082	42	46
	1083	41	45
	1084	40	43
	1085	41	41
	1086	39	46
	1087	46	42
	1088	43	43
	1089	42	42
	1090	40	43
	1091	39	46
	1092	42	41
	1093	40	43
	1094	40	41
	1095	41	43
	1096	40	43
	1097	41	43
	1098	39	45
	1099	40	44
	1100	41	45
	1101	43	42
	1102	39	44
	1103	44	43
	1104	39	44
	1105	42	42
	1106	41	43
	1107	40	42
	1108	41	41
	1109	42	44
	1110	41	45
	1111	40	43
	1112	41	40
	1113	43	41
	1114	41	41
	1115	40	42
	1116	37	40
	1117	39	42
	1118	40	43
	1119	42	40
	1120	38	43
	1121	42	45
	1122	37	42
	1123	43	43
	1124	37	43
	1125	39	44
	1126	41	44
	1127	42	41
	1128	41	40
	1129	38	42
	1130	43	44
	1131	40	42
	1132	41	45
	1133	38	42
	1134	37	43
	1135	39	42
	1136	40	47
	1137	40	45
	1138	37	44
	1139	39	44
	1140	42	40
	1141	38	43
	1142	38	43
	1143	39	43
	1144	38	42
	1145	37	42
	1146	40	41
	1147	43	43
	1148	42	43
	1149	38	45
	1150	40	41
	1151	36	45
	1152	36	44
	1153	41	43
	1154	41	43
	1155	40	44
	1156	35	42
	1157	40	40
	1158	40	44
	1159	40	41
	1160	40	42
	1161	40	43
	1162	38	43
	1163	38	46
	1164	37	41
	1165	43	43
	1166	38	40
	1167	40	42
	1168	38	43
	1169	38	41
	1170	37	41
	1171	41	43
	1172	40	41
	1173	41	42
	1174	35	44
	1175	38	45
	1176	40	41
	1177	39	42
	1178	39	41
	1179	40	40
	1180	39	42
	1181	39	43
	1182	38	43
	1183	40	44
	1184	38	44
	1185	39	43
	1186	37	41
	1187	38	41
	1188	35	45
	1189	39	40
	1190	37	42
	1191	37	43
	1192	37	41
	1193	36	42
	1194	38	42
	1195	38	43
	1196	38	42
	1197	37	45
	1198	39	41
	1199	39	45
	1200	38	44
	1201	39	43
	1202	36	43
	1203	37	44
	1204	39	41
	1205	40	41
	1206	42	42
	1207	40	41
	1208	39	41
	1209	41	41
	1210	35	42
	1211	38	43
	1212	36	43
	1213	38	43
	1214	36	42
	1215	39	39
	1216	35	41
	1217	41	46
	1218	37	44
	1219	36	42
	1220	40	41
	1221	38	42
	1222	39	41
	1223	37	42
	1224	37	43
	1225	39	42
	1226	39	42
	1227	37	40
	1228	37	43
	1229	36	45
	1230	36	41
	1231	39	45
	1232	35	42
	1233	37	41
	1234	33	45
	1235	36	43
	1236	37	43
	1237	39	42
	1238	37	41
	1239	39	43
	1240	36	42
	1241	36	44
	1242	38	42
	1243	39	45
	1244	38	41
	1245	39	43
	1246	35	44
	1247	39	45
	1248	37	43
	1249	39	41
	1250	39	40
	1251	41	44
	1252	39	42
	1253	36	44
	1254	36	42
	1255	38	42
	1256	36	42
	1257	36	41
	1258	36	43
	1259	37	42
	1260	37	46
	1261	39	45
	1262	39	43
	1263	39	44
	1264	37	41
	1265	40	44
	1266	41	43
	1267	44	39
	1268	35	42
	1269	36	41
	1270	35	39
	1271	40	45
	1272	35	44
	1273	36	42
	1274	37	44
	1275	35	47
	1276	40	45
	1277	38	45
	1278	37	44
	1279	37	45
	1280	33	44
	1281	38	47
	1282	36	44
	1283	38	42
	1284	37	42
	1285	33	43
	1286	37	43
	1287	38	42
	1288	37	41
	1289	35	40
	1290	36	41
	1291	36	42
	1292	33	41
	1293	37	43
	1294	33	45
	1295	37	43
	1296	39	44
	1297	34	40
	1298	33	43
	1299	39	44
	1300	35	44
	1301	37	44
	1302	36	42
	1303	37	43
	1304	36	41
	1305	36	45
	1306	33	44
	1307	36	44
	1308	31	42
	1309	34	48
	1310	37	41
	1311	33	44
	1312	33	41
	1313	36	40
	1314	35	42
	1315	37	41
	1316	38	40
	1317	34	42
	1318	34	43
	1319	33	42
	1320	35	45
	1321	36	43
	1322	37	44
	1323	38	42
	1324	34	40
	1325	34	39
	1326	34	42
	1327	36	43
	1328	35	46
	1329	37	44
	1330	35	39
	1331	35	41
	1332	34	39
	1333	36	42
	1334	35	44
	1335	37	43
	1336	33	42
	1337	37	42
	1338	33	41
	1339	33	43
	1340	34	45
	1341	35	44
	1342	34	43
	1343	35	43
	1344	33	40
	1345	34	42
	1346	36	45
	1347	33	42
	1348	32	40
	1349	33	43
	1350	34	41
	1351	35	44
	1352	36	41
	1353	33	41
	1354	33	41
	1355	37	44
	1356	34	42
	1357	36	45
	1358	35	42
	1359	35	44
	1360	33	41
	1361	35	43
	1362	33	41
	1363	33	41
	1364	33	43
	1365	34	42
	1366	33	42
	1367	33	42
	1368	31	43
	1369	32	43
	1370	34	42
	1371	33	42
	1372	36	44
	1373	35	40
	1374	35	45
	1375	35	44
	1376	33	41
	1377	33	41
	1378	32	42
	1379	36	43
	1380	35	41
	1381	38	40
	1382	35	43
	1383	32	43
	1384	31	42
	1385	31	42
	1386	33	40
	1387	31	43
	1388	31	42
	1389	31	43
	1390	35	41
	1391	33	42
	1392	30	41
	1393	33	41
	1394	33	42
	1395	33	43
	1396	33	43
	1397	33	43
	1398	31	41
	1399	35	43
	1400	33	43
	1401	33	44
	1402	32	41
	1403	32	44
	1404	35	42
	1405	30	42
	1406	29	44
	1407	32	43
	1408	32	41
	1409	31	44
	1410	33	46
	1411	34	40
	1412	35	42
	1413	35	43
	1414	32	42
	1415	35	42
	1416	35	37
	1417	30	43
	1418	32	42
	1419	32	42
	1420	33	44
	1421	31	40
	1422	30	41
	1423	31	41
	1424	32	43
	1425	32	43
	1426	29	42
	1427	33	42
	1428	30	42
	1429	33	41
	1430	33	42
	1431	32	44
	1432	30	43
	1433	34	41
	1434	30	42
	1435	33	43
	1436	31	43
	1437	30	41
	1438	30	41
	1439	33	41
	1440	33	43
	1441	32	42
	1442	33	43
	1443	30	39
	1444	33	41
	1445	31	37
	1446	29	43
	1447	33	44
	1448	33	43
	1449	31	42
	1450	30	41
	1451	27	44
	1452	28	41
	1453	30	44
	1454	30	44
	1455	32	45
	1456	28	42
	1457	31	41
	1458	32	41
	1459	29	41
	1460	30	45
	1461	31	42
	1462	30	39
	1463	30	43
	1464	31	41
	1465	31	43
	1466	30	44
	1467	30	42
	1468	30	41
	1469	34	43
	1470	28	40
	1471	29	43
	1472	30	41
	1473	29	43
	1474	30	43
	1475	32	40
	1476	29	42
	1477	31	40
	1478	29	41
	1479	31	42
	1480	31	40
	1481	31	41
	1482	29	41
	1483	28	44
	1484	28	41
	1485	33	42
	1486	28	41
	1487	31	42
	1488	27	40
	1489	33	42
	1490	28	43
	1491	33	42
	1492	30	40
	1493	30	40
	1494	32	41
	1495	32	42
	1496	29	42
	1497	31	43
	1498	28	42
	1499	33	40
	1500	30	44
	1501	31	43
	1502	31	41
	1503	31	45
	1504	28	41
	1505	30	41
	1506	30	40
	1507	34	44
	1508	29	39
	1509	31	41
	1510	28	42
	1511	30	42
	1512	31	40
	1513	33	40
	1514	28	41
	1515	29	42
	1516	28	41
	1517	28	40
	1518	28	41
	1519	31	40
	1520	31	39
	1521	27	40
	1522	29	41
	1523	30	40
	1524	30	42
	1525	33	41
	1526	31	40
	1527	31	40
	1528	28	43
	1529	29	44
	1530	31	39
	1531	35	43
	1532	28	45
	1533	33	42
	1534	29	42
	1535	29	44
	1536	29	40
	1537	28	40
	1538	29	43
	1539	30	43
	1540	31	41
	1541	29	44
	1542	28	38
	1543	30	42
	1544	30	41
	1545	29	43
	1546	29	40
	1547	31	43
	1548	28	42
	1549	30	41
	1550	28	41
	1551	29	43
	1552	31	40
	1553	31	40
	1554	26	41
	1555	31	42
	1556	27	42
	1557	29	40
	1558	32	46
	1559	32	42
	1560	28	40
	1561	32	41
	1562	33	40
	1563	34	48
	1564	33	41
	1565	33	44
	1566	35	45
	1567	37	41
	1568	35	41
	1569	35	43
	1570	37	41
	1571	37	52
	1572	36	41
	1573	34	45
	1574	38	43
	1575	38	44
	1576	34	41
	1577	37	46
	1578	40	44
	1579	40	45
	1580	39	43
	1581	37	43
	1582	39	43
	1583	38	44
	1584	39	42
	1585	39	42
	1586	39	44
	1587	39	41
	1588	37	43
	1589	37	44
	1590	41	41
	1591	39	43
	1592	38	44
	1593	39	42
	1594	41	44
	1595	40	45
	1596	36	40
	1597	45	42
	1598	41	45
	1599	40	45
	1600	37	44
	1601	41	40
	1602	39	42
	1603	41	41
	1604	38	43
	1605	39	46
	1606	36	43
	1607	36	45
	1608	39	45
	1609	41	45
	1610	36	42
	1611	38	42
	1612	39	41
	1613	39	43
	1614	37	45
	1615	38	43
	1616	35	41
	1617	39	43
	1618	37	43
	1619	39	43
	1620	39	44
	1621	35	45
	1622	38	42
	1623	37	41
	1624	39	45
	1625	38	45
	1626	41	43
	1627	38	41
	1628	35	42
	1629	36	46
	1630	35	44
	1631	42	43
	1632	37	40
	1633	37	43
	1634	37	44
	1635	38	45
	1636	36	42
	1637	34	45
	1638	36	45
	1639	37	40
	1640	35	44
	1641	37	43
	1642	38	43
	1643	37	44
	1644	36	46
	1645	39	41
	1646	44	41
	1647	39	45
	1648	34	44
	1649	37	46
	1650	35	42
	1651	37	43
	1652	35	43
	1653	38	43
	1654	39	45
	1655	40	43
	1656	35	43
	1657	38	44
	1658	38	43
	1659	42	41
	1660	38	44
	1661	37	41
	1662	36	42
	1663	41	44
	1664	36	44
	1665	38	44
	1666	37	40
	1667	39	44
	1668	36	42
	1669	35	42
	1670	35	43
	1671	39	43
	1672	34	46
	1673	39	41
	1674	37	39
	1675	37	46
	1676	39	42
	1677	39	40
	1678	35	40
	1679	37	41
	1680	36	39
	1681	33	44
	1682	34	39
	1683	35	44
	1684	34	44
	1685	34	43
	1686	33	40
	1687	37	45
	1688	33	41
	1689	32	43
	1690	31	42
	1691	32	42
	1692	28	45
	1693	29	44
	1694	29	44
	1695	31	43
	1696	27	42
	1697	28	42
	1698	29	43
	1699	29	42
	1700	27	40
	1701	28	44
	1702	26	40
	1703	29	42
	1704	27	43
	1705	25	43
	1706	25	40
	1707	25	40
	1708	23	41
	1709	24	40
	1710	27	41
	1711	23	39
	1712	26	39
	1713	24	41
	1714	26	42
	1715	29	39
	1716	26	38
	1717	25	39
	1718	25	42
	1719	25	42
	1720	26	41
	1721	24	42
	1722	25	41
	1723	29	43
	1724	24	38
	1725	24	40
	1726	29	41
	1727	24	41
	1728	27	40
	1729	26	44
	1730	23	40
	1731	27	39
	1732	27	42
	1733	22	41
	1734	23	42
	1735	24	40
	1736	23	39
	1737	25	41
	1738	25	40
	1739	23	39
	1740	27	41
	1741	24	41
	1742	22	38
	1743	25	41
	1744	24	42
	1745	23	40
	1746	24	38
	1747	23	41
	1748	27	41
	1749	26	39
	1750	22	39
	1751	24	39
	1752	21	41
	1753	26	40
	1754	26	42
	1755	27	41
	1756	25	39
	1757	25	37
	1758	25	41
	1759	24	40
	1760	24	42
	1761	25	42
	1762	23	41
	1763	27	38
	1764	24	41
	1765	26	37
	1766	24	39
	1767	23	38
	1768	23	37
	1769	24	44
	1770	22	39
	1771	24	42
	1772	21	41
	1773	24	39
	1774	27	41
	1775	25	41
	1776	26	40
	1777	26	40
	1778	24	39
	1779	24	39
	1780	24	39
	1781	23	44
	1782	24	41
	1783	22	42
	1784	21	41
	1785	22	41
	1786	24	41
	1787	22	41
	1788	23	40
	1789	27	43
	1790	25	40
	1791	23	43
	1792	24	41
	1793	24	41
	1794	22	42
	1795	23	41
	1796	25	42
	1797	23	39
	1798	23	41
	1799	23	39
	1800	22	40
	1801	25	38
	1802	24	43
	1803	24	40
	1804	21	39
	1805	21	38
	1806	21	41
	1807	24	41
	1808	23	40
	1809	27	43
	1810	25	39
	1811	22	40
	1812	20	44
	1813	25	41
	1814	24	40
	1815	23	43
	1816	22	43
	1817	25	44
	1818	22	40
	1819	25	40
	1820	21	40
	1821	21	42
	1822	21	39
	1823	23	43
	1824	20	39
	1825	19	42
	1826	24	39
	1827	21	40
	1828	23	39
	1829	22	42
	1830	21	39
	1831	25	44
	1832	24	43
	1833	23	38
	1834	24	39
	1835	25	41
	1836	20	41
	1837	23	41
	1838	22	42
	1839	25	40
	1840	19	38
	1841	24	40
	1842	25	43
	1843	22	40
	1844	24	42
	1845	21	40
	1846	22	42
	1847	23	42
	1848	23	43
	1849	25	41
	1850	22	39
	1851	22	39
	1852	23	44
	1853	24	42
	1854	23	39
	1855	22	42
	1856	20	41
	1857	23	40
	1858	24	40
	1859	20	40
	1860	22	42
	1861	23	43
	1862	26	38
	1863	24	39
	1864	24	42
	1865	25	39
	1866	24	41
	1867	21	41
	1868	21	39
	1869	25	41
	1870	22	39
	1871	23	38
	1872	25	40
	1873	21	40
	1874	22	39
	1875	22	41
	1876	21	41
	1877	21	43
	1878	21	42
	1879	23	43
	1880	22	40
	1881	21	40
	1882	20	39
	1883	22	43
	1884	23	40
	1885	23	40
	1886	21	42
	1887	21	41
	1888	26	40
	1889	22	41
	1890	21	41
	1891	24	42
	1892	23	41
	1893	25	39
	1894	20	39
	1895	21	43
	1896	20	40
	1897	23	42
	1898	24	40
	1899	22	41
	1900	20	40
	1901	24	41
	1902	22	40
	1903	24	40
	1904	22	41
	1905	24	39
	1906	20	42
	1907	30	38
	1908	24	40
	1909	23	40
	1910	22	40
	1911	22	43
	1912	23	40
	1913	25	39
	1914	26	39
	1915	22	44
	1916	20	39
	1917	23	40
	1918	22	39
	1919	22	39
	1920	24	41
	1921	22	47
	1922	24	40
	1923	22	40
	1924	22	40
	1925	23	39
	1926	22	42
	1927	25	42
	1928	20	41
	1929	22	44
	1930	22	41
	1931	22	40
	1932	23	42
	1933	22	41
	1934	20	40
	1935	21	40
	1936	21	42
	1937	22	40
	1938	23	40
	1939	24	42
	1940	24	38
	1941	22	43
	1942	24	40
	1943	23	41
	1944	23	41
	1945	23	40
	1946	22	40
	1947	24	42
	1948	23	38
	1949	21	42
	1950	23	42
	1951	22	37
	1952	21	41
	1953	25	39
	1954	22	40
	1955	22	42
	1956	23	40
	1957	21	39
	1958	18	39
	1959	23	39
	1960	21	38
	1961	25	37
	1962	22	39
	1963	21	40
	1964	23	39
	1965	25	40
	1966	25	39
	1967	23	38
	1968	21	38
	1969	23	41
	1970	22	39
	1971	23	39
	1972	22	41
	1973	23	36
	1974	20	39
	1975	21	39
	1976	21	38
	1977	24	40
	1978	22	43
	1979	22	42
	1980	22	42
	1981	23	40
	1982	22	38
	1983	20	39
	1984	20	40
	1985	24	40
	1986	21	41
	1987	20	40
	1988	21	38
	1989	23	38
	1990	21	41
	1991	21	42
	1992	22	41
	1993	20	39
	1994	18	39
	1995	19	41
	1996	21	40
	1997	23	41
	1998	22	42
	1999	23	41
	2000	22	40
	2001	20	42
	2002	23	40
	2003	22	41
	2004	22	43
	2005	23	41
	2006	23	42
	2007	23	41
	2008	21	43
	2009	23	43
	2010	20	40
	2011	21	43
	2012	21	42
	2013	23	41
	2014	21	41
	2015	22	39
	2016	22	41
	2017	22	42
	2018	22	41
	2019	22	40
	2020	22	40
	2021	22	42
	2022	20	39
	2023	20	41
	2024	20	41
	2025	24	42
	2026	19	40
	2027	20	40
	2028	20	39
	2029	22	42
	2030	21	41
	2031	24	39
	2032	20	42
	2033	20	43
	2034	22	39
	2035	20	40
	2036	22	39
	2037	23	40
	2038	21	44
	2039	20	40
	2040	21	41
	2041	23	45
	2042	21	39
	2043	21	41
	2044	20	41
	2045	19	42
	2046	19	41
	2047	19	41
	2048	21	39
	2049	20	38
	2050	19	39
	2051	21	40
	2052	20	38
	2053	21	38
	2054	21	43
	2055	22	44
	2056	20	40
	2057	22	40
	2058	20	40
	2059	19	39
	2060	20	41
	2061	22	41
	2062	19	39
	2063	19	39
	2064	22	40
	2065	20	42
	2066	19	42
	2067	19	39
	2068	19	40
	2069	22	41
	2070	24	40
	2071	21	41
	2072	23	42
	2073	19	39
	2074	19	37
	2075	20	43
	2076	22	41
	2077	22	38
	2078	21	40
	2079	20	38
	2080	22	39
	2081	21	40
	2082	23	41
	2083	20	40
	2084	19	40
	2085	20	40
	2086	19	39
	2087	20	41
	2088	20	40
	2089	21	42
	2090	19	40
	2091	20	38
	2092	20	38
	2093	16	41
	2094	22	38
	2095	22	40
	2096	22	38
	2097	21	37
	2098	20	40
	2099	23	41
	2100	22	41
	2101	21	43
	2102	20	38
	2103	24	40
	2104	20	40
	2105	21	39
	2106	19	44
	2107	19	38
	2108	19	35
	2109	19	40
	2110	22	38
	2111	23	39
	2112	24	38
	2113	19	40
	2114	20	39
	2115	22	42
	2116	20	41
	2117	21	43
	2118	21	39
	2119	21	39
	2120	22	39
	2121	24	40
	2122	21	40
	2123	21	39
	2124	20	43
	2125	19	38
	2126	19	39
	2127	17	41
	2128	19	39
	2129	21	40
	2130	20	42
	2131	20	43
	2132	19	40
	2133	21	43
	2134	21	42
	2135	22	41
	2136	20	39
	2137	20	40
	2138	20	43
	2139	21	40
	2140	21	42
	2141	22	40
	2142	20	39
	2143	22	39
	2144	22	39
	2145	22	39
	2146	19	40
	2147	19	39
	2148	21	37
	2149	21	43
	2150	21	40
	2151	22	37
	2152	19	40
	2153	20	39
	2154	21	40
	2155	20	37
	2156	21	41
	2157	19	40
	2158	19	39
	2159	22	38
	2160	21	40
	2161	22	40
	2162	18	40
	2163	20	41
	2164	21	41
	2165	23	41
	2166	19	42
	2167	20	41
	2168	20	39
	2169	21	42
	2170	19	60
	2171	23	39
	2172	22	43
	2173	22	41
	2174	20	42
	2175	22	41
	2176	21	36
	2177	22	37
	2178	20	42
	2179	23	40
	2180	19	39
	2181	22	38
	2182	19	35
	2183	22	38
	2184	19	39
	2185	22	41
	2186	19	40
	2187	19	38
	2188	21	38
	2189	21	41
	2190	18	39
	2191	19	39
	2192	20	39
	2193	20	40
	2194	20	47
	2195	21	40
	2196	19	39
	2197	20	39
	2198	19	40
	2199	18	41
	2200	18	41
	2201	20	42
	2202	18	40
	2203	20	41
	2204	21	39
	2205	24	41
	2206	19	38
	2207	22	41
	2208	22	39
	2209	21	41
	2210	22	39
	2211	21	38
	2212	21	39
	2213	23	40
	2214	20	40
	2215	23	40
	2216	19	40
	2217	21	41
	2218	20	42
	2219	20	41
	2220	20	37
	2221	20	42
	2222	20	41
	2223	21	42
	2224	18	39
	2225	21	39
	2226	21	38
	2227	21	39
	2228	21	40
	2229	21	42
	2230	20	41
	2231	21	39
	2232	20	38
	2233	22	38
	2234	22	39
	2235	22	43
	2236	19	39
	2237	21	38
	2238	21	40
	2239	19	42
	2240	21	40
	2241	19	40
	2242	19	39
	2243	20	43
	2244	18	41
	2245	20	40
	2246	20	42
	2247	21	39
	2248	20	39
	2249	22	39
	2250	20	39
	2251	20	40
	2252	20	37
	2253	20	39
	2254	20	41
	2255	20	43
	2256	21	39
	2257	21	40
	2258	19	39
	2259	21	40
	2260	19	40
	2261	19	42
	2262	21	39
	2263	21	41
	2264	18	40
	2265	21	42
	2266	19	38
	2267	20	41
	2268	19	41
	2269	19	40
	2270	17	39
	2271	22	42
	2272	20	39
	2273	21	38
	2274	22	38
	2275	20	39
	2276	19	41
	2277	20	40
	2278	17	41
	2279	21	39
	2280	21	38
	2281	20	37
	2282	21	39
	2283	20	41
	2284	20	42
	2285	22	37
	2286	19	40
	2287	21	38
	2288	19	37
	2289	22	45
	2290	19	41
	2291	20	41
	2292	22	39
	2293	21	43
	2294	22	38
	2295	20	42
	2296	17	39
	2297	19	42
	2298	20	42
	2299	20	39
	2300	19	39
	2301	19	39
	2302	19	41
	2303	20	40
	2304	19	41
	2305	24	43
	2306	19	38
	2307	21	42
	2308	20	37
	2309	20	42
	2310	21	40
	2311	23	39
	2312	20	37
	2313	22	40
	2314	18	39
	2315	20	41
	2316	20	37
	2317	18	36
	2318	20	39
	2319	20	41
	2320	19	39
	2321	22	39
	2322	18	39
	2323	19	41
	2324	20	40
	2325	22	40
	2326	18	41
	2327	23	41
	2328	18	41
	2329	25	42
	2330	22	37
	2331	21	41
	2332	21	40
	2333	21	39
	2334	21	41
	2335	21	40
	2336	19	37
	2337	20	39
	2338	19	38
	2339	21	45
	2340	20	40
	2341	22	41
	2342	20	39
	2343	20	41
	2344	21	43
	2345	19	40
	2346	18	40
	2347	21	38
	2348	19	43
	2349	22	39
	2350	21	39
	2351	21	41
	2352	20	42
	2353	17	41
	2354	18	39
	2355	20	39
	2356	18	40
	2357	20	41
	2358	19	39
	2359	21	40
	2360	22	37
	2361	20	44
	2362	19	41
	2363	22	43
	2364	22	42
	2365	22	40
	2366	20	39
	2367	20	41
	2368	20	39
	2369	19	38
	2370	20	38
	2371	19	39
	2372	19	39
	2373	21	41
	2374	16	39
	2375	21	42
	2376	20	38
	2377	21	40
	2378	22	39
	2379	20	41
	2380	21	37
	2381	21	41
	2382	21	41
	2383	20	41
	2384	21	41
	2385	22	39
	2386	18	39
	2387	19	39
	2388	22	41
	2389	22	40
	2390	19	41
	2391	22	42
	2392	21	40
	2393	20	41
	2394	20	39
	2395	19	41
	2396	19	39
	2397	21	42
	2398	21	38
	2399	21	40
	2400	18	39
	2401	18	39
	2402	20	41
	2403	26	41
	2404	16	41
	2405	21	37
	2406	23	40
	2407	21	40
	2408	20	39
	2409	21	40
	2410	20	41
	2411	23	40
	2412	20	38
	2413	19	41
	2414	21	38
	2415	19	42
	2416	17	39
	2417	22	44
	2418	21	41
	2419	20	40
	2420	19	39
	2421	22	42
	2422	23	41
	2423	23	41
	2424	19	42
	2425	23	39
	2426	20	44
	2427	21	39
	2428	20	41
	2429	20	40
	2430	21	39
	2431	21	40
	2432	16	39
	2433	19	42
	2434	19	38
	2435	20	41
	2436	20	39
	2437	19	41
	2438	19	40
	2439	21	38
	2440	21	38
	2441	20	38
	2442	21	39
	2443	22	42
	2444	21	43
	2445	19	39
	2446	19	38
	2447	17	41
	2448	19	42
	2449	17	42
	2450	21	38
	2451	20	40
	2452	21	39
	2453	22	43
	2454	17	41
	2455	19	43
	2456	18	41
	2457	19	38
	2458	21	42
	2459	20	39
	2460	18	40
	2461	18	42
	2462	21	39
	2463	21	39
	2464	19	44
	2465	22	42
	2466	22	39
	2467	23	43
	2468	20	37
	2469	21	41
	2470	23	40
	2471	19	44
	2472	21	40
	2473	19	40
	2474	20	39
	2475	22	38
	2476	20	39
	2477	20	40
	2478	21	41
	2479	21	43
	2480	20	40
	2481	21	40
	2482	23	39
	2483	21	42
	2484	17	41
	2485	22	40
	2486	20	40
	2487	21	43
	2488	18	39
	2489	19	37
	2490	19	40
	2491	22	43
	2492	20	40
	2493	21	42
	2494	19	39
	2495	23	44
	2496	21	39
	2497	20	39
	2498	19	40
	2499	21	41
	2500	21	39
	2501	22	42
	2502	21	42
	2503	22	42
	2504	21	41
	2505	22	36
	2506	22	41
	2507	19	41
	2508	21	41
	2509	18	39
	2510	19	41
	2511	20	40
	2512	20	42
	2513	21	43
	2514	20	41
	2515	21	40
	2516	20	39
	2517	25	39
	2518	22	42
	2519	22	40
	2520	19	41
	2521	20	40
	2522	19	42
	2523	20	39
	2524	19	41
	2525	18	40
	2526	20	39
	2527	21	40
	2528	16	39
	2529	22	39
	2530	21	41
	2531	23	39
	2532	19	38
	2533	20	39
	2534	21	40
	2535	22	41
	2536	23	39
	2537	21	41
	2538	19	40
	2539	20	39
	2540	22	40
	2541	22	43
	2542	22	38
	2543	20	39
	2544	18	38
	2545	20	39
	2546	21	41
	2547	19	40
	2548	22	41
	2549	19	38
	2550	23	39
	2551	20	41
	2552	20	41
	2553	22	39
	2554	20	39
	2555	22	41
	2556	20	39
	2557	22	39
	2558	20	40
	2559	22	39
	2560	20	39
	2561	21	41
	2562	22	40
	2563	20	39
	2564	18	39
	2565	18	37
	2566	17	39
	2567	22	47
	2568	22	39
	2569	20	41
	2570	20	38
	2571	20	39
	2572	20	38
	2573	20	41
	2574	18	36
	2575	22	40
	2576	20	40
	2577	21	40
	2578	19	37
	2579	23	39
	2580	20	39
	2581	23	40
	2582	21	40
	2583	20	38
	2584	19	40
	2585	19	41
	2586	19	40
	2587	21	39
	2588	20	41
	2589	21	38
	2590	22	38
	2591	23	38
	2592	17	37
	2593	18	42
	2594	20	41
	2595	23	38
	2596	19	37
	2597	20	40
	2598	18	40
	2599	20	38
	2600	17	41
	2601	22	40
	2602	20	40
	2603	20	39
	2604	20	38
	2605	19	40
	2606	18	39
	2607	19	40
	2608	17	39
	2609	22	40
	2610	19	42
	2611	20	41
	2612	20	40
	2613	21	40
	2614	18	38
	2615	20	41
	2616	18	38
	2617	21	40
	2618	18	38
	2619	21	37
	2620	18	40
	2621	22	41
	2622	18	41
	2623	18	37
	2624	17	39
	2625	18	40
	2626	28	40
	2627	20	39
	2628	22	40
	2629	21	38
	2630	19	40
	2631	20	41
	2632	19	41
	2633	23	42
	2634	20	38
	2635	21	40
	2636	20	40
	2637	18	41
	2638	17	41
	2639	21	40
	2640	21	39
	2641	23	44
	2642	21	39
	2643	20	41
	2644	18	39
	2645	20	40
	2646	22	41
	2647	20	42
	2648	21	43
	2649	20	41
	2650	21	39
	2651	19	41
	2652	21	42
	2653	22	38
	2654	21	41
	2655	19	40
	2656	20	41
	2657	21	40
	2658	16	37
	2659	20	39
	2660	20	41
	2661	21	41
	2662	21	39
	2663	19	41
	2664	18	38
	2665	22	41
	2666	20	41
	2667	20	39
	2668	20	41
	2669	20	40
	2670	21	40
	2671	20	41
	2672	19	38
	2673	20	43
	2674	18	42
	2675	20	43
	2676	19	42
	2677	18	39
	2678	19	38
	2679	21	41
	2680	20	40
	2681	21	40
	2682	21	36
	2683	19	39
	2684	19	39
	2685	21	41
	2686	21	38
	2687	22	44
	2688	19	38
	2689	20	39
	2690	21	40
	2691	21	42
	2692	19	38
	2693	21	38
	2694	18	38
	2695	19	42
	2696	19	41
	2697	18	40
	2698	21	36
	2699	20	39
	2700	20	40
	2701	21	41
	2702	17	41
	2703	19	41
	2704	19	40
	2705	21	39
	2706	20	41
	2707	22	39
	2708	21	39
	2709	23	41
	2710	20	40
	2711	20	39
	2712	20	39
	2713	20	42
	2714	21	42
	2715	19	41
	2716	19	37
	2717	18	40
	2718	20	40
	2719	20	40
	2720	19	37
	2721	29	41
	2722	18	42
	2723	19	37
	2724	19	41
	2725	21	44
	2726	24	37
	2727	22	41
	2728	18	41
	2729	19	41
	2730	19	40
	2731	17	40
	2732	21	37
	2733	20	39
	2734	17	40
	2735	19	39
	2736	19	40
	2737	22	39
	2738	19	41
	2739	20	43
	2740	20	40
	2741	22	42
	2742	21	38
	2743	21	39
	2744	21	41
	2745	20	40
	2746	24	39
	2747	22	39
	2748	23	37
	2749	18	41
	2750	22	42
	2751	22	41
	2752	21	39
	2753	20	38
	2754	17	39
	2755	20	40
	2756	19	41
	2757	23	41
	2758	18	39
	2759	22	40
	2760	19	39
	2761	18	41
	2762	20	39
	2763	21	39
	2764	19	38
	2765	22	41
	2766	18	41
	2767	21	40
	2768	19	39
	2769	21	40
	2770	17	41
	2771	22	43
	2772	17	40
	2773	22	42
	2774	21	35
	2775	20	39
	2776	20	40
	2777	22	43
	2778	19	39
	2779	19	40
	2780	21	42
	2781	20	43
	2782	21	40
	2783	26	39
	2784	20	39
	2785	23	38
	2786	22	40
	2787	21	41
	2788	18	39
	2789	20	41
	2790	21	38
	2791	20	40
	2792	21	41
	2793	18	41
	2794	19	40
	2795	19	39
	2796	19	40
	2797	23	38
	2798	17	39
	2799	20	43
	2800	17	44
	2801	20	41
	2802	21	47
	2803	20	40
	2804	19	41
	2805	20	39
	2806	22	39
	2807	21	43
	2808	21	40
	2809	19	39
	2810	21	40
	2811	21	38
	2812	17	39
	2813	22	41
	2814	19	41
	2815	21	39
	2816	20	41
	2817	21	39
	2818	19	39
	2819	22	42
	2820	22	40
	2821	20	40
	2822	20	41
	2823	21	40
	2824	21	40
	2825	23	41
	2826	19	36
	2827	19	41
	2828	20	37
	2829	20	42
	2830	19	40
	2831	25	40
	2832	21	39
	2833	18	39
	2834	19	40
	2835	19	40
	2836	21	38
	2837	21	41
	2838	19	38
	2839	19	38
	2840	21	38
	2841	19	43
	2842	19	38
	2843	21	39
	2844	21	38
	2845	21	38
	2846	20	38
	2847	19	39
	2848	20	39
	2849	22	40
	2850	21	40
	2851	21	38
	2852	19	40
	2853	19	41
	2854	18	40
	2855	20	40
	2856	18	37
	2857	19	39
	2858	19	39
	2859	22	41
	2860	18	41
	2861	22	40
	2862	19	40
	2863	20	40
	2864	21	38
	2865	21	42
	2866	21	36
	2867	18	41
	2868	16	39
	2869	22	43
	2870	22	41
	2871	20	39
	2872	18	38
	2873	19	41
	2874	20	39
	2875	22	42
	2876	19	37
	2877	18	40
	2878	21	39
	2879	19	43
	2880	18	39
	2881	18	39
	2882	19	38
	2883	22	42
	2884	18	42
	2885	21	41
	2886	21	38
	2887	20	39
	2888	20	39
	2889	43	37
	2890	19	42
	2891	19	40
	2892	18	39
	2893	19	38
	2894	21	39
	2895	22	40
	2896	18	40
	2897	19	43
	2898	22	40
	2899	21	40
	2900	17	39
	2901	21	41
	2902	19	41
	2903	18	39
	2904	19	40
	2905	18	41
	2906	18	39
	2907	20	37
	2908	19	38
	2909	23	39
	2910	21	39
	2911	21	43
	2912	18	39
	2913	20	40
	2914	22	41
	2915	19	39
	2916	22	38
	2917	19	41
	2918	19	38
	2919	22	41
	2920	27	40
	2921	21	39
	2922	19	41
	2923	20	40
	2924	21	40
	2925	20	37
	2926	19	39
	2927	20	40
	2928	21	40
	2929	21	41
	2930	21	43
	2931	19	41
	2932	20	40
	2933	21	43
	2934	19	41
	2935	19	40
	2936	22	42
	2937	21	39
	2938	21	40
	2939	20	40
	2940	17	40
	2941	19	39
	2942	21	39
	2943	19	40
	2944	17	41
	2945	19	41
	2946	18	38
	2947	21	41
	2948	22	39
	2949	20	40
	2950	20	41
	2951	19	39
	2952	19	38
	2953	22	41
	2954	21	39
	2955	24	38
	2956	21	41
	2957	21	41
	2958	19	40
	2959	21	39
	2960	18	41
	2961	19	41
	2962	17	43
	2963	19	39
	2964	22	39
	2965	19	40
	2966	20	39
	2967	20	42
	2968	20	37
	2969	21	41
	2970	20	40
	2971	19	39
	2972	20	38
	2973	21	37
	2974	21	41
	2975	23	38
	2976	20	41
	2977	23	37
	2978	18	39
	2979	20	41
	2980	22	39
	2981	20	41
	2982	19	40
	2983	23	41
	2984	20	37
	2985	18	40
	2986	17	40
	2987	19	39
	2988	20	39
	2989	22	39
	2990	18	41
	2991	20	39
	2992	20	38
	2993	20	36
	2994	20	40
	2995	20	39
	2996	21	42
	2997	23	41
	2998	24	41
	2999	23	39
	3000	21	36
	3001	21	41
	3002	20	42
	3003	21	42
	3004	21	40
	3005	19	38
	3006	19	37
	3007	18	41
	3008	19	40
	3009	20	38
	3010	17	40
	3011	22	39
	3012	19	39
	3013	21	43
	3014	19	42
	3015	20	41
	3016	21	41
	3017	19	39
	3018	18	40
	3019	19	43
	3020	22	41
	3021	21	42
	3022	19	38
	3023	20	42
	3024	18	41
	3025	19	41
	3026	19	39
	3027	21	40
	3028	21	42
	3029	21	42
	3030	18	40
	3031	21	39
	3032	22	39
	3033	19	37
	3034	22	40
	3035	21	40
	3036	21	39
	3037	19	39
	3038	19	38
	3039	22	40
	3040	19	37
	3041	22	40
	3042	20	41
	3043	21	38
	3044	20	44
	3045	20	38
	3046	18	37
	3047	20	39
	3048	24	39
	3049	19	38
	3050	19	41
	3051	20	41
	3052	19	38
	3053	24	42
	3054	19	38
	3055	20	41
	3056	22	40
	3057	20	39
	3058	21	41
	3059	22	41
	3060	19	40
	3061	23	40
	3062	18	39
	3063	17	42
	3064	21	38
	3065	21	38
	3066	18	38
	3067	23	38
	3068	21	40
	3069	19	41
	3070	21	40
	3071	21	39
	3072	18	40
	3073	22	42
	3074	22	37
	3075	20	38
	3076	20	38
	3077	19	40
	3078	19	41
	3079	22	39
	3080	20	40
	3081	21	40
	3082	19	42
	3083	21	41
	3084	20	42
	3085	20	41
	3086	21	39
	3087	23	41
	3088	19	38
	3089	21	39
	3090	20	40
	3091	21	39
	3092	21	38
	3093	19	42
	3094	21	38
	3095	21	40
	3096	19	38
	3097	21	40
	3098	20	38
	3099	20	41
	3100	18	38
	3101	20	41
	3102	19	39
	3103	20	39
	3104	19	39
	3105	21	39
	3106	19	39
	3107	21	41
	3108	18	41
	3109	20	38
	3110	19	40
	3111	18	39
	3112	20	40
	3113	20	41
	3114	19	41
	3115	20	38
	3116	18	38
	3117	18	42
	3118	19	40
	3119	21	42
	3120	19	41
	3121	22	39
	3122	19	43
	3123	20	41
	3124	18	40
	3125	21	41
	3126	23	39
	3127	21	41
	3128	18	38
	3129	19	41
	3130	21	40
	3131	22	42
	3132	22	39
	3133	20	40
	3134	18	37
	3135	21	37
	3136	20	42
	3137	20	41
	3138	19	38
	3139	23	40
	3140	21	36
	3141	19	39
	3142	17	40
	3143	22	43
	3144	20	39
	3145	23	39
	3146	23	35
	3147	19	39
	3148	21	42
	3149	21	41
	3150	21	39
	3151	24	44
	3152	20	37
	3153	21	42
	3154	20	41
	3155	17	36
	3156	19	40
	3157	20	39
	3158	20	40
	3159	19	38
	3160	21	40
	3161	22	39
	3162	20	36
	3163	22	40
	3164	21	43
	3165	23	42
	3166	21	39
	3167	21	39
	3168	19	39
	3169	21	40
	3170	21	40
	3171	21	41
	3172	21	41
	3173	22	42
	3174	21	40
	3175	19	41
	3176	20	42
	3177	21	41
	3178	20	41
	3179	20	41
	3180	22	42
	3181	19	41
	3182	18	40
	3183	22	39
	3184	19	39
	3185	28	40
	3186	20	39
	3187	21	42
	3188	21	42
	3189	20	38
	3190	18	42
	3191	22	40
	3192	21	39
	3193	21	43
	3194	17	38
	3195	22	37
	3196	20	39
	3197	22	39
	3198	21	43
	3199	21	39
	3200	19	37
	3201	20	39
	3202	19	39
	3203	23	41
	3204	22	40
	3205	20	41
	3206	19	40
	3207	18	40
	3208	19	38
	3209	19	39
	3210	19	41
	3211	20	41
	3212	19	41
	3213	22	42
	3214	17	41
	3215	19	37
	3216	19	38
	3217	19	42
	3218	20	40
	3219	20	43
	3220	19	40
	3221	18	38
	3222	18	39
	3223	22	48
	3224	21	39
	3225	22	44
	3226	22	41
	3227	21	42
	3228	18	42
	3229	20	41
	3230	20	42
	3231	23	40
	3232	23	39
	3233	19	43
	3234	20	40
	3235	20	38
	3236	22	38
	3237	22	40
	3238	21	39
	3239	20	41
	3240	23	40
	3241	24	43
	3242	19	39
	3243	22	39
	3244	20	40
	3245	20	42
	3246	18	42
	3247	21	40
	3248	17	40
	3249	21	41
	3250	21	40
	3251	21	41
	3252	21	43
	3253	18	39
	3254	18	43
	3255	20	40
	3256	19	39
	3257	22	39
	3258	22	36
	3259	19	38
	3260	18	39
	3261	20	39
	3262	21	40
	3263	23	38
	3264	19	39
	3265	19	41
	3266	19	40
	3267	17	43
	3268	22	38
	3269	19	39
	3270	21	42
	3271	23	41
	3272	20	36
	3273	22	39
	3274	20	37
	3275	19	39
	3276	19	42
	3277	22	41
	3278	18	40
	3279	21	43
	3280	18	39
	3281	19	40
	3282	20	42
	3283	20	39
	3284	19	40
	3285	23	40
	3286	19	36
	3287	20	43
	3288	19	41
	3289	19	40
	3290	19	38
	3291	19	38
	3292	18	38
	3293	20	38
	3294	18	37
	3295	21	39
	3296	20	40
	3297	20	41
	3298	21	38
	3299	20	38
	3300	21	39
	3301	18	39
	3302	19	37
	3303	21	38
	3304	19	40
	3305	20	38
	3306	20	39
	3307	21	42
	3308	19	39
	3309	20	40
	3310	19	37
	3311	22	41
	3312	22	40
	3313	21	40
	3314	18	39
	3315	18	40
	3316	23	38
	3317	21	43
	3318	21	39
	3319	19	37
	3320	19	40
	3321	24	37
	3322	22	38
	3323	20	39
	3324	19	39
	3325	19	40
	3326	17	37
	3327	19	41
	3328	19	39
	3329	19	39
	3330	18	40
	3331	19	40
	3332	18	40
	3333	19	41
	3334	20	39
	3335	21	37
	3336	21	40
	3337	23	40
	3338	20	39
	3339	20	39
	3340	19	36
	3341	22	40
	3342	18	40
	3343	19	41
	3344	18	40
	3345	18	41
	3346	20	39
	3347	22	40
	3348	18	39
	3349	21	41
	3350	20	41
	3351	20	40
	3352	20	40
	3353	19	38
	3354	20	39
	3355	22	39
	3356	17	38
	3357	20	40
	3358	20	38
	3359	20	42
	3360	20	41
	3361	23	38
	3362	23	41
	3363	21	42
	3364	21	39
	3365	19	44
	3366	20	40
	3367	20	40
	3368	20	39
	3369	23	39
	3370	20	39
	3371	22	39
	3372	20	38
	3373	20	39
	3374	20	41
	3375	20	42
	3376	19	41
	3377	21	37
	3378	19	39
	3379	20	43
	3380	21	39
	3381	19	42
	3382	19	38
	3383	21	40
	3384	18	40
	3385	21	41
	3386	22	40
	3387	22	39
	3388	21	40
	3389	22	40
	3390	18	40
	3391	20	41
	3392	20	40
	3393	21	38
	3394	21	39
	3395	20	40
	3396	20	39
	3397	20	39
	3398	18	39
	3399	20	40
	3400	18	41
	3401	20	41
	3402	20	39
	3403	21	39
	3404	18	39
	3405	22	41
	3406	19	40
	3407	21	39
	3408	21	42
	3409	20	37
	3410	19	41
	3411	19	41
	3412	19	38
	3413	21	41
	3414	20	38
	3415	21	39
	3416	17	38
	3417	20	39
	3418	19	37
	3419	22	38
	3420	20	38
	3421	22	42
	3422	20	40
	3423	20	41
	3424	20	39
	3425	19	41
	3426	19	41
	3427	19	40
	3428	20	39
	3429	20	39
	3430	20	39
	3431	22	39
	3432	19	37
	3433	22	41
	3434	20	40
	3435	21	42
	3436	21	37
	3437	19	41
	3438	19	38
	3439	19	43
	3440	17	41
	3441	22	40
	3442	22	40
	3443	19	38
	3444	18	40
	3445	21	39
	3446	20	40
	3447	23	38
	3448	19	38
	3449	21	41
	3450	19	40
	3451	19	40
	3452	19	36
	3453	21	39
	3454	18	41
	3455	22	44
	3456	19	40
	3457	21	40
	3458	19	39
	3459	21	39
	3460	21	41
	3461	20	42
	3462	19	40
	3463	21	37
	3464	19	40
	3465	20	39
	3466	18	40
	3467	22	41
	3468	20	39
	3469	21	40
	3470	20	39
	3471	20	42
	3472	23	47
	3473	23	39
	3474	19	38
	3475	19	40
	3476	20	41
	3477	20	39
	3478	17	43
	3479	19	40
	3480	20	40
	3481	22	40
	3482	17	38
	3483	19	40
	3484	19	39
	3485	24	39
	3486	19	41
	3487	20	40
	3488	19	37
	3489	20	42
	3490	20	40
	3491	20	37
	3492	19	39
	3493	19	38
	3494	20	40
	3495	20	42
	3496	17	41
	3497	21	40
	3498	19	41
	3499	21	39
	3500	19	40
	3501	21	39
	3502	18	39
	3503	21	40
	3504	18	40
	3505	21	41
	3506	20	42
	3507	20	41
	3508	20	39
	3509	21	39
	3510	18	40
	3511	22	41
	3512	19	37
	3513	20	41
	3514	20	41
	3515	20	40
	3516	19	40
	3517	24	40
	3518	21	39
	3519	21	42
	3520	20	39
	3521	17	39
	3522	18	39
	3523	20	38
	3524	18	41
	3525	22	41
	3526	19	40
	3527	18	40
	3528	19	37
	3529	21	41
	3530	19	40
	3531	23	43
	3532	20	39
	3533	21	38
	3534	20	41
	3535	21	39
	3536	19	42
	3537	19	41
	3538	19	38
	3539	21	41
	3540	19	41
	3541	19	40
	3542	20	40
	3543	21	40
	3544	20	36
	3545	23	36
	3546	19	38
	3547	19	42
	3548	19	41
	3549	23	37
	3550	25	43
	3551	21	42
	3552	22	41
	3553	19	44
	3554	20	39
	3555	20	41
	3556	19	39
	3557	21	42
	3558	19	39
	3559	23	44
	3560	19	39
	3561	22	39
	3562	20	40
	3563	21	42
	3564	19	40
	3565	21	42
	3566	18	38
	3567	20	41
	3568	18	42
	3569	20	42
	3570	23	41
	3571	20	42
	3572	19	38
	3573	19	41
	3574	19	39
	3575	21	38
	3576	21	39
	3577	21	41
	3578	20	38
	3579	24	43
	3580	19	42
	3581	21	39
	3582	22	40
	3583	24	39
	3584	20	39
	3585	21	40
	3586	22	38
	3587	20	40
	3588	16	41
	3589	21	42
	3590	19	40
	3591	21	40
	3592	18	36
	3593	21	41
	3594	17	40
	3595	18	40
	3596	21	42
	3597	22	39
	3598	19	39
	3599	22	42
	3600	19	40
	3601	22	40
	3602	18	41
	3603	20	40
	3604	19	42
	3605	20	39
	3606	20	37
	3607	22	40
	3608	19	38
	3609	23	41
	3610	20	39
	3611	21	43
	3612	18	38
	3613	21	39
	3614	21	39
	3615	19	41
	3616	21	41
	3617	20	40
	3618	21	42
	3619	20	38
	3620	19	40
	3621	20	41
	3622	17	39
	3623	19	41
	3624	18	39
	3625	20	40
	3626	18	38
	3627	22	40
	3628	17	39
	3629	23	39
	3630	17	39
	3631	19	43
	3632	20	40
	3633	19	39
	3634	20	40
	3635	23	39
	3636	20	40
	3637	22	43
	3638	20	37
	3639	18	40
	3640	20	37
	3641	20	38
	3642	19	38
	3643	20	41
	3644	20	38
	3645	21	40
	3646	19	40
	3647	17	40
	3648	19	40
	3649	24	41
	3650	17	40
	3651	21	40
	3652	20	37
	3653	20	37
	3654	22	40
	3655	19	37
	3656	20	39
	3657	23	38
	3658	18	37
	3659	22	39
	3660	21	41
	3661	18	40
	3662	19	38
	3663	21	39
	3664	19	37
	3665	19	41
	3666	20	38
	3667	20	40
	3668	18	37
	3669	23	40
	3670	18	36
	3671	22	41
	3672	20	39
	3673	20	39
	3674	17	39
	3675	20	40
	3676	19	38
	3677	20	39
	3678	20	38
	3679	20	42
	3680	20	41
	3681	22	38
	3682	20	38
	3683	20	39
	3684	18	41
	3685	20	40
	3686	16	37
	3687	19	41
	3688	19	39
	3689	19	38
	3690	19	39
	3691	21	41
	3692	20	41
	3693	20	42
	3694	20	41
	3695	20	41
	3696	21	42
	3697	20	41
	3698	21	38
	3699	22	40
	3700	23	38
	3701	20	40
	3702	19	39
	3703	19	39
	3704	20	39
	3705	22	39
	3706	18	37
	3707	21	42
	3708	18	41
	3709	21	40
	3710	21	38
	3711	22	40
	3712	21	39
	3713	24	41
	3714	18	40
	3715	20	40
	3716	20	39
	3717	19	39
	3718	19	39
	3719	18	41
	3720	20	40
	3721	19	42
	3722	19	39
	3723	19	42
