	0	18	40
	1	21	38
	2	16	38
	3	17	39
	4	18	38
	5	18	39
	6	17	35
	7	18	35
	8	18	38
	9	16	38
	10	16	37
	11	20	41
	12	16	41
	13	20	39
	14	16	35
	15	18	39
	16	20	38
	17	18	40
	18	18	36
	19	19	37
	20	17	37
	21	17	38
	22	19	38
	23	18	37
	24	19	35
	25	17	39
	26	20	39
	27	21	41
	28	18	43
	29	20	43
	30	19	41
	31	19	42
	32	21	39
	33	23	45
	34	19	40
	35	20	42
	36	21	40
	37	19	43
	38	22	41
	39	22	42
	40	20	42
	41	19	40
	42	18	40
	43	22	39
	44	21	43
	45	21	43
	46	19	42
	47	18	43
	48	20	37
	49	22	41
	50	20	39
	51	21	43
	52	21	42
	53	20	43
	54	19	40
	55	22	41
	56	21	42
	57	22	42
	58	22	42
	59	21	45
	60	19	44
	61	26	40
	62	23	41
	63	21	41
	64	20	42
	65	23	39
	66	23	42
	67	21	42
	68	19	42
	69	23	42
	70	21	42
	71	23	43
	72	25	42
	73	22	41
	74	21	42
	75	24	45
	76	22	45
	77	25	41
	78	23	42
	79	21	43
	80	20	43
	81	21	43
	82	19	41
	83	23	44
	84	21	43
	85	21	43
	86	22	42
	87	22	44
	88	22	40
	89	23	43
	90	23	42
	91	24	42
	92	23	44
	93	24	45
	94	22	44
	95	23	43
	96	22	51
	97	23	42
	98	22	42
	99	23	43
	100	20	41
	101	21	40
	102	23	43
	103	22	44
	104	24	43
	105	26	41
	106	21	41
	107	23	42
	108	22	43
	109	22	45
	110	22	45
	111	24	43
	112	24	42
	113	22	42
	114	22	41
	115	24	42
	116	22	41
	117	26	42
	118	24	44
	119	22	43
	120	20	41
	121	21	43
	122	22	43
	123	22	46
	124	22	43
	125	23	46
	126	22	39
	127	23	43
	128	22	41
	129	24	43
	130	21	40
	131	24	44
	132	20	39
	133	19	40
	134	25	44
	135	24	41
	136	29	43
	137	24	42
	138	23	44
	139	24	43
	140	22	40
	141	27	44
	142	26	41
	143	23	43
	144	23	44
	145	21	41
	146	22	41
	147	23	43
	148	23	46
	149	23	41
	150	23	44
	151	24	41
	152	21	39
	153	23	41
	154	22	42
	155	22	44
	156	21	42
	157	26	44
	158	22	44
	159	22	47
	160	22	42
	161	24	43
	162	22	43
	163	25	44
	164	27	40
	165	24	43
	166	24	40
	167	23	44
	168	22	44
	169	25	39
	170	23	44
	171	20	43
	172	24	42
	173	26	44
	174	24	45
	175	23	45
	176	21	43
	177	25	44
	178	22	46
	179	22	44
	180	23	41
	181	25	40
	182	24	43
	183	24	43
	184	26	42
	185	24	44
	186	21	44
	187	23	46
	188	21	43
	189	27	43
	190	22	42
	191	21	45
	192	24	43
	193	22	44
	194	22	41
	195	23	41
	196	23	40
	197	23	43
	198	23	42
	199	25	43
	200	23	43
	201	23	44
	202	24	43
	203	22	42
	204	21	43
	205	25	42
	206	25	41
	207	24	42
	208	23	41
	209	24	42
	210	23	44
	211	23	43
	212	23	42
	213	23	46
	214	23	43
	215	23	46
	216	22	41
	217	24	43
	218	24	45
	219	24	52
	220	23	43
	221	22	43
	222	25	45
	223	27	43
	224	25	45
	225	23	45
	226	22	42
	227	22	44
	228	24	42
	229	23	43
	230	21	43
	231	22	46
	232	21	43
	233	23	41
	234	25	42
	235	24	46
	236	21	42
	237	25	41
	238	24	41
	239	23	43
	240	23	44
	241	23	46
	242	25	43
	243	25	44
	244	23	41
	245	23	46
	246	22	44
	247	24	44
	248	22	43
	249	23	46
	250	22	42
	251	27	44
	252	24	41
	253	24	43
	254	22	42
	255	23	44
	256	21	46
	257	24	43
	258	25	44
	259	25	43
	260	25	39
	261	25	41
	262	26	44
	263	24	46
	264	23	43
	265	24	44
	266	24	41
	267	25	42
	268	23	43
	269	25	44
	270	20	44
	271	25	41
	272	22	41
	273	25	41
	274	23	42
	275	25	43
	276	25	39
	277	23	41
	278	24	42
	279	23	43
	280	21	41
	281	25	42
	282	22	42
	283	25	42
	284	23	41
	285	24	44
	286	23	44
	287	28	45
	288	23	44
	289	25	43
	290	25	43
	291	22	41
	292	23	43
	293	23	42
	294	22	43
	295	26	44
	296	24	45
	297	24	45
	298	31	42
	299	23	44
	300	25	40
	301	25	41
	302	26	43
	303	24	44
	304	20	42
	305	22	45
	306	25	43
	307	27	43
	308	24	45
	309	23	43
	310	23	42
	311	24	46
	312	27	44
	313	25	43
	314	23	41
	315	23	44
	316	22	42
	317	23	43
	318	25	43
	319	24	45
	320	25	41
	321	23	46
	322	25	43
	323	24	44
	324	24	42
	325	24	42
	326	25	44
	327	23	45
	328	24	42
	329	22	38
	330	22	42
	331	26	44
	332	26	41
	333	24	46
	334	26	40
	335	26	42
	336	21	41
	337	24	44
	338	24	41
	339	26	43
	340	26	41
	341	23	42
	342	26	40
	343	24	43
	344	24	39
	345	27	44
	346	25	42
	347	27	41
	348	23	44
	349	29	40
	350	23	43
	351	26	42
	352	26	41
	353	26	46
	354	24	42
	355	26	42
	356	23	44
	357	22	43
	358	26	42
	359	25	42
	360	24	44
	361	23	44
	362	24	45
	363	28	43
	364	23	42
	365	25	43
	366	24	44
	367	23	47
	368	26	43
	369	24	42
	370	27	45
	371	27	41
	372	25	43
	373	27	41
	374	26	43
	375	29	42
	376	28	39
	377	28	41
	378	26	43
	379	29	43
	380	25	41
	381	26	42
	382	25	44
	383	26	44
	384	25	42
	385	27	43
	386	27	44
	387	28	44
	388	25	43
	389	25	43
	390	25	43
	391	27	45
	392	27	42
	393	29	42
	394	26	43
	395	27	45
	396	26	43
	397	29	43
	398	28	44
	399	26	49
	400	26	45
	401	26	43
	402	26	43
	403	27	41
	404	26	41
	405	30	42
	406	27	42
	407	27	43
	408	28	42
	409	28	42
	410	28	45
	411	28	42
	412	27	41
	413	33	45
	414	28	45
	415	28	44
	416	27	44
	417	27	41
	418	31	45
	419	29	43
	420	28	42
	421	26	42
	422	30	43
	423	27	45
	424	31	43
	425	29	46
	426	29	44
	427	30	45
	428	25	44
	429	28	45
	430	28	45
	431	31	48
	432	30	41
	433	28	43
	434	29	44
	435	27	43
	436	30	42
	437	29	46
	438	27	44
	439	27	45
	440	29	42
	441	31	44
	442	30	43
	443	33	43
	444	31	43
	445	32	45
	446	31	43
	447	33	44
	448	29	41
	449	34	40
	450	33	46
	451	33	44
	452	40	42
	453	31	41
	454	35	43
	455	32	41
	456	31	46
	457	32	44
	458	31	44
	459	32	46
	460	33	43
	461	32	46
	462	31	43
	463	34	44
	464	34	46
	465	36	45
	466	34	42
	467	37	44
	468	35	43
	469	37	43
	470	35	42
	471	37	44
	472	33	45
	473	34	46
	474	37	44
	475	36	42
	476	38	46
	477	38	44
	478	33	46
	479	35	46
	480	41	44
	481	35	45
	482	33	41
	483	38	45
	484	34	43
	485	35	45
	486	38	44
	487	38	45
	488	41	46
	489	37	42
	490	41	47
	491	45	47
	492	38	42
	493	36	44
	494	36	44
	495	39	45
	496	38	44
	497	37	44
	498	37	42
	499	37	46
	500	40	42
	501	41	43
	502	40	44
	503	41	42
	504	42	44
	505	42	45
	506	41	46
	507	44	46
	508	39	44
	509	43	44
	510	42	47
	511	42	49
	512	46	47
	513	42	47
	514	44	44
	515	42	45
	516	43	47
	517	44	46
	518	43	45
	519	46	43
	520	42	47
	521	45	47
	522	45	47
	523	42	46
	524	43	45
	525	44	47
	526	45	44
	527	47	47
	528	45	44
	529	47	44
	530	50	45
	531	47	49
	532	47	46
	533	49	45
	534	47	47
	535	50	47
	536	49	47
	537	50	48
	538	47	45
	539	52	46
	540	46	44
	541	49	46
	542	50	46
	543	51	48
	544	52	45
	545	52	48
	546	52	47
	547	56	48
	548	55	44
	549	54	48
	550	54	45
	551	51	46
	552	51	45
	553	53	45
	554	53	45
	555	54	45
	556	51	46
	557	53	52
	558	56	45
	559	57	47
	560	56	47
	561	59	46
	562	58	48
	563	56	48
	564	59	45
	565	58	46
	566	58	45
	567	58	48
	568	59	48
	569	59	47
	570	57	48
	571	61	50
	572	63	45
	573	60	45
	574	60	47
	575	65	49
	576	60	48
	577	60	50
	578	61	41
	579	62	46
	580	66	47
	581	65	45
	582	63	46
	583	65	50
	584	63	48
	585	63	48
	586	66	46
	587	67	48
	588	66	47
	589	66	46
	590	65	48
	591	67	49
	592	68	48
	593	67	45
	594	71	47
	595	73	48
	596	67	47
	597	68	48
	598	71	47
	599	70	50
	600	73	46
	601	69	49
	602	71	47
	603	73	48
	604	73	49
	605	73	51
	606	74	45
	607	74	50
	608	73	48
	609	76	48
	610	74	46
	611	73	48
	612	74	50
	613	76	47
	614	79	48
	615	79	48
	616	75	46
	617	77	51
	618	75	47
	619	77	52
	620	78	49
	621	80	45
	622	79	48
	623	81	50
	624	78	48
	625	82	49
	626	80	50
	627	84	49
	628	81	46
	629	83	53
	630	83	50
	631	84	51
	632	80	50
	633	84	50
	634	84	52
	635	83	49
	636	85	48
	637	87	50
	638	85	53
	639	87	52
	640	90	50
	641	88	46
	642	87	48
	643	86	53
	644	88	52
	645	88	48
	646	84	49
	647	91	50
	648	88	47
	649	89	52
	650	91	50
	651	90	51
	652	87	53
	653	89	50
	654	90	50
	655	88	50
	656	91	52
	657	91	51
	658	92	49
	659	92	53
	660	91	53
	661	93	50
	662	92	52
	663	94	54
	664	93	50
	665	97	51
	666	96	49
	667	96	52
	668	92	54
	669	95	49
	670	94	51
	671	93	51
	672	97	54
	673	100	53
	674	99	53
	675	100	54
	676	98	52
	677	101	55
	678	102	51
	679	99	54
	680	100	50
	681	100	53
	682	101	53
	683	104	54
	684	103	49
	685	102	54
	686	101	53
	687	101	55
	688	103	52
	689	103	55
	690	103	53
	691	104	54
	692	104	50
	693	106	55
	694	109	55
	695	104	55
	696	100	52
	697	107	55
	698	105	53
	699	105	57
	700	107	53
	701	107	52
	702	108	51
	703	105	52
	704	107	56
	705	109	53
	706	109	53
	707	110	54
	708	115	53
	709	111	54
	710	110	54
	711	111	56
	712	110	52
	713	111	54
	714	112	54
	715	111	56
	716	110	56
	717	112	52
	718	110	52
	719	112	54
	720	116	54
	721	114	52
	722	114	55
	723	114	54
	724	115	53
	725	115	55
	726	115	57
	727	116	56
	728	111	53
	729	114	54
	730	115	57
	731	117	56
	732	112	55
	733	116	56
	734	115	53
	735	115	56
	736	118	55
	737	117	56
	738	118	55
	739	118	56
	740	116	55
	741	114	55
	742	112	55
	743	113	56
	744	114	55
	745	114	56
	746	116	58
	747	116	53
	748	119	55
	749	119	57
	750	113	52
	751	116	55
	752	118	53
	753	117	54
	754	117	56
	755	119	54
	756	118	53
	757	118	54
	758	117	57
	759	119	56
	760	115	55
	761	115	54
	762	118	56
	763	121	57
	764	115	56
	765	115	58
	766	117	54
	767	117	55
	768	115	54
	769	115	54
	770	116	54
	771	120	55
	772	117	56
	773	119	55
	774	113	55
	775	116	53
	776	126	54
	777	117	57
	778	119	54
	779	118	55
	780	118	56
	781	119	54
	782	116	55
	783	117	54
	784	117	54
	785	120	56
	786	116	56
	787	118	56
	788	114	52
	789	114	56
	790	115	57
	791	119	57
	792	118	54
	793	119	53
	794	113	55
	795	114	55
	796	113	54
	797	115	56
	798	110	52
	799	117	56
	800	113	55
	801	110	53
	802	113	55
	803	115	61
	804	110	52
	805	115	51
	806	113	55
	807	113	55
	808	109	59
	809	113	51
	810	110	52
	811	110	55
	812	113	53
	813	112	53
	814	109	53
	815	109	54
	816	107	52
	817	108	54
	818	107	51
	819	111	53
	820	108	49
	821	107	53
	822	107	55
	823	105	56
	824	106	55
	825	104	52
	826	105	51
	827	105	53
	828	104	54
	829	105	53
	830	102	49
	831	107	52
	832	103	52
	833	104	49
	834	104	49
	835	101	53
	836	102	51
	837	105	54
	838	99	48
	839	101	52
	840	99	51
	841	102	54
	842	100	54
	843	102	51
	844	99	49
	845	99	51
	846	98	49
	847	101	47
	848	101	53
	849	100	52
	850	98	50
	851	101	51
	852	99	48
	853	100	52
	854	97	51
	855	101	52
	856	98	51
	857	97	51
	858	94	52
	859	96	50
	860	99	51
	861	95	50
	862	95	52
	863	96	49
	864	97	52
	865	98	49
	866	95	50
	867	93	50
	868	97	50
	869	95	50
	870	93	49
	871	96	53
	872	93	46
	873	94	52
	874	93	49
	875	90	49
	876	91	49
	877	92	51
	878	91	50
	879	90	49
	880	93	48
	881	91	50
	882	91	49
	883	93	52
	884	91	49
	885	93	49
	886	87	51
	887	89	50
	888	88	47
	889	87	50
	890	89	51
	891	88	53
	892	89	48
	893	89	53
	894	87	49
	895	88	50
	896	86	54
	897	87	49
	898	86	49
	899	87	50
	900	83	53
	901	89	46
	902	89	51
	903	83	47
	904	84	48
	905	87	48
	906	84	46
	907	86	49
	908	84	48
	909	83	47
	910	87	47
	911	84	49
	912	84	45
	913	78	48
	914	81	50
	915	77	47
	916	80	48
	917	77	48
	918	78	46
	919	84	47
	920	75	49
	921	82	48
	922	82	50
	923	79	50
	924	80	46
	925	79	51
	926	76	46
	927	77	47
	928	76	48
	929	77	48
	930	76	45
	931	76	49
	932	74	49
	933	76	49
	934	72	48
	935	74	47
	936	77	45
	937	72	49
	938	71	46
	939	69	47
	940	73	48
	941	73	47
	942	70	47
	943	68	48
	944	71	43
	945	73	52
	946	71	45
	947	70	49
	948	71	48
	949	72	47
	950	67	56
	951	69	46
	952	67	47
	953	66	49
	954	72	45
	955	69	45
	956	64	49
	957	70	46
	958	67	46
	959	67	46
	960	65	43
	961	66	47
	962	66	46
	963	67	48
	964	63	44
	965	62	42
	966	62	45
	967	65	47
	968	65	48
	969	63	45
	970	62	46
	971	61	44
	972	62	48
	973	61	45
	974	62	47
	975	60	44
	976	58	44
	977	60	45
	978	55	47
	979	57	45
	980	56	46
	981	57	49
	982	57	43
	983	56	48
	984	56	44
	985	57	47
	986	57	46
	987	53	44
	988	54	47
	989	52	48
	990	52	44
	991	54	47
	992	48	44
	993	50	47
	994	48	48
	995	52	43
	996	51	45
	997	57	48
	998	50	44
	999	51	44
	1000	53	45
	1001	50	47
	1002	50	46
	1003	50	43
	1004	47	46
	1005	53	46
	1006	50	44
	1007	52	47
	1008	48	45
	1009	47	43
	1010	49	43
	1011	49	46
	1012	50	43
	1013	47	43
	1014	48	42
	1015	51	44
	1016	49	48
	1017	46	44
	1018	49	44
	1019	48	41
	1020	46	43
	1021	47	46
	1022	49	46
	1023	49	42
	1024	46	44
	1025	45	43
	1026	43	46
	1027	51	43
	1028	46	43
	1029	47	43
	1030	44	40
	1031	48	46
	1032	43	41
	1033	47	41
	1034	41	40
	1035	47	41
	1036	46	43
	1037	44	46
	1038	47	43
	1039	44	41
	1040	45	45
	1041	45	41
	1042	44	44
	1043	44	42
	1044	45	48
	1045	44	43
	1046	44	45
	1047	41	45
	1048	44	44
	1049	43	45
	1050	43	42
	1051	43	47
	1052	48	42
	1053	45	42
	1054	43	38
	1055	44	49
	1056	42	45
	1057	43	43
	1058	42	41
	1059	45	46
	1060	41	46
	1061	43	43
	1062	39	43
	1063	42	43
	1064	42	43
	1065	41	43
	1066	44	43
	1067	44	44
	1068	42	43
	1069	41	43
	1070	41	44
	1071	43	43
	1072	40	44
	1073	41	42
	1074	39	44
	1075	44	42
	1076	41	42
	1077	48	44
	1078	40	43
	1079	42	44
	1080	44	44
	1081	42	43
	1082	40	45
	1083	41	47
	1084	41	44
	1085	42	43
	1086	43	45
	1087	42	41
	1088	40	44
	1089	41	44
	1090	42	42
	1091	43	44
	1092	41	43
	1093	40	44
	1094	40	43
	1095	45	44
	1096	40	46
	1097	41	45
	1098	41	44
	1099	43	43
	1100	41	42
	1101	42	43
	1102	43	43
	1103	41	44
	1104	37	41
	1105	40	44
	1106	39	42
	1107	40	44
	1108	38	42
	1109	42	43
	1110	39	50
	1111	41	45
	1112	41	42
	1113	44	42
	1114	42	43
	1115	39	40
	1116	39	41
	1117	40	43
	1118	41	44
	1119	43	42
	1120	41	42
	1121	42	44
	1122	40	43
	1123	39	44
	1124	38	43
	1125	41	44
	1126	37	45
	1127	41	41
	1128	38	43
	1129	39	41
	1130	39	46
	1131	39	42
	1132	39	43
	1133	39	44
	1134	42	46
	1135	40	41
	1136	41	50
	1137	42	44
	1138	38	44
	1139	40	44
	1140	41	43
	1141	40	45
	1142	40	43
	1143	39	45
	1144	37	44
	1145	39	45
	1146	40	43
	1147	42	43
	1148	40	44
	1149	37	45
	1150	39	42
	1151	39	45
	1152	37	43
	1153	41	42
	1154	37	39
	1155	40	44
	1156	36	45
	1157	38	44
	1158	39	41
	1159	40	41
	1160	41	42
	1161	41	43
	1162	39	41
	1163	37	47
	1164	39	43
	1165	39	43
	1166	38	43
	1167	40	42
	1168	38	46
	1169	41	41
	1170	38	44
	1171	36	42
	1172	38	42
	1173	39	45
	1174	39	43
	1175	40	43
	1176	37	41
	1177	37	46
	1178	38	42
	1179	38	40
	1180	36	41
	1181	35	44
	1182	41	44
	1183	39	44
	1184	38	44
	1185	40	43
	1186	37	42
	1187	39	40
	1188	37	43
	1189	42	45
	1190	42	44
	1191	38	45
	1192	39	42
	1193	37	44
	1194	37	43
	1195	38	43
	1196	38	44
	1197	36	43
	1198	39	44
	1199	37	43
	1200	38	42
	1201	37	43
	1202	37	45
	1203	40	44
	1204	40	44
	1205	39	45
	1206	40	45
	1207	39	43
	1208	36	42
	1209	40	43
	1210	35	44
	1211	42	46
	1212	37	43
	1213	39	41
	1214	38	40
	1215	40	41
	1216	35	43
	1217	39	43
	1218	36	43
	1219	37	42
	1220	36	44
	1221	37	41
	1222	36	41
	1223	37	42
	1224	36	41
	1225	40	43
	1226	39	42
	1227	35	42
	1228	38	42
	1229	35	42
	1230	34	42
	1231	40	46
	1232	34	42
	1233	37	40
	1234	33	42
	1235	35	41
	1236	36	44
	1237	36	42
	1238	37	43
	1239	39	43
	1240	35	43
	1241	33	42
	1242	38	43
	1243	34	43
	1244	33	44
	1245	36	45
	1246	35	43
	1247	38	43
	1248	36	41
	1249	36	44
	1250	35	41
	1251	39	41
	1252	32	44
	1253	37	46
	1254	35	45
	1255	34	41
	1256	37	43
	1257	36	46
	1258	37	42
	1259	37	43
	1260	37	44
	1261	36	43
	1262	38	44
	1263	36	45
	1264	35	44
	1265	38	44
	1266	43	43
	1267	43	42
	1268	37	42
	1269	37	43
	1270	37	45
	1271	33	42
	1272	35	42
	1273	40	44
	1274	38	44
	1275	38	47
	1276	38	46
	1277	38	40
	1278	37	41
	1279	39	42
	1280	33	42
	1281	37	43
	1282	36	44
	1283	36	44
	1284	35	42
	1285	37	46
	1286	34	41
	1287	37	45
	1288	36	42
	1289	35	43
	1290	37	43
	1291	34	45
	1292	34	41
	1293	35	38
	1294	35	44
	1295	37	42
	1296	35	44
	1297	39	45
	1298	33	40
	1299	38	40
	1300	34	45
	1301	35	44
	1302	36	42
	1303	34	44
	1304	38	44
	1305	37	45
	1306	36	42
	1307	37	43
	1308	33	44
	1309	35	44
	1310	37	39
	1311	35	44
	1312	34	43
	1313	34	42
	1314	35	44
	1315	37	45
	1316	37	41
	1317	34	42
	1318	35	43
	1319	34	42
	1320	33	40
	1321	39	45
	1322	35	43
	1323	36	43
	1324	37	43
	1325	35	44
	1326	32	42
	1327	35	42
	1328	34	44
	1329	35	44
	1330	33	43
	1331	37	42
	1332	32	43
	1333	35	43
	1334	33	44
	1335	37	42
	1336	36	43
	1337	34	45
	1338	32	43
	1339	33	45
	1340	35	41
	1341	33	44
	1342	34	41
	1343	36	43
	1344	32	42
	1345	34	43
	1346	34	43
	1347	33	43
	1348	32	42
	1349	34	42
	1350	34	41
	1351	35	46
	1352	32	42
	1353	29	42
	1354	33	43
	1355	34	41
	1356	32	40
	1357	36	44
	1358	30	43
	1359	33	43
	1360	34	44
	1361	33	43
	1362	34	42
	1363	38	42
	1364	30	42
	1365	35	44
	1366	32	42
	1367	35	43
	1368	33	45
	1369	34	42
	1370	33	43
	1371	32	44
	1372	42	43
	1373	30	42
	1374	33	40
	1375	34	42
	1376	31	40
	1377	33	43
	1378	30	43
	1379	34	44
	1380	35	42
	1381	42	43
	1382	31	43
	1383	33	41
	1384	34	43
	1385	32	42
	1386	33	41
	1387	32	41
	1388	31	41
	1389	33	41
	1390	32	41
	1391	33	40
	1392	31	40
	1393	33	45
	1394	32	44
	1395	34	44
	1396	34	43
	1397	32	44
	1398	30	41
	1399	32	43
	1400	34	44
	1401	35	43
	1402	33	42
	1403	32	44
	1404	34	40
	1405	32	41
	1406	30	38
	1407	35	41
	1408	31	42
	1409	35	41
	1410	31	41
	1411	35	39
	1412	28	43
	1413	33	42
	1414	29	43
	1415	37	40
	1416	33	43
	1417	28	40
	1418	31	43
	1419	34	39
	1420	32	44
	1421	30	45
	1422	30	41
	1423	35	44
	1424	30	41
	1425	31	41
	1426	30	44
	1427	34	42
	1428	31	41
	1429	32	43
	1430	31	45
	1431	31	42
	1432	31	42
	1433	34	42
	1434	31	43
	1435	32	42
	1436	32	41
	1437	33	43
	1438	32	44
	1439	34	38
	1440	31	42
	1441	34	44
	1442	32	41
	1443	31	44
	1444	30	41
	1445	29	43
	1446	29	41
	1447	32	43
	1448	31	41
	1449	31	42
	1450	30	41
	1451	29	42
	1452	30	39
	1453	31	44
	1454	31	43
	1455	33	42
	1456	30	41
	1457	30	42
	1458	31	42
	1459	29	45
	1460	32	39
	1461	33	40
	1462	30	42
	1463	32	45
	1464	31	39
	1465	29	42
	1466	32	43
	1467	29	42
	1468	31	45
	1469	32	44
	1470	30	43
	1471	29	42
	1472	29	41
	1473	31	42
	1474	30	43
	1475	34	43
	1476	28	40
	1477	31	40
	1478	30	39
	1479	28	43
	1480	31	42
	1481	29	38
	1482	30	39
	1483	29	46
	1484	29	41
	1485	31	41
	1486	31	40
	1487	31	43
	1488	29	40
	1489	31	44
	1490	29	41
	1491	32	42
	1492	30	44
	1493	27	41
	1494	31	43
	1495	26	46
	1496	28	43
	1497	30	47
	1498	27	42
	1499	31	44
	1500	27	41
	1501	27	43
	1502	30	39
	1503	28	41
	1504	26	38
	1505	31	42
	1506	28	43
	1507	30	40
	1508	29	43
	1509	28	43
	1510	28	43
	1511	29	44
	1512	31	40
	1513	31	41
	1514	31	40
	1515	26	42
	1516	29	41
	1517	28	42
	1518	29	41
	1519	29	41
	1520	29	42
	1521	27	43
	1522	28	43
	1523	29	43
	1524	30	42
	1525	28	42
	1526	28	44
	1527	29	41
	1528	31	42
	1529	26	43
	1530	30	39
	1531	37	40
	1532	28	43
	1533	30	41
	1534	26	41
	1535	31	42
	1536	28	35
	1537	29	39
	1538	28	40
	1539	30	42
	1540	27	40
	1541	28	41
	1542	26	40
	1543	32	45
	1544	30	42
	1545	28	42
	1546	27	39
	1547	28	43
	1548	27	43
	1549	28	43
	1550	30	40
	1551	28	42
	1552	28	41
	1553	31	42
	1554	27	43
	1555	28	45
	1556	29	41
	1557	31	44
	1558	30	46
	1559	28	40
	1560	30	44
	1561	32	39
	1562	28	41
	1563	32	41
	1564	35	41
	1565	32	42
	1566	34	42
	1567	36	43
	1568	34	41
	1569	37	43
	1570	36	38
	1571	35	50
	1572	36	43
	1573	32	44
	1574	34	43
	1575	35	41
	1576	34	43
	1577	35	47
	1578	36	44
	1579	38	42
	1580	39	40
	1581	37	42
	1582	38	43
	1583	37	43
	1584	38	40
	1585	39	45
	1586	41	46
	1587	40	43
	1588	40	45
	1589	40	47
	1590	38	42
	1591	37	44
	1592	36	45
	1593	38	43
	1594	39	41
	1595	37	41
	1596	34	43
	1597	46	43
	1598	35	43
	1599	38	43
	1600	36	44
	1601	39	42
	1602	36	44
	1603	38	45
	1604	36	41
	1605	41	42
	1606	37	42
	1607	35	43
	1608	38	41
	1609	39	44
	1610	36	45
	1611	38	43
	1612	36	42
	1613	39	43
	1614	37	41
	1615	38	45
	1616	37	43
	1617	40	45
	1618	36	45
	1619	38	43
	1620	36	41
	1621	35	43
	1622	39	45
	1623	38	45
	1624	38	45
	1625	38	44
	1626	37	42
	1627	40	41
	1628	37	43
	1629	35	45
	1630	36	43
	1631	39	44
	1632	37	44
	1633	35	39
	1634	34	43
	1635	39	42
	1636	36	43
	1637	37	46
	1638	37	44
	1639	34	43
	1640	36	44
	1641	36	45
	1642	33	43
	1643	37	42
	1644	35	42
	1645	39	41
	1646	44	43
	1647	37	42
	1648	35	43
	1649	38	43
	1650	35	41
	1651	38	45
	1652	33	43
	1653	39	43
	1654	38	42
	1655	40	43
	1656	35	44
	1657	37	43
	1658	36	43
	1659	36	42
	1660	37	39
	1661	36	42
	1662	38	42
	1663	40	44
	1664	35	43
	1665	41	42
	1666	36	44
	1667	39	43
	1668	34	43
	1669	36	44
	1670	38	42
	1671	38	42
	1672	33	45
	1673	40	42
	1674	34	40
	1675	36	44
	1676	35	41
	1677	37	43
	1678	35	44
	1679	35	44
	1680	30	45
	1681	34	43
	1682	33	46
	1683	35	42
	1684	35	44
	1685	30	44
	1686	32	46
	1687	38	44
	1688	32	43
	1689	35	44
	1690	29	43
	1691	33	44
	1692	29	41
	1693	28	44
	1694	30	43
	1695	31	42
	1696	27	43
	1697	28	42
	1698	28	45
	1699	27	43
	1700	27	44
	1701	29	40
	1702	29	39
	1703	27	43
	1704	26	44
	1705	28	43
	1706	24	43
	1707	25	41
	1708	23	40
	1709	23	42
	1710	25	42
	1711	28	42
	1712	24	43
	1713	24	41
	1714	25	43
	1715	29	41
	1716	23	40
	1717	25	42
	1718	27	43
	1719	23	39
	1720	24	39
	1721	24	41
	1722	23	40
	1723	26	41
	1724	21	38
	1725	25	43
	1726	32	38
	1727	25	43
	1728	25	41
	1729	24	43
	1730	23	42
	1731	25	42
	1732	25	41
	1733	24	43
	1734	24	41
	1735	24	41
	1736	24	41
	1737	24	41
	1738	23	40
	1739	24	41
	1740	28	39
	1741	25	42
	1742	26	41
	1743	26	42
	1744	22	42
	1745	22	40
	1746	24	40
	1747	25	43
	1748	26	41
	1749	25	44
	1750	23	39
	1751	25	41
	1752	23	40
	1753	25	39
	1754	24	42
	1755	27	43
	1756	24	40
	1757	23	43
	1758	21	40
	1759	27	41
	1760	24	44
	1761	24	41
	1762	24	43
	1763	26	44
	1764	23	41
	1765	24	39
	1766	25	41
	1767	22	40
	1768	23	38
	1769	24	43
	1770	21	41
	1771	21	42
	1772	21	40
	1773	22	41
	1774	25	42
	1775	27	43
	1776	25	41
	1777	23	43
	1778	24	41
	1779	24	39
	1780	24	40
	1781	23	44
	1782	25	40
	1783	23	43
	1784	22	42
	1785	24	41
	1786	24	40
	1787	24	39
	1788	22	40
	1789	23	38
	1790	22	41
	1791	24	41
	1792	22	42
	1793	23	39
	1794	22	42
	1795	22	44
	1796	24	41
	1797	21	41
	1798	20	39
	1799	22	41
	1800	23	38
	1801	27	40
	1802	24	43
	1803	24	43
	1804	22	41
	1805	23	40
	1806	20	42
	1807	23	42
	1808	19	41
	1809	21	41
	1810	23	41
	1811	25	43
	1812	24	46
	1813	24	40
	1814	24	42
	1815	23	43
	1816	25	42
	1817	23	41
	1818	24	41
	1819	27	42
	1820	24	42
	1821	23	43
	1822	22	41
	1823	21	40
	1824	17	41
	1825	23	44
	1826	25	43
	1827	22	40
	1828	23	40
	1829	21	43
	1830	25	39
	1831	23	44
	1832	24	40
	1833	24	40
	1834	20	40
	1835	25	42
	1836	22	41
	1837	25	39
	1838	23	43
	1839	25	39
	1840	24	41
	1841	25	43
	1842	23	43
	1843	20	42
	1844	21	38
	1845	22	42
	1846	22	42
	1847	24	41
	1848	22	40
	1849	23	43
	1850	21	42
	1851	25	44
	1852	24	44
	1853	23	41
	1854	20	40
	1855	23	42
	1856	22	41
	1857	25	40
	1858	23	44
	1859	22	40
	1860	23	42
	1861	22	41
	1862	27	41
	1863	22	42
	1864	22	40
	1865	21	41
	1866	23	41
	1867	23	42
	1868	21	40
	1869	20	42
	1870	19	43
	1871	21	41
	1872	23	40
	1873	21	40
	1874	25	40
	1875	22	42
	1876	21	40
	1877	21	42
	1878	21	38
	1879	23	40
	1880	23	39
	1881	23	38
	1882	20	40
	1883	22	40
	1884	22	41
	1885	24	41
	1886	19	40
	1887	22	45
	1888	20	39
	1889	23	42
	1890	22	40
	1891	21	41
	1892	25	44
	1893	23	41
	1894	23	44
	1895	23	44
	1896	22	37
	1897	21	41
	1898	24	40
	1899	25	41
	1900	19	43
	1901	22	42
	1902	22	41
	1903	24	41
	1904	23	40
	1905	24	41
	1906	24	40
	1907	28	40
	1908	21	39
	1909	23	44
	1910	23	42
	1911	23	43
	1912	21	38
	1913	22	39
	1914	22	43
	1915	22	42
	1916	21	42
	1917	21	39
	1918	21	40
	1919	20	40
	1920	21	42
	1921	22	48
	1922	23	39
	1923	25	38
	1924	23	40
	1925	24	39
	1926	21	41
	1927	24	40
	1928	24	39
	1929	21	42
	1930	23	42
	1931	23	41
	1932	21	40
	1933	23	43
	1934	24	40
	1935	25	43
	1936	23	43
	1937	21	40
	1938	20	42
	1939	20	41
	1940	23	42
	1941	22	41
	1942	23	39
	1943	22	41
	1944	20	38
	1945	22	42
	1946	20	38
	1947	22	40
	1948	20	39
	1949	22	41
	1950	21	41
	1951	20	42
	1952	23	40
	1953	24	38
	1954	22	41
	1955	23	42
	1956	21	40
	1957	23	42
	1958	19	39
	1959	22	40
	1960	23	41
	1961	23	41
	1962	20	39
	1963	21	39
	1964	21	41
	1965	23	42
	1966	22	41
	1967	23	39
	1968	20	41
	1969	23	44
	1970	22	42
	1971	22	39
	1972	23	39
	1973	21	43
	1974	23	39
	1975	22	39
	1976	20	43
	1977	21	41
	1978	23	43
	1979	24	40
	1980	18	42
	1981	23	38
	1982	22	40
	1983	22	43
	1984	23	41
	1985	21	43
	1986	20	41
	1987	21	41
	1988	22	40
	1989	23	40
	1990	23	42
	1991	21	41
	1992	23	41
	1993	23	40
	1994	23	41
	1995	24	44
	1996	20	39
	1997	23	40
	1998	24	43
	1999	20	42
	2000	20	44
	2001	21	42
	2002	23	40
	2003	18	40
	2004	24	41
	2005	22	44
	2006	20	42
	2007	21	42
	2008	21	43
	2009	22	39
	2010	20	42
	2011	23	42
	2012	21	40
	2013	22	41
	2014	20	42
	2015	19	41
	2016	18	40
	2017	21	39
	2018	20	40
	2019	22	41
	2020	19	39
	2021	18	39
	2022	20	40
	2023	20	39
	2024	20	41
	2025	21	40
	2026	19	42
	2027	20	40
	2028	18	40
	2029	22	40
	2030	22	39
	2031	19	39
	2032	20	40
	2033	21	41
	2034	19	41
	2035	19	44
	2036	20	38
	2037	21	41
	2038	18	42
	2039	21	41
	2040	20	41
	2041	21	37
	2042	20	41
	2043	19	40
	2044	20	42
	2045	22	38
	2046	20	41
	2047	20	41
	2048	21	38
	2049	20	42
	2050	20	41
	2051	22	40
	2052	19	38
	2053	20	39
	2054	21	40
	2055	20	41
	2056	19	42
	2057	20	40
	2058	20	40
	2059	20	43
	2060	19	41
	2061	19	42
	2062	20	39
	2063	23	39
	2064	20	42
	2065	19	39
	2066	19	39
	2067	22	42
	2068	21	42
	2069	20	43
	2070	20	39
	2071	20	43
	2072	20	40
	2073	21	40
	2074	18	38
	2075	21	42
	2076	22	40
	2077	19	40
	2078	20	42
	2079	22	39
	2080	20	39
	2081	21	41
	2082	21	40
	2083	22	41
	2084	21	40
	2085	20	42
	2086	21	41
	2087	20	43
	2088	21	39
	2089	23	43
	2090	19	42
	2091	20	41
	2092	19	42
	2093	19	42
	2094	21	39
	2095	21	41
	2096	20	40
	2097	20	41
	2098	20	44
	2099	18	41
	2100	20	42
	2101	22	40
	2102	17	39
	2103	23	43
	2104	20	39
	2105	20	41
	2106	22	40
	2107	19	39
	2108	20	39
	2109	21	40
	2110	20	40
	2111	21	42
	2112	20	41
	2113	20	42
	2114	21	41
	2115	19	42
	2116	21	39
	2117	20	40
	2118	22	40
	2119	20	41
	2120	22	39
	2121	22	40
	2122	20	39
	2123	23	43
	2124	22	40
	2125	19	40
	2126	20	39
	2127	20	44
	2128	20	40
	2129	20	44
	2130	20	41
	2131	20	43
	2132	22	45
	2133	20	41
	2134	18	43
	2135	19	40
	2136	22	40
	2137	21	41
	2138	21	40
	2139	20	41
	2140	21	41
	2141	21	43
	2142	21	39
	2143	20	38
	2144	21	40
	2145	21	42
	2146	21	39
	2147	22	41
	2148	20	39
	2149	19	43
	2150	19	42
	2151	22	40
	2152	19	41
	2153	20	41
	2154	23	40
	2155	19	43
	2156	19	40
	2157	22	40
	2158	20	38
	2159	22	39
	2160	19	42
	2161	19	43
	2162	19	41
	2163	22	40
	2164	19	41
	2165	19	41
	2166	19	40
	2167	21	39
	2168	22	41
	2169	17	39
	2170	18	60
	2171	19	39
	2172	19	41
	2173	19	41
	2174	19	42
	2175	20	44
	2176	19	38
	2177	16	42
	2178	19	40
	2179	22	39
	2180	20	40
	2181	23	41
	2182	20	40
	2183	21	43
	2184	17	41
	2185	18	39
	2186	18	39
	2187	21	40
	2188	19	39
	2189	20	43
	2190	21	39
	2191	21	42
	2192	21	40
	2193	21	42
	2194	20	47
	2195	21	41
	2196	18	39
	2197	19	44
	2198	18	40
	2199	20	40
	2200	21	38
	2201	23	42
	2202	18	41
	2203	22	38
	2204	20	39
	2205	23	40
	2206	18	38
	2207	20	41
	2208	19	40
	2209	24	43
	2210	19	41
	2211	18	43
	2212	19	42
	2213	22	39
	2214	18	38
	2215	20	41
	2216	18	40
	2217	20	41
	2218	19	41
	2219	21	40
	2220	19	38
	2221	20	41
	2222	19	40
	2223	23	44
	2224	18	42
	2225	19	39
	2226	21	43
	2227	21	42
	2228	19	38
	2229	21	41
	2230	18	40
	2231	22	42
	2232	20	40
	2233	21	38
	2234	20	42
	2235	20	39
	2236	19	40
	2237	24	38
	2238	21	42
	2239	21	43
	2240	24	41
	2241	20	38
	2242	20	39
	2243	17	42
	2244	19	40
	2245	20	43
	2246	20	39
	2247	22	42
	2248	21	40
	2249	21	43
	2250	20	40
	2251	22	39
	2252	20	37
	2253	21	38
	2254	18	36
	2255	21	39
	2256	22	40
	2257	21	39
	2258	18	43
	2259	20	41
	2260	18	41
	2261	19	39
	2262	19	40
	2263	20	42
	2264	19	39
	2265	21	42
	2266	20	41
	2267	21	43
	2268	22	39
	2269	20	41
	2270	21	40
	2271	22	43
	2272	19	42
	2273	19	39
	2274	19	40
	2275	20	41
	2276	20	40
	2277	20	40
	2278	20	41
	2279	22	41
	2280	20	39
	2281	19	41
	2282	19	40
	2283	19	41
	2284	18	38
	2285	18	38
	2286	19	42
	2287	22	41
	2288	20	42
	2289	18	41
	2290	18	40
	2291	21	41
	2292	20	43
	2293	23	41
	2294	19	39
	2295	18	40
	2296	17	39
	2297	22	40
	2298	19	43
	2299	21	39
	2300	20	40
	2301	17	38
	2302	18	35
	2303	18	38
	2304	22	42
	2305	19	38
	2306	20	39
	2307	22	41
	2308	20	40
	2309	20	40
	2310	20	37
	2311	19	37
	2312	19	42
	2313	24	43
	2314	19	41
	2315	19	41
	2316	19	37
	2317	17	41
	2318	19	41
	2319	19	39
	2320	18	43
	2321	18	45
	2322	18	40
	2323	17	39
	2324	19	40
	2325	24	41
	2326	19	38
	2327	20	39
	2328	18	40
	2329	20	40
	2330	22	41
	2331	22	40
	2332	18	38
	2333	23	41
	2334	19	39
	2335	20	41
	2336	19	40
	2337	20	38
	2338	19	40
	2339	18	39
	2340	18	40
	2341	22	40
	2342	19	39
	2343	19	38
	2344	20	40
	2345	21	39
	2346	19	43
	2347	20	42
	2348	19	41
	2349	20	41
	2350	19	40
	2351	20	42
	2352	20	39
	2353	20	40
	2354	19	42
	2355	21	41
	2356	18	39
	2357	21	40
	2358	18	37
	2359	18	38
	2360	19	38
	2361	18	41
	2362	18	42
	2363	20	42
	2364	19	39
	2365	21	39
	2366	23	38
	2367	18	42
	2368	18	38
	2369	18	40
	2370	20	38
	2371	22	39
	2372	17	40
	2373	20	39
	2374	19	40
	2375	22	39
	2376	19	42
	2377	20	40
	2378	19	40
	2379	21	40
	2380	21	39
	2381	19	41
	2382	22	38
	2383	21	42
	2384	18	41
	2385	19	38
	2386	19	41
	2387	21	41
	2388	20	39
	2389	20	40
	2390	20	38
	2391	25	39
	2392	21	39
	2393	19	38
	2394	17	37
	2395	17	41
	2396	22	39
	2397	21	41
	2398	18	43
	2399	19	40
	2400	17	43
	2401	20	42
	2402	19	40
	2403	28	40
	2404	20	40
	2405	21	40
	2406	17	38
	2407	21	38
	2408	19	38
	2409	20	42
	2410	18	41
	2411	21	40
	2412	18	39
	2413	20	43
	2414	18	42
	2415	21	40
	2416	20	41
	2417	19	47
	2418	17	42
	2419	21	40
	2420	17	39
	2421	21	39
	2422	23	39
	2423	20	42
	2424	18	37
	2425	23	41
	2426	20	41
	2427	20	44
	2428	19	40
	2429	21	40
	2430	19	42
	2431	22	39
	2432	18	41
	2433	19	42
	2434	20	38
	2435	21	41
	2436	21	39
	2437	21	39
	2438	20	39
	2439	19	42
	2440	18	37
	2441	18	42
	2442	21	38
	2443	22	41
	2444	21	40
	2445	22	40
	2446	20	41
	2447	18	45
	2448	18	41
	2449	20	40
	2450	18	40
	2451	20	41
	2452	18	39
	2453	21	41
	2454	19	41
	2455	19	40
	2456	20	39
	2457	18	41
	2458	22	39
	2459	23	42
	2460	21	43
	2461	22	43
	2462	22	39
	2463	20	40
	2464	20	43
	2465	18	41
	2466	19	40
	2467	18	43
	2468	19	41
	2469	19	41
	2470	20	40
	2471	21	39
	2472	21	40
	2473	19	41
	2474	17	40
	2475	19	41
	2476	20	40
	2477	21	41
	2478	20	41
	2479	20	40
	2480	17	41
	2481	20	44
	2482	19	41
	2483	22	39
	2484	22	37
	2485	20	38
	2486	21	42
	2487	20	44
	2488	20	39
	2489	19	41
	2490	19	40
	2491	18	41
	2492	19	39
	2493	20	42
	2494	19	40
	2495	22	42
	2496	18	39
	2497	20	39
	2498	19	38
	2499	20	42
	2500	20	41
	2501	19	42
	2502	22	41
	2503	20	41
	2504	18	39
	2505	20	44
	2506	18	42
	2507	20	43
	2508	20	43
	2509	21	40
	2510	20	41
	2511	20	39
	2512	21	40
	2513	20	41
	2514	21	38
	2515	21	39
	2516	23	39
	2517	22	42
	2518	21	39
	2519	21	39
	2520	20	40
	2521	21	40
	2522	20	42
	2523	21	41
	2524	19	44
	2525	21	39
	2526	19	40
	2527	17	39
	2528	19	41
	2529	19	41
	2530	20	40
	2531	19	40
	2532	19	41
	2533	22	41
	2534	20	37
	2535	20	42
	2536	21	40
	2537	22	39
	2538	19	41
	2539	19	40
	2540	19	40
	2541	20	40
	2542	20	39
	2543	21	39
	2544	22	41
	2545	20	39
	2546	19	40
	2547	18	38
	2548	19	39
	2549	21	39
	2550	17	41
	2551	18	39
	2552	18	41
	2553	19	41
	2554	19	38
	2555	20	40
	2556	18	42
	2557	18	38
	2558	18	40
	2559	21	41
	2560	19	38
	2561	20	42
	2562	23	39
	2563	19	39
	2564	18	38
	2565	20	39
	2566	17	41
	2567	21	46
	2568	19	41
	2569	19	41
	2570	22	40
	2571	21	41
	2572	20	39
	2573	18	45
	2574	20	40
	2575	19	40
	2576	21	41
	2577	20	39
	2578	21	40
	2579	19	43
	2580	18	38
	2581	23	39
	2582	19	39
	2583	18	41
	2584	19	42
	2585	20	39
	2586	19	42
	2587	21	41
	2588	21	38
	2589	22	41
	2590	21	39
	2591	19	38
	2592	18	40
	2593	19	39
	2594	19	41
	2595	19	39
	2596	21	39
	2597	20	38
	2598	18	39
	2599	20	42
	2600	22	40
	2601	21	40
	2602	17	40
	2603	20	42
	2604	19	40
	2605	19	39
	2606	20	39
	2607	19	43
	2608	17	40
	2609	20	40
	2610	20	41
	2611	21	39
	2612	19	39
	2613	20	42
	2614	18	39
	2615	22	40
	2616	16	43
	2617	20	38
	2618	19	39
	2619	20	39
	2620	21	40
	2621	21	44
	2622	19	40
	2623	20	41
	2624	21	37
	2625	20	41
	2626	25	41
	2627	20	40
	2628	19	38
	2629	19	42
	2630	19	39
	2631	19	39
	2632	19	42
	2633	21	39
	2634	20	38
	2635	21	42
	2636	18	42
	2637	22	40
	2638	20	39
	2639	22	39
	2640	19	40
	2641	25	42
	2642	19	41
	2643	19	45
	2644	19	36
	2645	21	41
	2646	19	39
	2647	20	42
	2648	17	39
	2649	19	40
	2650	20	43
	2651	21	41
	2652	22	39
	2653	20	42
	2654	20	39
	2655	20	39
	2656	20	40
	2657	19	40
	2658	15	40
	2659	22	41
	2660	20	39
	2661	21	41
	2662	16	40
	2663	18	43
	2664	20	40
	2665	21	39
	2666	20	39
	2667	21	42
	2668	19	39
	2669	19	39
	2670	20	44
	2671	22	39
	2672	19	40
	2673	22	41
	2674	19	40
	2675	20	43
	2676	20	40
	2677	19	42
	2678	17	40
	2679	19	42
	2680	19	39
	2681	19	40
	2682	16	40
	2683	18	43
	2684	21	41
	2685	22	38
	2686	18	41
	2687	20	37
	2688	18	39
	2689	22	40
	2690	19	41
	2691	21	39
	2692	20	40
	2693	22	39
	2694	19	41
	2695	20	41
	2696	20	41
	2697	20	41
	2698	18	39
	2699	23	44
	2700	20	40
	2701	19	39
	2702	18	40
	2703	16	42
	2704	20	42
	2705	20	40
	2706	19	40
	2707	21	36
	2708	18	40
	2709	21	39
	2710	19	40
	2711	19	42
	2712	21	39
	2713	22	43
	2714	19	39
	2715	20	39
	2716	17	40
	2717	20	41
	2718	20	42
	2719	18	41
	2720	21	40
	2721	26	39
	2722	19	41
	2723	20	37
	2724	17	43
	2725	20	40
	2726	24	42
	2727	20	44
	2728	21	41
	2729	22	40
	2730	19	39
	2731	21	39
	2732	21	38
	2733	19	41
	2734	19	39
	2735	19	39
	2736	20	39
	2737	19	39
	2738	18	39
	2739	20	41
	2740	19	41
	2741	19	40
	2742	17	42
	2743	20	39
	2744	20	37
	2745	21	42
	2746	21	39
	2747	19	42
	2748	19	41
	2749	19	42
	2750	18	40
	2751	20	41
	2752	19	37
	2753	17	41
	2754	19	42
	2755	17	41
	2756	19	38
	2757	20	39
	2758	15	40
	2759	20	43
	2760	17	40
	2761	18	42
	2762	19	40
	2763	24	39
	2764	19	39
	2765	20	42
	2766	17	39
	2767	22	44
	2768	21	38
	2769	21	38
	2770	20	40
	2771	22	39
	2772	18	38
	2773	20	40
	2774	19	42
	2775	19	41
	2776	18	40
	2777	21	39
	2778	19	41
	2779	22	40
	2780	20	41
	2781	17	42
	2782	19	41
	2783	26	42
	2784	21	39
	2785	23	41
	2786	22	39
	2787	19	38
	2788	18	40
	2789	21	39
	2790	20	40
	2791	22	40
	2792	18	39
	2793	22	38
	2794	20	41
	2795	21	38
	2796	19	42
	2797	21	40
	2798	19	39
	2799	20	44
	2800	19	40
	2801	21	41
	2802	21	46
	2803	20	40
	2804	18	39
	2805	24	41
	2806	19	37
	2807	23	42
	2808	20	40
	2809	18	39
	2810	20	42
	2811	20	39
	2812	18	41
	2813	18	41
	2814	18	40
	2815	19	42
	2816	21	37
	2817	19	42
	2818	20	41
	2819	22	41
	2820	19	39
	2821	21	39
	2822	21	38
	2823	23	41
	2824	23	41
	2825	20	41
	2826	20	38
	2827	19	39
	2828	20	39
	2829	18	41
	2830	21	42
	2831	26	40
	2832	16	39
	2833	19	38
	2834	19	38
	2835	20	40
	2836	19	38
	2837	18	41
	2838	20	41
	2839	19	42
	2840	16	38
	2841	19	40
	2842	19	40
	2843	19	41
	2844	23	38
	2845	20	41
	2846	21	37
	2847	18	41
	2848	19	40
	2849	21	39
	2850	16	40
	2851	19	40
	2852	17	41
	2853	21	41
	2854	17	39
	2855	20	41
	2856	19	39
	2857	21	42
	2858	18	40
	2859	20	42
	2860	18	39
	2861	23	41
	2862	19	40
	2863	21	41
	2864	20	40
	2865	19	42
	2866	17	42
	2867	19	40
	2868	17	41
	2869	23	41
	2870	21	38
	2871	15	39
	2872	22	42
	2873	18	42
	2874	19	40
	2875	19	43
	2876	19	39
	2877	23	41
	2878	19	43
	2879	21	41
	2880	20	38
	2881	19	38
	2882	21	39
	2883	24	41
	2884	19	38
	2885	18	41
	2886	20	39
	2887	22	40
	2888	21	40
	2889	42	42
	2890	20	41
	2891	22	42
	2892	19	40
	2893	18	40
	2894	21	40
	2895	20	41
	2896	18	39
	2897	19	40
	2898	18	40
	2899	21	41
	2900	17	42
	2901	21	43
	2902	21	40
	2903	20	36
	2904	20	41
	2905	20	42
	2906	18	42
	2907	21	39
	2908	19	37
	2909	21	39
	2910	18	38
	2911	18	45
	2912	18	40
	2913	23	41
	2914	19	44
	2915	20	38
	2916	17	40
	2917	20	37
	2918	20	41
	2919	21	39
	2920	27	40
	2921	19	41
	2922	23	40
	2923	22	40
	2924	22	39
	2925	21	40
	2926	18	37
	2927	20	44
	2928	21	41
	2929	17	41
	2930	18	44
	2931	20	42
	2932	20	42
	2933	18	43
	2934	22	39
	2935	18	37
	2936	19	43
	2937	21	37
	2938	19	41
	2939	16	44
	2940	19	41
	2941	20	39
	2942	21	41
	2943	19	39
	2944	17	40
	2945	20	39
	2946	18	39
	2947	23	42
	2948	22	41
	2949	17	41
	2950	19	39
	2951	19	42
	2952	18	40
	2953	20	42
	2954	19	39
	2955	19	40
	2956	21	42
	2957	21	38
	2958	24	40
	2959	20	42
	2960	20	40
	2961	20	41
	2962	20	41
	2963	21	41
	2964	19	40
	2965	19	41
	2966	18	37
	2967	21	39
	2968	20	41
	2969	18	41
	2970	19	39
	2971	20	40
	2972	19	39
	2973	21	40
	2974	20	42
	2975	21	39
	2976	20	39
	2977	21	40
	2978	19	38
	2979	21	41
	2980	21	38
	2981	20	42
	2982	19	38
	2983	21	42
	2984	20	41
	2985	21	42
	2986	21	41
	2987	20	42
	2988	17	39
	2989	21	39
	2990	17	42
	2991	20	39
	2992	21	41
	2993	20	39
	2994	18	39
	2995	22	39
	2996	19	40
	2997	22	41
	2998	23	39
	2999	21	43
	3000	20	36
	3001	19	41
	3002	18	41
	3003	22	41
	3004	21	40
	3005	22	42
	3006	18	39
	3007	18	43
	3008	19	39
	3009	21	38
	3010	17	39
	3011	22	40
	3012	22	39
	3013	20	40
	3014	19	41
	3015	21	38
	3016	18	41
	3017	22	42
	3018	20	42
	3019	21	40
	3020	19	42
	3021	21	43
	3022	18	41
	3023	18	41
	3024	17	41
	3025	19	39
	3026	18	40
	3027	21	37
	3028	18	40
	3029	21	40
	3030	18	37
	3031	20	43
	3032	21	39
	3033	20	42
	3034	20	37
	3035	20	43
	3036	21	40
	3037	20	42
	3038	19	39
	3039	19	40
	3040	18	41
	3041	20	43
	3042	18	42
	3043	19	40
	3044	18	41
	3045	19	42
	3046	19	38
	3047	21	39
	3048	20	40
	3049	18	41
	3050	21	41
	3051	21	42
	3052	19	40
	3053	22	44
	3054	19	40
	3055	19	40
	3056	19	39
	3057	21	42
	3058	20	40
	3059	21	41
	3060	19	41
	3061	20	40
	3062	19	43
	3063	21	38
	3064	20	40
	3065	19	43
	3066	19	41
	3067	19	43
	3068	20	40
	3069	19	42
	3070	17	39
	3071	21	38
	3072	19	41
	3073	23	40
	3074	17	38
	3075	21	40
	3076	21	39
	3077	19	42
	3078	18	40
	3079	19	41
	3080	18	42
	3081	20	43
	3082	19	40
	3083	20	41
	3084	19	41
	3085	19	42
	3086	17	39
	3087	23	43
	3088	19	40
	3089	21	42
	3090	23	38
	3091	21	38
	3092	22	39
	3093	19	40
	3094	19	40
	3095	19	42
	3096	18	41
	3097	19	38
	3098	20	41
	3099	19	40
	3100	19	39
	3101	19	40
	3102	16	39
	3103	22	43
	3104	19	39
	3105	21	40
	3106	21	42
	3107	22	41
	3108	19	37
	3109	20	41
	3110	19	43
	3111	22	40
	3112	23	42
	3113	19	43
	3114	18	37
	3115	20	40
	3116	19	42
	3117	20	39
	3118	19	39
	3119	21	40
	3120	19	40
	3121	19	42
	3122	20	41
	3123	20	41
	3124	20	41
	3125	20	42
	3126	21	40
	3127	19	40
	3128	19	41
	3129	18	39
	3130	19	41
	3131	22	41
	3132	20	39
	3133	18	40
	3134	20	40
	3135	20	39
	3136	19	38
	3137	20	41
	3138	17	39
	3139	19	41
	3140	18	38
	3141	16	41
	3142	21	42
	3143	22	40
	3144	19	41
	3145	18	40
	3146	24	39
	3147	19	39
	3148	20	39
	3149	20	40
	3150	18	40
	3151	22	43
	3152	22	40
	3153	20	39
	3154	21	40
	3155	20	39
	3156	19	39
	3157	21	42
	3158	18	39
	3159	19	41
	3160	21	39
	3161	18	41
	3162	21	41
	3163	18	42
	3164	17	38
	3165	20	39
	3166	19	40
	3167	21	38
	3168	18	42
	3169	18	41
	3170	19	40
	3171	20	43
	3172	17	42
	3173	20	41
	3174	18	38
	3175	18	41
	3176	20	39
	3177	20	40
	3178	19	38
	3179	20	41
	3180	17	40
	3181	19	41
	3182	19	37
	3183	20	39
	3184	18	39
	3185	26	41
	3186	19	39
	3187	23	42
	3188	21	38
	3189	18	38
	3190	19	40
	3191	19	41
	3192	20	41
	3193	17	43
	3194	18	40
	3195	21	41
	3196	20	40
	3197	18	40
	3198	19	38
	3199	19	41
	3200	19	39
	3201	19	40
	3202	20	42
	3203	19	38
	3204	20	37
	3205	19	41
	3206	20	40
	3207	19	40
	3208	18	42
	3209	18	42
	3210	18	40
	3211	20	40
	3212	18	39
	3213	22	43
	3214	18	40
	3215	22	40
	3216	17	39
	3217	18	41
	3218	19	39
	3219	19	40
	3220	19	39
	3221	19	41
	3222	18	39
	3223	21	44
	3224	20	40
	3225	20	42
	3226	22	39
	3227	19	43
	3228	16	40
	3229	21	39
	3230	18	40
	3231	19	40
	3232	15	41
	3233	18	41
	3234	17	40
	3235	19	42
	3236	20	39
	3237	20	38
	3238	19	39
	3239	20	42
	3240	19	42
	3241	21	45
	3242	19	43
	3243	21	41
	3244	20	41
	3245	19	41
	3246	19	43
	3247	20	43
	3248	22	41
	3249	21	39
	3250	21	38
	3251	18	41
	3252	18	38
	3253	20	41
	3254	20	42
	3255	22	40
	3256	17	41
	3257	20	37
	3258	19	40
	3259	21	41
	3260	18	40
	3261	20	39
	3262	19	44
	3263	21	38
	3264	19	40
	3265	19	42
	3266	17	39
	3267	20	41
	3268	18	38
	3269	19	39
	3270	19	41
	3271	20	41
	3272	18	41
	3273	19	40
	3274	19	38
	3275	22	42
	3276	19	43
	3277	21	41
	3278	16	38
	3279	19	38
	3280	19	43
	3281	21	39
	3282	21	40
	3283	22	41
	3284	17	39
	3285	26	40
	3286	19	40
	3287	20	40
	3288	22	40
	3289	21	43
	3290	19	40
	3291	19	38
	3292	18	38
	3293	19	41
	3294	17	41
	3295	23	39
	3296	20	40
	3297	19	40
	3298	20	39
	3299	22	40
	3300	18	39
	3301	20	39
	3302	22	40
	3303	19	39
	3304	19	40
	3305	19	40
	3306	20	38
	3307	21	40
	3308	19	40
	3309	19	40
	3310	18	41
	3311	19	39
	3312	16	39
	3313	18	40
	3314	18	41
	3315	20	41
	3316	20	38
	3317	22	40
	3318	18	39
	3319	20	41
	3320	17	38
	3321	24	41
	3322	21	38
	3323	18	39
	3324	19	41
	3325	19	41
	3326	18	40
	3327	22	42
	3328	19	39
	3329	18	41
	3330	20	40
	3331	19	44
	3332	19	40
	3333	21	41
	3334	20	40
	3335	21	42
	3336	17	40
	3337	20	41
	3338	21	43
	3339	19	42
	3340	20	41
	3341	20	40
	3342	20	40
	3343	22	40
	3344	17	38
	3345	20	41
	3346	20	41
	3347	21	39
	3348	19	42
	3349	20	38
	3350	20	39
	3351	18	40
	3352	17	41
	3353	20	40
	3354	20	41
	3355	22	41
	3356	17	41
	3357	21	41
	3358	21	36
	3359	22	43
	3360	18	38
	3361	19	42
	3362	16	38
	3363	20	40
	3364	19	40
	3365	18	42
	3366	19	39
	3367	20	41
	3368	18	44
	3369	21	43
	3370	21	42
	3371	18	39
	3372	19	39
	3373	16	42
	3374	19	42
	3375	20	41
	3376	19	39
	3377	20	41
	3378	17	40
	3379	21	39
	3380	17	41
	3381	20	41
	3382	18	42
	3383	20	36
	3384	18	36
	3385	20	40
	3386	17	39
	3387	19	43
	3388	19	41
	3389	21	39
	3390	17	41
	3391	18	40
	3392	20	37
	3393	18	43
	3394	21	42
	3395	18	41
	3396	19	40
	3397	18	41
	3398	19	41
	3399	22	41
	3400	20	41
	3401	18	41
	3402	17	42
	3403	20	39
	3404	19	40
	3405	19	42
	3406	19	40
	3407	21	38
	3408	19	39
	3409	21	44
	3410	19	41
	3411	21	42
	3412	19	36
	3413	20	39
	3414	19	40
	3415	19	41
	3416	19	41
	3417	19	39
	3418	18	39
	3419	19	40
	3420	18	41
	3421	18	39
	3422	17	41
	3423	20	43
	3424	19	41
	3425	21	43
	3426	21	40
	3427	22	41
	3428	20	42
	3429	19	41
	3430	20	39
	3431	21	43
	3432	20	43
	3433	22	40
	3434	19	40
	3435	20	43
	3436	18	42
	3437	19	42
	3438	21	39
	3439	22	39
	3440	19	39
	3441	20	40
	3442	21	41
	3443	17	41
	3444	19	41
	3445	19	42
	3446	16	37
	3447	19	40
	3448	20	39
	3449	20	42
	3450	18	40
	3451	21	43
	3452	20	38
	3453	21	38
	3454	20	41
	3455	22	41
	3456	19	40
	3457	20	38
	3458	18	38
	3459	21	39
	3460	21	40
	3461	19	41
	3462	20	42
	3463	19	41
	3464	18	41
	3465	22	43
	3466	18	41
	3467	21	45
	3468	18	38
	3469	22	41
	3470	20	43
	3471	19	41
	3472	18	48
	3473	19	40
	3474	19	41
	3475	19	40
	3476	18	40
	3477	18	42
	3478	19	44
	3479	21	38
	3480	18	40
	3481	22	41
	3482	15	40
	3483	20	40
	3484	19	38
	3485	19	43
	3486	22	39
	3487	19	39
	3488	19	40
	3489	20	41
	3490	20	43
	3491	23	38
	3492	19	42
	3493	22	40
	3494	22	40
	3495	21	41
	3496	17	41
	3497	19	41
	3498	21	43
	3499	18	46
	3500	19	42
	3501	22	40
	3502	17	37
	3503	20	41
	3504	21	39
	3505	21	41
	3506	20	41
	3507	20	41
	3508	21	40
	3509	20	38
	3510	21	38
	3511	20	41
	3512	19	39
	3513	19	39
	3514	18	42
	3515	21	42
	3516	21	38
	3517	19	41
	3518	19	39
	3519	18	43
	3520	20	42
	3521	21	42
	3522	21	42
	3523	22	39
	3524	16	41
	3525	21	41
	3526	20	39
	3527	20	39
	3528	20	42
	3529	19	38
	3530	18	41
	3531	22	43
	3532	19	37
	3533	19	40
	3534	19	40
	3535	20	41
	3536	19	39
	3537	22	41
	3538	19	39
	3539	19	40
	3540	19	44
	3541	18	41
	3542	19	39
	3543	20	38
	3544	20	38
	3545	19	40
	3546	19	40
	3547	19	42
	3548	21	41
	3549	22	38
	3550	22	43
	3551	21	40
	3552	19	40
	3553	19	42
	3554	19	40
	3555	21	42
	3556	20	41
	3557	23	41
	3558	17	41
	3559	21	41
	3560	18	39
	3561	21	40
	3562	23	38
	3563	19	40
	3564	23	40
	3565	22	41
	3566	19	38
	3567	19	43
	3568	19	39
	3569	21	38
	3570	19	39
	3571	19	41
	3572	19	41
	3573	18	41
	3574	20	41
	3575	19	41
	3576	19	40
	3577	21	41
	3578	20	39
	3579	22	40
	3580	17	40
	3581	20	37
	3582	20	40
	3583	24	42
	3584	19	39
	3585	20	40
	3586	19	39
	3587	21	39
	3588	20	41
	3589	23	43
	3590	22	40
	3591	19	40
	3592	20	41
	3593	21	39
	3594	20	40
	3595	19	38
	3596	17	41
	3597	21	38
	3598	20	39
	3599	20	39
	3600	19	39
	3601	22	39
	3602	20	43
	3603	22	40
	3604	21	41
	3605	20	42
	3606	21	40
	3607	20	41
	3608	19	41
	3609	22	43
	3610	17	40
	3611	20	42
	3612	18	42
	3613	19	38
	3614	17	40
	3615	19	40
	3616	20	38
	3617	21	40
	3618	20	38
	3619	17	41
	3620	17	40
	3621	18	43
	3622	18	39
	3623	20	43
	3624	20	39
	3625	16	42
	3626	17	41
	3627	22	42
	3628	21	38
	3629	22	38
	3630	18	39
	3631	17	38
	3632	19	41
	3633	21	41
	3634	19	41
	3635	22	39
	3636	22	42
	3637	20	43
	3638	20	41
	3639	20	43
	3640	18	39
	3641	20	41
	3642	17	38
	3643	24	40
	3644	20	39
	3645	20	39
	3646	19	38
	3647	21	40
	3648	16	39
	3649	21	42
	3650	19	36
	3651	19	39
	3652	17	42
	3653	20	41
	3654	20	41
	3655	19	41
	3656	18	38
	3657	22	43
	3658	17	40
	3659	18	39
	3660	20	42
	3661	20	42
	3662	19	38
	3663	19	42
	3664	18	41
	3665	18	40
	3666	20	41
	3667	21	42
	3668	20	43
	3669	20	38
	3670	17	41
	3671	21	42
	3672	19	38
	3673	20	44
	3674	19	41
	3675	19	41
	3676	18	41
	3677	22	42
	3678	19	38
	3679	22	40
	3680	19	39
	3681	20	40
	3682	21	43
	3683	20	39
	3684	20	40
	3685	18	42
	3686	21	39
	3687	21	40
	3688	22	41
	3689	19	41
	3690	17	39
	3691	20	40
	3692	18	40
	3693	21	39
	3694	19	38
	3695	23	43
	3696	21	39
	3697	21	42
	3698	20	38
	3699	18	40
	3700	23	40
	3701	20	38
	3702	18	42
	3703	18	38
	3704	18	40
	3705	20	38
	3706	20	40
	3707	21	43
	3708	19	39
	3709	18	42
	3710	19	36
	3711	20	41
	3712	21	39
	3713	21	40
	3714	19	38
	3715	19	40
	3716	19	38
	3717	17	43
	3718	19	38
	3719	19	40
	3720	20	39
	3721	23	39
	3722	19	41
	3723	19	36
