	0	18	37
	1	17	40
	2	17	37
	3	19	39
	4	17	41
	5	16	39
	6	18	38
	7	18	39
	8	19	37
	9	17	39
	10	14	36
	11	18	37
	12	18	38
	13	19	40
	14	16	37
	15	20	36
	16	19	36
	17	19	39
	18	16	38
	19	17	38
	20	18	36
	21	17	40
	22	16	38
	23	19	40
	24	19	39
	25	19	39
	26	19	42
	27	21	42
	28	21	40
	29	21	42
	30	19	43
	31	19	43
	32	19	41
	33	22	42
	34	19	39
	35	24	41
	36	20	43
	37	20	42
	38	22	43
	39	19	41
	40	21	40
	41	20	41
	42	23	42
	43	20	43
	44	21	41
	45	23	39
	46	20	42
	47	21	43
	48	20	40
	49	21	39
	50	19	41
	51	21	43
	52	21	39
	53	22	43
	54	21	40
	55	21	44
	56	23	41
	57	21	43
	58	23	42
	59	21	41
	60	23	41
	61	23	43
	62	24	40
	63	22	41
	64	22	42
	65	24	42
	66	24	43
	67	23	41
	68	23	43
	69	24	44
	70	19	42
	71	20	41
	72	23	42
	73	23	43
	74	21	40
	75	22	42
	76	21	44
	77	23	42
	78	21	41
	79	22	42
	80	19	42
	81	23	44
	82	21	44
	83	22	45
	84	23	40
	85	21	41
	86	24	43
	87	22	42
	88	21	41
	89	22	41
	90	22	43
	91	23	42
	92	22	41
	93	23	46
	94	21	45
	95	23	43
	96	21	51
	97	21	45
	98	21	45
	99	25	44
	100	20	40
	101	24	43
	102	25	43
	103	22	43
	104	23	46
	105	25	41
	106	24	43
	107	22	43
	108	22	40
	109	24	47
	110	21	42
	111	22	40
	112	22	42
	113	24	42
	114	20	44
	115	22	44
	116	21	43
	117	26	43
	118	23	46
	119	23	45
	120	21	43
	121	23	42
	122	23	43
	123	24	48
	124	24	43
	125	26	43
	126	22	42
	127	26	43
	128	23	43
	129	23	46
	130	22	43
	131	25	45
	132	22	44
	133	23	41
	134	24	44
	135	23	44
	136	31	42
	137	26	40
	138	23	43
	139	21	41
	140	22	41
	141	28	46
	142	26	42
	143	26	41
	144	24	44
	145	23	45
	146	26	42
	147	23	44
	148	23	42
	149	24	42
	150	25	45
	151	23	42
	152	24	43
	153	24	43
	154	24	44
	155	22	47
	156	21	44
	157	24	43
	158	22	43
	159	24	45
	160	22	43
	161	24	46
	162	26	44
	163	24	46
	164	22	40
	165	24	44
	166	26	44
	167	23	46
	168	24	45
	169	27	43
	170	24	43
	171	22	42
	172	22	43
	173	25	43
	174	22	42
	175	22	45
	176	21	40
	177	26	43
	178	25	44
	179	22	42
	180	23	41
	181	27	43
	182	24	43
	183	23	43
	184	23	43
	185	24	44
	186	22	43
	187	23	46
	188	22	43
	189	26	40
	190	24	47
	191	24	44
	192	21	44
	193	22	44
	194	21	41
	195	22	43
	196	24	42
	197	26	41
	198	23	42
	199	24	43
	200	22	42
	201	25	43
	202	25	42
	203	25	46
	204	23	42
	205	26	39
	206	24	42
	207	23	44
	208	22	42
	209	27	42
	210	24	46
	211	22	43
	212	22	41
	213	24	42
	214	25	41
	215	25	43
	216	23	43
	217	25	44
	218	23	46
	219	22	50
	220	21	44
	221	22	43
	222	24	44
	223	27	43
	224	25	44
	225	23	43
	226	25	43
	227	21	43
	228	23	44
	229	24	40
	230	26	45
	231	25	44
	232	21	44
	233	22	42
	234	24	42
	235	25	43
	236	24	43
	237	26	43
	238	24	41
	239	23	43
	240	24	41
	241	26	46
	242	24	47
	243	23	43
	244	25	42
	245	25	43
	246	22	42
	247	24	46
	248	23	42
	249	23	42
	250	24	42
	251	24	48
	252	24	41
	253	22	43
	254	24	41
	255	27	46
	256	22	44
	257	28	44
	258	22	46
	259	23	46
	260	24	41
	261	23	41
	262	24	44
	263	23	43
	264	21	42
	265	20	47
	266	24	46
	267	23	45
	268	21	40
	269	24	44
	270	22	43
	271	20	43
	272	22	41
	273	25	43
	274	24	41
	275	25	42
	276	24	42
	277	26	40
	278	23	43
	279	24	43
	280	21	44
	281	21	43
	282	25	41
	283	23	44
	284	24	41
	285	25	42
	286	21	42
	287	27	45
	288	22	41
	289	23	42
	290	30	38
	291	22	42
	292	21	46
	293	22	40
	294	24	42
	295	27	42
	296	25	41
	297	24	42
	298	31	41
	299	25	42
	300	24	43
	301	27	43
	302	24	44
	303	25	43
	304	21	44
	305	24	46
	306	24	41
	307	24	43
	308	25	40
	309	25	44
	310	26	40
	311	21	43
	312	23	44
	313	23	39
	314	22	41
	315	24	47
	316	22	44
	317	25	43
	318	24	43
	319	24	45
	320	24	43
	321	25	49
	322	26	44
	323	23	43
	324	24	40
	325	22	40
	326	25	43
	327	24	45
	328	24	42
	329	22	46
	330	26	44
	331	27	43
	332	25	41
	333	27	46
	334	23	44
	335	25	45
	336	23	42
	337	24	46
	338	24	41
	339	27	45
	340	21	40
	341	23	45
	342	21	39
	343	24	45
	344	22	43
	345	22	45
	346	25	43
	347	26	42
	348	25	42
	349	26	43
	350	23	44
	351	25	44
	352	22	41
	353	23	42
	354	25	40
	355	27	43
	356	26	43
	357	23	44
	358	25	42
	359	26	39
	360	26	39
	361	25	43
	362	24	43
	363	27	43
	364	23	41
	365	27	42
	366	25	41
	367	26	44
	368	24	43
	369	27	42
	370	28	44
	371	27	41
	372	24	41
	373	26	42
	374	29	41
	375	23	44
	376	27	41
	377	29	41
	378	25	42
	379	29	41
	380	26	42
	381	26	46
	382	25	42
	383	26	44
	384	24	45
	385	28	43
	386	27	42
	387	29	41
	388	25	44
	389	30	42
	390	27	43
	391	29	45
	392	27	43
	393	27	45
	394	27	39
	395	27	42
	396	28	40
	397	26	45
	398	27	44
	399	28	49
	400	28	42
	401	29	42
	402	28	41
	403	26	44
	404	27	45
	405	30	41
	406	27	42
	407	26	42
	408	28	44
	409	30	45
	410	28	47
	411	30	43
	412	29	42
	413	29	44
	414	28	45
	415	27	45
	416	26	44
	417	28	41
	418	31	44
	419	29	43
	420	30	42
	421	28	43
	422	31	41
	423	32	40
	424	27	44
	425	31	45
	426	32	40
	427	31	46
	428	29	41
	429	27	44
	430	28	44
	431	32	50
	432	30	45
	433	31	43
	434	30	43
	435	30	44
	436	28	41
	437	31	42
	438	29	42
	439	30	47
	440	30	46
	441	31	47
	442	31	46
	443	29	46
	444	30	43
	445	32	43
	446	31	40
	447	33	45
	448	30	44
	449	33	42
	450	31	42
	451	33	43
	452	41	42
	453	33	44
	454	33	43
	455	31	42
	456	31	44
	457	31	42
	458	31	45
	459	31	47
	460	33	45
	461	32	41
	462	29	39
	463	33	43
	464	33	44
	465	35	44
	466	36	44
	467	35	45
	468	33	42
	469	36	43
	470	35	45
	471	37	42
	472	33	43
	473	36	46
	474	34	42
	475	34	45
	476	35	45
	477	34	46
	478	36	46
	479	37	47
	480	38	44
	481	36	47
	482	35	43
	483	39	46
	484	37	45
	485	37	45
	486	37	45
	487	37	44
	488	39	45
	489	37	45
	490	40	46
	491	41	43
	492	39	43
	493	41	44
	494	34	44
	495	38	44
	496	40	44
	497	40	43
	498	38	41
	499	39	44
	500	43	41
	501	40	45
	502	39	45
	503	40	44
	504	42	44
	505	39	46
	506	40	43
	507	42	45
	508	40	43
	509	42	45
	510	43	47
	511	44	46
	512	46	46
	513	42	47
	514	43	44
	515	41	45
	516	45	46
	517	45	48
	518	42	48
	519	46	45
	520	43	42
	521	42	46
	522	42	45
	523	42	47
	524	46	50
	525	48	47
	526	43	43
	527	46	47
	528	46	45
	529	47	46
	530	47	46
	531	48	48
	532	45	45
	533	47	46
	534	45	47
	535	49	47
	536	49	44
	537	49	47
	538	49	46
	539	51	47
	540	50	44
	541	47	45
	542	50	45
	543	48	47
	544	51	46
	545	49	46
	546	49	45
	547	52	44
	548	52	44
	549	50	46
	550	53	44
	551	51	44
	552	52	44
	553	53	48
	554	51	44
	555	54	47
	556	52	45
	557	55	51
	558	55	46
	559	55	47
	560	54	46
	561	58	47
	562	55	46
	563	55	44
	564	61	45
	565	57	47
	566	57	49
	567	56	50
	568	57	43
	569	57	47
	570	57	49
	571	61	48
	572	57	47
	573	59	50
	574	58	44
	575	57	47
	576	58	47
	577	61	46
	578	57	47
	579	63	49
	580	63	48
	581	60	44
	582	66	45
	583	64	48
	584	62	48
	585	63	48
	586	65	49
	587	67	48
	588	64	45
	589	67	48
	590	64	46
	591	66	48
	592	66	48
	593	68	48
	594	69	47
	595	71	48
	596	67	48
	597	70	48
	598	68	48
	599	69	53
	600	69	44
	601	71	50
	602	67	52
	603	73	50
	604	72	48
	605	73	46
	606	68	46
	607	71	51
	608	69	49
	609	73	47
	610	75	46
	611	71	45
	612	73	48
	613	74	50
	614	76	49
	615	80	50
	616	75	50
	617	77	49
	618	73	49
	619	74	51
	620	76	45
	621	78	50
	622	80	47
	623	79	49
	624	78	48
	625	77	51
	626	83	48
	627	81	50
	628	80	48
	629	84	48
	630	77	52
	631	83	50
	632	81	48
	633	84	51
	634	79	48
	635	83	51
	636	83	51
	637	86	49
	638	82	51
	639	85	53
	640	86	49
	641	82	51
	642	82	50
	643	86	50
	644	83	48
	645	83	49
	646	84	48
	647	85	49
	648	85	51
	649	85	52
	650	84	52
	651	89	49
	652	85	48
	653	86	54
	654	87	51
	655	92	50
	656	94	50
	657	89	50
	658	87	48
	659	89	53
	660	93	52
	661	94	52
	662	93	54
	663	91	51
	664	88	50
	665	95	53
	666	93	51
	667	94	52
	668	92	52
	669	95	53
	670	93	53
	671	93	50
	672	93	54
	673	97	54
	674	94	53
	675	95	51
	676	97	52
	677	97	54
	678	92	53
	679	99	52
	680	100	50
	681	98	55
	682	97	51
	683	93	56
	684	96	53
	685	99	54
	686	97	51
	687	99	54
	688	101	52
	689	103	54
	690	102	54
	691	101	53
	692	101	49
	693	103	55
	694	103	54
	695	105	52
	696	100	54
	697	101	54
	698	100	55
	699	104	57
	700	104	53
	701	108	54
	702	105	53
	703	102	52
	704	105	53
	705	107	54
	706	108	53
	707	106	51
	708	111	54
	709	108	54
	710	110	52
	711	108	54
	712	109	53
	713	110	54
	714	105	52
	715	111	56
	716	108	53
	717	109	54
	718	111	58
	719	111	54
	720	110	53
	721	111	53
	722	109	54
	723	107	54
	724	112	54
	725	112	53
	726	111	53
	727	110	55
	728	113	51
	729	115	55
	730	111	54
	731	109	54
	732	109	55
	733	113	57
	734	113	55
	735	113	57
	736	111	54
	737	115	54
	738	114	56
	739	112	56
	740	112	53
	741	113	57
	742	112	59
	743	114	54
	744	115	57
	745	114	56
	746	116	59
	747	115	59
	748	118	55
	749	113	58
	750	113	54
	751	114	54
	752	113	53
	753	113	56
	754	114	54
	755	112	55
	756	113	50
	757	115	54
	758	113	55
	759	118	56
	760	114	56
	761	114	56
	762	114	58
	763	117	56
	764	110	54
	765	113	52
	766	113	55
	767	114	55
	768	115	54
	769	111	55
	770	112	55
	771	114	55
	772	112	53
	773	115	55
	774	116	55
	775	116	53
	776	121	54
	777	113	53
	778	113	52
	779	111	60
	780	112	53
	781	115	55
	782	114	56
	783	112	54
	784	113	55
	785	117	52
	786	113	55
	787	111	55
	788	112	53
	789	112	55
	790	112	55
	791	111	57
	792	111	53
	793	113	55
	794	108	55
	795	110	53
	796	109	52
	797	110	54
	798	111	54
	799	114	52
	800	111	50
	801	109	55
	802	107	53
	803	109	61
	804	111	51
	805	111	52
	806	108	51
	807	112	54
	808	107	59
	809	107	52
	810	109	51
	811	110	54
	812	107	51
	813	107	52
	814	107	52
	815	107	52
	816	106	50
	817	103	52
	818	107	51
	819	107	53
	820	105	52
	821	103	50
	822	103	50
	823	104	53
	824	100	54
	825	103	53
	826	105	52
	827	104	54
	828	101	55
	829	103	52
	830	102	53
	831	103	52
	832	103	49
	833	101	49
	834	101	52
	835	98	52
	836	99	51
	837	98	50
	838	98	51
	839	96	52
	840	99	46
	841	99	55
	842	97	50
	843	96	50
	844	97	48
	845	99	47
	846	99	51
	847	97	53
	848	95	50
	849	97	48
	850	95	49
	851	93	52
	852	95	49
	853	94	50
	854	96	49
	855	96	50
	856	95	51
	857	97	52
	858	96	53
	859	95	52
	860	93	52
	861	94	50
	862	91	50
	863	96	51
	864	90	52
	865	94	52
	866	95	52
	867	91	51
	868	95	54
	869	92	49
	870	89	49
	871	94	52
	872	92	48
	873	88	55
	874	88	48
	875	89	48
	876	91	48
	877	89	49
	878	93	49
	879	91	49
	880	90	48
	881	89	50
	882	90	51
	883	91	48
	884	88	49
	885	89	49
	886	87	48
	887	88	50
	888	85	48
	889	85	51
	890	87	50
	891	87	52
	892	87	46
	893	87	52
	894	86	49
	895	84	47
	896	84	52
	897	87	49
	898	87	48
	899	89	50
	900	84	50
	901	87	47
	902	85	48
	903	82	48
	904	82	46
	905	86	50
	906	79	47
	907	83	48
	908	85	47
	909	82	50
	910	77	48
	911	82	50
	912	79	47
	913	79	48
	914	77	47
	915	81	47
	916	77	49
	917	79	47
	918	79	47
	919	81	51
	920	75	45
	921	78	49
	922	81	49
	923	78	46
	924	76	46
	925	77	50
	926	76	45
	927	76	48
	928	73	48
	929	75	49
	930	74	44
	931	76	48
	932	74	47
	933	75	48
	934	69	46
	935	75	49
	936	75	47
	937	71	47
	938	70	47
	939	70	46
	940	69	46
	941	71	49
	942	68	45
	943	65	46
	944	73	45
	945	72	47
	946	69	46
	947	70	48
	948	66	46
	949	68	46
	950	68	54
	951	67	48
	952	70	47
	953	68	49
	954	65	45
	955	66	46
	956	67	49
	957	68	49
	958	63	46
	959	66	44
	960	63	45
	961	66	44
	962	64	45
	963	67	47
	964	63	47
	965	62	45
	966	62	44
	967	62	45
	968	61	45
	969	61	45
	970	62	47
	971	62	46
	972	61	45
	973	58	49
	974	58	47
	975	59	45
	976	56	46
	977	58	45
	978	59	46
	979	58	46
	980	55	45
	981	54	45
	982	55	44
	983	57	44
	984	55	47
	985	56	48
	986	52	46
	987	54	45
	988	51	43
	989	52	45
	990	52	46
	991	51	45
	992	53	44
	993	49	48
	994	50	47
	995	52	44
	996	51	43
	997	54	44
	998	51	43
	999	47	44
	1000	49	43
	1001	47	45
	1002	47	43
	1003	50	46
	1004	47	47
	1005	49	47
	1006	48	45
	1007	48	45
	1008	47	42
	1009	46	44
	1010	48	44
	1011	48	46
	1012	47	46
	1013	49	47
	1014	47	43
	1015	46	45
	1016	49	45
	1017	47	44
	1018	47	41
	1019	52	47
	1020	47	44
	1021	48	46
	1022	47	44
	1023	48	43
	1024	46	42
	1025	46	44
	1026	42	45
	1027	46	43
	1028	48	41
	1029	45	42
	1030	46	42
	1031	46	43
	1032	40	42
	1033	47	43
	1034	43	43
	1035	46	43
	1036	47	40
	1037	45	46
	1038	42	44
	1039	44	42
	1040	40	45
	1041	44	43
	1042	43	43
	1043	44	43
	1044	42	48
	1045	41	44
	1046	43	43
	1047	44	46
	1048	39	48
	1049	43	42
	1050	44	45
	1051	44	44
	1052	45	43
	1053	46	44
	1054	42	44
	1055	44	51
	1056	40	40
	1057	41	43
	1058	42	40
	1059	42	47
	1060	38	43
	1061	43	45
	1062	40	44
	1063	43	42
	1064	39	44
	1065	38	43
	1066	42	43
	1067	43	46
	1068	40	44
	1069	43	40
	1070	39	42
	1071	41	45
	1072	37	40
	1073	41	41
	1074	40	43
	1075	43	42
	1076	39	44
	1077	50	44
	1078	44	46
	1079	43	45
	1080	41	45
	1081	44	40
	1082	41	48
	1083	44	43
	1084	41	43
	1085	40	42
	1086	40	46
	1087	42	43
	1088	41	42
	1089	42	41
	1090	42	40
	1091	41	43
	1092	41	40
	1093	39	45
	1094	40	44
	1095	41	44
	1096	39	43
	1097	43	43
	1098	41	42
	1099	41	43
	1100	38	42
	1101	40	42
	1102	38	41
	1103	40	44
	1104	38	40
	1105	39	42
	1106	42	40
	1107	42	41
	1108	37	43
	1109	39	44
	1110	40	47
	1111	40	44
	1112	41	39
	1113	42	42
	1114	43	42
	1115	42	43
	1116	39	46
	1117	38	41
	1118	38	41
	1119	40	41
	1120	41	43
	1121	41	44
	1122	39	39
	1123	39	41
	1124	37	44
	1125	42	45
	1126	38	44
	1127	38	43
	1128	38	43
	1129	38	42
	1130	43	44
	1131	39	43
	1132	38	44
	1133	38	43
	1134	38	43
	1135	39	42
	1136	37	48
	1137	42	42
	1138	38	43
	1139	38	45
	1140	40	42
	1141	39	41
	1142	36	42
	1143	39	44
	1144	39	44
	1145	38	44
	1146	36	43
	1147	40	46
	1148	41	41
	1149	40	43
	1150	39	40
	1151	37	45
	1152	38	42
	1153	39	44
	1154	39	44
	1155	38	42
	1156	35	43
	1157	40	42
	1158	38	42
	1159	42	44
	1160	40	42
	1161	40	43
	1162	36	44
	1163	36	47
	1164	36	43
	1165	40	42
	1166	39	39
	1167	41	41
	1168	39	45
	1169	39	41
	1170	42	42
	1171	39	44
	1172	38	39
	1173	38	44
	1174	39	44
	1175	41	47
	1176	39	40
	1177	36	44
	1178	38	43
	1179	38	46
	1180	39	44
	1181	38	44
	1182	38	42
	1183	39	40
	1184	36	39
	1185	37	41
	1186	35	42
	1187	38	41
	1188	34	47
	1189	38	40
	1190	39	43
	1191	37	46
	1192	35	41
	1193	35	45
	1194	39	41
	1195	39	43
	1196	38	41
	1197	37	44
	1198	39	42
	1199	38	45
	1200	39	43
	1201	38	42
	1202	39	43
	1203	39	41
	1204	37	43
	1205	38	45
	1206	38	42
	1207	41	42
	1208	37	43
	1209	38	41
	1210	36	42
	1211	38	42
	1212	35	42
	1213	37	45
	1214	36	41
	1215	38	41
	1216	36	44
	1217	37	46
	1218	34	38
	1219	39	39
	1220	36	42
	1221	40	43
	1222	31	43
	1223	35	44
	1224	36	39
	1225	38	45
	1226	38	44
	1227	34	43
	1228	34	42
	1229	37	44
	1230	37	43
	1231	36	44
	1232	34	42
	1233	39	43
	1234	35	44
	1235	38	42
	1236	36	41
	1237	34	43
	1238	34	42
	1239	37	41
	1240	34	41
	1241	38	42
	1242	36	45
	1243	37	43
	1244	36	44
	1245	38	42
	1246	36	41
	1247	39	44
	1248	36	42
	1249	36	43
	1250	35	42
	1251	38	41
	1252	36	40
	1253	37	44
	1254	38	42
	1255	35	44
	1256	31	44
	1257	34	42
	1258	38	41
	1259	35	43
	1260	38	45
	1261	35	44
	1262	35	44
	1263	36	43
	1264	37	42
	1265	36	44
	1266	45	43
	1267	43	43
	1268	35	41
	1269	36	43
	1270	36	40
	1271	39	44
	1272	36	43
	1273	34	43
	1274	35	42
	1275	36	49
	1276	36	44
	1277	37	43
	1278	34	43
	1279	35	42
	1280	36	43
	1281	34	41
	1282	35	44
	1283	36	42
	1284	35	45
	1285	37	43
	1286	34	41
	1287	38	41
	1288	34	41
	1289	36	41
	1290	34	41
	1291	37	44
	1292	35	41
	1293	34	39
	1294	34	44
	1295	35	41
	1296	35	43
	1297	37	42
	1298	33	44
	1299	38	41
	1300	33	42
	1301	34	45
	1302	34	43
	1303	37	47
	1304	34	42
	1305	37	43
	1306	33	44
	1307	33	44
	1308	34	38
	1309	33	42
	1310	33	39
	1311	33	40
	1312	33	42
	1313	38	43
	1314	35	42
	1315	36	40
	1316	35	39
	1317	36	43
	1318	33	41
	1319	36	44
	1320	36	39
	1321	35	42
	1322	35	40
	1323	35	43
	1324	37	43
	1325	35	43
	1326	32	39
	1327	35	42
	1328	35	45
	1329	34	41
	1330	35	43
	1331	35	45
	1332	33	40
	1333	35	42
	1334	31	47
	1335	37	44
	1336	33	42
	1337	32	40
	1338	34	41
	1339	30	46
	1340	34	41
	1341	34	44
	1342	32	41
	1343	36	41
	1344	34	42
	1345	32	41
	1346	33	39
	1347	32	43
	1348	29	41
	1349	36	42
	1350	36	43
	1351	34	45
	1352	33	40
	1353	35	43
	1354	31	43
	1355	34	42
	1356	34	42
	1357	36	43
	1358	34	42
	1359	35	41
	1360	35	44
	1361	37	44
	1362	31	39
	1363	34	44
	1364	33	43
	1365	32	43
	1366	30	42
	1367	30	43
	1368	32	45
	1369	33	42
	1370	35	40
	1371	36	41
	1372	40	43
	1373	31	41
	1374	33	43
	1375	33	44
	1376	34	43
	1377	36	44
	1378	32	42
	1379	33	45
	1380	31	45
	1381	42	41
	1382	31	44
	1383	33	44
	1384	31	44
	1385	32	45
	1386	34	41
	1387	32	43
	1388	34	42
	1389	33	41
	1390	32	41
	1391	34	42
	1392	31	40
	1393	33	46
	1394	33	44
	1395	33	44
	1396	34	43
	1397	36	44
	1398	32	41
	1399	34	45
	1400	31	41
	1401	31	42
	1402	34	44
	1403	34	43
	1404	31	41
	1405	35	41
	1406	33	42
	1407	30	39
	1408	32	38
	1409	34	41
	1410	33	44
	1411	35	43
	1412	29	43
	1413	34	42
	1414	32	43
	1415	33	45
	1416	33	44
	1417	34	41
	1418	33	41
	1419	33	43
	1420	30	41
	1421	30	43
	1422	33	42
	1423	30	41
	1424	30	41
	1425	34	40
	1426	31	38
	1427	32	43
	1428	31	42
	1429	32	43
	1430	33	42
	1431	33	44
	1432	30	41
	1433	33	43
	1434	34	42
	1435	33	41
	1436	31	42
	1437	31	42
	1438	30	41
	1439	33	45
	1440	32	41
	1441	29	39
	1442	32	42
	1443	29	40
	1444	31	43
	1445	31	42
	1446	27	40
	1447	32	42
	1448	32	42
	1449	29	43
	1450	31	39
	1451	30	43
	1452	29	42
	1453	29	42
	1454	33	44
	1455	32	43
	1456	31	40
	1457	30	43
	1458	33	42
	1459	33	44
	1460	29	42
	1461	32	39
	1462	30	43
	1463	34	46
	1464	29	43
	1465	31	42
	1466	30	44
	1467	30	40
	1468	31	42
	1469	31	43
	1470	31	41
	1471	27	44
	1472	33	40
	1473	30	45
	1474	28	44
	1475	33	43
	1476	30	39
	1477	29	40
	1478	29	43
	1479	31	44
	1480	29	40
	1481	31	40
	1482	27	41
	1483	26	43
	1484	30	43
	1485	26	45
	1486	30	42
	1487	31	43
	1488	28	41
	1489	29	39
	1490	29	43
	1491	32	42
	1492	31	41
	1493	28	42
	1494	31	45
	1495	29	44
	1496	28	42
	1497	29	42
	1498	27	40
	1499	28	44
	1500	27	42
	1501	30	43
	1502	28	40
	1503	33	43
	1504	28	42
	1505	29	40
	1506	30	41
	1507	30	45
	1508	28	42
	1509	30	43
	1510	28	40
	1511	33	40
	1512	27	40
	1513	29	44
	1514	31	45
	1515	29	43
	1516	28	41
	1517	29	43
	1518	27	41
	1519	27	43
	1520	31	43
	1521	30	41
	1522	30	45
	1523	29	44
	1524	27	43
	1525	29	40
	1526	29	37
	1527	32	40
	1528	30	43
	1529	28	43
	1530	29	40
	1531	37	42
	1532	27	41
	1533	30	41
	1534	29	43
	1535	29	44
	1536	28	40
	1537	30	42
	1538	27	42
	1539	30	43
	1540	29	41
	1541	28	46
	1542	29	38
	1543	29	43
	1544	30	43
	1545	29	43
	1546	27	41
	1547	31	43
	1548	30	43
	1549	28	43
	1550	30	45
	1551	29	44
	1552	29	43
	1553	31	41
	1554	28	40
	1555	30	41
	1556	28	43
	1557	31	44
	1558	32	44
	1559	32	42
	1560	28	40
	1561	32	41
	1562	31	45
	1563	31	44
	1564	31	41
	1565	32	43
	1566	34	42
	1567	33	44
	1568	33	44
	1569	34	44
	1570	35	43
	1571	36	52
	1572	34	44
	1573	35	41
	1574	33	44
	1575	39	43
	1576	34	45
	1577	35	44
	1578	39	44
	1579	39	44
	1580	40	39
	1581	38	43
	1582	38	45
	1583	39	46
	1584	37	44
	1585	38	42
	1586	38	47
	1587	40	45
	1588	36	46
	1589	35	45
	1590	39	42
	1591	38	43
	1592	40	41
	1593	39	43
	1594	39	43
	1595	37	45
	1596	38	40
	1597	43	43
	1598	39	43
	1599	38	47
	1600	34	44
	1601	37	44
	1602	36	43
	1603	38	43
	1604	39	43
	1605	39	44
	1606	39	45
	1607	39	46
	1608	36	44
	1609	41	47
	1610	38	42
	1611	36	46
	1612	40	44
	1613	36	45
	1614	34	42
	1615	38	45
	1616	37	41
	1617	40	44
	1618	37	41
	1619	38	45
	1620	38	45
	1621	37	43
	1622	37	48
	1623	36	43
	1624	40	44
	1625	38	46
	1626	39	45
	1627	37	45
	1628	36	43
	1629	37	44
	1630	36	42
	1631	37	44
	1632	36	43
	1633	38	45
	1634	34	45
	1635	40	47
	1636	35	41
	1637	37	45
	1638	37	46
	1639	39	43
	1640	37	46
	1641	35	44
	1642	35	42
	1643	38	43
	1644	38	41
	1645	39	43
	1646	43	43
	1647	37	43
	1648	38	45
	1649	36	46
	1650	36	45
	1651	38	45
	1652	35	42
	1653	37	45
	1654	37	47
	1655	38	43
	1656	37	43
	1657	36	44
	1658	37	44
	1659	38	44
	1660	37	42
	1661	35	45
	1662	35	45
	1663	40	43
	1664	37	42
	1665	39	45
	1666	35	46
	1667	38	43
	1668	34	43
	1669	37	43
	1670	34	42
	1671	37	44
	1672	34	45
	1673	37	43
	1674	36	42
	1675	34	44
	1676	39	41
	1677	37	43
	1678	35	44
	1679	34	43
	1680	34	44
	1681	34	45
	1682	36	44
	1683	35	46
	1684	34	45
	1685	36	43
	1686	34	43
	1687	34	45
	1688	31	43
	1689	31	43
	1690	30	46
	1691	30	43
	1692	29	44
	1693	32	42
	1694	30	44
	1695	28	48
	1696	29	45
	1697	32	46
	1698	29	41
	1699	30	43
	1700	27	44
	1701	31	44
	1702	27	42
	1703	28	43
	1704	26	39
	1705	26	43
	1706	24	42
	1707	26	38
	1708	25	42
	1709	24	43
	1710	28	41
	1711	28	44
	1712	26	41
	1713	25	41
	1714	23	41
	1715	29	40
	1716	25	39
	1717	23	43
	1718	27	41
	1719	22	45
	1720	23	42
	1721	25	45
	1722	25	43
	1723	22	42
	1724	25	40
	1725	25	41
	1726	30	42
	1727	25	44
	1728	24	41
	1729	25	43
	1730	24	40
	1731	25	42
	1732	24	41
	1733	25	42
	1734	25	39
	1735	26	43
	1736	25	42
	1737	23	43
	1738	27	40
	1739	26	39
	1740	26	42
	1741	25	39
	1742	23	42
	1743	27	42
	1744	25	38
	1745	25	41
	1746	25	45
	1747	25	41
	1748	24	43
	1749	23	42
	1750	26	40
	1751	24	44
	1752	24	42
	1753	22	39
	1754	25	42
	1755	25	41
	1756	24	41
	1757	25	40
	1758	24	40
	1759	23	42
	1760	23	44
	1761	23	42
	1762	25	44
	1763	27	42
	1764	23	39
	1765	24	43
	1766	22	39
	1767	23	41
	1768	24	38
	1769	22	41
	1770	25	40
	1771	25	43
	1772	25	41
	1773	21	43
	1774	24	43
	1775	23	42
	1776	22	42
	1777	26	43
	1778	29	41
	1779	25	40
	1780	21	42
	1781	24	44
	1782	26	40
	1783	24	41
	1784	26	40
	1785	24	43
	1786	23	43
	1787	23	42
	1788	24	41
	1789	23	41
	1790	24	39
	1791	23	42
	1792	20	41
	1793	22	41
	1794	25	44
	1795	20	42
	1796	25	42
	1797	22	41
	1798	22	40
	1799	23	40
	1800	22	42
	1801	22	41
	1802	24	41
	1803	23	45
	1804	21	40
	1805	22	43
	1806	19	41
	1807	28	43
	1808	22	41
	1809	23	43
	1810	23	40
	1811	24	41
	1812	21	43
	1813	23	43
	1814	22	42
	1815	25	41
	1816	23	44
	1817	24	40
	1818	23	39
	1819	22	43
	1820	21	43
	1821	22	42
	1822	21	40
	1823	26	41
	1824	20	40
	1825	24	43
	1826	21	42
	1827	21	40
	1828	23	39
	1829	23	41
	1830	23	41
	1831	21	43
	1832	24	41
	1833	23	37
	1834	21	39
	1835	24	41
	1836	21	43
	1837	24	41
	1838	22	38
	1839	23	42
	1840	19	39
	1841	21	42
	1842	23	41
	1843	22	41
	1844	21	40
	1845	23	44
	1846	20	41
	1847	26	39
	1848	24	43
	1849	24	42
	1850	23	41
	1851	22	41
	1852	20	43
	1853	22	39
	1854	20	40
	1855	25	42
	1856	23	41
	1857	26	40
	1858	23	40
	1859	24	40
	1860	20	41
	1861	24	43
	1862	25	42
	1863	22	42
	1864	23	42
	1865	20	42
	1866	21	42
	1867	22	39
	1868	20	43
	1869	22	45
	1870	21	40
	1871	21	44
	1872	23	42
	1873	23	41
	1874	21	41
	1875	24	41
	1876	23	43
	1877	22	40
	1878	20	40
	1879	24	41
	1880	25	44
	1881	25	40
	1882	22	38
	1883	23	41
	1884	24	39
	1885	25	43
	1886	22	43
	1887	22	41
	1888	23	40
	1889	25	41
	1890	23	40
	1891	23	42
	1892	20	41
	1893	24	42
	1894	23	41
	1895	22	45
	1896	22	42
	1897	22	43
	1898	23	38
	1899	22	44
	1900	23	42
	1901	25	41
	1902	24	39
	1903	25	40
	1904	21	40
	1905	22	42
	1906	23	43
	1907	32	43
	1908	22	40
	1909	23	41
	1910	22	41
	1911	25	45
	1912	22	42
	1913	22	43
	1914	23	40
	1915	22	43
	1916	22	39
	1917	23	41
	1918	22	42
	1919	25	42
	1920	25	41
	1921	23	42
	1922	22	40
	1923	25	39
	1924	24	42
	1925	24	40
	1926	21	45
	1927	23	40
	1928	24	39
	1929	22	43
	1930	21	37
	1931	24	43
	1932	22	40
	1933	24	39
	1934	21	42
	1935	23	43
	1936	21	39
	1937	24	41
	1938	19	41
	1939	23	40
	1940	25	44
	1941	25	40
	1942	21	40
	1943	21	39
	1944	24	40
	1945	23	43
	1946	21	39
	1947	22	42
	1948	22	40
	1949	22	42
	1950	24	42
	1951	21	40
	1952	22	41
	1953	23	43
	1954	23	41
	1955	23	41
	1956	23	40
	1957	22	39
	1958	21	39
	1959	21	43
	1960	22	44
	1961	23	43
	1962	20	39
	1963	22	42
	1964	20	41
	1965	22	40
	1966	21	42
	1967	27	40
	1968	19	41
	1969	23	44
	1970	23	44
	1971	22	43
	1972	24	40
	1973	23	42
	1974	21	43
	1975	24	40
	1976	20	44
	1977	20	41
	1978	21	41
	1979	24	42
	1980	20	39
	1981	24	40
	1982	20	40
	1983	23	40
	1984	22	39
	1985	25	43
	1986	22	42
	1987	24	43
	1988	20	42
	1989	21	41
	1990	22	41
	1991	22	38
	1992	22	39
	1993	23	42
	1994	20	40
	1995	23	43
	1996	19	40
	1997	23	42
	1998	22	41
	1999	22	41
	2000	20	40
	2001	23	40
	2002	22	43
	2003	22	42
	2004	24	46
	2005	21	42
	2006	23	39
	2007	22	41
	2008	21	43
	2009	20	41
	2010	22	41
	2011	21	38
	2012	21	42
	2013	20	40
	2014	20	44
	2015	22	43
	2016	19	40
	2017	21	43
	2018	19	39
	2019	21	41
	2020	22	41
	2021	22	41
	2022	18	40
	2023	21	39
	2024	23	43
	2025	20	39
	2026	19	39
	2027	21	40
	2028	19	39
	2029	19	43
	2030	21	43
	2031	23	40
	2032	20	39
	2033	21	43
	2034	21	40
	2035	22	40
	2036	21	42
	2037	22	42
	2038	20	39
	2039	21	42
	2040	20	41
	2041	24	40
	2042	20	39
	2043	22	41
	2044	18	41
	2045	21	41
	2046	19	42
	2047	20	39
	2048	18	41
	2049	21	41
	2050	20	41
	2051	20	40
	2052	20	40
	2053	21	42
	2054	20	42
	2055	20	42
	2056	19	40
	2057	22	42
	2058	19	39
	2059	22	40
	2060	20	41
	2061	21	40
	2062	19	39
	2063	21	43
	2064	19	41
	2065	22	40
	2066	19	41
	2067	21	41
	2068	19	40
	2069	21	42
	2070	20	41
	2071	20	44
	2072	21	41
	2073	25	42
	2074	22	41
	2075	21	41
	2076	19	38
	2077	21	43
	2078	22	42
	2079	23	43
	2080	22	40
	2081	21	38
	2082	20	43
	2083	21	42
	2084	21	41
	2085	21	41
	2086	20	40
	2087	19	42
	2088	20	40
	2089	22	41
	2090	22	41
	2091	22	42
	2092	21	40
	2093	22	43
	2094	20	42
	2095	20	45
	2096	23	41
	2097	19	39
	2098	21	39
	2099	20	41
	2100	18	42
	2101	20	41
	2102	19	39
	2103	21	44
	2104	21	41
	2105	21	40
	2106	20	41
	2107	20	41
	2108	18	41
	2109	22	44
	2110	19	40
	2111	23	38
	2112	22	39
	2113	23	37
	2114	23	39
	2115	20	42
	2116	21	41
	2117	22	40
	2118	22	42
	2119	18	40
	2120	20	40
	2121	21	38
	2122	20	42
	2123	21	39
	2124	21	43
	2125	23	40
	2126	19	41
	2127	19	39
	2128	20	42
	2129	22	40
	2130	19	42
	2131	21	41
	2132	20	42
	2133	20	43
	2134	19	44
	2135	23	42
	2136	24	44
	2137	23	41
	2138	21	41
	2139	20	39
	2140	21	40
	2141	21	40
	2142	20	40
	2143	21	43
	2144	21	41
	2145	20	38
	2146	22	40
	2147	19	41
	2148	23	43
	2149	23	39
	2150	22	39
	2151	22	38
	2152	22	40
	2153	21	40
	2154	21	41
	2155	20	41
	2156	16	38
	2157	24	40
	2158	19	42
	2159	22	40
	2160	21	39
	2161	19	39
	2162	21	41
	2163	19	41
	2164	19	39
	2165	21	41
	2166	19	38
	2167	19	39
	2168	18	41
	2169	21	39
	2170	19	60
	2171	19	41
	2172	18	40
	2173	19	38
	2174	19	39
	2175	23	42
	2176	20	39
	2177	21	41
	2178	19	39
	2179	21	41
	2180	19	39
	2181	19	39
	2182	21	41
	2183	21	42
	2184	19	41
	2185	17	41
	2186	17	40
	2187	20	42
	2188	20	39
	2189	21	43
	2190	21	39
	2191	23	45
	2192	18	44
	2193	24	40
	2194	20	45
	2195	20	42
	2196	19	42
	2197	20	43
	2198	19	39
	2199	22	41
	2200	18	42
	2201	20	41
	2202	20	39
	2203	22	38
	2204	21	40
	2205	22	42
	2206	17	42
	2207	22	41
	2208	20	37
	2209	22	44
	2210	21	40
	2211	21	39
	2212	18	38
	2213	20	40
	2214	20	40
	2215	22	40
	2216	20	38
	2217	21	42
	2218	21	39
	2219	20	42
	2220	20	40
	2221	21	40
	2222	20	43
	2223	22	42
	2224	18	41
	2225	20	40
	2226	21	39
	2227	22	37
	2228	20	38
	2229	20	41
	2230	20	39
	2231	22	43
	2232	20	40
	2233	20	40
	2234	19	40
	2235	23	41
	2236	22	39
	2237	24	39
	2238	20	41
	2239	20	42
	2240	19	41
	2241	20	38
	2242	17	37
	2243	22	41
	2244	20	41
	2245	21	42
	2246	19	43
	2247	23	40
	2248	20	40
	2249	22	42
	2250	21	43
	2251	21	41
	2252	19	42
	2253	20	40
	2254	19	39
	2255	21	41
	2256	21	39
	2257	23	41
	2258	21	38
	2259	19	40
	2260	21	41
	2261	22	41
	2262	21	42
	2263	20	42
	2264	21	39
	2265	19	38
	2266	22	40
	2267	22	43
	2268	21	42
	2269	23	42
	2270	19	38
	2271	20	40
	2272	22	42
	2273	22	41
	2274	24	38
	2275	18	40
	2276	21	40
	2277	17	42
	2278	20	38
	2279	22	38
	2280	21	40
	2281	20	42
	2282	24	43
	2283	20	42
	2284	17	41
	2285	21	39
	2286	21	42
	2287	21	39
	2288	23	41
	2289	21	42
	2290	19	40
	2291	20	41
	2292	20	39
	2293	21	39
	2294	20	39
	2295	20	40
	2296	18	40
	2297	21	41
	2298	17	43
	2299	20	37
	2300	20	40
	2301	20	40
	2302	20	41
	2303	20	42
	2304	21	42
	2305	22	41
	2306	18	37
	2307	19	41
	2308	21	40
	2309	21	40
	2310	22	39
	2311	21	42
	2312	20	40
	2313	23	40
	2314	20	40
	2315	20	43
	2316	21	40
	2317	21	41
	2318	20	41
	2319	23	39
	2320	19	41
	2321	22	40
	2322	21	39
	2323	22	41
	2324	19	39
	2325	21	41
	2326	20	40
	2327	18	41
	2328	21	38
	2329	21	39
	2330	21	41
	2331	21	41
	2332	20	42
	2333	21	40
	2334	18	38
	2335	20	39
	2336	19	43
	2337	21	41
	2338	22	42
	2339	19	38
	2340	19	38
	2341	18	44
	2342	20	38
	2343	21	42
	2344	19	37
	2345	22	36
	2346	21	42
	2347	21	43
	2348	17	40
	2349	20	41
	2350	20	37
	2351	20	43
	2352	19	40
	2353	23	39
	2354	20	39
	2355	22	41
	2356	20	40
	2357	20	43
	2358	19	41
	2359	20	40
	2360	22	39
	2361	21	40
	2362	19	39
	2363	19	41
	2364	20	39
	2365	20	40
	2366	21	39
	2367	23	41
	2368	17	39
	2369	21	40
	2370	21	39
	2371	21	37
	2372	21	42
	2373	21	40
	2374	20	39
	2375	22	40
	2376	19	40
	2377	21	39
	2378	21	42
	2379	18	40
	2380	20	41
	2381	24	43
	2382	18	37
	2383	21	42
	2384	19	40
	2385	21	40
	2386	19	41
	2387	20	39
	2388	19	39
	2389	20	39
	2390	20	39
	2391	22	42
	2392	20	38
	2393	21	39
	2394	20	39
	2395	22	41
	2396	18	40
	2397	22	42
	2398	20	43
	2399	20	41
	2400	17	43
	2401	20	42
	2402	19	39
	2403	27	43
	2404	21	41
	2405	20	38
	2406	20	41
	2407	20	42
	2408	20	38
	2409	20	40
	2410	17	42
	2411	23	42
	2412	20	40
	2413	18	41
	2414	22	40
	2415	21	43
	2416	19	42
	2417	21	47
	2418	19	41
	2419	21	40
	2420	19	38
	2421	21	43
	2422	20	40
	2423	20	40
	2424	18	39
	2425	23	36
	2426	19	39
	2427	22	44
	2428	19	40
	2429	21	40
	2430	17	42
	2431	21	42
	2432	18	41
	2433	19	41
	2434	21	40
	2435	23	42
	2436	20	39
	2437	20	41
	2438	20	40
	2439	21	37
	2440	19	41
	2441	20	42
	2442	20	39
	2443	22	40
	2444	21	41
	2445	19	40
	2446	18	39
	2447	19	42
	2448	20	43
	2449	18	41
	2450	19	42
	2451	21	40
	2452	22	37
	2453	19	40
	2454	22	41
	2455	21	41
	2456	20	43
	2457	20	41
	2458	21	44
	2459	20	39
	2460	19	40
	2461	21	41
	2462	21	42
	2463	18	42
	2464	22	45
	2465	18	42
	2466	21	40
	2467	18	43
	2468	18	36
	2469	17	42
	2470	20	42
	2471	24	43
	2472	22	42
	2473	22	40
	2474	20	40
	2475	21	43
	2476	20	41
	2477	19	42
	2478	19	42
	2479	20	41
	2480	20	42
	2481	19	43
	2482	20	41
	2483	20	40
	2484	19	41
	2485	20	41
	2486	20	40
	2487	23	41
	2488	19	40
	2489	20	40
	2490	20	41
	2491	20	43
	2492	21	40
	2493	20	38
	2494	19	39
	2495	20	44
	2496	19	40
	2497	20	40
	2498	21	41
	2499	19	42
	2500	17	40
	2501	18	39
	2502	20	37
	2503	19	40
	2504	19	40
	2505	22	40
	2506	19	41
	2507	21	42
	2508	19	41
	2509	22	42
	2510	21	43
	2511	22	42
	2512	19	43
	2513	17	42
	2514	17	40
	2515	21	39
	2516	21	42
	2517	20	39
	2518	18	39
	2519	22	43
	2520	21	39
	2521	21	42
	2522	17	39
	2523	21	40
	2524	20	41
	2525	18	40
	2526	19	42
	2527	20	41
	2528	18	40
	2529	21	41
	2530	20	39
	2531	20	39
	2532	19	41
	2533	21	37
	2534	19	37
	2535	23	42
	2536	19	39
	2537	22	39
	2538	21	39
	2539	21	42
	2540	21	41
	2541	21	44
	2542	21	40
	2543	20	40
	2544	20	41
	2545	20	40
	2546	16	41
	2547	18	42
	2548	19	39
	2549	19	39
	2550	19	41
	2551	20	39
	2552	19	39
	2553	21	42
	2554	20	39
	2555	21	43
	2556	19	37
	2557	22	40
	2558	17	39
	2559	19	39
	2560	18	41
	2561	21	43
	2562	19	39
	2563	17	39
	2564	20	39
	2565	20	39
	2566	18	40
	2567	21	47
	2568	20	40
	2569	21	43
	2570	18	39
	2571	24	43
	2572	19	41
	2573	20	39
	2574	20	42
	2575	21	44
	2576	21	41
	2577	20	40
	2578	17	38
	2579	20	42
	2580	19	42
	2581	20	40
	2582	20	40
	2583	23	42
	2584	20	39
	2585	21	41
	2586	19	39
	2587	19	41
	2588	18	40
	2589	19	43
	2590	20	40
	2591	21	42
	2592	19	36
	2593	21	42
	2594	20	42
	2595	19	43
	2596	20	41
	2597	19	38
	2598	20	41
	2599	20	40
	2600	20	40
	2601	22	40
	2602	19	41
	2603	20	41
	2604	20	41
	2605	21	41
	2606	18	41
	2607	21	41
	2608	18	40
	2609	20	45
	2610	21	40
	2611	21	38
	2612	20	39
	2613	19	42
	2614	20	39
	2615	21	42
	2616	21	40
	2617	20	40
	2618	19	40
	2619	20	38
	2620	17	42
	2621	20	43
	2622	21	40
	2623	21	41
	2624	21	39
	2625	17	41
	2626	25	40
	2627	22	40
	2628	18	38
	2629	22	41
	2630	21	40
	2631	20	40
	2632	20	42
	2633	21	42
	2634	19	40
	2635	22	42
	2636	20	38
	2637	19	42
	2638	19	42
	2639	20	40
	2640	21	40
	2641	22	40
	2642	19	38
	2643	20	42
	2644	20	40
	2645	23	42
	2646	20	41
	2647	21	41
	2648	18	37
	2649	20	43
	2650	19	43
	2651	20	41
	2652	20	42
	2653	20	40
	2654	21	39
	2655	19	42
	2656	23	40
	2657	19	38
	2658	21	40
	2659	21	41
	2660	19	39
	2661	20	41
	2662	19	39
	2663	24	42
	2664	19	41
	2665	23	42
	2666	21	42
	2667	22	40
	2668	21	41
	2669	18	40
	2670	20	40
	2671	21	41
	2672	21	41
	2673	19	39
	2674	18	40
	2675	18	42
	2676	19	38
	2677	17	40
	2678	19	38
	2679	21	39
	2680	20	41
	2681	20	42
	2682	22	40
	2683	24	39
	2684	21	40
	2685	20	40
	2686	20	40
	2687	19	42
	2688	22	39
	2689	21	39
	2690	21	41
	2691	21	43
	2692	21	43
	2693	21	41
	2694	21	39
	2695	22	40
	2696	18	41
	2697	20	42
	2698	21	39
	2699	22	42
	2700	21	38
	2701	20	40
	2702	21	39
	2703	20	42
	2704	20	40
	2705	22	39
	2706	20	43
	2707	25	41
	2708	21	40
	2709	20	40
	2710	18	39
	2711	22	39
	2712	18	38
	2713	21	42
	2714	21	41
	2715	22	42
	2716	18	41
	2717	20	40
	2718	21	41
	2719	22	40
	2720	19	39
	2721	26	40
	2722	21	40
	2723	21	40
	2724	19	40
	2725	22	40
	2726	23	40
	2727	18	41
	2728	19	41
	2729	19	41
	2730	18	41
	2731	20	39
	2732	20	41
	2733	21	42
	2734	22	42
	2735	20	42
	2736	19	41
	2737	18	39
	2738	20	39
	2739	20	43
	2740	20	41
	2741	19	42
	2742	20	41
	2743	22	41
	2744	19	45
	2745	22	39
	2746	23	37
	2747	24	41
	2748	20	40
	2749	21	41
	2750	21	39
	2751	21	40
	2752	22	40
	2753	22	41
	2754	18	39
	2755	20	41
	2756	17	40
	2757	20	41
	2758	20	41
	2759	21	41
	2760	20	41
	2761	18	40
	2762	19	41
	2763	23	40
	2764	18	43
	2765	21	40
	2766	19	41
	2767	23	44
	2768	20	41
	2769	19	43
	2770	18	39
	2771	21	41
	2772	19	41
	2773	21	41
	2774	19	39
	2775	19	40
	2776	14	39
	2777	21	41
	2778	21	43
	2779	22	36
	2780	20	41
	2781	19	40
	2782	18	41
	2783	27	41
	2784	18	40
	2785	20	41
	2786	22	37
	2787	20	39
	2788	18	38
	2789	20	42
	2790	19	42
	2791	22	41
	2792	22	40
	2793	20	41
	2794	20	40
	2795	20	40
	2796	19	40
	2797	21	39
	2798	20	43
	2799	19	41
	2800	22	39
	2801	19	43
	2802	21	43
	2803	18	40
	2804	20	40
	2805	19	40
	2806	22	41
	2807	21	39
	2808	19	39
	2809	22	41
	2810	17	42
	2811	19	41
	2812	20	44
	2813	20	42
	2814	19	40
	2815	19	40
	2816	19	40
	2817	22	41
	2818	18	42
	2819	23	39
	2820	20	41
	2821	20	43
	2822	21	40
	2823	25	43
	2824	21	41
	2825	21	41
	2826	18	41
	2827	22	45
	2828	21	42
	2829	20	40
	2830	21	40
	2831	25	40
	2832	19	42
	2833	22	43
	2834	20	40
	2835	20	42
	2836	22	39
	2837	20	39
	2838	20	43
	2839	24	42
	2840	19	42
	2841	18	43
	2842	19	37
	2843	23	41
	2844	17	40
	2845	17	39
	2846	20	41
	2847	20	43
	2848	17	38
	2849	20	38
	2850	23	42
	2851	23	41
	2852	19	43
	2853	22	42
	2854	19	40
	2855	24	42
	2856	19	40
	2857	20	41
	2858	20	42
	2859	25	45
	2860	20	41
	2861	23	39
	2862	17	40
	2863	18	39
	2864	21	41
	2865	18	41
	2866	19	37
	2867	23	41
	2868	16	42
	2869	22	40
	2870	19	38
	2871	20	38
	2872	17	38
	2873	21	41
	2874	17	39
	2875	19	41
	2876	18	37
	2877	20	40
	2878	22	42
	2879	19	41
	2880	19	38
	2881	20	40
	2882	18	39
	2883	20	38
	2884	18	39
	2885	20	42
	2886	19	39
	2887	21	39
	2888	19	39
	2889	43	40
	2890	22	41
	2891	18	41
	2892	21	42
	2893	20	41
	2894	23	41
	2895	21	43
	2896	21	39
	2897	19	40
	2898	22	39
	2899	22	39
	2900	19	40
	2901	21	42
	2902	19	43
	2903	21	43
	2904	19	40
	2905	20	38
	2906	19	40
	2907	18	42
	2908	20	40
	2909	19	39
	2910	20	38
	2911	20	44
	2912	21	38
	2913	21	39
	2914	21	42
	2915	19	42
	2916	20	42
	2917	20	41
	2918	20	42
	2919	22	39
	2920	24	41
	2921	21	41
	2922	21	39
	2923	22	41
	2924	22	41
	2925	18	41
	2926	20	39
	2927	17	41
	2928	20	40
	2929	20	42
	2930	20	39
	2931	21	41
	2932	19	40
	2933	22	41
	2934	20	40
	2935	20	41
	2936	17	40
	2937	22	41
	2938	18	43
	2939	20	39
	2940	19	39
	2941	17	39
	2942	20	40
	2943	20	40
	2944	21	41
	2945	19	40
	2946	19	39
	2947	24	41
	2948	20	39
	2949	20	39
	2950	17	41
	2951	23	44
	2952	21	42
	2953	21	41
	2954	19	39
	2955	20	40
	2956	21	39
	2957	18	41
	2958	20	42
	2959	20	42
	2960	17	38
	2961	20	40
	2962	23	39
	2963	22	38
	2964	19	37
	2965	21	42
	2966	21	39
	2967	21	41
	2968	19	41
	2969	21	43
	2970	20	39
	2971	19	41
	2972	18	41
	2973	22	39
	2974	19	41
	2975	21	40
	2976	19	40
	2977	23	39
	2978	18	41
	2979	20	39
	2980	20	38
	2981	21	42
	2982	19	39
	2983	22	41
	2984	21	39
	2985	22	41
	2986	20	41
	2987	22	44
	2988	20	39
	2989	22	38
	2990	20	40
	2991	19	40
	2992	20	40
	2993	19	41
	2994	17	37
	2995	22	39
	2996	18	39
	2997	22	39
	2998	23	41
	2999	21	41
	3000	18	39
	3001	20	42
	3002	19	39
	3003	22	44
	3004	21	42
	3005	20	43
	3006	20	39
	3007	18	41
	3008	21	38
	3009	20	39
	3010	20	41
	3011	20	41
	3012	21	41
	3013	20	42
	3014	19	40
	3015	20	39
	3016	20	40
	3017	19	41
	3018	19	43
	3019	19	39
	3020	20	39
	3021	22	40
	3022	22	42
	3023	20	38
	3024	18	37
	3025	20	40
	3026	21	40
	3027	20	41
	3028	17	40
	3029	21	41
	3030	18	41
	3031	20	42
	3032	20	41
	3033	21	41
	3034	19	38
	3035	21	43
	3036	19	40
	3037	22	39
	3038	20	41
	3039	19	39
	3040	21	38
	3041	22	43
	3042	19	41
	3043	23	41
	3044	20	38
	3045	22	39
	3046	20	42
	3047	20	42
	3048	22	41
	3049	21	44
	3050	21	39
	3051	22	41
	3052	17	39
	3053	23	40
	3054	21	39
	3055	21	38
	3056	20	40
	3057	17	42
	3058	18	41
	3059	22	40
	3060	19	37
	3061	21	40
	3062	20	42
	3063	21	42
	3064	21	42
	3065	21	41
	3066	21	40
	3067	21	41
	3068	19	38
	3069	19	42
	3070	21	41
	3071	19	40
	3072	19	39
	3073	23	41
	3074	20	40
	3075	20	42
	3076	18	39
	3077	22	43
	3078	19	41
	3079	21	40
	3080	20	39
	3081	22	40
	3082	21	38
	3083	21	39
	3084	17	42
	3085	20	40
	3086	20	40
	3087	20	40
	3088	19	38
	3089	19	41
	3090	18	40
	3091	21	41
	3092	20	44
	3093	20	40
	3094	20	38
	3095	20	41
	3096	20	42
	3097	22	42
	3098	20	39
	3099	19	40
	3100	21	42
	3101	20	41
	3102	20	40
	3103	20	37
	3104	18	40
	3105	18	38
	3106	18	38
	3107	22	40
	3108	19	42
	3109	18	40
	3110	17	40
	3111	21	43
	3112	20	42
	3113	20	42
	3114	20	40
	3115	21	40
	3116	21	38
	3117	20	42
	3118	19	40
	3119	21	39
	3120	20	38
	3121	22	40
	3122	19	42
	3123	20	40
	3124	20	41
	3125	19	41
	3126	18	41
	3127	19	41
	3128	18	42
	3129	20	41
	3130	17	40
	3131	22	43
	3132	20	39
	3133	19	43
	3134	19	39
	3135	21	41
	3136	20	38
	3137	20	40
	3138	21	42
	3139	20	42
	3140	19	42
	3141	24	40
	3142	16	39
	3143	20	43
	3144	18	44
	3145	20	40
	3146	27	41
	3147	17	43
	3148	18	39
	3149	21	40
	3150	21	39
	3151	21	41
	3152	20	38
	3153	19	43
	3154	20	40
	3155	20	41
	3156	19	42
	3157	22	41
	3158	18	41
	3159	21	40
	3160	17	40
	3161	21	42
	3162	20	39
	3163	23	41
	3164	17	41
	3165	20	41
	3166	22	39
	3167	20	43
	3168	15	37
	3169	19	39
	3170	17	40
	3171	21	40
	3172	19	43
	3173	19	43
	3174	20	40
	3175	20	44
	3176	17	41
	3177	22	39
	3178	19	38
	3179	21	42
	3180	20	42
	3181	21	42
	3182	21	39
	3183	20	39
	3184	18	40
	3185	27	38
	3186	21	40
	3187	19	41
	3188	19	41
	3189	21	43
	3190	20	43
	3191	21	41
	3192	19	41
	3193	21	41
	3194	22	39
	3195	21	39
	3196	17	43
	3197	21	41
	3198	20	41
	3199	23	40
	3200	21	37
	3201	20	40
	3202	19	38
	3203	18	41
	3204	19	40
	3205	22	43
	3206	20	38
	3207	19	40
	3208	17	41
	3209	20	41
	3210	21	42
	3211	20	42
	3212	18	40
	3213	21	40
	3214	21	40
	3215	21	42
	3216	21	41
	3217	18	41
	3218	21	39
	3219	21	40
	3220	19	39
	3221	21	39
	3222	20	38
	3223	21	48
	3224	21	40
	3225	21	43
	3226	19	41
	3227	20	42
	3228	18	40
	3229	20	41
	3230	21	41
	3231	24	38
	3232	19	39
	3233	21	40
	3234	20	39
	3235	19	39
	3236	21	41
	3237	18	41
	3238	20	40
	3239	20	42
	3240	19	41
	3241	21	45
	3242	19	41
	3243	20	43
	3244	21	41
	3245	20	42
	3246	19	41
	3247	21	41
	3248	19	41
	3249	19	39
	3250	20	40
	3251	21	41
	3252	20	39
	3253	23	42
	3254	19	39
	3255	22	39
	3256	20	42
	3257	21	40
	3258	19	40
	3259	20	41
	3260	19	37
	3261	19	35
	3262	20	40
	3263	20	40
	3264	20	41
	3265	20	39
	3266	20	39
	3267	21	39
	3268	18	41
	3269	21	42
	3270	19	40
	3271	22	40
	3272	21	40
	3273	20	40
	3274	20	40
	3275	20	38
	3276	20	40
	3277	19	40
	3278	19	39
	3279	22	39
	3280	19	41
	3281	21	41
	3282	18	41
	3283	22	38
	3284	19	41
	3285	24	40
	3286	20	43
	3287	19	41
	3288	20	41
	3289	21	42
	3290	19	40
	3291	21	40
	3292	22	39
	3293	23	41
	3294	19	39
	3295	18	40
	3296	19	40
	3297	21	37
	3298	20	40
	3299	20	40
	3300	19	41
	3301	19	41
	3302	16	41
	3303	20	39
	3304	20	41
	3305	21	43
	3306	21	40
	3307	19	39
	3308	20	38
	3309	19	42
	3310	20	39
	3311	21	39
	3312	19	38
	3313	21	43
	3314	19	43
	3315	21	43
	3316	19	37
	3317	22	39
	3318	19	39
	3319	22	39
	3320	20	41
	3321	21	41
	3322	22	40
	3323	21	40
	3324	20	39
	3325	20	40
	3326	19	39
	3327	19	41
	3328	19	41
	3329	21	41
	3330	20	40
	3331	24	40
	3332	21	40
	3333	20	41
	3334	19	41
	3335	21	41
	3336	19	40
	3337	22	41
	3338	18	39
	3339	21	43
	3340	19	40
	3341	19	44
	3342	20	39
	3343	19	41
	3344	19	41
	3345	21	40
	3346	17	39
	3347	23	40
	3348	20	41
	3349	21	39
	3350	19	39
	3351	20	38
	3352	19	39
	3353	20	39
	3354	20	39
	3355	19	42
	3356	20	38
	3357	19	39
	3358	19	37
	3359	22	42
	3360	18	39
	3361	22	41
	3362	22	39
	3363	19	40
	3364	19	39
	3365	22	42
	3366	19	41
	3367	22	42
	3368	18	40
	3369	20	40
	3370	21	40
	3371	22	40
	3372	22	39
	3373	22	38
	3374	19	40
	3375	18	41
	3376	19	38
	3377	22	44
	3378	19	39
	3379	22	42
	3380	16	40
	3381	20	40
	3382	19	41
	3383	22	41
	3384	19	41
	3385	20	41
	3386	20	41
	3387	22	39
	3388	20	39
	3389	20	39
	3390	17	44
	3391	21	40
	3392	21	40
	3393	22	42
	3394	15	40
	3395	24	40
	3396	19	42
	3397	19	41
	3398	17	41
	3399	20	42
	3400	21	39
	3401	21	40
	3402	18	40
	3403	19	41
	3404	21	42
	3405	19	39
	3406	19	41
	3407	22	40
	3408	21	41
	3409	23	39
	3410	19	41
	3411	22	41
	3412	19	41
	3413	18	44
	3414	19	38
	3415	21	38
	3416	18	37
	3417	23	39
	3418	19	38
	3419	19	41
	3420	19	37
	3421	19	40
	3422	19	41
	3423	21	40
	3424	18	42
	3425	20	42
	3426	20	39
	3427	21	37
	3428	17	40
	3429	19	41
	3430	19	41
	3431	22	39
	3432	19	37
	3433	20	43
	3434	18	44
	3435	23	38
	3436	20	37
	3437	19	40
	3438	17	40
	3439	21	40
	3440	18	44
	3441	20	39
	3442	19	41
	3443	19	36
	3444	19	39
	3445	22	40
	3446	21	41
	3447	21	40
	3448	20	41
	3449	21	41
	3450	21	41
	3451	20	40
	3452	19	39
	3453	21	40
	3454	19	41
	3455	17	45
	3456	19	38
	3457	18	42
	3458	16	39
	3459	21	41
	3460	20	39
	3461	19	42
	3462	20	42
	3463	21	39
	3464	21	41
	3465	21	39
	3466	20	42
	3467	20	42
	3468	21	41
	3469	21	40
	3470	17	42
	3471	21	39
	3472	18	46
	3473	20	41
	3474	21	40
	3475	21	39
	3476	19	39
	3477	17	41
	3478	20	46
	3479	22	41
	3480	19	37
	3481	23	39
	3482	22	43
	3483	20	42
	3484	19	40
	3485	20	38
	3486	17	39
	3487	20	41
	3488	20	40
	3489	19	40
	3490	19	42
	3491	20	41
	3492	18	41
	3493	19	40
	3494	19	38
	3495	20	40
	3496	22	40
	3497	18	39
	3498	18	40
	3499	20	41
	3500	19	43
	3501	18	40
	3502	20	40
	3503	18	42
	3504	17	41
	3505	21	41
	3506	19	39
	3507	23	42
	3508	19	40
	3509	21	39
	3510	21	40
	3511	19	39
	3512	17	42
	3513	21	41
	3514	20	40
	3515	21	40
	3516	19	41
	3517	22	40
	3518	19	38
	3519	20	42
	3520	22	39
	3521	20	41
	3522	20	42
	3523	21	40
	3524	17	41
	3525	17	41
	3526	21	41
	3527	22	41
	3528	18	41
	3529	19	40
	3530	20	40
	3531	18	39
	3532	19	39
	3533	21	40
	3534	20	39
	3535	20	41
	3536	16	41
	3537	22	43
	3538	19	41
	3539	21	42
	3540	19	41
	3541	20	41
	3542	20	39
	3543	20	41
	3544	20	41
	3545	19	39
	3546	19	41
	3547	20	40
	3548	20	40
	3549	20	40
	3550	22	44
	3551	20	43
	3552	20	43
	3553	23	40
	3554	20	40
	3555	22	42
	3556	20	40
	3557	20	40
	3558	19	42
	3559	19	43
	3560	22	41
	3561	20	39
	3562	20	41
	3563	20	43
	3564	21	40
	3565	21	41
	3566	22	39
	3567	22	39
	3568	17	40
	3569	20	40
	3570	17	41
	3571	20	40
	3572	21	39
	3573	20	44
	3574	19	42
	3575	20	39
	3576	20	39
	3577	23	40
	3578	21	39
	3579	22	44
	3580	16	40
	3581	19	40
	3582	20	42
	3583	24	39
	3584	20	39
	3585	23	42
	3586	21	39
	3587	22	43
	3588	21	42
	3589	21	40
	3590	19	38
	3591	21	41
	3592	17	42
	3593	22	44
	3594	19	41
	3595	22	40
	3596	20	41
	3597	20	39
	3598	22	38
	3599	23	41
	3600	17	43
	3601	22	42
	3602	17	41
	3603	21	41
	3604	19	42
	3605	19	39
	3606	20	38
	3607	22	42
	3608	18	41
	3609	17	39
	3610	18	39
	3611	25	40
	3612	19	41
	3613	23	43
	3614	21	39
	3615	20	39
	3616	20	41
	3617	23	41
	3618	21	39
	3619	22	42
	3620	19	36
	3621	17	44
	3622	19	43
	3623	16	43
	3624	21	39
	3625	20	41
	3626	20	41
	3627	22	41
	3628	18	41
	3629	23	41
	3630	22	41
	3631	19	41
	3632	20	39
	3633	23	39
	3634	20	41
	3635	20	40
	3636	19	42
	3637	20	42
	3638	22	40
	3639	19	41
	3640	19	40
	3641	19	41
	3642	19	41
	3643	19	41
	3644	21	39
	3645	20	40
	3646	21	40
	3647	21	40
	3648	20	41
	3649	21	42
	3650	18	43
	3651	20	44
	3652	24	41
	3653	19	42
	3654	18	39
	3655	20	40
	3656	18	42
	3657	21	39
	3658	21	39
	3659	20	41
	3660	18	41
	3661	21	38
	3662	18	40
	3663	22	41
	3664	22	40
	3665	18	41
	3666	22	40
	3667	22	40
	3668	20	39
	3669	20	40
	3670	20	39
	3671	23	41
	3672	24	41
	3673	18	43
	3674	19	41
	3675	21	41
	3676	19	40
	3677	21	41
	3678	20	40
	3679	22	37
	3680	19	40
	3681	21	41
	3682	19	41
	3683	21	43
	3684	21	41
	3685	18	42
	3686	20	39
	3687	20	41
	3688	18	44
	3689	18	44
	3690	19	41
	3691	19	39
	3692	21	39
	3693	19	41
	3694	20	38
	3695	23	40
	3696	20	37
	3697	22	42
	3698	20	43
	3699	24	43
	3700	23	41
	3701	19	37
	3702	18	41
	3703	21	41
	3704	18	40
	3705	20	41
	3706	18	41
	3707	21	40
	3708	21	40
	3709	21	41
	3710	17	39
	3711	23	42
	3712	21	41
	3713	20	41
	3714	20	42
	3715	20	41
	3716	21	39
	3717	19	40
	3718	20	40
	3719	16	40
	3720	19	40
	3721	19	39
	3722	17	38
	3723	20	39
