	0	18	36
	1	18	36
	2	18	41
	3	17	37
	4	18	36
	5	18	39
	6	18	39
	7	18	40
	8	16	36
	9	17	37
	10	15	36
	11	21	40
	12	18	36
	13	17	39
	14	19	37
	15	19	37
	16	19	40
	17	14	38
	18	16	37
	19	19	38
	20	16	38
	21	17	38
	22	16	39
	23	19	38
	24	16	37
	25	22	36
	26	21	38
	27	24	40
	28	23	43
	29	20	40
	30	19	41
	31	20	39
	32	21	41
	33	23	41
	34	20	41
	35	23	39
	36	21	41
	37	20	41
	38	20	41
	39	21	43
	40	20	41
	41	19	41
	42	19	38
	43	19	41
	44	22	41
	45	19	40
	46	18	39
	47	20	41
	48	21	38
	49	22	39
	50	19	40
	51	21	41
	52	19	38
	53	23	39
	54	22	38
	55	23	40
	56	21	41
	57	21	41
	58	23	39
	59	23	40
	60	22	39
	61	21	42
	62	20	40
	63	20	45
	64	20	43
	65	23	41
	66	22	39
	67	22	44
	68	20	41
	69	23	42
	70	21	42
	71	21	41
	72	22	41
	73	24	41
	74	19	39
	75	26	43
	76	19	41
	77	23	42
	78	23	42
	79	22	41
	80	21	38
	81	22	42
	82	21	42
	83	26	45
	84	23	41
	85	22	41
	86	25	39
	87	22	45
	88	22	40
	89	23	40
	90	20	40
	91	22	41
	92	22	38
	93	22	44
	94	21	42
	95	21	41
	96	20	49
	97	22	41
	98	21	44
	99	23	43
	100	19	40
	101	20	41
	102	21	39
	103	22	41
	104	23	41
	105	24	40
	106	22	41
	107	24	42
	108	22	43
	109	27	43
	110	22	39
	111	24	43
	112	20	41
	113	23	43
	114	21	41
	115	24	41
	116	21	39
	117	26	41
	118	23	40
	119	22	45
	120	21	41
	121	20	42
	122	21	41
	123	22	43
	124	20	41
	125	26	43
	126	22	37
	127	24	40
	128	22	40
	129	19	43
	130	20	42
	131	23	42
	132	23	41
	133	23	41
	134	22	42
	135	22	42
	136	30	40
	137	24	41
	138	23	43
	139	21	41
	140	23	43
	141	26	41
	142	25	43
	143	25	42
	144	23	43
	145	24	42
	146	25	40
	147	22	43
	148	24	43
	149	22	39
	150	21	42
	151	24	42
	152	20	41
	153	23	43
	154	21	41
	155	20	42
	156	23	41
	157	24	42
	158	22	45
	159	23	43
	160	22	41
	161	22	44
	162	22	48
	163	24	43
	164	23	41
	165	23	42
	166	22	39
	167	22	44
	168	21	41
	169	24	43
	170	23	41
	171	21	40
	172	24	41
	173	23	41
	174	22	44
	175	20	44
	176	23	43
	177	25	39
	178	25	43
	179	25	43
	180	22	39
	181	24	41
	182	21	40
	183	22	43
	184	22	42
	185	22	41
	186	23	41
	187	24	41
	188	24	43
	189	27	41
	190	27	41
	191	23	44
	192	22	42
	193	23	43
	194	20	42
	195	25	43
	196	25	42
	197	27	40
	198	25	40
	199	24	39
	200	21	41
	201	27	42
	202	24	42
	203	23	41
	204	23	41
	205	24	42
	206	24	40
	207	22	42
	208	22	42
	209	25	40
	210	25	44
	211	22	43
	212	20	41
	213	25	42
	214	21	42
	215	24	42
	216	23	41
	217	25	42
	218	25	43
	219	20	51
	220	20	39
	221	23	45
	222	21	48
	223	26	42
	224	21	41
	225	22	45
	226	22	42
	227	20	43
	228	21	46
	229	24	42
	230	23	41
	231	25	41
	232	23	44
	233	23	43
	234	25	42
	235	24	43
	236	25	42
	237	23	43
	238	24	40
	239	24	42
	240	24	39
	241	25	44
	242	22	43
	243	27	40
	244	23	40
	245	21	41
	246	21	43
	247	23	41
	248	22	42
	249	24	45
	250	22	40
	251	24	48
	252	22	40
	253	22	42
	254	22	40
	255	25	44
	256	24	41
	257	27	44
	258	21	43
	259	24	45
	260	24	40
	261	24	41
	262	26	41
	263	24	40
	264	22	43
	265	23	42
	266	19	44
	267	23	44
	268	21	40
	269	22	42
	270	21	38
	271	23	42
	272	22	42
	273	24	42
	274	23	41
	275	22	45
	276	24	41
	277	26	42
	278	23	41
	279	24	43
	280	20	38
	281	25	43
	282	22	42
	283	20	41
	284	22	42
	285	26	46
	286	22	42
	287	26	41
	288	23	44
	289	21	41
	290	28	42
	291	24	40
	292	21	42
	293	22	39
	294	23	44
	295	25	42
	296	24	42
	297	21	43
	298	30	40
	299	25	42
	300	22	43
	301	25	44
	302	23	42
	303	24	43
	304	23	41
	305	24	42
	306	22	41
	307	26	42
	308	23	42
	309	25	43
	310	26	44
	311	25	41
	312	24	42
	313	20	42
	314	21	41
	315	23	43
	316	23	43
	317	23	42
	318	23	41
	319	24	44
	320	23	39
	321	27	44
	322	23	47
	323	24	42
	324	22	40
	325	22	40
	326	22	41
	327	25	39
	328	22	42
	329	22	43
	330	24	44
	331	26	45
	332	26	38
	333	23	45
	334	24	42
	335	26	42
	336	22	42
	337	24	43
	338	22	39
	339	25	44
	340	26	41
	341	25	42
	342	22	39
	343	26	42
	344	24	40
	345	24	43
	346	26	40
	347	22	41
	348	22	40
	349	25	40
	350	23	45
	351	27	46
	352	26	43
	353	25	43
	354	22	39
	355	27	43
	356	25	44
	357	25	42
	358	22	43
	359	23	40
	360	27	39
	361	23	42
	362	26	43
	363	25	44
	364	25	41
	365	23	43
	366	25	41
	367	25	45
	368	25	41
	369	27	41
	370	26	42
	371	24	43
	372	26	39
	373	29	42
	374	28	44
	375	26	40
	376	24	41
	377	26	43
	378	25	43
	379	26	42
	380	28	41
	381	23	40
	382	25	41
	383	27	42
	384	23	47
	385	27	46
	386	25	38
	387	29	42
	388	25	42
	389	28	41
	390	27	45
	391	29	45
	392	25	40
	393	26	45
	394	30	41
	395	29	42
	396	25	45
	397	26	44
	398	26	43
	399	27	47
	400	27	43
	401	27	39
	402	26	42
	403	26	42
	404	25	42
	405	27	42
	406	28	44
	407	28	41
	408	28	40
	409	25	45
	410	26	43
	411	28	43
	412	28	43
	413	31	44
	414	29	47
	415	28	41
	416	28	41
	417	28	44
	418	27	44
	419	28	45
	420	28	43
	421	28	45
	422	31	42
	423	27	44
	424	29	41
	425	28	44
	426	28	44
	427	29	47
	428	30	42
	429	27	42
	430	29	44
	431	29	47
	432	31	43
	433	34	45
	434	30	43
	435	31	45
	436	27	41
	437	30	44
	438	31	40
	439	29	42
	440	31	43
	441	31	45
	442	33	44
	443	30	44
	444	33	41
	445	31	45
	446	31	43
	447	32	45
	448	30	42
	449	33	45
	450	31	43
	451	34	43
	452	41	40
	453	33	43
	454	33	42
	455	35	45
	456	37	42
	457	32	43
	458	33	44
	459	34	44
	460	33	47
	461	35	44
	462	31	41
	463	32	43
	464	35	43
	465	35	41
	466	35	43
	467	35	40
	468	36	45
	469	37	44
	470	33	42
	471	35	45
	472	36	42
	473	35	43
	474	37	44
	475	34	43
	476	37	45
	477	35	46
	478	38	44
	479	39	42
	480	35	43
	481	35	45
	482	34	45
	483	35	42
	484	36	44
	485	36	44
	486	39	43
	487	35	43
	488	40	43
	489	38	44
	490	39	45
	491	40	44
	492	41	41
	493	40	41
	494	36	43
	495	39	45
	496	42	41
	497	44	44
	498	38	41
	499	38	45
	500	40	44
	501	44	42
	502	39	44
	503	41	40
	504	41	44
	505	39	45
	506	44	43
	507	44	46
	508	40	43
	509	44	45
	510	41	45
	511	45	46
	512	43	47
	513	44	47
	514	42	42
	515	41	44
	516	43	43
	517	44	45
	518	43	45
	519	45	44
	520	43	45
	521	41	44
	522	43	42
	523	44	48
	524	45	44
	525	45	46
	526	45	44
	527	45	46
	528	45	44
	529	47	46
	530	47	46
	531	44	46
	532	44	45
	533	49	45
	534	47	44
	535	47	45
	536	49	45
	537	51	44
	538	46	45
	539	51	47
	540	49	44
	541	51	44
	542	50	45
	543	50	48
	544	50	44
	545	52	49
	546	49	44
	547	51	45
	548	54	44
	549	50	48
	550	53	45
	551	51	45
	552	52	45
	553	51	47
	554	56	44
	555	53	42
	556	53	45
	557	54	51
	558	55	45
	559	55	46
	560	53	45
	561	55	44
	562	57	45
	563	56	47
	564	56	41
	565	55	48
	566	58	44
	567	58	49
	568	58	48
	569	58	45
	570	58	46
	571	60	51
	572	57	44
	573	59	44
	574	59	48
	575	57	44
	576	60	45
	577	58	47
	578	63	46
	579	64	47
	580	62	42
	581	65	47
	582	62	44
	583	67	49
	584	67	44
	585	65	49
	586	63	47
	587	67	49
	588	65	48
	589	65	46
	590	61	46
	591	67	46
	592	65	45
	593	68	48
	594	64	46
	595	66	46
	596	68	45
	597	72	47
	598	67	47
	599	67	48
	600	70	48
	601	70	48
	602	70	48
	603	69	49
	604	73	48
	605	72	49
	606	75	43
	607	71	48
	608	71	51
	609	76	48
	610	74	46
	611	73	49
	612	74	50
	613	76	47
	614	77	50
	615	76	49
	616	73	47
	617	75	49
	618	77	46
	619	76	49
	620	75	47
	621	81	49
	622	77	49
	623	80	45
	624	78	47
	625	78	47
	626	76	47
	627	79	49
	628	80	48
	629	81	48
	630	81	48
	631	82	49
	632	82	49
	633	82	50
	634	81	50
	635	83	48
	636	83	49
	637	83	51
	638	83	52
	639	83	51
	640	84	51
	641	85	50
	642	84	53
	643	87	51
	644	89	53
	645	84	47
	646	84	50
	647	85	47
	648	88	48
	649	88	51
	650	87	48
	651	90	50
	652	89	46
	653	88	53
	654	87	50
	655	88	53
	656	89	49
	657	93	50
	658	89	50
	659	92	54
	660	91	51
	661	93	48
	662	93	51
	663	93	51
	664	90	50
	665	95	52
	666	92	50
	667	92	51
	668	94	52
	669	93	48
	670	92	52
	671	94	53
	672	97	52
	673	99	55
	674	95	52
	675	95	52
	676	99	48
	677	100	52
	678	96	51
	679	100	52
	680	98	53
	681	99	52
	682	100	52
	683	99	56
	684	100	51
	685	101	51
	686	96	51
	687	102	51
	688	99	47
	689	101	54
	690	102	52
	691	102	49
	692	104	50
	693	105	53
	694	102	54
	695	103	51
	696	103	52
	697	108	51
	698	108	53
	699	106	54
	700	104	56
	701	106	53
	702	106	54
	703	107	53
	704	108	52
	705	106	53
	706	108	53
	707	111	51
	708	116	51
	709	111	53
	710	108	50
	711	108	53
	712	110	52
	713	111	52
	714	108	55
	715	112	55
	716	109	57
	717	111	53
	718	109	55
	719	113	54
	720	110	53
	721	114	53
	722	110	53
	723	110	54
	724	113	50
	725	112	55
	726	116	51
	727	110	54
	728	116	52
	729	115	55
	730	115	54
	731	113	55
	732	113	54
	733	115	52
	734	113	55
	735	118	55
	736	113	53
	737	114	53
	738	113	55
	739	113	57
	740	115	56
	741	111	56
	742	112	54
	743	115	58
	744	110	53
	745	113	52
	746	113	56
	747	116	55
	748	115	55
	749	116	54
	750	116	53
	751	115	55
	752	114	52
	753	114	55
	754	118	53
	755	115	53
	756	117	52
	757	115	52
	758	117	54
	759	116	56
	760	113	54
	761	116	53
	762	117	56
	763	118	56
	764	114	52
	765	114	55
	766	116	56
	767	118	56
	768	118	54
	769	118	53
	770	113	55
	771	116	53
	772	115	54
	773	117	54
	774	115	51
	775	115	53
	776	122	55
	777	115	58
	778	114	50
	779	117	55
	780	115	55
	781	113	54
	782	114	54
	783	117	54
	784	111	53
	785	116	54
	786	117	54
	787	112	53
	788	114	55
	789	114	54
	790	112	52
	791	116	56
	792	112	51
	793	117	55
	794	111	54
	795	111	53
	796	112	51
	797	117	56
	798	111	52
	799	113	53
	800	116	53
	801	108	53
	802	112	55
	803	109	62
	804	110	48
	805	111	50
	806	108	52
	807	113	54
	808	110	59
	809	112	51
	810	110	51
	811	112	55
	812	108	52
	813	112	53
	814	102	53
	815	110	53
	816	109	52
	817	107	50
	818	103	53
	819	107	50
	820	109	50
	821	105	51
	822	109	50
	823	105	54
	824	102	53
	825	107	50
	826	106	53
	827	106	52
	828	105	52
	829	105	53
	830	106	51
	831	102	52
	832	105	51
	833	101	48
	834	103	49
	835	99	51
	836	99	48
	837	101	51
	838	100	50
	839	99	51
	840	102	52
	841	98	51
	842	100	51
	843	100	51
	844	101	48
	845	98	49
	846	98	51
	847	100	51
	848	97	51
	849	98	52
	850	96	46
	851	98	51
	852	95	51
	853	98	55
	854	100	48
	855	97	48
	856	96	50
	857	97	53
	858	97	51
	859	95	51
	860	97	50
	861	99	49
	862	97	50
	863	96	50
	864	93	53
	865	94	51
	866	99	50
	867	93	49
	868	93	49
	869	93	49
	870	91	47
	871	92	48
	872	89	51
	873	91	49
	874	91	49
	875	90	47
	876	91	50
	877	91	48
	878	87	48
	879	91	51
	880	92	52
	881	91	47
	882	91	45
	883	91	49
	884	91	46
	885	91	49
	886	89	48
	887	90	50
	888	87	48
	889	84	50
	890	87	47
	891	87	51
	892	89	45
	893	85	51
	894	86	50
	895	86	51
	896	85	55
	897	89	46
	898	85	47
	899	87	51
	900	85	49
	901	85	48
	902	83	47
	903	83	46
	904	82	46
	905	86	46
	906	86	48
	907	85	43
	908	82	46
	909	83	45
	910	80	46
	911	79	48
	912	82	44
	913	79	46
	914	81	49
	915	81	48
	916	81	49
	917	81	47
	918	78	48
	919	79	47
	920	78	46
	921	79	46
	922	77	47
	923	78	52
	924	78	46
	925	77	49
	926	79	45
	927	79	46
	928	82	51
	929	75	47
	930	79	47
	931	75	49
	932	74	47
	933	74	45
	934	71	46
	935	70	46
	936	74	47
	937	76	48
	938	73	44
	939	74	46
	940	70	46
	941	69	47
	942	72	46
	943	67	46
	944	69	44
	945	73	46
	946	69	46
	947	68	45
	948	69	45
	949	67	46
	950	71	57
	951	67	44
	952	68	46
	953	66	47
	954	66	44
	955	69	45
	956	67	48
	957	67	49
	958	65	42
	959	65	44
	960	65	43
	961	71	46
	962	66	45
	963	64	45
	964	67	43
	965	68	44
	966	62	45
	967	61	47
	968	63	45
	969	66	47
	970	63	47
	971	62	50
	972	60	45
	973	63	46
	974	59	43
	975	60	46
	976	61	48
	977	59	43
	978	59	41
	979	58	44
	980	58	45
	981	56	47
	982	56	44
	983	55	46
	984	57	43
	985	53	44
	986	56	44
	987	55	43
	988	53	45
	989	55	44
	990	53	46
	991	52	44
	992	48	41
	993	49	47
	994	48	46
	995	52	43
	996	50	43
	997	53	47
	998	50	43
	999	50	46
	1000	52	43
	1001	48	44
	1002	50	45
	1003	51	42
	1004	48	42
	1005	49	43
	1006	47	43
	1007	48	45
	1008	46	42
	1009	47	42
	1010	48	42
	1011	46	43
	1012	46	46
	1013	46	43
	1014	50	44
	1015	48	41
	1016	46	43
	1017	45	43
	1018	47	45
	1019	46	43
	1020	46	46
	1021	47	44
	1022	46	43
	1023	44	42
	1024	46	40
	1025	46	43
	1026	47	46
	1027	47	43
	1028	47	43
	1029	43	42
	1030	44	41
	1031	45	44
	1032	42	42
	1033	45	42
	1034	44	41
	1035	47	43
	1036	46	42
	1037	46	46
	1038	44	43
	1039	45	43
	1040	42	44
	1041	42	43
	1042	45	41
	1043	45	43
	1044	44	48
	1045	41	43
	1046	42	43
	1047	43	44
	1048	44	42
	1049	43	47
	1050	41	44
	1051	44	44
	1052	42	43
	1053	43	39
	1054	44	46
	1055	43	53
	1056	41	43
	1057	42	42
	1058	41	40
	1059	42	44
	1060	39	43
	1061	41	44
	1062	42	42
	1063	43	44
	1064	41	40
	1065	40	42
	1066	40	41
	1067	44	44
	1068	42	43
	1069	42	43
	1070	39	41
	1071	42	43
	1072	42	42
	1073	40	39
	1074	41	42
	1075	40	40
	1076	43	42
	1077	48	45
	1078	43	40
	1079	41	41
	1080	38	43
	1081	43	42
	1082	43	44
	1083	41	44
	1084	37	43
	1085	41	41
	1086	41	44
	1087	40	41
	1088	40	40
	1089	39	43
	1090	41	44
	1091	37	44
	1092	38	40
	1093	40	42
	1094	38	45
	1095	40	44
	1096	41	45
	1097	38	46
	1098	38	42
	1099	43	42
	1100	39	42
	1101	38	45
	1102	38	42
	1103	39	44
	1104	39	42
	1105	40	43
	1106	42	41
	1107	42	40
	1108	39	42
	1109	40	44
	1110	43	48
	1111	41	43
	1112	41	43
	1113	41	41
	1114	42	43
	1115	40	42
	1116	39	41
	1117	40	43
	1118	39	42
	1119	39	41
	1120	42	42
	1121	39	43
	1122	38	41
	1123	37	43
	1124	40	39
	1125	38	43
	1126	38	47
	1127	37	40
	1128	37	40
	1129	38	43
	1130	40	43
	1131	40	42
	1132	40	43
	1133	42	42
	1134	40	41
	1135	41	38
	1136	38	48
	1137	38	44
	1138	42	41
	1139	38	44
	1140	42	41
	1141	38	40
	1142	37	42
	1143	39	44
	1144	37	44
	1145	37	42
	1146	38	43
	1147	40	42
	1148	37	40
	1149	42	42
	1150	40	41
	1151	38	40
	1152	38	43
	1153	37	40
	1154	40	42
	1155	41	46
	1156	37	40
	1157	38	40
	1158	38	41
	1159	39	41
	1160	38	42
	1161	40	43
	1162	37	38
	1163	37	45
	1164	36	42
	1165	40	42
	1166	39	41
	1167	38	37
	1168	38	43
	1169	37	44
	1170	36	40
	1171	40	45
	1172	36	39
	1173	38	41
	1174	37	42
	1175	37	45
	1176	39	42
	1177	37	41
	1178	35	42
	1179	38	41
	1180	37	42
	1181	36	40
	1182	40	40
	1183	37	39
	1184	38	43
	1185	40	41
	1186	37	41
	1187	38	43
	1188	37	42
	1189	37	45
	1190	38	42
	1191	38	43
	1192	37	41
	1193	41	41
	1194	34	41
	1195	37	44
	1196	39	42
	1197	37	43
	1198	37	43
	1199	38	42
	1200	38	43
	1201	35	43
	1202	38	42
	1203	34	42
	1204	41	40
	1205	37	43
	1206	38	43
	1207	39	42
	1208	37	43
	1209	38	43
	1210	35	42
	1211	37	43
	1212	33	41
	1213	37	41
	1214	34	43
	1215	38	39
	1216	35	43
	1217	33	41
	1218	37	43
	1219	36	44
	1220	35	41
	1221	38	43
	1222	36	42
	1223	36	44
	1224	34	41
	1225	38	44
	1226	34	42
	1227	38	39
	1228	34	40
	1229	35	45
	1230	37	40
	1231	34	41
	1232	36	44
	1233	37	43
	1234	36	42
	1235	35	43
	1236	36	41
	1237	37	40
	1238	34	42
	1239	35	43
	1240	36	40
	1241	37	44
	1242	33	39
	1243	36	47
	1244	36	43
	1245	37	42
	1246	40	39
	1247	38	39
	1248	37	41
	1249	37	41
	1250	36	42
	1251	34	42
	1252	36	44
	1253	35	41
	1254	34	41
	1255	37	42
	1256	35	43
	1257	34	43
	1258	38	42
	1259	35	42
	1260	39	43
	1261	36	44
	1262	35	43
	1263	35	42
	1264	36	40
	1265	36	41
	1266	44	43
	1267	43	41
	1268	35	41
	1269	36	42
	1270	31	40
	1271	36	41
	1272	36	43
	1273	37	45
	1274	34	42
	1275	37	47
	1276	33	42
	1277	35	40
	1278	36	42
	1279	37	43
	1280	35	40
	1281	33	42
	1282	34	39
	1283	36	39
	1284	37	42
	1285	38	43
	1286	34	39
	1287	37	40
	1288	32	41
	1289	37	44
	1290	33	42
	1291	35	42
	1292	37	40
	1293	35	43
	1294	32	43
	1295	37	42
	1296	35	40
	1297	35	43
	1298	34	44
	1299	38	42
	1300	35	43
	1301	37	44
	1302	36	41
	1303	34	43
	1304	37	42
	1305	37	43
	1306	35	43
	1307	38	40
	1308	32	41
	1309	33	42
	1310	37	41
	1311	32	44
	1312	33	40
	1313	35	43
	1314	36	41
	1315	36	42
	1316	38	40
	1317	34	39
	1318	34	42
	1319	35	41
	1320	34	44
	1321	36	42
	1322	34	39
	1323	36	42
	1324	34	41
	1325	36	41
	1326	33	41
	1327	38	41
	1328	35	42
	1329	35	41
	1330	34	42
	1331	35	42
	1332	31	41
	1333	36	43
	1334	33	44
	1335	36	45
	1336	32	42
	1337	36	42
	1338	36	41
	1339	34	40
	1340	36	45
	1341	35	43
	1342	35	43
	1343	38	39
	1344	36	39
	1345	34	40
	1346	34	38
	1347	32	44
	1348	34	42
	1349	35	43
	1350	35	39
	1351	34	40
	1352	33	38
	1353	34	41
	1354	29	44
	1355	36	42
	1356	32	39
	1357	34	42
	1358	34	43
	1359	33	45
	1360	30	42
	1361	35	41
	1362	31	41
	1363	32	44
	1364	31	39
	1365	33	42
	1366	33	40
	1367	32	42
	1368	32	45
	1369	36	43
	1370	35	39
	1371	32	39
	1372	38	40
	1373	33	44
	1374	32	44
	1375	34	40
	1376	31	35
	1377	32	40
	1378	33	41
	1379	33	39
	1380	33	42
	1381	40	42
	1382	31	41
	1383	35	45
	1384	30	42
	1385	35	41
	1386	32	44
	1387	34	42
	1388	31	39
	1389	35	43
	1390	32	41
	1391	33	39
	1392	29	39
	1393	33	44
	1394	32	42
	1395	35	41
	1396	31	41
	1397	34	40
	1398	33	39
	1399	32	45
	1400	33	39
	1401	34	40
	1402	31	42
	1403	32	42
	1404	33	39
	1405	32	41
	1406	33	38
	1407	32	42
	1408	33	39
	1409	34	42
	1410	32	44
	1411	33	43
	1412	34	44
	1413	32	43
	1414	34	41
	1415	34	41
	1416	31	41
	1417	32	41
	1418	34	39
	1419	34	40
	1420	31	40
	1421	29	43
	1422	30	42
	1423	33	43
	1424	31	42
	1425	31	41
	1426	31	44
	1427	30	41
	1428	29	40
	1429	31	40
	1430	31	40
	1431	33	42
	1432	29	42
	1433	34	40
	1434	31	44
	1435	33	42
	1436	31	39
	1437	32	41
	1438	30	42
	1439	31	42
	1440	28	40
	1441	30	40
	1442	32	40
	1443	30	41
	1444	28	42
	1445	30	41
	1446	27	42
	1447	32	40
	1448	31	40
	1449	28	44
	1450	30	41
	1451	31	45
	1452	29	41
	1453	31	42
	1454	32	41
	1455	31	42
	1456	31	40
	1457	32	43
	1458	33	40
	1459	30	44
	1460	30	43
	1461	28	43
	1462	33	43
	1463	30	42
	1464	29	42
	1465	28	42
	1466	27	44
	1467	31	43
	1468	31	41
	1469	31	41
	1470	31	40
	1471	30	41
	1472	28	40
	1473	29	44
	1474	30	43
	1475	34	43
	1476	30	42
	1477	30	41
	1478	30	40
	1479	32	42
	1480	29	43
	1481	31	41
	1482	30	40
	1483	29	41
	1484	29	38
	1485	29	41
	1486	31	40
	1487	30	40
	1488	29	41
	1489	29	42
	1490	27	40
	1491	28	40
	1492	32	42
	1493	31	41
	1494	30	43
	1495	30	45
	1496	28	44
	1497	28	41
	1498	29	41
	1499	32	41
	1500	28	42
	1501	30	43
	1502	30	43
	1503	31	41
	1504	28	39
	1505	28	39
	1506	29	39
	1507	31	44
	1508	29	40
	1509	31	41
	1510	26	40
	1511	28	37
	1512	31	41
	1513	31	41
	1514	26	42
	1515	28	43
	1516	27	41
	1517	30	40
	1518	30	40
	1519	28	41
	1520	29	41
	1521	28	40
	1522	28	40
	1523	31	43
	1524	27	41
	1525	31	41
	1526	29	40
	1527	31	41
	1528	31	43
	1529	30	46
	1530	28	41
	1531	37	41
	1532	27	42
	1533	31	42
	1534	28	41
	1535	29	43
	1536	29	40
	1537	27	42
	1538	30	42
	1539	30	38
	1540	29	40
	1541	29	42
	1542	30	40
	1543	33	42
	1544	26	40
	1545	28	42
	1546	28	40
	1547	29	43
	1548	31	41
	1549	32	38
	1550	28	43
	1551	31	42
	1552	32	42
	1553	31	41
	1554	27	38
	1555	28	43
	1556	28	43
	1557	33	42
	1558	28	48
	1559	31	39
	1560	29	39
	1561	32	40
	1562	30	41
	1563	30	45
	1564	32	40
	1565	33	43
	1566	34	42
	1567	33	44
	1568	35	41
	1569	34	43
	1570	33	43
	1571	34	52
	1572	36	45
	1573	36	45
	1574	36	41
	1575	37	40
	1576	35	43
	1577	38	42
	1578	36	44
	1579	37	44
	1580	35	40
	1581	37	43
	1582	38	40
	1583	36	47
	1584	39	45
	1585	37	44
	1586	37	44
	1587	41	46
	1588	35	41
	1589	39	43
	1590	38	41
	1591	41	42
	1592	39	45
	1593	37	41
	1594	37	42
	1595	37	44
	1596	36	43
	1597	43	43
	1598	38	40
	1599	37	44
	1600	36	45
	1601	40	44
	1602	38	43
	1603	36	41
	1604	37	43
	1605	38	41
	1606	36	43
	1607	39	48
	1608	36	44
	1609	39	46
	1610	34	43
	1611	36	44
	1612	37	39
	1613	36	43
	1614	35	40
	1615	36	45
	1616	35	42
	1617	38	42
	1618	37	44
	1619	40	43
	1620	38	44
	1621	40	45
	1622	36	41
	1623	36	44
	1624	39	41
	1625	38	43
	1626	38	44
	1627	38	41
	1628	38	43
	1629	37	41
	1630	37	44
	1631	36	44
	1632	38	42
	1633	39	44
	1634	36	42
	1635	39	44
	1636	35	43
	1637	37	47
	1638	37	44
	1639	37	45
	1640	39	40
	1641	36	44
	1642	32	44
	1643	38	42
	1644	35	44
	1645	37	43
	1646	45	42
	1647	37	44
	1648	35	42
	1649	37	44
	1650	36	41
	1651	37	42
	1652	34	45
	1653	35	46
	1654	37	44
	1655	42	45
	1656	33	44
	1657	37	44
	1658	39	39
	1659	39	42
	1660	38	42
	1661	36	43
	1662	36	44
	1663	40	43
	1664	34	42
	1665	36	43
	1666	39	43
	1667	38	41
	1668	35	43
	1669	37	43
	1670	33	44
	1671	39	43
	1672	34	43
	1673	38	39
	1674	34	40
	1675	34	45
	1676	35	42
	1677	36	41
	1678	35	39
	1679	37	43
	1680	35	42
	1681	35	43
	1682	35	44
	1683	37	40
	1684	31	44
	1685	36	42
	1686	33	44
	1687	34	45
	1688	31	42
	1689	31	44
	1690	31	44
	1691	31	41
	1692	30	41
	1693	31	41
	1694	30	40
	1695	30	43
	1696	29	43
	1697	28	44
	1698	29	40
	1699	29	42
	1700	27	39
	1701	27	43
	1702	26	40
	1703	27	43
	1704	25	42
	1705	27	40
	1706	24	41
	1707	27	41
	1708	24	41
	1709	26	42
	1710	24	41
	1711	25	39
	1712	22	40
	1713	24	41
	1714	24	40
	1715	30	42
	1716	25	42
	1717	25	40
	1718	25	44
	1719	26	42
	1720	25	39
	1721	25	39
	1722	25	39
	1723	22	40
	1724	28	41
	1725	23	42
	1726	29	39
	1727	22	41
	1728	25	37
	1729	23	41
	1730	23	40
	1731	24	41
	1732	26	41
	1733	24	41
	1734	23	40
	1735	23	41
	1736	24	42
	1737	26	41
	1738	24	41
	1739	22	40
	1740	25	40
	1741	26	39
	1742	22	36
	1743	24	39
	1744	24	41
	1745	22	42
	1746	24	40
	1747	27	42
	1748	23	40
	1749	23	41
	1750	25	37
	1751	22	41
	1752	25	41
	1753	23	37
	1754	25	40
	1755	24	41
	1756	26	39
	1757	24	39
	1758	25	39
	1759	24	38
	1760	24	42
	1761	25	42
	1762	20	40
	1763	24	41
	1764	23	40
	1765	24	39
	1766	21	43
	1767	25	41
	1768	21	38
	1769	24	40
	1770	23	39
	1771	23	38
	1772	24	39
	1773	22	41
	1774	24	40
	1775	23	39
	1776	24	40
	1777	26	38
	1778	23	38
	1779	26	35
	1780	23	40
	1781	21	44
	1782	25	40
	1783	24	37
	1784	24	40
	1785	24	41
	1786	23	40
	1787	23	41
	1788	23	40
	1789	22	37
	1790	24	40
	1791	26	40
	1792	23	41
	1793	21	40
	1794	23	37
	1795	23	44
	1796	21	39
	1797	24	42
	1798	23	40
	1799	23	40
	1800	23	41
	1801	23	39
	1802	21	38
	1803	22	42
	1804	24	40
	1805	23	39
	1806	22	39
	1807	25	38
	1808	20	44
	1809	21	40
	1810	23	41
	1811	23	43
	1812	21	41
	1813	22	42
	1814	22	41
	1815	24	44
	1816	22	40
	1817	22	39
	1818	21	38
	1819	24	39
	1820	23	38
	1821	22	41
	1822	21	38
	1823	24	37
	1824	20	41
	1825	20	40
	1826	22	40
	1827	22	43
	1828	23	39
	1829	23	40
	1830	21	42
	1831	24	42
	1832	21	39
	1833	22	39
	1834	23	38
	1835	26	42
	1836	24	40
	1837	22	39
	1838	21	40
	1839	23	39
	1840	23	39
	1841	22	41
	1842	20	40
	1843	23	39
	1844	22	39
	1845	25	40
	1846	18	39
	1847	21	40
	1848	23	40
	1849	23	39
	1850	23	36
	1851	21	39
	1852	18	39
	1853	22	39
	1854	20	40
	1855	21	42
	1856	21	39
	1857	20	40
	1858	23	39
	1859	25	40
	1860	19	37
	1861	23	38
	1862	24	39
	1863	23	46
	1864	23	39
	1865	21	42
	1866	21	38
	1867	21	38
	1868	19	39
	1869	23	41
	1870	23	39
	1871	23	40
	1872	23	40
	1873	22	39
	1874	22	37
	1875	25	41
	1876	20	43
	1877	21	39
	1878	20	43
	1879	22	42
	1880	24	37
	1881	23	38
	1882	21	36
	1883	21	38
	1884	22	39
	1885	20	41
	1886	19	38
	1887	20	44
	1888	22	37
	1889	22	39
	1890	20	42
	1891	21	39
	1892	20	40
	1893	22	40
	1894	20	41
	1895	23	43
	1896	21	40
	1897	22	40
	1898	24	40
	1899	23	40
	1900	21	41
	1901	22	39
	1902	18	38
	1903	21	40
	1904	22	42
	1905	23	42
	1906	21	43
	1907	29	42
	1908	21	36
	1909	27	41
	1910	24	37
	1911	23	38
	1912	19	41
	1913	22	43
	1914	25	39
	1915	23	36
	1916	22	39
	1917	20	36
	1918	24	39
	1919	21	37
	1920	22	38
	1921	20	48
	1922	22	39
	1923	22	39
	1924	18	39
	1925	22	42
	1926	24	39
	1927	22	40
	1928	21	40
	1929	23	39
	1930	23	38
	1931	20	38
	1932	20	40
	1933	23	38
	1934	23	38
	1935	22	41
	1936	19	38
	1937	24	38
	1938	19	39
	1939	19	40
	1940	24	40
	1941	23	42
	1942	21	38
	1943	22	40
	1944	21	38
	1945	20	40
	1946	21	39
	1947	21	38
	1948	22	42
	1949	19	42
	1950	20	42
	1951	21	37
	1952	19	39
	1953	22	41
	1954	21	42
	1955	22	39
	1956	20	40
	1957	21	39
	1958	17	38
	1959	23	41
	1960	21	40
	1961	22	38
	1962	21	37
	1963	20	38
	1964	19	38
	1965	22	38
	1966	22	41
	1967	25	39
	1968	21	38
	1969	24	41
	1970	19	43
	1971	21	39
	1972	19	39
	1973	21	39
	1974	22	38
	1975	23	40
	1976	22	39
	1977	21	39
	1978	23	43
	1979	24	38
	1980	22	40
	1981	20	40
	1982	25	39
	1983	21	42
	1984	22	40
	1985	23	41
	1986	21	38
	1987	23	40
	1988	20	39
	1989	21	42
	1990	21	41
	1991	22	37
	1992	21	37
	1993	19	40
	1994	19	40
	1995	19	39
	1996	19	38
	1997	20	40
	1998	22	40
	1999	19	42
	2000	21	37
	2001	22	42
	2002	22	40
	2003	23	41
	2004	20	41
	2005	23	40
	2006	20	38
	2007	21	39
	2008	21	40
	2009	20	40
	2010	19	38
	2011	19	37
	2012	21	40
	2013	19	40
	2014	21	41
	2015	22	39
	2016	19	41
	2017	21	40
	2018	19	41
	2019	21	38
	2020	20	41
	2021	22	40
	2022	21	39
	2023	23	40
	2024	19	39
	2025	19	40
	2026	21	38
	2027	21	42
	2028	21	37
	2029	22	42
	2030	19	37
	2031	21	42
	2032	20	38
	2033	21	43
	2034	17	38
	2035	22	40
	2036	17	39
	2037	20	37
	2038	20	42
	2039	21	38
	2040	20	39
	2041	19	39
	2042	19	39
	2043	20	39
	2044	21	38
	2045	20	39
	2046	19	41
	2047	21	41
	2048	19	37
	2049	19	42
	2050	17	39
	2051	21	42
	2052	20	42
	2053	19	39
	2054	17	40
	2055	21	37
	2056	18	40
	2057	21	39
	2058	22	39
	2059	20	42
	2060	22	39
	2061	21	39
	2062	17	40
	2063	22	41
	2064	19	40
	2065	21	38
	2066	19	39
	2067	20	44
	2068	19	39
	2069	19	42
	2070	19	39
	2071	17	39
	2072	20	42
	2073	18	39
	2074	21	37
	2075	19	41
	2076	19	39
	2077	22	38
	2078	20	40
	2079	22	39
	2080	21	40
	2081	20	39
	2082	19	40
	2083	19	39
	2084	19	39
	2085	21	41
	2086	22	40
	2087	21	39
	2088	19	40
	2089	19	36
	2090	19	38
	2091	21	39
	2092	20	38
	2093	18	44
	2094	20	39
	2095	20	41
	2096	20	41
	2097	22	41
	2098	19	39
	2099	22	40
	2100	16	40
	2101	21	42
	2102	20	39
	2103	18	41
	2104	19	40
	2105	21	38
	2106	18	40
	2107	18	39
	2108	19	39
	2109	18	40
	2110	17	40
	2111	20	36
	2112	20	39
	2113	21	39
	2114	18	39
	2115	20	41
	2116	19	40
	2117	20	38
	2118	19	41
	2119	21	37
	2120	19	38
	2121	20	38
	2122	18	41
	2123	22	43
	2124	20	39
	2125	20	41
	2126	18	39
	2127	20	42
	2128	20	39
	2129	21	41
	2130	19	40
	2131	18	39
	2132	22	38
	2133	19	39
	2134	19	41
	2135	19	38
	2136	17	37
	2137	22	39
	2138	22	41
	2139	20	40
	2140	19	37
	2141	21	41
	2142	21	39
	2143	23	41
	2144	20	39
	2145	22	39
	2146	19	36
	2147	21	39
	2148	18	41
	2149	19	40
	2150	20	39
	2151	22	39
	2152	19	39
	2153	21	40
	2154	20	38
	2155	21	38
	2156	19	42
	2157	21	41
	2158	20	39
	2159	19	41
	2160	21	38
	2161	21	42
	2162	19	40
	2163	21	40
	2164	19	42
	2165	22	42
	2166	21	39
	2167	19	40
	2168	16	43
	2169	21	39
	2170	20	59
	2171	19	38
	2172	21	41
	2173	20	39
	2174	19	38
	2175	20	37
	2176	19	37
	2177	22	39
	2178	20	39
	2179	21	39
	2180	18	39
	2181	19	41
	2182	21	41
	2183	22	40
	2184	19	36
	2185	18	38
	2186	20	40
	2187	19	41
	2188	20	41
	2189	21	39
	2190	18	38
	2191	20	42
	2192	17	38
	2193	21	43
	2194	18	44
	2195	22	39
	2196	20	39
	2197	20	42
	2198	17	41
	2199	20	41
	2200	19	38
	2201	20	40
	2202	20	42
	2203	20	38
	2204	19	38
	2205	22	39
	2206	18	40
	2207	20	43
	2208	20	40
	2209	19	41
	2210	19	40
	2211	21	39
	2212	18	39
	2213	22	43
	2214	19	37
	2215	19	38
	2216	20	39
	2217	18	39
	2218	20	40
	2219	18	40
	2220	17	41
	2221	20	42
	2222	17	40
	2223	20	42
	2224	19	41
	2225	21	38
	2226	18	40
	2227	19	43
	2228	18	39
	2229	19	37
	2230	22	36
	2231	19	43
	2232	18	35
	2233	18	40
	2234	20	40
	2235	19	39
	2236	21	39
	2237	22	37
	2238	20	35
	2239	19	43
	2240	21	38
	2241	19	39
	2242	19	39
	2243	21	41
	2244	18	39
	2245	20	41
	2246	18	40
	2247	24	40
	2248	22	37
	2249	20	39
	2250	20	38
	2251	21	39
	2252	19	40
	2253	20	41
	2254	18	40
	2255	21	42
	2256	20	39
	2257	22	40
	2258	16	38
	2259	19	37
	2260	21	43
	2261	20	40
	2262	21	38
	2263	21	42
	2264	22	38
	2265	20	39
	2266	19	38
	2267	22	41
	2268	19	40
	2269	22	39
	2270	18	40
	2271	19	39
	2272	15	40
	2273	20	38
	2274	20	38
	2275	23	41
	2276	18	39
	2277	21	40
	2278	20	40
	2279	15	40
	2280	20	38
	2281	21	40
	2282	22	39
	2283	20	41
	2284	20	41
	2285	19	39
	2286	20	38
	2287	19	38
	2288	18	39
	2289	21	40
	2290	17	42
	2291	22	38
	2292	20	39
	2293	21	39
	2294	23	40
	2295	20	42
	2296	20	39
	2297	21	38
	2298	21	39
	2299	19	41
	2300	18	37
	2301	19	39
	2302	19	39
	2303	22	40
	2304	17	40
	2305	20	39
	2306	19	43
	2307	22	38
	2308	18	40
	2309	19	38
	2310	19	37
	2311	21	40
	2312	18	39
	2313	20	38
	2314	19	39
	2315	19	41
	2316	21	40
	2317	22	39
	2318	18	39
	2319	19	40
	2320	19	38
	2321	22	40
	2322	20	39
	2323	21	39
	2324	20	39
	2325	23	41
	2326	19	39
	2327	23	41
	2328	21	39
	2329	20	36
	2330	22	37
	2331	20	41
	2332	19	39
	2333	21	40
	2334	22	36
	2335	22	41
	2336	19	40
	2337	20	38
	2338	21	36
	2339	21	40
	2340	20	39
	2341	21	42
	2342	20	42
	2343	20	39
	2344	19	38
	2345	19	38
	2346	21	39
	2347	24	40
	2348	19	40
	2349	21	36
	2350	20	38
	2351	21	40
	2352	21	38
	2353	21	39
	2354	18	40
	2355	18	40
	2356	20	38
	2357	21	40
	2358	18	38
	2359	19	43
	2360	19	37
	2361	21	38
	2362	20	41
	2363	19	41
	2364	22	40
	2365	22	40
	2366	18	37
	2367	21	41
	2368	15	41
	2369	19	38
	2370	17	40
	2371	21	40
	2372	20	39
	2373	19	42
	2374	18	39
	2375	20	38
	2376	20	39
	2377	20	38
	2378	17	38
	2379	22	40
	2380	19	40
	2381	21	39
	2382	20	41
	2383	19	41
	2384	20	40
	2385	19	39
	2386	21	41
	2387	17	41
	2388	21	38
	2389	18	39
	2390	19	37
	2391	20	41
	2392	20	40
	2393	17	38
	2394	18	38
	2395	19	39
	2396	17	40
	2397	17	40
	2398	20	39
	2399	21	39
	2400	19	43
	2401	23	41
	2402	20	38
	2403	26	40
	2404	21	36
	2405	21	40
	2406	20	38
	2407	18	40
	2408	19	41
	2409	18	39
	2410	18	40
	2411	19	39
	2412	20	40
	2413	19	38
	2414	19	39
	2415	22	40
	2416	17	41
	2417	21	45
	2418	19	39
	2419	18	39
	2420	18	39
	2421	21	41
	2422	17	39
	2423	20	39
	2424	21	38
	2425	21	41
	2426	20	37
	2427	19	40
	2428	18	39
	2429	20	39
	2430	16	42
	2431	20	36
	2432	18	39
	2433	19	40
	2434	18	40
	2435	19	39
	2436	20	41
	2437	20	41
	2438	20	38
	2439	22	38
	2440	21	37
	2441	19	39
	2442	19	38
	2443	17	39
	2444	18	39
	2445	19	41
	2446	22	40
	2447	19	41
	2448	17	40
	2449	20	38
	2450	17	41
	2451	18	41
	2452	17	40
	2453	21	38
	2454	22	39
	2455	20	40
	2456	20	39
	2457	21	40
	2458	20	39
	2459	21	39
	2460	22	39
	2461	21	41
	2462	18	36
	2463	16	38
	2464	20	44
	2465	19	40
	2466	20	39
	2467	21	41
	2468	19	38
	2469	18	37
	2470	19	39
	2471	21	40
	2472	21	38
	2473	21	42
	2474	17	37
	2475	18	41
	2476	18	41
	2477	20	40
	2478	20	39
	2479	20	43
	2480	19	41
	2481	21	42
	2482	18	41
	2483	19	39
	2484	19	39
	2485	19	36
	2486	18	40
	2487	17	39
	2488	19	41
	2489	20	39
	2490	17	39
	2491	20	37
	2492	19	40
	2493	21	39
	2494	19	37
	2495	19	40
	2496	17	41
	2497	19	40
	2498	21	39
	2499	21	43
	2500	19	39
	2501	19	40
	2502	20	39
	2503	19	41
	2504	20	40
	2505	20	41
	2506	20	40
	2507	20	41
	2508	16	40
	2509	23	43
	2510	19	39
	2511	21	41
	2512	19	39
	2513	24	41
	2514	19	38
	2515	21	41
	2516	20	36
	2517	19	41
	2518	20	40
	2519	21	40
	2520	19	40
	2521	18	39
	2522	18	42
	2523	18	39
	2524	20	37
	2525	20	39
	2526	19	40
	2527	19	41
	2528	16	38
	2529	21	40
	2530	21	38
	2531	21	40
	2532	19	37
	2533	18	40
	2534	18	37
	2535	18	39
	2536	19	38
	2537	21	41
	2538	20	41
	2539	19	39
	2540	17	41
	2541	19	39
	2542	19	40
	2543	21	37
	2544	18	39
	2545	21	38
	2546	17	40
	2547	19	39
	2548	19	41
	2549	20	39
	2550	19	37
	2551	20	40
	2552	19	39
	2553	16	40
	2554	21	39
	2555	19	43
	2556	18	41
	2557	22	39
	2558	16	39
	2559	19	41
	2560	19	39
	2561	22	39
	2562	21	40
	2563	20	38
	2564	20	37
	2565	20	38
	2566	20	40
	2567	21	45
	2568	17	39
	2569	19	41
	2570	20	40
	2571	22	39
	2572	18	38
	2573	20	41
	2574	20	41
	2575	21	39
	2576	18	41
	2577	20	37
	2578	15	37
	2579	19	41
	2580	19	39
	2581	19	39
	2582	20	38
	2583	19	40
	2584	17	39
	2585	20	41
	2586	17	39
	2587	17	40
	2588	20	38
	2589	18	41
	2590	21	39
	2591	21	39
	2592	18	37
	2593	20	38
	2594	18	38
	2595	21	39
	2596	20	39
	2597	18	40
	2598	20	37
	2599	20	40
	2600	19	39
	2601	19	40
	2602	17	41
	2603	21	39
	2604	19	41
	2605	21	41
	2606	18	42
	2607	19	41
	2608	19	39
	2609	21	39
	2610	18	41
	2611	20	38
	2612	18	40
	2613	20	39
	2614	19	38
	2615	21	42
	2616	17	40
	2617	19	37
	2618	20	38
	2619	19	39
	2620	16	38
	2621	20	40
	2622	18	38
	2623	20	39
	2624	18	41
	2625	21	37
	2626	25	35
	2627	20	41
	2628	20	39
	2629	21	38
	2630	21	40
	2631	20	38
	2632	21	40
	2633	21	41
	2634	19	41
	2635	21	39
	2636	19	35
	2637	20	41
	2638	16	39
	2639	18	44
	2640	16	39
	2641	20	42
	2642	18	36
	2643	18	40
	2644	18	37
	2645	20	38
	2646	19	37
	2647	19	40
	2648	17	42
	2649	19	38
	2650	21	42
	2651	18	42
	2652	20	41
	2653	20	42
	2654	18	40
	2655	21	40
	2656	21	39
	2657	20	42
	2658	19	36
	2659	19	40
	2660	17	41
	2661	21	39
	2662	19	40
	2663	19	40
	2664	21	40
	2665	20	41
	2666	20	40
	2667	23	41
	2668	21	41
	2669	20	41
	2670	18	41
	2671	20	39
	2672	17	42
	2673	22	43
	2674	20	42
	2675	19	42
	2676	18	39
	2677	19	39
	2678	18	38
	2679	20	39
	2680	20	41
	2681	19	40
	2682	18	39
	2683	22	39
	2684	17	37
	2685	18	40
	2686	19	40
	2687	21	41
	2688	20	38
	2689	22	39
	2690	17	39
	2691	22	39
	2692	20	38
	2693	19	40
	2694	23	38
	2695	22	38
	2696	16	39
	2697	17	41
	2698	19	39
	2699	21	42
	2700	18	37
	2701	21	40
	2702	19	42
	2703	23	40
	2704	20	41
	2705	22	38
	2706	18	38
	2707	20	38
	2708	20	38
	2709	19	39
	2710	19	38
	2711	21	40
	2712	19	38
	2713	20	38
	2714	19	41
	2715	20	41
	2716	18	38
	2717	19	41
	2718	17	38
	2719	20	41
	2720	20	39
	2721	26	36
	2722	20	38
	2723	20	40
	2724	20	40
	2725	22	41
	2726	24	37
	2727	19	35
	2728	19	42
	2729	18	41
	2730	19	41
	2731	21	42
	2732	18	38
	2733	22	40
	2734	20	40
	2735	19	40
	2736	20	41
	2737	20	39
	2738	19	38
	2739	22	38
	2740	18	40
	2741	18	38
	2742	20	42
	2743	21	40
	2744	20	41
	2745	20	41
	2746	20	39
	2747	22	39
	2748	17	39
	2749	20	40
	2750	18	39
	2751	19	43
	2752	18	37
	2753	20	39
	2754	19	39
	2755	19	40
	2756	17	37
	2757	18	40
	2758	18	37
	2759	20	40
	2760	18	40
	2761	22	43
	2762	20	38
	2763	20	39
	2764	19	38
	2765	21	39
	2766	20	41
	2767	22	38
	2768	19	38
	2769	19	38
	2770	18	37
	2771	21	41
	2772	20	42
	2773	16	37
	2774	19	39
	2775	20	39
	2776	19	38
	2777	19	41
	2778	21	40
	2779	21	41
	2780	22	41
	2781	23	39
	2782	19	41
	2783	27	41
	2784	20	37
	2785	16	38
	2786	22	39
	2787	20	38
	2788	18	39
	2789	18	40
	2790	19	39
	2791	18	40
	2792	19	40
	2793	18	41
	2794	19	40
	2795	22	37
	2796	17	39
	2797	20	41
	2798	17	38
	2799	18	41
	2800	19	39
	2801	21	42
	2802	17	43
	2803	17	38
	2804	19	39
	2805	21	41
	2806	20	40
	2807	20	39
	2808	20	41
	2809	19	39
	2810	19	38
	2811	21	38
	2812	21	41
	2813	19	41
	2814	19	39
	2815	21	36
	2816	18	38
	2817	22	39
	2818	20	36
	2819	22	41
	2820	21	38
	2821	19	39
	2822	18	42
	2823	20	42
	2824	20	40
	2825	19	38
	2826	19	38
	2827	21	40
	2828	20	41
	2829	21	38
	2830	19	39
	2831	24	40
	2832	20	39
	2833	19	39
	2834	19	40
	2835	19	37
	2836	19	39
	2837	19	40
	2838	21	38
	2839	21	38
	2840	20	38
	2841	19	39
	2842	18	38
	2843	21	39
	2844	18	38
	2845	21	39
	2846	19	40
	2847	19	43
	2848	20	41
	2849	18	40
	2850	20	40
	2851	22	39
	2852	17	41
	2853	23	40
	2854	19	41
	2855	21	43
	2856	18	40
	2857	19	39
	2858	19	40
	2859	21	40
	2860	19	40
	2861	21	39
	2862	20	39
	2863	18	38
	2864	21	38
	2865	19	39
	2866	18	39
	2867	21	38
	2868	17	40
	2869	18	39
	2870	22	37
	2871	20	42
	2872	18	37
	2873	19	41
	2874	18	41
	2875	20	40
	2876	21	39
	2877	17	43
	2878	20	39
	2879	19	39
	2880	20	41
	2881	19	40
	2882	18	41
	2883	18	41
	2884	19	41
	2885	20	41
	2886	21	40
	2887	21	39
	2888	20	40
	2889	44	42
	2890	21	41
	2891	22	45
	2892	22	40
	2893	23	39
	2894	20	40
	2895	23	40
	2896	20	40
	2897	19	39
	2898	23	39
	2899	21	41
	2900	19	41
	2901	19	40
	2902	19	39
	2903	19	40
	2904	21	40
	2905	19	39
	2906	19	40
	2907	19	39
	2908	19	41
	2909	17	38
	2910	20	37
	2911	20	42
	2912	19	39
	2913	24	42
	2914	18	43
	2915	19	37
	2916	19	39
	2917	20	40
	2918	22	38
	2919	20	40
	2920	24	40
	2921	21	39
	2922	18	40
	2923	20	43
	2924	17	36
	2925	18	42
	2926	22	40
	2927	18	42
	2928	19	37
	2929	21	43
	2930	17	41
	2931	19	39
	2932	21	38
	2933	20	40
	2934	18	39
	2935	21	37
	2936	20	39
	2937	22	39
	2938	19	38
	2939	21	42
	2940	17	38
	2941	16	38
	2942	18	39
	2943	21	39
	2944	18	39
	2945	17	41
	2946	20	37
	2947	20	41
	2948	19	39
	2949	19	39
	2950	21	40
	2951	21	41
	2952	20	40
	2953	18	38
	2954	17	42
	2955	20	39
	2956	19	38
	2957	20	39
	2958	18	39
	2959	19	39
	2960	16	37
	2961	18	41
	2962	19	37
	2963	19	39
	2964	19	37
	2965	20	40
	2966	19	39
	2967	20	44
	2968	20	41
	2969	19	40
	2970	21	39
	2971	21	36
	2972	19	39
	2973	20	39
	2974	19	37
	2975	19	37
	2976	19	40
	2977	18	39
	2978	20	39
	2979	18	40
	2980	19	40
	2981	19	40
	2982	20	39
	2983	20	41
	2984	19	40
	2985	21	38
	2986	20	40
	2987	18	42
	2988	20	40
	2989	19	38
	2990	20	39
	2991	21	37
	2992	18	41
	2993	20	40
	2994	18	38
	2995	21	40
	2996	20	40
	2997	21	42
	2998	23	35
	2999	20	39
	3000	19	39
	3001	22	38
	3002	20	41
	3003	20	41
	3004	21	39
	3005	20	39
	3006	21	38
	3007	21	36
	3008	18	39
	3009	19	41
	3010	21	39
	3011	21	41
	3012	21	39
	3013	18	39
	3014	19	40
	3015	19	38
	3016	19	39
	3017	19	42
	3018	18	36
	3019	21	39
	3020	19	39
	3021	21	37
	3022	19	39
	3023	18	38
	3024	18	39
	3025	20	39
	3026	21	40
	3027	21	40
	3028	18	37
	3029	20	39
	3030	17	42
	3031	20	41
	3032	19	39
	3033	19	39
	3034	19	35
	3035	21	38
	3036	19	41
	3037	20	42
	3038	17	38
	3039	17	39
	3040	19	40
	3041	18	41
	3042	21	41
	3043	23	40
	3044	19	37
	3045	19	39
	3046	18	40
	3047	19	40
	3048	18	37
	3049	21	38
	3050	18	40
	3051	20	40
	3052	18	39
	3053	16	40
	3054	19	38
	3055	20	39
	3056	22	39
	3057	22	39
	3058	19	40
	3059	18	39
	3060	19	39
	3061	18	38
	3062	18	39
	3063	21	42
	3064	17	38
	3065	21	40
	3066	19	40
	3067	19	40
	3068	19	38
	3069	19	41
	3070	20	39
	3071	19	40
	3072	18	38
	3073	20	37
	3074	21	37
	3075	19	40
	3076	19	39
	3077	19	40
	3078	20	38
	3079	20	39
	3080	18	39
	3081	23	42
	3082	18	39
	3083	20	37
	3084	18	39
	3085	21	39
	3086	20	37
	3087	20	41
	3088	20	35
	3089	19	38
	3090	21	39
	3091	20	39
	3092	22	41
	3093	20	38
	3094	19	39
	3095	21	40
	3096	20	38
	3097	21	39
	3098	18	38
	3099	19	40
	3100	20	39
	3101	19	38
	3102	24	36
	3103	20	39
	3104	18	39
	3105	22	40
	3106	22	40
	3107	19	41
	3108	21	39
	3109	19	40
	3110	19	39
	3111	17	42
	3112	18	39
	3113	16	40
	3114	20	39
	3115	18	38
	3116	18	39
	3117	19	40
	3118	21	41
	3119	21	38
	3120	18	37
	3121	20	39
	3122	20	39
	3123	20	41
	3124	17	37
	3125	18	38
	3126	16	39
	3127	20	39
	3128	16	40
	3129	19	39
	3130	17	36
	3131	21	39
	3132	17	39
	3133	21	39
	3134	18	39
	3135	23	40
	3136	21	39
	3137	20	41
	3138	19	37
	3139	22	38
	3140	19	39
	3141	20	38
	3142	18	40
	3143	16	41
	3144	19	40
	3145	18	41
	3146	21	39
	3147	20	38
	3148	19	40
	3149	19	38
	3150	19	40
	3151	21	39
	3152	20	38
	3153	20	39
	3154	19	38
	3155	19	42
	3156	17	39
	3157	20	39
	3158	19	39
	3159	18	39
	3160	20	39
	3161	21	42
	3162	20	41
	3163	20	37
	3164	17	40
	3165	21	42
	3166	21	41
	3167	20	41
	3168	20	39
	3169	20	38
	3170	18	39
	3171	17	41
	3172	21	37
	3173	22	36
	3174	21	38
	3175	20	41
	3176	17	41
	3177	22	42
	3178	22	38
	3179	22	39
	3180	21	42
	3181	19	40
	3182	19	41
	3183	19	39
	3184	19	38
	3185	23	44
	3186	18	40
	3187	20	39
	3188	15	36
	3189	22	39
	3190	20	40
	3191	21	42
	3192	20	38
	3193	20	39
	3194	20	42
	3195	23	41
	3196	19	40
	3197	21	40
	3198	18	40
	3199	22	39
	3200	20	39
	3201	21	38
	3202	18	36
	3203	20	41
	3204	19	39
	3205	21	42
	3206	19	39
	3207	20	40
	3208	17	39
	3209	19	39
	3210	17	36
	3211	18	43
	3212	19	36
	3213	20	41
	3214	19	38
	3215	22	42
	3216	19	37
	3217	20	39
	3218	22	38
	3219	21	40
	3220	22	41
	3221	19	38
	3222	18	37
	3223	22	43
	3224	17	42
	3225	22	43
	3226	20	39
	3227	17	37
	3228	21	38
	3229	20	39
	3230	20	38
	3231	20	40
	3232	18	39
	3233	21	39
	3234	21	38
	3235	19	41
	3236	20	39
	3237	20	41
	3238	20	35
	3239	22	39
	3240	17	41
	3241	22	44
	3242	18	38
	3243	19	41
	3244	20	37
	3245	20	38
	3246	18	44
	3247	21	40
	3248	19	37
	3249	19	42
	3250	19	36
	3251	21	41
	3252	18	39
	3253	22	40
	3254	17	39
	3255	20	40
	3256	20	37
	3257	21	40
	3258	19	37
	3259	21	39
	3260	19	39
	3261	19	39
	3262	19	39
	3263	21	42
	3264	21	40
	3265	21	39
	3266	20	40
	3267	19	40
	3268	19	38
	3269	19	41
	3270	19	38
	3271	19	40
	3272	19	39
	3273	21	38
	3274	19	43
	3275	20	41
	3276	19	38
	3277	19	37
	3278	24	38
	3279	18	38
	3280	21	39
	3281	22	38
	3282	20	38
	3283	17	38
	3284	19	37
	3285	27	39
	3286	21	38
	3287	20	43
	3288	17	41
	3289	21	42
	3290	20	39
	3291	21	40
	3292	20	40
	3293	22	39
	3294	21	39
	3295	23	39
	3296	20	39
	3297	18	38
	3298	19	37
	3299	20	40
	3300	22	39
	3301	18	39
	3302	19	40
	3303	21	42
	3304	20	39
	3305	19	40
	3306	21	37
	3307	21	41
	3308	20	41
	3309	22	39
	3310	19	39
	3311	20	39
	3312	21	39
	3313	19	39
	3314	20	40
	3315	22	42
	3316	21	38
	3317	20	42
	3318	19	37
	3319	20	38
	3320	18	42
	3321	22	39
	3322	23	40
	3323	19	38
	3324	21	39
	3325	23	40
	3326	22	40
	3327	19	38
	3328	19	38
	3329	20	39
	3330	19	38
	3331	23	41
	3332	21	40
	3333	18	42
	3334	19	42
	3335	18	40
	3336	19	40
	3337	20	44
	3338	18	39
	3339	19	41
	3340	23	38
	3341	19	39
	3342	18	40
	3343	22	42
	3344	18	38
	3345	20	39
	3346	23	40
	3347	23	37
	3348	20	38
	3349	22	41
	3350	18	38
	3351	22	41
	3352	19	37
	3353	21	40
	3354	24	37
	3355	23	40
	3356	18	38
	3357	21	37
	3358	18	42
	3359	22	39
	3360	21	37
	3361	18	40
	3362	19	37
	3363	19	40
	3364	20	41
	3365	20	39
	3366	18	41
	3367	20	36
	3368	19	38
	3369	20	41
	3370	19	35
	3371	20	37
	3372	19	40
	3373	22	38
	3374	18	36
	3375	21	38
	3376	22	38
	3377	21	41
	3378	21	39
	3379	18	42
	3380	17	41
	3381	20	39
	3382	22	42
	3383	23	40
	3384	17	37
	3385	23	39
	3386	18	41
	3387	21	40
	3388	20	39
	3389	23	39
	3390	21	37
	3391	19	40
	3392	21	40
	3393	20	39
	3394	19	40
	3395	17	39
	3396	18	39
	3397	19	41
	3398	19	38
	3399	21	39
	3400	19	42
	3401	19	40
	3402	19	38
	3403	21	40
	3404	21	40
	3405	19	39
	3406	22	39
	3407	21	38
	3408	20	41
	3409	21	42
	3410	16	36
	3411	19	40
	3412	19	39
	3413	21	39
	3414	20	41
	3415	25	40
	3416	21	38
	3417	20	40
	3418	19	40
	3419	19	40
	3420	20	38
	3421	20	39
	3422	20	39
	3423	22	40
	3424	22	37
	3425	21	40
	3426	21	38
	3427	22	40
	3428	19	40
	3429	21	40
	3430	19	39
	3431	22	38
	3432	17	37
	3433	20	40
	3434	21	40
	3435	20	38
	3436	19	40
	3437	21	38
	3438	21	38
	3439	19	40
	3440	18	39
	3441	20	38
	3442	20	39
	3443	20	42
	3444	18	38
	3445	21	39
	3446	21	39
	3447	21	39
	3448	20	39
	3449	20	39
	3450	19	38
	3451	21	38
	3452	19	41
	3453	21	42
	3454	21	40
	3455	23	40
	3456	19	39
	3457	22	40
	3458	20	37
	3459	19	40
	3460	22	39
	3461	19	41
	3462	21	40
	3463	24	45
	3464	21	36
	3465	20	38
	3466	17	41
	3467	18	39
	3468	20	39
	3469	21	39
	3470	19	41
	3471	22	39
	3472	21	46
	3473	19	39
	3474	21	39
	3475	20	38
	3476	20	38
	3477	21	40
	3478	17	42
	3479	20	41
	3480	19	40
	3481	22	39
	3482	21	39
	3483	20	40
	3484	19	37
	3485	21	39
	3486	18	38
	3487	21	38
	3488	22	41
	3489	16	42
	3490	18	40
	3491	20	41
	3492	18	36
	3493	17	41
	3494	19	38
	3495	22	39
	3496	21	38
	3497	22	39
	3498	17	41
	3499	20	42
	3500	21	38
	3501	19	41
	3502	19	38
	3503	19	41
	3504	16	40
	3505	19	39
	3506	18	40
	3507	20	40
	3508	19	40
	3509	19	40
	3510	19	38
	3511	21	39
	3512	17	36
	3513	20	36
	3514	20	40
	3515	20	40
	3516	18	39
	3517	19	40
	3518	19	37
	3519	21	39
	3520	17	39
	3521	16	42
	3522	18	41
	3523	21	39
	3524	18	38
	3525	19	39
	3526	19	42
	3527	20	39
	3528	22	42
	3529	19	39
	3530	18	39
	3531	20	45
	3532	21	40
	3533	20	40
	3534	19	39
	3535	19	39
	3536	19	36
	3537	18	44
	3538	21	41
	3539	20	40
	3540	18	39
	3541	22	39
	3542	19	38
	3543	22	42
	3544	19	39
	3545	18	38
	3546	18	40
	3547	21	38
	3548	20	37
	3549	17	40
	3550	25	41
	3551	20	38
	3552	19	38
	3553	21	41
	3554	20	38
	3555	21	44
	3556	20	38
	3557	21	38
	3558	17	38
	3559	20	39
	3560	22	43
	3561	21	41
	3562	19	39
	3563	23	40
	3564	20	38
	3565	17	41
	3566	20	40
	3567	19	40
	3568	19	41
	3569	19	41
	3570	19	37
	3571	20	42
	3572	19	38
	3573	19	44
	3574	19	39
	3575	19	40
	3576	19	37
	3577	23	40
	3578	19	40
	3579	21	41
	3580	19	38
	3581	23	39
	3582	23	39
	3583	24	39
	3584	18	39
	3585	18	41
	3586	19	40
	3587	20	40
	3588	21	40
	3589	19	43
	3590	19	40
	3591	20	36
	3592	19	40
	3593	23	39
	3594	19	40
	3595	21	38
	3596	17	40
	3597	20	42
	3598	21	37
	3599	20	38
	3600	20	41
	3601	22	41
	3602	20	40
	3603	22	40
	3604	18	37
	3605	19	39
	3606	18	39
	3607	18	41
	3608	22	38
	3609	22	40
	3610	17	38
	3611	21	40
	3612	21	38
	3613	20	39
	3614	20	38
	3615	19	40
	3616	20	41
	3617	19	41
	3618	19	41
	3619	23	41
	3620	22	39
	3621	21	43
	3622	18	39
	3623	19	43
	3624	19	39
	3625	19	38
	3626	18	38
	3627	21	39
	3628	18	39
	3629	22	38
	3630	20	36
	3631	21	36
	3632	19	39
	3633	24	38
	3634	19	39
	3635	22	41
	3636	23	40
	3637	22	40
	3638	19	42
	3639	22	39
	3640	19	38
	3641	19	39
	3642	20	37
	3643	18	39
	3644	21	38
	3645	19	39
	3646	22	39
	3647	19	39
	3648	18	39
	3649	19	40
	3650	19	39
	3651	21	42
	3652	19	41
	3653	24	40
	3654	16	38
	3655	18	40
	3656	17	40
	3657	22	42
	3658	19	38
	3659	20	39
	3660	21	41
	3661	21	42
	3662	20	37
	3663	19	39
	3664	19	42
	3665	22	41
	3666	18	43
	3667	22	42
	3668	18	39
	3669	20	38
	3670	21	39
	3671	20	40
	3672	20	38
	3673	20	40
	3674	17	36
	3675	21	42
	3676	19	40
	3677	20	41
	3678	22	39
	3679	19	39
	3680	16	37
	3681	19	41
	3682	18	41
	3683	20	41
	3684	20	40
	3685	20	40
	3686	19	41
	3687	20	39
	3688	21	38
	3689	21	39
	3690	17	38
	3691	21	39
	3692	21	39
	3693	17	41
	3694	19	38
	3695	18	39
	3696	19	34
	3697	18	38
	3698	19	40
	3699	21	38
	3700	24	42
	3701	18	40
	3702	17	39
	3703	19	38
	3704	20	41
	3705	21	39
	3706	20	41
	3707	19	39
	3708	19	39
	3709	19	42
	3710	19	39
	3711	21	40
	3712	18	40
	3713	19	40
	3714	18	39
	3715	17	39
	3716	19	43
	3717	19	39
	3718	20	40
	3719	19	38
	3720	20	40
	3721	20	40
	3722	17	38
	3723	18	38
