	0	19	38
	1	23	41
	2	20	40
	3	18	39
	4	19	38
	5	20	40
	6	19	38
	7	20	41
	8	21	39
	9	19	38
	10	20	38
	11	20	39
	12	19	39
	13	20	40
	14	19	39
	15	18	38
	16	20	39
	17	19	37
	18	17	39
	19	18	39
	20	18	39
	21	21	38
	22	20	39
	23	19	38
	24	16	41
	25	19	40
	26	22	38
	27	22	40
	28	20	42
	29	22	40
	30	24	42
	31	22	45
	32	21	39
	33	20	38
	34	19	40
	35	21	42
	36	21	43
	37	20	42
	38	20	44
	39	21	43
	40	23	44
	41	22	43
	42	22	42
	43	20	43
	44	24	39
	45	23	42
	46	22	40
	47	23	44
	48	19	40
	49	19	41
	50	21	43
	51	24	43
	52	20	43
	53	23	42
	54	23	41
	55	22	40
	56	23	42
	57	20	43
	58	22	41
	59	22	42
	60	23	41
	61	25	43
	62	23	43
	63	23	40
	64	23	45
	65	24	43
	66	21	43
	67	23	43
	68	23	44
	69	23	45
	70	27	43
	71	21	43
	72	23	43
	73	25	45
	74	21	47
	75	26	47
	76	22	42
	77	25	41
	78	22	41
	79	24	44
	80	23	42
	81	25	43
	82	22	42
	83	22	48
	84	19	44
	85	22	44
	86	24	45
	87	22	46
	88	21	44
	89	23	43
	90	22	42
	91	21	40
	92	21	41
	93	26	46
	94	23	44
	95	26	44
	96	22	53
	97	21	44
	98	24	43
	99	24	46
	100	24	43
	101	23	42
	102	25	46
	103	21	45
	104	23	42
	105	22	43
	106	26	43
	107	25	40
	108	20	43
	109	25	45
	110	24	43
	111	23	45
	112	24	42
	113	26	42
	114	22	42
	115	26	46
	116	22	43
	117	23	43
	118	23	42
	119	23	46
	120	25	43
	121	20	45
	122	22	44
	123	23	45
	124	26	41
	125	21	45
	126	24	42
	127	25	44
	128	25	44
	129	25	43
	130	20	45
	131	23	47
	132	23	44
	133	22	43
	134	24	42
	135	25	44
	136	31	43
	137	23	46
	138	23	46
	139	23	43
	140	24	40
	141	28	41
	142	23	43
	143	24	44
	144	22	44
	145	23	43
	146	25	40
	147	25	43
	148	25	45
	149	24	44
	150	24	45
	151	25	43
	152	21	43
	153	27	42
	154	24	44
	155	22	44
	156	24	46
	157	22	44
	158	24	46
	159	24	46
	160	22	48
	161	23	44
	162	20	44
	163	27	47
	164	22	45
	165	24	49
	166	24	45
	167	22	46
	168	21	40
	169	22	45
	170	22	45
	171	23	45
	172	23	44
	173	25	46
	174	23	47
	175	23	46
	176	21	45
	177	23	46
	178	23	43
	179	21	46
	180	22	45
	181	25	46
	182	22	43
	183	24	41
	184	22	42
	185	24	44
	186	22	46
	187	23	44
	188	23	43
	189	21	42
	190	25	46
	191	25	46
	192	24	45
	193	26	45
	194	21	47
	195	22	44
	196	20	44
	197	27	40
	198	21	44
	199	26	43
	200	23	45
	201	26	46
	202	23	46
	203	25	45
	204	22	41
	205	26	44
	206	22	45
	207	27	45
	208	23	45
	209	28	44
	210	24	46
	211	23	43
	212	21	47
	213	28	46
	214	22	46
	215	22	44
	216	23	43
	217	23	46
	218	23	44
	219	24	52
	220	23	46
	221	21	46
	222	21	45
	223	28	47
	224	23	47
	225	24	46
	226	24	43
	227	22	45
	228	21	45
	229	24	45
	230	26	46
	231	26	46
	232	23	44
	233	24	44
	234	25	43
	235	25	45
	236	24	45
	237	22	44
	238	22	43
	239	24	45
	240	24	45
	241	23	47
	242	26	45
	243	23	45
	244	25	45
	245	22	46
	246	23	46
	247	23	44
	248	21	45
	249	24	45
	250	25	43
	251	23	44
	252	22	44
	253	22	48
	254	21	43
	255	25	47
	256	20	44
	257	25	47
	258	23	46
	259	23	49
	260	25	43
	261	24	45
	262	22	46
	263	22	46
	264	24	46
	265	23	47
	266	23	46
	267	23	45
	268	19	42
	269	21	44
	270	23	43
	271	21	44
	272	21	44
	273	25	45
	274	23	45
	275	24	45
	276	19	44
	277	24	46
	278	26	43
	279	24	44
	280	24	44
	281	23	42
	282	22	45
	283	24	46
	284	24	45
	285	25	46
	286	21	46
	287	21	44
	288	21	43
	289	21	42
	290	27	45
	291	21	41
	292	22	47
	293	23	44
	294	21	46
	295	23	46
	296	20	43
	297	20	45
	298	28	43
	299	24	45
	300	25	44
	301	22	44
	302	22	44
	303	23	45
	304	22	44
	305	24	43
	306	22	45
	307	24	46
	308	24	45
	309	24	49
	310	19	43
	311	23	45
	312	24	45
	313	21	44
	314	23	46
	315	22	46
	316	24	45
	317	24	43
	318	22	43
	319	27	46
	320	23	44
	321	23	46
	322	22	43
	323	24	43
	324	25	42
	325	29	42
	326	20	40
	327	23	44
	328	22	42
	329	20	45
	330	21	43
	331	22	45
	332	24	43
	333	25	47
	334	24	42
	335	23	43
	336	20	43
	337	21	45
	338	23	44
	339	27	44
	340	21	43
	341	21	44
	342	20	42
	343	24	45
	344	22	44
	345	26	45
	346	22	46
	347	22	42
	348	20	44
	349	23	45
	350	21	44
	351	24	44
	352	21	43
	353	26	46
	354	23	46
	355	22	42
	356	22	43
	357	23	45
	358	26	46
	359	24	42
	360	22	45
	361	21	44
	362	22	45
	363	23	45
	364	20	45
	365	20	46
	366	22	43
	367	25	43
	368	22	43
	369	23	45
	370	25	44
	371	26	44
	372	25	45
	373	24	43
	374	22	42
	375	23	42
	376	20	45
	377	24	45
	378	23	47
	379	22	44
	380	23	43
	381	23	45
	382	23	45
	383	24	44
	384	20	44
	385	23	42
	386	23	43
	387	24	45
	388	20	42
	389	24	42
	390	22	47
	391	23	44
	392	24	46
	393	24	47
	394	22	41
	395	24	44
	396	23	44
	397	22	43
	398	23	47
	399	21	49
	400	23	43
	401	24	45
	402	24	41
	403	23	46
	404	23	45
	405	25	43
	406	23	43
	407	25	46
	408	21	45
	409	22	46
	410	23	45
	411	25	44
	412	26	44
	413	24	46
	414	22	45
	415	22	44
	416	20	43
	417	22	45
	418	27	45
	419	23	45
	420	22	43
	421	22	46
	422	22	45
	423	24	47
	424	22	45
	425	22	46
	426	23	43
	427	22	50
	428	23	45
	429	23	46
	430	22	43
	431	22	48
	432	21	48
	433	26	45
	434	19	45
	435	25	45
	436	21	47
	437	23	43
	438	24	44
	439	22	48
	440	24	44
	441	23	50
	442	25	45
	443	22	45
	444	22	44
	445	23	46
	446	24	43
	447	24	41
	448	23	44
	449	24	45
	450	23	43
	451	24	44
	452	31	46
	453	21	45
	454	24	46
	455	24	43
	456	24	43
	457	23	46
	458	23	44
	459	27	45
	460	22	42
	461	24	46
	462	21	43
	463	24	44
	464	22	43
	465	23	44
	466	25	47
	467	25	46
	468	24	45
	469	25	46
	470	24	44
	471	24	47
	472	24	44
	473	25	45
	474	25	43
	475	23	44
	476	23	46
	477	25	45
	478	25	46
	479	25	46
	480	24	45
	481	22	45
	482	25	47
	483	24	46
	484	20	48
	485	22	45
	486	21	48
	487	23	48
	488	23	46
	489	22	45
	490	23	46
	491	25	46
	492	25	45
	493	24	47
	494	24	43
	495	24	46
	496	24	45
	497	25	44
	498	23	46
	499	27	46
	500	23	42
	501	24	47
	502	26	45
	503	25	45
	504	25	45
	505	25	45
	506	25	43
	507	24	45
	508	22	47
	509	27	47
	510	24	46
	511	25	48
	512	25	48
	513	25	48
	514	25	44
	515	23	45
	516	22	46
	517	26	50
	518	22	46
	519	28	46
	520	20	44
	521	24	47
	522	24	45
	523	23	47
	524	22	47
	525	22	47
	526	25	45
	527	24	47
	528	22	45
	529	24	45
	530	23	46
	531	26	49
	532	24	46
	533	27	47
	534	22	44
	535	24	47
	536	23	47
	537	26	47
	538	23	47
	539	28	47
	540	23	45
	541	23	50
	542	25	46
	543	23	46
	544	27	48
	545	24	45
	546	24	49
	547	28	46
	548	27	45
	549	25	48
	550	27	49
	551	27	48
	552	24	47
	553	27	50
	554	22	48
	555	27	47
	556	24	49
	557	26	53
	558	28	47
	559	24	47
	560	25	46
	561	25	49
	562	28	46
	563	25	47
	564	24	48
	565	26	47
	566	26	46
	567	28	51
	568	23	48
	569	25	48
	570	26	48
	571	29	51
	572	28	43
	573	25	46
	574	21	48
	575	23	49
	576	27	49
	577	27	48
	578	24	48
	579	25	49
	580	27	46
	581	27	46
	582	25	48
	583	25	48
	584	27	49
	585	24	50
	586	30	49
	587	26	50
	588	25	48
	589	25	48
	590	24	52
	591	29	51
	592	27	48
	593	25	48
	594	25	47
	595	24	49
	596	29	51
	597	27	46
	598	27	48
	599	28	50
	600	27	49
	601	27	48
	602	24	50
	603	29	49
	604	26	50
	605	27	49
	606	30	49
	607	27	48
	608	26	48
	609	27	47
	610	27	48
	611	28	48
	612	27	50
	613	28	50
	614	28	46
	615	30	48
	616	27	48
	617	30	49
	618	26	49
	619	31	51
	620	29	51
	621	30	49
	622	26	51
	623	31	50
	624	28	47
	625	29	53
	626	27	52
	627	27	50
	628	26	49
	629	28	49
	630	29	50
	631	32	50
	632	29	51
	633	29	52
	634	26	54
	635	30	51
	636	25	49
	637	31	54
	638	28	52
	639	27	52
	640	29	50
	641	26	49
	642	27	51
	643	29	54
	644	29	49
	645	30	52
	646	27	51
	647	30	50
	648	30	50
	649	30	57
	650	27	52
	651	30	53
	652	29	50
	653	28	54
	654	27	54
	655	27	55
	656	30	54
	657	30	53
	658	29	50
	659	31	53
	660	33	53
	661	31	53
	662	30	51
	663	30	52
	664	27	51
	665	35	56
	666	28	53
	667	32	54
	668	28	52
	669	26	53
	670	31	52
	671	30	55
	672	28	53
	673	30	56
	674	29	55
	675	27	56
	676	31	54
	677	30	55
	678	30	51
	679	30	53
	680	28	54
	681	31	59
	682	31	56
	683	31	58
	684	33	51
	685	28	55
	686	28	55
	687	30	55
	688	33	54
	689	28	56
	690	30	53
	691	32	53
	692	28	55
	693	30	55
	694	29	55
	695	29	54
	696	30	56
	697	31	57
	698	29	54
	699	36	56
	700	32	58
	701	30	55
	702	31	56
	703	29	56
	704	32	57
	705	31	56
	706	32	54
	707	32	57
	708	37	56
	709	27	56
	710	34	55
	711	35	57
	712	31	54
	713	30	56
	714	30	57
	715	34	58
	716	30	57
	717	29	55
	718	31	55
	719	31	56
	720	28	56
	721	34	55
	722	34	55
	723	29	57
	724	33	57
	725	33	56
	726	32	56
	727	31	53
	728	31	56
	729	32	58
	730	32	58
	731	31	59
	732	33	56
	733	34	54
	734	32	57
	735	32	62
	736	32	58
	737	33	59
	738	35	56
	739	29	58
	740	32	59
	741	29	59
	742	31	55
	743	32	56
	744	31	63
	745	36	58
	746	29	59
	747	31	58
	748	30	56
	749	34	57
	750	30	59
	751	30	57
	752	30	59
	753	28	57
	754	30	56
	755	31	57
	756	30	53
	757	31	55
	758	33	59
	759	32	58
	760	30	59
	761	32	57
	762	30	58
	763	35	59
	764	31	57
	765	33	56
	766	31	58
	767	30	55
	768	33	57
	769	33	57
	770	31	54
	771	32	58
	772	33	59
	773	32	55
	774	31	56
	775	33	60
	776	39	56
	777	35	57
	778	30	53
	779	31	56
	780	29	60
	781	33	58
	782	31	57
	783	31	58
	784	29	55
	785	35	55
	786	30	59
	787	28	60
	788	31	59
	789	33	59
	790	33	56
	791	35	58
	792	29	55
	793	30	59
	794	30	58
	795	31	60
	796	32	56
	797	33	57
	798	29	56
	799	29	52
	800	31	56
	801	30	57
	802	31	58
	803	30	62
	804	30	57
	805	33	56
	806	31	57
	807	31	59
	808	31	58
	809	33	54
	810	30	54
	811	32	58
	812	30	53
	813	30	56
	814	29	58
	815	31	56
	816	30	55
	817	30	55
	818	27	55
	819	31	53
	820	29	54
	821	26	55
	822	31	57
	823	28	56
	824	29	55
	825	31	55
	826	27	52
	827	26	55
	828	32	53
	829	31	57
	830	28	53
	831	30	57
	832	29	54
	833	31	53
	834	32	53
	835	27	54
	836	29	55
	837	28	51
	838	30	57
	839	29	53
	840	26	52
	841	29	52
	842	29	52
	843	27	54
	844	28	52
	845	31	53
	846	30	48
	847	28	54
	848	28	49
	849	31	54
	850	28	53
	851	27	54
	852	29	51
	853	23	53
	854	31	52
	855	29	54
	856	27	52
	857	28	52
	858	28	54
	859	30	51
	860	27	51
	861	24	53
	862	28	51
	863	29	54
	864	31	53
	865	26	51
	866	28	51
	867	27	55
	868	28	51
	869	27	53
	870	25	52
	871	28	51
	872	27	54
	873	26	51
	874	26	51
	875	28	52
	876	30	52
	877	29	51
	878	27	51
	879	31	55
	880	28	52
	881	27	55
	882	27	52
	883	26	50
	884	30	51
	885	27	53
	886	24	51
	887	28	54
	888	28	52
	889	27	50
	890	25	53
	891	26	51
	892	25	51
	893	29	56
	894	25	50
	895	26	53
	896	25	54
	897	26	48
	898	26	49
	899	27	53
	900	24	54
	901	27	54
	902	26	48
	903	27	52
	904	23	52
	905	26	49
	906	27	48
	907	27	48
	908	25	48
	909	27	51
	910	23	49
	911	26	47
	912	24	48
	913	25	51
	914	26	51
	915	24	52
	916	26	51
	917	25	49
	918	27	49
	919	29	47
	920	26	48
	921	28	49
	922	26	50
	923	27	52
	924	25	48
	925	24	50
	926	24	48
	927	27	49
	928	24	51
	929	28	48
	930	26	51
	931	27	52
	932	21	49
	933	25	52
	934	25	50
	935	27	49
	936	27	47
	937	27	46
	938	24	48
	939	26	48
	940	26	46
	941	24	50
	942	25	48
	943	23	49
	944	23	50
	945	26	49
	946	22	47
	947	24	50
	948	25	46
	949	24	48
	950	23	55
	951	25	48
	952	27	47
	953	25	49
	954	25	43
	955	26	48
	956	24	51
	957	27	49
	958	23	48
	959	25	47
	960	25	46
	961	27	48
	962	26	48
	963	23	50
	964	25	50
	965	25	48
	966	22	47
	967	24	47
	968	25	45
	969	25	47
	970	25	45
	971	24	46
	972	23	49
	973	26	50
	974	24	46
	975	23	48
	976	24	46
	977	24	46
	978	25	45
	979	25	47
	980	23	47
	981	24	47
	982	24	46
	983	26	48
	984	25	45
	985	23	47
	986	25	46
	987	26	47
	988	25	46
	989	26	48
	990	23	47
	991	24	45
	992	21	42
	993	25	50
	994	27	46
	995	24	47
	996	21	49
	997	25	46
	998	25	46
	999	22	49
	1000	25	47
	1001	23	47
	1002	24	46
	1003	24	44
	1004	23	45
	1005	26	46
	1006	24	45
	1007	25	45
	1008	22	47
	1009	23	42
	1010	25	46
	1011	22	45
	1012	22	45
	1013	23	46
	1014	24	44
	1015	24	44
	1016	22	46
	1017	22	44
	1018	24	45
	1019	25	48
	1020	21	48
	1021	23	46
	1022	23	46
	1023	26	46
	1024	24	43
	1025	22	44
	1026	20	47
	1027	25	46
	1028	25	43
	1029	23	43
	1030	23	44
	1031	24	48
	1032	22	42
	1033	23	44
	1034	21	43
	1035	23	43
	1036	21	44
	1037	24	45
	1038	21	46
	1039	24	44
	1040	21	43
	1041	20	43
	1042	24	44
	1043	23	42
	1044	26	49
	1045	23	42
	1046	20	43
	1047	24	48
	1048	23	47
	1049	25	44
	1050	22	44
	1051	23	46
	1052	23	44
	1053	24	45
	1054	21	44
	1055	24	50
	1056	21	46
	1057	22	43
	1058	23	44
	1059	23	44
	1060	19	44
	1061	21	44
	1062	23	42
	1063	23	43
	1064	23	43
	1065	23	46
	1066	23	41
	1067	23	44
	1068	21	45
	1069	22	45
	1070	21	42
	1071	24	44
	1072	21	43
	1073	23	43
	1074	22	44
	1075	21	41
	1076	23	41
	1077	31	46
	1078	24	44
	1079	24	48
	1080	21	44
	1081	22	44
	1082	23	45
	1083	23	45
	1084	23	44
	1085	23	44
	1086	22	48
	1087	22	46
	1088	23	41
	1089	23	42
	1090	22	43
	1091	23	43
	1092	22	43
	1093	22	45
	1094	23	42
	1095	21	44
	1096	21	45
	1097	23	42
	1098	22	43
	1099	24	43
	1100	23	46
	1101	23	44
	1102	20	44
	1103	23	43
	1104	20	44
	1105	25	42
	1106	19	41
	1107	24	42
	1108	21	45
	1109	23	44
	1110	22	46
	1111	19	44
	1112	23	44
	1113	24	43
	1114	23	46
	1115	25	43
	1116	21	41
	1117	24	47
	1118	21	44
	1119	24	43
	1120	22	44
	1121	24	44
	1122	22	45
	1123	23	44
	1124	21	42
	1125	22	42
	1126	24	43
	1127	20	44
	1128	21	45
	1129	22	45
	1130	20	45
	1131	22	44
	1132	24	45
	1133	22	44
	1134	21	44
	1135	23	44
	1136	24	47
	1137	25	44
	1138	21	42
	1139	23	48
	1140	24	43
	1141	24	45
	1142	22	45
	1143	23	45
	1144	21	45
	1145	21	43
	1146	21	45
	1147	23	44
	1148	22	43
	1149	23	46
	1150	25	45
	1151	25	45
	1152	19	44
	1153	20	42
	1154	26	42
	1155	25	43
	1156	24	44
	1157	23	43
	1158	21	41
	1159	23	43
	1160	19	45
	1161	24	46
	1162	23	42
	1163	21	49
	1164	21	41
	1165	23	42
	1166	22	44
	1167	24	43
	1168	23	45
	1169	22	43
	1170	20	45
	1171	23	44
	1172	24	42
	1173	22	43
	1174	21	42
	1175	22	44
	1176	27	45
	1177	24	45
	1178	23	44
	1179	23	43
	1180	23	43
	1181	20	44
	1182	25	41
	1183	23	45
	1184	21	41
	1185	26	43
	1186	20	42
	1187	24	40
	1188	23	44
	1189	22	44
	1190	25	43
	1191	23	45
	1192	21	44
	1193	20	42
	1194	24	42
	1195	25	44
	1196	26	44
	1197	23	46
	1198	25	43
	1199	22	42
	1200	23	43
	1201	24	41
	1202	22	45
	1203	21	47
	1204	24	45
	1205	25	45
	1206	25	44
	1207	25	44
	1208	22	43
	1209	23	44
	1210	24	43
	1211	24	47
	1212	24	45
	1213	20	42
	1214	22	43
	1215	25	41
	1216	22	42
	1217	23	42
	1218	16	41
	1219	21	43
	1220	19	45
	1221	23	44
	1222	23	42
	1223	22	44
	1224	21	45
	1225	23	46
	1226	22	43
	1227	23	43
	1228	19	43
	1229	24	43
	1230	25	43
	1231	21	42
	1232	22	43
	1233	24	43
	1234	22	44
	1235	23	45
	1236	20	41
	1237	24	45
	1238	22	44
	1239	22	44
	1240	22	42
	1241	23	42
	1242	23	43
	1243	22	43
	1244	23	44
	1245	22	44
	1246	25	41
	1247	25	46
	1248	21	45
	1249	25	41
	1250	23	40
	1251	26	43
	1252	23	44
	1253	20	44
	1254	22	45
	1255	22	40
	1256	22	42
	1257	20	46
	1258	21	42
	1259	21	43
	1260	23	43
	1261	23	44
	1262	22	42
	1263	23	44
	1264	20	43
	1265	24	45
	1266	31	43
	1267	31	43
	1268	22	46
	1269	24	47
	1270	21	44
	1271	23	44
	1272	20	44
	1273	23	44
	1274	24	44
	1275	26	49
	1276	22	43
	1277	24	41
	1278	21	45
	1279	25	41
	1280	24	43
	1281	23	45
	1282	24	45
	1283	25	45
	1284	19	44
	1285	20	43
	1286	20	41
	1287	22	43
	1288	21	41
	1289	22	42
	1290	23	43
	1291	21	46
	1292	23	44
	1293	21	40
	1294	23	44
	1295	24	42
	1296	23	43
	1297	23	44
	1298	19	44
	1299	26	43
	1300	24	43
	1301	23	42
	1302	21	43
	1303	23	46
	1304	19	43
	1305	23	42
	1306	21	43
	1307	19	42
	1308	23	39
	1309	23	46
	1310	22	43
	1311	21	44
	1312	20	46
	1313	23	43
	1314	23	43
	1315	24	45
	1316	23	44
	1317	22	41
	1318	22	44
	1319	22	44
	1320	21	42
	1321	24	44
	1322	23	44
	1323	23	43
	1324	25	43
	1325	20	45
	1326	19	44
	1327	23	45
	1328	22	45
	1329	21	42
	1330	26	43
	1331	24	45
	1332	21	42
	1333	23	43
	1334	24	44
	1335	24	42
	1336	21	40
	1337	22	45
	1338	21	43
	1339	22	45
	1340	20	47
	1341	26	46
	1342	21	43
	1343	24	43
	1344	21	41
	1345	20	43
	1346	24	43
	1347	24	45
	1348	20	42
	1349	21	44
	1350	24	43
	1351	23	45
	1352	22	41
	1353	21	42
	1354	22	41
	1355	24	44
	1356	23	43
	1357	22	44
	1358	23	44
	1359	22	46
	1360	21	44
	1361	23	43
	1362	23	41
	1363	24	45
	1364	19	44
	1365	22	44
	1366	21	43
	1367	21	44
	1368	23	44
	1369	22	43
	1370	23	41
	1371	22	38
	1372	30	44
	1373	23	42
	1374	23	44
	1375	23	44
	1376	23	40
	1377	23	43
	1378	20	40
	1379	21	44
	1380	22	43
	1381	31	44
	1382	23	43
	1383	22	45
	1384	22	42
	1385	20	45
	1386	24	43
	1387	24	43
	1388	23	43
	1389	21	42
	1390	19	46
	1391	23	46
	1392	22	43
	1393	22	47
	1394	21	44
	1395	23	43
	1396	22	43
	1397	21	44
	1398	21	43
	1399	22	44
	1400	23	44
	1401	22	43
	1402	22	44
	1403	22	45
	1404	23	44
	1405	21	42
	1406	21	44
	1407	24	44
	1408	22	41
	1409	24	45
	1410	22	45
	1411	23	42
	1412	21	45
	1413	22	43
	1414	21	41
	1415	24	44
	1416	21	43
	1417	20	44
	1418	22	44
	1419	22	43
	1420	22	43
	1421	21	43
	1422	23	41
	1423	23	45
	1424	25	44
	1425	24	44
	1426	21	45
	1427	20	42
	1428	19	43
	1429	24	44
	1430	22	45
	1431	24	43
	1432	22	43
	1433	22	42
	1434	24	42
	1435	24	43
	1436	23	43
	1437	22	43
	1438	21	43
	1439	23	42
	1440	23	43
	1441	21	43
	1442	24	43
	1443	24	43
	1444	20	41
	1445	19	43
	1446	23	43
	1447	25	43
	1448	24	43
	1449	22	44
	1450	22	44
	1451	19	44
	1452	21	43
	1453	21	45
	1454	21	42
	1455	22	44
	1456	22	43
	1457	20	43
	1458	22	43
	1459	21	43
	1460	24	41
	1461	24	43
	1462	24	44
	1463	23	44
	1464	20	43
	1465	23	44
	1466	22	40
	1467	22	43
	1468	24	44
	1469	22	43
	1470	23	41
	1471	20	44
	1472	22	42
	1473	23	45
	1474	21	45
	1475	24	45
	1476	21	43
	1477	22	41
	1478	20	43
	1479	22	43
	1480	24	42
	1481	24	42
	1482	23	42
	1483	22	45
	1484	22	44
	1485	19	46
	1486	22	41
	1487	23	42
	1488	22	43
	1489	23	43
	1490	22	43
	1491	25	40
	1492	18	40
	1493	23	45
	1494	23	44
	1495	20	43
	1496	23	42
	1497	21	43
	1498	21	40
	1499	20	44
	1500	20	41
	1501	22	46
	1502	23	41
	1503	22	43
	1504	24	43
	1505	24	44
	1506	21	41
	1507	25	43
	1508	21	42
	1509	21	45
	1510	20	42
	1511	21	42
	1512	18	42
	1513	23	41
	1514	22	43
	1515	22	44
	1516	21	45
	1517	21	43
	1518	21	42
	1519	22	43
	1520	22	43
	1521	20	41
	1522	22	40
	1523	21	44
	1524	20	42
	1525	19	44
	1526	21	41
	1527	23	43
	1528	22	43
	1529	23	46
	1530	21	44
	1531	28	43
	1532	21	44
	1533	23	43
	1534	20	43
	1535	21	42
	1536	20	41
	1537	21	43
	1538	23	42
	1539	22	44
	1540	22	40
	1541	23	44
	1542	19	40
	1543	23	44
	1544	20	46
	1545	21	43
	1546	19	42
	1547	22	43
	1548	22	43
	1549	24	43
	1550	21	44
	1551	21	43
	1552	23	45
	1553	28	44
	1554	23	42
	1555	24	43
	1556	22	46
	1557	24	42
	1558	25	48
	1559	22	44
	1560	22	41
	1561	22	41
	1562	23	40
	1563	22	46
	1564	22	40
	1565	20	45
	1566	22	39
	1567	23	42
	1568	21	43
	1569	25	44
	1570	22	44
	1571	23	52
	1572	20	42
	1573	24	43
	1574	25	48
	1575	26	44
	1576	21	45
	1577	24	47
	1578	23	47
	1579	21	48
	1580	25	44
	1581	23	47
	1582	24	42
	1583	21	46
	1584	23	41
	1585	22	45
	1586	24	47
	1587	25	45
	1588	23	46
	1589	25	44
	1590	23	43
	1591	24	46
	1592	23	45
	1593	23	45
	1594	23	43
	1595	23	45
	1596	23	46
	1597	27	44
	1598	23	44
	1599	24	48
	1600	23	43
	1601	24	47
	1602	23	47
	1603	25	47
	1604	24	47
	1605	25	50
	1606	24	48
	1607	25	47
	1608	24	50
	1609	26	47
	1610	25	44
	1611	23	45
	1612	22	44
	1613	22	47
	1614	24	44
	1615	25	47
	1616	21	43
	1617	23	45
	1618	20	44
	1619	25	45
	1620	22	43
	1621	23	49
	1622	23	47
	1623	22	45
	1624	22	45
	1625	24	48
	1626	23	47
	1627	23	41
	1628	21	47
	1629	23	44
	1630	22	43
	1631	23	48
	1632	22	45
	1633	23	48
	1634	21	46
	1635	24	47
	1636	22	46
	1637	23	50
	1638	19	45
	1639	24	47
	1640	22	46
	1641	25	46
	1642	21	45
	1643	25	46
	1644	23	46
	1645	24	44
	1646	30	46
	1647	21	45
	1648	25	44
	1649	22	46
	1650	23	48
	1651	21	46
	1652	23	46
	1653	26	47
	1654	24	44
	1655	26	45
	1656	20	42
	1657	24	48
	1658	21	46
	1659	26	41
	1660	25	45
	1661	22	43
	1662	22	46
	1663	25	45
	1664	21	46
	1665	23	46
	1666	25	47
	1667	28	46
	1668	24	47
	1669	23	44
	1670	23	45
	1671	26	47
	1672	23	45
	1673	24	43
	1674	22	40
	1675	23	42
	1676	25	43
	1677	22	44
	1678	22	46
	1679	23	46
	1680	19	43
	1681	26	43
	1682	24	44
	1683	21	45
	1684	23	46
	1685	23	47
	1686	20	44
	1687	27	46
	1688	19	46
	1689	22	44
	1690	19	42
	1691	24	45
	1692	21	45
	1693	20	46
	1694	23	45
	1695	23	45
	1696	19	42
	1697	20	46
	1698	22	46
	1699	24	43
	1700	21	42
	1701	22	44
	1702	19	42
	1703	22	42
	1704	20	42
	1705	23	44
	1706	22	43
	1707	23	44
	1708	23	42
	1709	20	43
	1710	22	39
	1711	22	44
	1712	23	40
	1713	21	39
	1714	21	43
	1715	28	40
	1716	21	43
	1717	24	45
	1718	24	41
	1719	21	41
	1720	21	41
	1721	21	44
	1722	20	41
	1723	20	42
	1724	20	41
	1725	20	42
	1726	27	43
	1727	21	44
	1728	23	40
	1729	20	40
	1730	19	42
	1731	21	44
	1732	21	43
	1733	21	42
	1734	22	43
	1735	23	43
	1736	20	44
	1737	23	44
	1738	20	43
	1739	22	41
	1740	22	39
	1741	22	43
	1742	19	42
	1743	22	44
	1744	21	41
	1745	20	41
	1746	18	41
	1747	21	43
	1748	20	41
	1749	23	41
	1750	18	40
	1751	20	41
	1752	21	44
	1753	23	38
	1754	22	41
	1755	23	45
	1756	22	43
	1757	21	42
	1758	22	43
	1759	22	45
	1760	23	43
	1761	21	42
	1762	20	43
	1763	21	45
	1764	19	42
	1765	21	42
	1766	19	41
	1767	21	39
	1768	19	42
	1769	20	43
	1770	20	43
	1771	23	44
	1772	19	44
	1773	19	43
	1774	24	42
	1775	18	43
	1776	20	43
	1777	22	43
	1778	22	40
	1779	23	41
	1780	21	41
	1781	22	43
	1782	23	40
	1783	20	41
	1784	21	41
	1785	22	43
	1786	21	41
	1787	19	45
	1788	23	41
	1789	21	45
	1790	20	41
	1791	24	41
	1792	21	43
	1793	24	41
	1794	20	41
	1795	20	44
	1796	21	42
	1797	22	42
	1798	16	40
	1799	21	39
	1800	20	43
	1801	22	42
	1802	20	41
	1803	21	41
	1804	21	41
	1805	22	43
	1806	21	43
	1807	22	41
	1808	20	43
	1809	21	41
	1810	23	37
	1811	20	40
	1812	21	42
	1813	22	42
	1814	22	41
	1815	20	41
	1816	19	42
	1817	21	42
	1818	20	41
	1819	21	42
	1820	20	42
	1821	21	43
	1822	22	40
	1823	21	43
	1824	21	38
	1825	21	41
	1826	23	44
	1827	20	43
	1828	20	41
	1829	21	43
	1830	20	41
	1831	25	39
	1832	22	39
	1833	23	43
	1834	18	42
	1835	23	43
	1836	20	39
	1837	21	42
	1838	18	39
	1839	21	40
	1840	21	41
	1841	22	43
	1842	23	39
	1843	20	40
	1844	22	41
	1845	22	40
	1846	22	44
	1847	23	40
	1848	21	40
	1849	20	42
	1850	21	42
	1851	21	40
	1852	19	44
	1853	22	42
	1854	19	40
	1855	21	43
	1856	18	46
	1857	21	42
	1858	23	37
	1859	21	40
	1860	22	39
	1861	19	41
	1862	21	42
	1863	23	42
	1864	21	44
	1865	22	41
	1866	20	42
	1867	23	40
	1868	20	39
	1869	23	40
	1870	21	43
	1871	22	40
	1872	24	39
	1873	21	41
	1874	21	41
	1875	20	42
	1876	20	40
	1877	19	39
	1878	19	39
	1879	21	40
	1880	22	40
	1881	21	42
	1882	19	39
	1883	21	40
	1884	23	43
	1885	23	41
	1886	22	39
	1887	21	43
	1888	23	39
	1889	23	41
	1890	22	43
	1891	20	43
	1892	20	41
	1893	24	42
	1894	19	40
	1895	21	40
	1896	21	42
	1897	21	44
	1898	22	41
	1899	21	43
	1900	20	43
	1901	23	42
	1902	20	39
	1903	23	41
	1904	23	41
	1905	21	41
	1906	22	41
	1907	28	40
	1908	20	39
	1909	22	40
	1910	19	41
	1911	22	42
	1912	21	40
	1913	21	43
	1914	21	41
	1915	22	43
	1916	20	42
	1917	21	40
	1918	21	42
	1919	21	40
	1920	22	39
	1921	19	47
	1922	21	38
	1923	24	40
	1924	21	42
	1925	22	40
	1926	19	42
	1927	21	41
	1928	18	37
	1929	21	41
	1930	20	41
	1931	22	41
	1932	20	42
	1933	21	42
	1934	21	40
	1935	24	45
	1936	21	41
	1937	24	40
	1938	20	42
	1939	21	40
	1940	23	39
	1941	21	40
	1942	21	41
	1943	22	42
	1944	19	39
	1945	22	40
	1946	19	40
	1947	20	43
	1948	19	40
	1949	21	42
	1950	21	42
	1951	21	41
	1952	21	40
	1953	23	43
	1954	21	40
	1955	21	42
	1956	22	45
	1957	23	39
	1958	20	39
	1959	21	42
	1960	22	40
	1961	20	43
	1962	21	41
	1963	23	40
	1964	20	41
	1965	23	43
	1966	20	38
	1967	21	43
	1968	21	40
	1969	20	43
	1970	22	43
	1971	20	41
	1972	22	40
	1973	23	42
	1974	19	41
	1975	23	43
	1976	20	42
	1977	22	41
	1978	23	42
	1979	20	43
	1980	20	39
	1981	22	41
	1982	21	39
	1983	20	40
	1984	20	41
	1985	20	42
	1986	20	42
	1987	21	42
	1988	21	44
	1989	19	41
	1990	20	42
	1991	22	39
	1992	22	40
	1993	20	43
	1994	20	43
	1995	20	42
	1996	19	39
	1997	22	39
	1998	18	40
	1999	20	44
	2000	20	41
	2001	21	42
	2002	21	41
	2003	19	41
	2004	19	43
	2005	20	44
	2006	20	41
	2007	21	42
	2008	21	41
	2009	21	41
	2010	21	45
	2011	21	41
	2012	19	42
	2013	23	41
	2014	21	44
	2015	23	39
	2016	20	42
	2017	21	40
	2018	20	40
	2019	21	41
	2020	21	40
	2021	19	41
	2022	19	42
	2023	22	41
	2024	19	41
	2025	22	42
	2026	20	41
	2027	20	41
	2028	18	41
	2029	22	42
	2030	20	41
	2031	20	43
	2032	23	41
	2033	23	43
	2034	19	40
	2035	21	39
	2036	20	41
	2037	20	42
	2038	22	42
	2039	22	43
	2040	20	44
	2041	21	41
	2042	19	41
	2043	21	41
	2044	21	41
	2045	22	40
	2046	21	39
	2047	23	38
	2048	19	44
	2049	22	41
	2050	21	40
	2051	20	39
	2052	19	42
	2053	20	41
	2054	20	41
	2055	20	43
	2056	19	39
	2057	23	40
	2058	21	39
	2059	21	43
	2060	21	38
	2061	23	42
	2062	18	40
	2063	21	40
	2064	20	40
	2065	20	46
	2066	21	40
	2067	18	42
	2068	20	42
	2069	23	41
	2070	19	40
	2071	23	43
	2072	22	40
	2073	20	43
	2074	20	40
	2075	25	41
	2076	19	39
	2077	23	41
	2078	21	41
	2079	20	40
	2080	22	41
	2081	20	41
	2082	17	43
	2083	23	40
	2084	20	40
	2085	22	42
	2086	21	43
	2087	19	40
	2088	22	40
	2089	22	41
	2090	21	41
	2091	23	40
	2092	16	39
	2093	23	42
	2094	22	41
	2095	25	41
	2096	17	43
	2097	20	42
	2098	20	41
	2099	20	40
	2100	19	44
	2101	20	41
	2102	20	42
	2103	22	40
	2104	22	39
	2105	23	39
	2106	22	42
	2107	20	42
	2108	18	41
	2109	21	43
	2110	19	42
	2111	23	40
	2112	18	42
	2113	22	40
	2114	19	42
	2115	20	40
	2116	21	40
	2117	22	40
	2118	22	41
	2119	21	41
	2120	22	40
	2121	23	40
	2122	23	41
	2123	21	44
	2124	21	41
	2125	22	41
	2126	20	42
	2127	22	40
	2128	20	40
	2129	18	39
	2130	18	43
	2131	24	42
	2132	19	39
	2133	22	42
	2134	21	41
	2135	19	40
	2136	20	38
	2137	22	41
	2138	21	39
	2139	19	40
	2140	21	42
	2141	23	40
	2142	22	42
	2143	22	41
	2144	20	40
	2145	21	41
	2146	19	39
	2147	22	38
	2148	21	39
	2149	19	41
	2150	20	41
	2151	22	43
	2152	22	41
	2153	21	39
	2154	23	41
	2155	23	40
	2156	19	43
	2157	22	43
	2158	24	40
	2159	22	42
	2160	21	41
	2161	22	40
	2162	21	41
	2163	23	42
	2164	21	39
	2165	21	41
	2166	21	42
	2167	21	38
	2168	20	43
	2169	21	41
	2170	22	60
	2171	23	40
	2172	21	43
	2173	24	41
	2174	16	43
	2175	20	38
	2176	21	40
	2177	22	40
	2178	23	43
	2179	20	38
	2180	19	40
	2181	20	39
	2182	21	40
	2183	19	39
	2184	22	41
	2185	21	41
	2186	19	41
	2187	22	43
	2188	19	41
	2189	21	43
	2190	22	38
	2191	21	43
	2192	20	38
	2193	21	43
	2194	20	48
	2195	22	39
	2196	21	43
	2197	22	40
	2198	23	39
	2199	23	39
	2200	19	39
	2201	20	42
	2202	19	39
	2203	19	40
	2204	20	37
	2205	25	39
	2206	18	43
	2207	22	41
	2208	19	39
	2209	22	42
	2210	21	37
	2211	24	43
	2212	21	39
	2213	21	38
	2214	19	42
	2215	21	42
	2216	20	39
	2217	20	40
	2218	21	41
	2219	22	41
	2220	20	43
	2221	23	41
	2222	19	42
	2223	25	46
	2224	21	40
	2225	19	40
	2226	22	40
	2227	20	40
	2228	20	38
	2229	19	39
	2230	22	38
	2231	21	40
	2232	22	38
	2233	21	40
	2234	22	38
	2235	21	41
	2236	19	41
	2237	23	44
	2238	20	40
	2239	21	46
	2240	18	40
	2241	23	40
	2242	19	41
	2243	22	42
	2244	22	39
	2245	21	41
	2246	20	40
	2247	21	42
	2248	20	40
	2249	22	42
	2250	21	38
	2251	20	41
	2252	21	41
	2253	21	41
	2254	20	42
	2255	21	40
	2256	22	43
	2257	20	40
	2258	21	41
	2259	21	42
	2260	20	41
	2261	20	40
	2262	20	41
	2263	22	42
	2264	20	41
	2265	19	43
	2266	21	42
	2267	21	39
	2268	23	42
	2269	21	42
	2270	19	40
	2271	22	42
	2272	19	41
	2273	22	41
	2274	21	39
	2275	21	40
	2276	19	38
	2277	22	43
	2278	19	41
	2279	22	43
	2280	19	41
	2281	19	41
	2282	22	41
	2283	22	42
	2284	21	44
	2285	23	41
	2286	19	42
	2287	21	40
	2288	20	39
	2289	18	39
	2290	18	42
	2291	20	40
	2292	20	39
	2293	20	38
	2294	21	40
	2295	21	43
	2296	21	41
	2297	22	42
	2298	20	43
	2299	22	43
	2300	16	43
	2301	21	40
	2302	20	40
	2303	21	40
	2304	19	40
	2305	22	41
	2306	17	40
	2307	21	41
	2308	18	38
	2309	19	44
	2310	20	38
	2311	22	42
	2312	20	40
	2313	20	42
	2314	19	38
	2315	20	44
	2316	20	42
	2317	22	42
	2318	19	42
	2319	23	40
	2320	19	40
	2321	22	39
	2322	19	40
	2323	22	40
	2324	22	42
	2325	23	39
	2326	19	39
	2327	23	41
	2328	19	41
	2329	22	41
	2330	21	41
	2331	17	38
	2332	19	37
	2333	20	40
	2334	19	41
	2335	23	44
	2336	20	39
	2337	21	39
	2338	21	42
	2339	21	42
	2340	20	43
	2341	21	41
	2342	22	39
	2343	21	40
	2344	21	40
	2345	22	42
	2346	21	40
	2347	20	38
	2348	18	39
	2349	19	42
	2350	19	40
	2351	23	42
	2352	21	39
	2353	21	39
	2354	16	38
	2355	21	42
	2356	18	40
	2357	21	44
	2358	23	42
	2359	20	39
	2360	20	41
	2361	19	41
	2362	19	42
	2363	26	45
	2364	22	39
	2365	21	41
	2366	20	42
	2367	19	41
	2368	17	38
	2369	24	41
	2370	20	37
	2371	21	41
	2372	22	43
	2373	18	42
	2374	20	39
	2375	23	44
	2376	19	40
	2377	20	41
	2378	23	42
	2379	23	40
	2380	19	38
	2381	22	40
	2382	20	40
	2383	23	40
	2384	19	40
	2385	22	42
	2386	18	40
	2387	23	44
	2388	18	40
	2389	21	39
	2390	22	41
	2391	24	41
	2392	21	41
	2393	19	41
	2394	19	38
	2395	19	40
	2396	21	41
	2397	19	41
	2398	22	41
	2399	21	43
	2400	19	44
	2401	25	41
	2402	19	38
	2403	29	42
	2404	21	39
	2405	19	41
	2406	19	41
	2407	20	41
	2408	20	41
	2409	22	41
	2410	20	41
	2411	22	41
	2412	20	42
	2413	21	41
	2414	21	41
	2415	23	42
	2416	21	43
	2417	21	46
	2418	22	42
	2419	20	43
	2420	20	40
	2421	22	40
	2422	20	39
	2423	23	43
	2424	21	42
	2425	22	43
	2426	19	39
	2427	20	46
	2428	17	40
	2429	20	41
	2430	23	43
	2431	24	41
	2432	19	40
	2433	22	43
	2434	23	40
	2435	21	43
	2436	22	42
	2437	20	39
	2438	21	43
	2439	22	42
	2440	22	39
	2441	19	41
	2442	19	42
	2443	22	38
	2444	19	37
	2445	23	39
	2446	22	36
	2447	20	43
	2448	19	40
	2449	18	40
	2450	20	40
	2451	25	41
	2452	20	40
	2453	19	41
	2454	21	42
	2455	21	43
	2456	22	39
	2457	18	43
	2458	19	39
	2459	21	40
	2460	21	38
	2461	21	43
	2462	19	42
	2463	21	43
	2464	21	45
	2465	19	41
	2466	19	40
	2467	19	42
	2468	22	40
	2469	21	40
	2470	20	43
	2471	19	42
	2472	22	40
	2473	19	41
	2474	24	38
	2475	22	43
	2476	21	43
	2477	19	42
	2478	18	41
	2479	21	40
	2480	19	39
	2481	21	44
	2482	21	42
	2483	19	40
	2484	20	41
	2485	20	41
	2486	18	42
	2487	22	40
	2488	20	39
	2489	20	42
	2490	20	44
	2491	20	43
	2492	19	42
	2493	19	38
	2494	20	38
	2495	20	43
	2496	20	43
	2497	22	40
	2498	20	39
	2499	21	41
	2500	17	39
	2501	23	42
	2502	21	40
	2503	21	43
	2504	23	41
	2505	20	40
	2506	21	40
	2507	22	40
	2508	18	40
	2509	22	37
	2510	21	40
	2511	21	40
	2512	19	41
	2513	22	42
	2514	19	39
	2515	22	39
	2516	22	40
	2517	20	40
	2518	24	40
	2519	21	42
	2520	20	42
	2521	21	38
	2522	20	42
	2523	22	43
	2524	21	39
	2525	20	41
	2526	23	38
	2527	23	43
	2528	18	43
	2529	25	41
	2530	22	43
	2531	21	41
	2532	20	42
	2533	19	41
	2534	18	39
	2535	20	42
	2536	22	37
	2537	23	39
	2538	21	38
	2539	19	41
	2540	21	40
	2541	22	40
	2542	19	40
	2543	21	41
	2544	21	39
	2545	20	40
	2546	20	39
	2547	18	43
	2548	20	40
	2549	21	43
	2550	21	41
	2551	21	43
	2552	20	38
	2553	19	41
	2554	20	41
	2555	21	42
	2556	21	41
	2557	21	42
	2558	20	39
	2559	21	43
	2560	19	41
	2561	19	41
	2562	18	45
	2563	23	38
	2564	19	38
	2565	20	40
	2566	22	39
	2567	23	50
	2568	19	39
	2569	21	40
	2570	22	41
	2571	22	41
	2572	20	38
	2573	17	41
	2574	19	39
	2575	21	42
	2576	20	40
	2577	23	40
	2578	19	41
	2579	21	41
	2580	19	38
	2581	22	40
	2582	19	43
	2583	22	40
	2584	21	40
	2585	21	40
	2586	20	39
	2587	19	43
	2588	20	40
	2589	23	39
	2590	20	39
	2591	24	44
	2592	20	41
	2593	20	40
	2594	21	41
	2595	23	39
	2596	19	41
	2597	22	40
	2598	21	39
	2599	21	41
	2600	21	41
	2601	22	36
	2602	21	40
	2603	22	42
	2604	21	40
	2605	20	41
	2606	18	40
	2607	19	40
	2608	18	40
	2609	23	40
	2610	19	40
	2611	22	43
	2612	19	39
	2613	24	42
	2614	22	41
	2615	23	43
	2616	21	40
	2617	21	38
	2618	19	41
	2619	23	41
	2620	20	42
	2621	19	43
	2622	20	42
	2623	21	43
	2624	21	40
	2625	23	41
	2626	24	41
	2627	21	40
	2628	20	39
	2629	19	41
	2630	23	37
	2631	21	40
	2632	20	41
	2633	21	42
	2634	20	39
	2635	22	39
	2636	23	39
	2637	23	41
	2638	20	40
	2639	20	39
	2640	21	42
	2641	21	40
	2642	20	40
	2643	21	40
	2644	20	37
	2645	21	42
	2646	18	40
	2647	21	39
	2648	20	40
	2649	20	41
	2650	21	41
	2651	18	42
	2652	19	43
	2653	21	42
	2654	20	44
	2655	22	40
	2656	21	40
	2657	21	39
	2658	19	38
	2659	20	42
	2660	19	41
	2661	21	41
	2662	20	39
	2663	21	41
	2664	20	40
	2665	19	40
	2666	22	40
	2667	22	41
	2668	22	42
	2669	23	43
	2670	23	41
	2671	20	40
	2672	19	41
	2673	21	40
	2674	22	43
	2675	22	44
	2676	19	39
	2677	19	40
	2678	18	40
	2679	20	40
	2680	20	43
	2681	19	39
	2682	19	39
	2683	20	43
	2684	21	42
	2685	19	41
	2686	19	39
	2687	19	41
	2688	19	39
	2689	19	41
	2690	20	39
	2691	20	40
	2692	19	41
	2693	19	40
	2694	19	40
	2695	20	43
	2696	18	39
	2697	19	43
	2698	20	38
	2699	21	42
	2700	19	39
	2701	22	42
	2702	18	42
	2703	21	42
	2704	21	39
	2705	20	40
	2706	20	42
	2707	21	40
	2708	21	38
	2709	21	41
	2710	20	41
	2711	22	42
	2712	19	39
	2713	19	43
	2714	22	39
	2715	20	42
	2716	19	39
	2717	21	43
	2718	21	42
	2719	18	39
	2720	20	37
	2721	27	41
	2722	19	40
	2723	23	41
	2724	21	39
	2725	20	43
	2726	25	42
	2727	21	40
	2728	19	42
	2729	20	41
	2730	20	39
	2731	20	41
	2732	19	38
	2733	21	41
	2734	20	39
	2735	22	39
	2736	22	39
	2737	20	41
	2738	20	38
	2739	22	41
	2740	21	41
	2741	21	40
	2742	20	40
	2743	23	41
	2744	21	44
	2745	22	42
	2746	19	41
	2747	23	41
	2748	21	41
	2749	21	39
	2750	23	41
	2751	20	42
	2752	21	40
	2753	22	40
	2754	19	42
	2755	20	43
	2756	19	38
	2757	21	40
	2758	19	42
	2759	20	43
	2760	18	42
	2761	21	40
	2762	23	39
	2763	24	41
	2764	22	42
	2765	19	40
	2766	19	40
	2767	21	42
	2768	20	39
	2769	19	40
	2770	18	39
	2771	23	40
	2772	20	41
	2773	22	42
	2774	21	41
	2775	23	42
	2776	18	40
	2777	21	43
	2778	21	40
	2779	21	41
	2780	21	42
	2781	23	42
	2782	22	38
	2783	27	38
	2784	19	39
	2785	20	41
	2786	21	42
	2787	20	42
	2788	21	41
	2789	22	41
	2790	18	38
	2791	18	43
	2792	17	42
	2793	23	41
	2794	24	39
	2795	23	40
	2796	21	41
	2797	21	41
	2798	21	42
	2799	20	40
	2800	20	40
	2801	20	44
	2802	21	44
	2803	19	41
	2804	19	42
	2805	20	39
	2806	20	38
	2807	20	41
	2808	21	43
	2809	22	42
	2810	19	43
	2811	20	41
	2812	20	40
	2813	22	43
	2814	20	42
	2815	21	41
	2816	21	41
	2817	20	41
	2818	21	42
	2819	25	39
	2820	20	40
	2821	23	40
	2822	19	37
	2823	22	41
	2824	22	40
	2825	20	41
	2826	19	40
	2827	23	40
	2828	21	39
	2829	22	41
	2830	21	41
	2831	23	39
	2832	22	40
	2833	20	39
	2834	22	43
	2835	21	42
	2836	22	39
	2837	20	44
	2838	18	41
	2839	23	40
	2840	18	41
	2841	20	40
	2842	20	41
	2843	21	40
	2844	21	38
	2845	19	39
	2846	18	41
	2847	21	43
	2848	21	37
	2849	18	40
	2850	22	40
	2851	18	41
	2852	19	40
	2853	22	38
	2854	21	38
	2855	21	39
	2856	18	43
	2857	22	43
	2858	22	42
	2859	21	42
	2860	19	41
	2861	23	43
	2862	19	39
	2863	22	39
	2864	21	38
	2865	19	39
	2866	20	40
	2867	21	44
	2868	19	40
	2869	21	43
	2870	23	40
	2871	19	40
	2872	23	42
	2873	21	39
	2874	19	42
	2875	18	41
	2876	20	41
	2877	19	42
	2878	22	44
	2879	21	40
	2880	21	40
	2881	21	40
	2882	18	39
	2883	22	43
	2884	20	39
	2885	22	39
	2886	20	41
	2887	22	42
	2888	21	41
	2889	41	42
	2890	20	42
	2891	21	41
	2892	22	41
	2893	21	41
	2894	22	41
	2895	20	40
	2896	17	40
	2897	21	39
	2898	22	44
	2899	19	43
	2900	17	39
	2901	21	45
	2902	20	42
	2903	21	41
	2904	17	43
	2905	18	41
	2906	21	39
	2907	19	39
	2908	20	40
	2909	19	42
	2910	18	42
	2911	21	46
	2912	19	41
	2913	20	42
	2914	20	46
	2915	18	42
	2916	19	42
	2917	21	39
	2918	20	39
	2919	21	40
	2920	23	38
	2921	22	43
	2922	19	42
	2923	21	41
	2924	21	40
	2925	21	40
	2926	22	38
	2927	19	40
	2928	20	41
	2929	20	40
	2930	20	40
	2931	20	39
	2932	20	42
	2933	22	41
	2934	20	40
	2935	19	40
	2936	18	39
	2937	20	41
	2938	17	43
	2939	22	42
	2940	20	37
	2941	21	43
	2942	20	42
	2943	20	40
	2944	17	42
	2945	19	38
	2946	21	39
	2947	22	41
	2948	20	39
	2949	21	39
	2950	19	42
	2951	20	41
	2952	19	39
	2953	22	41
	2954	21	39
	2955	23	40
	2956	21	41
	2957	22	41
	2958	19	42
	2959	22	43
	2960	19	43
	2961	20	43
	2962	21	39
	2963	20	41
	2964	20	40
	2965	20	38
	2966	19	41
	2967	22	40
	2968	21	39
	2969	18	40
	2970	17	40
	2971	21	38
	2972	15	42
	2973	20	41
	2974	19	41
	2975	20	42
	2976	23	40
	2977	21	41
	2978	21	41
	2979	20	42
	2980	20	39
	2981	19	40
	2982	16	41
	2983	19	38
	2984	19	39
	2985	18	42
	2986	20	42
	2987	21	43
	2988	20	40
	2989	22	40
	2990	22	42
	2991	19	42
	2992	20	41
	2993	20	43
	2994	19	39
	2995	20	38
	2996	19	39
	2997	21	41
	2998	24	39
	2999	22	39
	3000	19	37
	3001	20	43
	3002	21	39
	3003	20	38
	3004	19	40
	3005	21	43
	3006	20	40
	3007	21	43
	3008	22	38
	3009	20	41
	3010	20	36
	3011	20	43
	3012	17	38
	3013	20	43
	3014	19	39
	3015	20	38
	3016	21	41
	3017	22	42
	3018	22	39
	3019	20	41
	3020	20	40
	3021	20	42
	3022	16	41
	3023	19	43
	3024	18	41
	3025	20	40
	3026	19	39
	3027	22	42
	3028	18	40
	3029	22	42
	3030	18	40
	3031	22	41
	3032	20	38
	3033	19	40
	3034	19	41
	3035	24	41
	3036	19	40
	3037	20	40
	3038	20	38
	3039	20	41
	3040	20	40
	3041	21	43
	3042	20	41
	3043	19	41
	3044	19	39
	3045	18	39
	3046	19	41
	3047	21	38
	3048	20	40
	3049	20	40
	3050	18	40
	3051	19	44
	3052	20	40
	3053	21	40
	3054	19	41
	3055	22	41
	3056	20	40
	3057	20	39
	3058	20	39
	3059	20	40
	3060	22	43
	3061	20	39
	3062	21	41
	3063	20	42
	3064	21	42
	3065	22	41
	3066	18	42
	3067	22	41
	3068	20	39
	3069	21	39
	3070	21	40
	3071	20	42
	3072	21	40
	3073	21	40
	3074	22	38
	3075	22	42
	3076	21	39
	3077	20	42
	3078	20	39
	3079	20	39
	3080	18	41
	3081	22	41
	3082	20	38
	3083	24	43
	3084	21	42
	3085	21	43
	3086	21	37
	3087	20	41
	3088	20	40
	3089	19	41
	3090	19	41
	3091	20	40
	3092	22	40
	3093	23	40
	3094	21	40
	3095	20	40
	3096	19	40
	3097	22	41
	3098	19	40
	3099	21	40
	3100	20	41
	3101	24	39
	3102	19	39
	3103	20	42
	3104	17	40
	3105	22	41
	3106	20	41
	3107	21	37
	3108	20	42
	3109	20	41
	3110	21	42
	3111	20	43
	3112	22	41
	3113	21	42
	3114	18	43
	3115	21	42
	3116	20	40
	3117	20	42
	3118	21	40
	3119	21	44
	3120	20	38
	3121	16	39
	3122	19	40
	3123	17	41
	3124	18	39
	3125	22	42
	3126	20	42
	3127	23	39
	3128	19	43
	3129	19	41
	3130	18	42
	3131	20	43
	3132	20	41
	3133	21	45
	3134	19	41
	3135	21	42
	3136	23	41
	3137	21	44
	3138	23	39
	3139	22	42
	3140	18	42
	3141	21	43
	3142	20	40
	3143	20	41
	3144	19	41
	3145	19	39
	3146	22	38
	3147	20	40
	3148	18	41
	3149	21	45
	3150	24	37
	3151	19	40
	3152	21	41
	3153	19	39
	3154	17	40
	3155	21	40
	3156	20	40
	3157	17	41
	3158	18	39
	3159	21	41
	3160	21	40
	3161	23	38
	3162	18	40
	3163	22	41
	3164	20	39
	3165	21	41
	3166	23	40
	3167	22	39
	3168	21	41
	3169	22	41
	3170	20	38
	3171	20	42
	3172	20	40
	3173	20	42
	3174	20	41
	3175	21	43
	3176	20	41
	3177	18	43
	3178	20	42
	3179	21	43
	3180	23	41
	3181	20	40
	3182	20	38
	3183	18	42
	3184	22	41
	3185	26	41
	3186	23	40
	3187	22	38
	3188	18	41
	3189	23	40
	3190	20	43
	3191	23	39
	3192	20	41
	3193	21	39
	3194	21	40
	3195	21	42
	3196	17	41
	3197	19	42
	3198	21	39
	3199	19	41
	3200	23	41
	3201	18	41
	3202	21	38
	3203	20	42
	3204	23	43
	3205	22	43
	3206	21	41
	3207	22	39
	3208	19	41
	3209	21	39
	3210	19	38
	3211	19	41
	3212	22	40
	3213	22	43
	3214	22	42
	3215	23	42
	3216	18	38
	3217	20	41
	3218	22	40
	3219	20	41
	3220	21	40
	3221	19	40
	3222	18	38
	3223	22	45
	3224	18	41
	3225	22	40
	3226	19	41
	3227	21	41
	3228	18	39
	3229	21	42
	3230	17	38
	3231	22	43
	3232	21	40
	3233	21	42
	3234	23	39
	3235	21	39
	3236	22	40
	3237	20	40
	3238	20	41
	3239	21	41
	3240	21	42
	3241	23	44
	3242	19	39
	3243	19	41
	3244	19	41
	3245	22	39
	3246	19	44
	3247	22	38
	3248	22	39
	3249	21	41
	3250	21	40
	3251	21	42
	3252	20	40
	3253	21	42
	3254	21	43
	3255	22	42
	3256	19	42
	3257	20	42
	3258	18	39
	3259	23	38
	3260	21	39
	3261	23	40
	3262	19	40
	3263	23	40
	3264	15	41
	3265	22	43
	3266	21	41
	3267	20	40
	3268	22	40
	3269	18	41
	3270	19	40
	3271	23	39
	3272	21	39
	3273	24	43
	3274	22	41
	3275	22	42
	3276	19	40
	3277	21	40
	3278	19	42
	3279	22	39
	3280	17	39
	3281	19	40
	3282	19	41
	3283	19	43
	3284	20	41
	3285	27	39
	3286	19	40
	3287	18	40
	3288	21	38
	3289	20	41
	3290	22	39
	3291	21	41
	3292	19	42
	3293	24	41
	3294	21	38
	3295	20	41
	3296	20	39
	3297	20	41
	3298	19	41
	3299	20	40
	3300	19	41
	3301	21	40
	3302	22	40
	3303	19	39
	3304	21	41
	3305	21	44
	3306	17	38
	3307	22	41
	3308	19	39
	3309	19	40
	3310	18	41
	3311	20	41
	3312	19	40
	3313	21	40
	3314	18	42
	3315	21	40
	3316	18	39
	3317	21	39
	3318	20	41
	3319	20	39
	3320	18	41
	3321	22	42
	3322	23	36
	3323	22	40
	3324	20	40
	3325	21	43
	3326	19	38
	3327	23	42
	3328	21	39
	3329	22	42
	3330	20	39
	3331	21	40
	3332	20	43
	3333	22	42
	3334	19	40
	3335	20	40
	3336	19	40
	3337	21	41
	3338	21	42
	3339	23	41
	3340	19	44
	3341	18	42
	3342	19	38
	3343	21	40
	3344	21	41
	3345	20	41
	3346	19	43
	3347	22	40
	3348	20	39
	3349	18	40
	3350	20	41
	3351	21	40
	3352	21	41
	3353	23	43
	3354	21	40
	3355	23	41
	3356	19	39
	3357	20	42
	3358	21	39
	3359	21	43
	3360	17	40
	3361	24	42
	3362	22	41
	3363	20	43
	3364	22	41
	3365	19	39
	3366	19	39
	3367	21	42
	3368	21	41
	3369	20	44
	3370	21	39
	3371	22	39
	3372	19	41
	3373	22	38
	3374	20	39
	3375	21	42
	3376	19	40
	3377	20	41
	3378	22	41
	3379	21	40
	3380	20	38
	3381	21	39
	3382	16	37
	3383	21	42
	3384	20	41
	3385	21	41
	3386	20	39
	3387	21	41
	3388	19	40
	3389	20	41
	3390	20	46
	3391	21	42
	3392	20	40
	3393	18	41
	3394	21	41
	3395	21	42
	3396	19	38
	3397	21	39
	3398	20	38
	3399	21	40
	3400	20	38
	3401	19	40
	3402	19	45
	3403	19	39
	3404	18	42
	3405	19	40
	3406	19	39
	3407	19	41
	3408	18	40
	3409	22	39
	3410	18	40
	3411	19	39
	3412	18	38
	3413	19	41
	3414	18	38
	3415	20	41
	3416	18	40
	3417	19	42
	3418	21	42
	3419	21	40
	3420	19	39
	3421	20	42
	3422	22	43
	3423	23	43
	3424	19	42
	3425	21	40
	3426	18	39
	3427	20	42
	3428	20	40
	3429	20	40
	3430	19	41
	3431	21	42
	3432	21	42
	3433	21	43
	3434	20	40
	3435	20	41
	3436	18	40
	3437	21	43
	3438	20	39
	3439	22	43
	3440	19	40
	3441	22	38
	3442	19	41
	3443	20	41
	3444	18	43
	3445	21	42
	3446	22	40
	3447	23	39
	3448	19	40
	3449	19	42
	3450	18	42
	3451	22	40
	3452	20	38
	3453	23	42
	3454	19	43
	3455	19	44
	3456	21	39
	3457	22	43
	3458	18	42
	3459	23	40
	3460	19	40
	3461	17	39
	3462	22	41
	3463	21	41
	3464	20	41
	3465	20	41
	3466	19	41
	3467	22	43
	3468	21	39
	3469	20	42
	3470	21	40
	3471	22	42
	3472	22	46
	3473	23	39
	3474	23	40
	3475	20	39
	3476	18	41
	3477	21	42
	3478	23	46
	3479	21	41
	3480	20	39
	3481	20	40
	3482	19	44
	3483	19	40
	3484	22	40
	3485	21	44
	3486	17	40
	3487	22	42
	3488	18	37
	3489	20	39
	3490	19	40
	3491	21	39
	3492	22	38
	3493	19	42
	3494	18	39
	3495	18	42
	3496	19	40
	3497	19	39
	3498	19	42
	3499	21	36
	3500	18	41
	3501	20	41
	3502	19	43
	3503	22	40
	3504	19	42
	3505	22	40
	3506	19	39
	3507	21	40
	3508	19	39
	3509	22	42
	3510	20	43
	3511	18	41
	3512	21	40
	3513	20	39
	3514	20	41
	3515	20	38
	3516	19	41
	3517	22	42
	3518	19	39
	3519	20	38
	3520	19	39
	3521	20	39
	3522	18	39
	3523	23	41
	3524	19	39
	3525	22	41
	3526	19	38
	3527	19	38
	3528	18	39
	3529	21	41
	3530	21	41
	3531	22	45
	3532	20	37
	3533	22	39
	3534	19	39
	3535	21	41
	3536	18	40
	3537	24	42
	3538	20	39
	3539	19	41
	3540	18	43
	3541	22	42
	3542	19	40
	3543	22	39
	3544	20	37
	3545	21	41
	3546	22	42
	3547	23	39
	3548	21	38
	3549	21	39
	3550	23	46
	3551	22	39
	3552	21	41
	3553	22	41
	3554	19	38
	3555	20	43
	3556	18	40
	3557	24	40
	3558	19	38
	3559	22	42
	3560	19	39
	3561	22	40
	3562	20	39
	3563	20	41
	3564	21	37
	3565	22	37
	3566	20	40
	3567	20	40
	3568	20	42
	3569	26	42
	3570	19	39
	3571	21	42
	3572	20	36
	3573	17	42
	3574	21	40
	3575	18	39
	3576	19	41
	3577	21	39
	3578	20	39
	3579	20	43
	3580	21	43
	3581	22	41
	3582	23	40
	3583	24	39
	3584	19	39
	3585	23	42
	3586	22	42
	3587	21	41
	3588	19	41
	3589	20	40
	3590	20	41
	3591	19	42
	3592	20	39
	3593	20	41
	3594	19	41
	3595	19	40
	3596	21	39
	3597	19	41
	3598	19	37
	3599	24	42
	3600	20	39
	3601	23	42
	3602	20	43
	3603	25	43
	3604	17	42
	3605	22	40
	3606	20	41
	3607	22	41
	3608	19	42
	3609	20	43
	3610	22	40
	3611	21	40
	3612	20	41
	3613	21	38
	3614	21	40
	3615	21	38
	3616	22	42
	3617	21	41
	3618	20	39
	3619	20	40
	3620	20	42
	3621	23	41
	3622	20	40
	3623	22	42
	3624	19	38
	3625	21	41
	3626	20	40
	3627	21	39
	3628	21	40
	3629	20	40
	3630	19	40
	3631	21	44
	3632	21	38
	3633	22	41
	3634	19	42
	3635	24	42
	3636	19	39
	3637	21	43
	3638	21	40
	3639	20	38
	3640	18	41
	3641	20	40
	3642	19	41
	3643	22	40
	3644	19	39
	3645	20	41
	3646	22	41
	3647	21	40
	3648	18	39
	3649	22	42
	3650	22	41
	3651	22	42
	3652	19	41
	3653	21	41
	3654	19	39
	3655	19	41
	3656	21	39
	3657	23	41
	3658	22	40
	3659	21	42
	3660	21	40
	3661	20	38
	3662	21	41
	3663	20	41
	3664	22	42
	3665	20	41
	3666	21	44
	3667	22	40
	3668	17	40
	3669	21	41
	3670	21	39
	3671	21	42
	3672	21	38
	3673	22	41
	3674	21	37
	3675	22	42
	3676	21	40
	3677	22	40
	3678	19	40
	3679	19	40
	3680	18	42
	3681	20	39
	3682	20	40
	3683	20	41
	3684	19	41
	3685	20	43
	3686	19	39
	3687	24	40
	3688	19	38
	3689	19	37
	3690	21	40
	3691	19	40
	3692	22	40
	3693	20	40
	3694	16	38
	3695	22	41
	3696	20	43
	3697	21	40
	3698	19	40
	3699	22	43
	3700	24	41
	3701	21	40
	3702	18	41
	3703	20	39
	3704	20	40
	3705	20	39
	3706	19	40
	3707	18	42
	3708	20	39
	3709	20	42
	3710	18	36
	3711	21	42
	3712	19	41
	3713	22	37
	3714	19	38
	3715	20	39
	3716	19	40
	3717	21	40
	3718	18	38
	3719	21	37
	3720	22	41
	3721	18	39
	3722	18	39
	3723	18	40
