	0	16	37
	1	18	38
	2	19	38
	3	21	38
	4	20	35
	5	16	40
	6	18	37
	7	19	39
	8	17	38
	9	18	39
	10	17	38
	11	17	38
	12	18	41
	13	19	38
	14	16	38
	15	16	37
	16	17	40
	17	17	37
	18	17	36
	19	18	35
	20	17	40
	21	19	38
	22	16	39
	23	19	40
	24	22	38
	25	19	39
	26	21	40
	27	19	42
	28	20	43
	29	25	42
	30	19	43
	31	23	43
	32	19	39
	33	19	43
	34	22	40
	35	22	42
	36	22	38
	37	20	41
	38	18	43
	39	17	43
	40	22	40
	41	23	40
	42	22	40
	43	20	43
	44	20	44
	45	21	43
	46	19	39
	47	18	44
	48	22	39
	49	21	38
	50	19	40
	51	20	44
	52	20	40
	53	20	42
	54	23	37
	55	22	42
	56	18	44
	57	21	41
	58	21	44
	59	22	42
	60	22	41
	61	22	41
	62	21	43
	63	23	44
	64	20	43
	65	22	45
	66	24	40
	67	21	42
	68	24	44
	69	25	42
	70	23	42
	71	19	44
	72	19	46
	73	23	43
	74	21	44
	75	22	46
	76	20	43
	77	22	42
	78	22	41
	79	22	44
	80	23	43
	81	22	41
	82	24	41
	83	21	45
	84	20	42
	85	19	40
	86	22	41
	87	21	42
	88	20	42
	89	24	41
	90	21	41
	91	24	44
	92	19	41
	93	19	43
	94	24	42
	95	25	43
	96	22	50
	97	23	42
	98	22	43
	99	24	43
	100	21	42
	101	24	46
	102	23	41
	103	24	43
	104	23	43
	105	24	43
	106	24	44
	107	25	41
	108	22	44
	109	25	44
	110	23	42
	111	22	43
	112	22	40
	113	22	42
	114	20	43
	115	23	44
	116	24	39
	117	20	42
	118	21	43
	119	25	43
	120	21	45
	121	24	41
	122	21	42
	123	22	43
	124	23	40
	125	23	46
	126	24	40
	127	25	42
	128	22	39
	129	23	42
	130	22	43
	131	23	44
	132	21	41
	133	24	43
	134	23	43
	135	23	45
	136	31	42
	137	22	42
	138	23	43
	139	23	44
	140	21	40
	141	31	42
	142	21	43
	143	23	45
	144	21	43
	145	22	43
	146	24	43
	147	22	43
	148	23	45
	149	23	45
	150	26	44
	151	20	41
	152	19	41
	153	21	40
	154	24	43
	155	27	44
	156	20	42
	157	22	44
	158	20	45
	159	25	46
	160	25	44
	161	23	41
	162	20	45
	163	25	44
	164	23	45
	165	23	44
	166	25	42
	167	22	44
	168	23	43
	169	25	43
	170	24	44
	171	25	46
	172	25	41
	173	23	44
	174	23	45
	175	24	43
	176	22	45
	177	22	44
	178	24	46
	179	21	42
	180	24	42
	181	24	42
	182	24	42
	183	20	43
	184	21	44
	185	21	44
	186	22	42
	187	24	43
	188	23	42
	189	22	40
	190	22	43
	191	22	42
	192	24	41
	193	24	43
	194	23	43
	195	22	44
	196	23	42
	197	25	42
	198	22	41
	199	26	45
	200	22	45
	201	25	46
	202	24	44
	203	24	43
	204	21	42
	205	25	44
	206	21	42
	207	22	43
	208	22	44
	209	25	43
	210	26	42
	211	23	44
	212	23	42
	213	23	43
	214	23	41
	215	23	41
	216	23	43
	217	24	46
	218	22	42
	219	26	53
	220	23	41
	221	24	45
	222	22	43
	223	26	42
	224	22	42
	225	23	43
	226	22	41
	227	23	42
	228	23	43
	229	24	40
	230	25	46
	231	24	44
	232	23	41
	233	24	43
	234	23	43
	235	25	42
	236	24	43
	237	23	41
	238	25	43
	239	23	44
	240	22	41
	241	24	45
	242	23	41
	243	23	45
	244	25	44
	245	21	45
	246	22	45
	247	23	43
	248	24	45
	249	22	43
	250	27	40
	251	23	44
	252	24	43
	253	22	43
	254	23	43
	255	27	46
	256	21	40
	257	25	43
	258	22	42
	259	25	44
	260	22	41
	261	25	41
	262	23	42
	263	24	43
	264	21	43
	265	21	46
	266	22	46
	267	25	44
	268	23	46
	269	22	44
	270	22	41
	271	21	42
	272	21	41
	273	22	41
	274	23	42
	275	24	43
	276	23	42
	277	25	43
	278	24	40
	279	23	45
	280	22	41
	281	21	42
	282	21	44
	283	26	42
	284	26	43
	285	24	44
	286	21	43
	287	25	43
	288	24	45
	289	23	41
	290	26	43
	291	24	41
	292	24	44
	293	23	42
	294	23	45
	295	24	44
	296	21	43
	297	25	47
	298	29	43
	299	21	44
	300	22	42
	301	26	42
	302	21	44
	303	27	45
	304	24	43
	305	26	42
	306	25	41
	307	24	42
	308	23	42
	309	25	45
	310	24	43
	311	24	44
	312	23	41
	313	21	42
	314	22	42
	315	23	43
	316	23	42
	317	25	41
	318	25	43
	319	25	43
	320	25	43
	321	23	44
	322	23	46
	323	24	43
	324	25	41
	325	24	43
	326	23	40
	327	23	43
	328	24	43
	329	26	44
	330	23	43
	331	28	46
	332	24	41
	333	27	44
	334	22	41
	335	26	43
	336	21	43
	337	23	44
	338	26	39
	339	27	43
	340	22	41
	341	22	42
	342	24	40
	343	26	45
	344	24	42
	345	26	43
	346	23	43
	347	23	43
	348	24	42
	349	28	40
	350	24	39
	351	25	45
	352	25	41
	353	23	41
	354	23	41
	355	22	39
	356	24	42
	357	24	44
	358	26	43
	359	26	43
	360	25	43
	361	24	44
	362	26	44
	363	28	45
	364	24	41
	365	26	45
	366	24	41
	367	26	42
	368	27	43
	369	24	46
	370	26	43
	371	26	42
	372	26	41
	373	28	42
	374	27	41
	375	27	40
	376	23	41
	377	28	45
	378	25	46
	379	26	41
	380	24	42
	381	28	42
	382	27	40
	383	27	45
	384	28	47
	385	27	41
	386	27	42
	387	27	45
	388	28	42
	389	29	42
	390	27	44
	391	27	44
	392	25	41
	393	27	44
	394	27	45
	395	28	41
	396	25	43
	397	29	44
	398	27	45
	399	27	48
	400	27	44
	401	29	42
	402	29	39
	403	29	42
	404	28	40
	405	30	41
	406	31	42
	407	27	41
	408	29	40
	409	29	40
	410	26	42
	411	27	45
	412	28	44
	413	29	46
	414	27	45
	415	27	42
	416	28	42
	417	29	44
	418	30	42
	419	29	43
	420	26	40
	421	30	44
	422	28	43
	423	29	44
	424	29	44
	425	28	43
	426	30	42
	427	26	44
	428	26	45
	429	30	46
	430	28	42
	431	29	43
	432	30	45
	433	28	42
	434	30	42
	435	30	46
	436	29	41
	437	31	41
	438	31	42
	439	31	44
	440	29	46
	441	28	45
	442	33	41
	443	30	43
	444	29	41
	445	31	45
	446	30	43
	447	33	42
	448	29	42
	449	31	44
	450	31	41
	451	33	42
	452	40	41
	453	31	46
	454	33	46
	455	33	41
	456	34	46
	457	33	45
	458	30	42
	459	31	44
	460	31	43
	461	36	44
	462	33	42
	463	34	44
	464	31	44
	465	33	47
	466	36	44
	467	36	44
	468	36	42
	469	37	44
	470	35	43
	471	34	44
	472	35	42
	473	36	46
	474	37	42
	475	37	44
	476	36	45
	477	38	43
	478	38	45
	479	39	42
	480	37	45
	481	37	42
	482	40	46
	483	39	43
	484	34	46
	485	37	44
	486	39	44
	487	35	45
	488	37	42
	489	37	41
	490	39	44
	491	39	48
	492	35	44
	493	39	44
	494	39	43
	495	40	43
	496	40	43
	497	42	44
	498	38	43
	499	40	43
	500	41	41
	501	42	43
	502	42	44
	503	43	46
	504	41	44
	505	39	44
	506	39	44
	507	44	46
	508	39	43
	509	43	44
	510	40	46
	511	42	47
	512	44	47
	513	45	45
	514	42	43
	515	44	41
	516	43	46
	517	44	50
	518	44	43
	519	44	45
	520	43	46
	521	45	45
	522	44	43
	523	44	47
	524	44	43
	525	44	46
	526	46	45
	527	46	46
	528	46	44
	529	49	44
	530	47	45
	531	49	48
	532	44	46
	533	50	46
	534	49	45
	535	49	44
	536	48	46
	537	51	43
	538	47	44
	539	50	47
	540	50	43
	541	50	44
	542	49	44
	543	52	46
	544	49	45
	545	49	46
	546	53	47
	547	57	47
	548	54	45
	549	51	45
	550	51	46
	551	53	48
	552	53	45
	553	53	48
	554	54	48
	555	53	46
	556	54	48
	557	55	50
	558	55	44
	559	57	47
	560	54	44
	561	56	48
	562	55	44
	563	58	49
	564	56	44
	565	56	45
	566	59	46
	567	60	50
	568	59	46
	569	59	48
	570	61	44
	571	59	49
	572	63	42
	573	61	44
	574	57	45
	575	60	45
	576	62	43
	577	61	50
	578	63	43
	579	63	47
	580	64	45
	581	65	47
	582	65	47
	583	64	51
	584	61	49
	585	65	47
	586	66	46
	587	69	48
	588	65	46
	589	66	48
	590	67	47
	591	71	51
	592	69	46
	593	68	45
	594	73	51
	595	71	49
	596	72	47
	597	68	48
	598	68	45
	599	70	50
	600	71	45
	601	72	47
	602	74	51
	603	74	49
	604	73	48
	605	71	49
	606	74	47
	607	77	48
	608	72	47
	609	74	50
	610	77	48
	611	75	48
	612	76	51
	613	76	46
	614	77	47
	615	80	47
	616	75	48
	617	78	51
	618	78	48
	619	79	50
	620	78	47
	621	79	49
	622	79	50
	623	80	48
	624	80	47
	625	79	49
	626	81	49
	627	82	48
	628	83	49
	629	83	49
	630	83	48
	631	81	50
	632	86	50
	633	86	47
	634	85	50
	635	84	51
	636	82	50
	637	84	51
	638	85	52
	639	85	51
	640	84	48
	641	87	49
	642	88	52
	643	85	49
	644	88	51
	645	87	49
	646	87	49
	647	89	52
	648	88	49
	649	90	49
	650	88	50
	651	91	50
	652	91	50
	653	89	49
	654	88	49
	655	91	50
	656	91	50
	657	91	51
	658	92	47
	659	93	52
	660	94	53
	661	94	49
	662	93	52
	663	91	53
	664	94	51
	665	101	50
	666	95	51
	667	96	50
	668	95	50
	669	94	49
	670	97	49
	671	96	55
	672	101	54
	673	98	52
	674	96	56
	675	97	56
	676	97	52
	677	100	54
	678	99	49
	679	99	53
	680	98	54
	681	102	55
	682	103	51
	683	101	54
	684	105	53
	685	102	54
	686	104	54
	687	105	54
	688	102	51
	689	105	54
	690	107	50
	691	104	54
	692	104	55
	693	109	55
	694	105	55
	695	106	52
	696	106	54
	697	108	54
	698	105	53
	699	110	51
	700	106	54
	701	110	54
	702	107	53
	703	110	51
	704	113	54
	705	109	52
	706	109	55
	707	106	51
	708	117	50
	709	111	55
	710	113	52
	711	115	51
	712	109	54
	713	112	53
	714	109	55
	715	113	55
	716	115	56
	717	113	52
	718	112	53
	719	113	56
	720	116	52
	721	115	53
	722	115	55
	723	114	53
	724	114	52
	725	119	56
	726	122	54
	727	113	54
	728	116	54
	729	118	53
	730	115	53
	731	113	57
	732	116	52
	733	115	53
	734	116	56
	735	115	56
	736	118	55
	737	118	55
	738	117	55
	739	117	56
	740	115	57
	741	118	55
	742	120	57
	743	116	59
	744	116	56
	745	120	54
	746	118	55
	747	115	55
	748	120	54
	749	117	56
	750	118	55
	751	120	57
	752	117	55
	753	114	54
	754	120	53
	755	116	55
	756	118	51
	757	118	57
	758	117	58
	759	119	55
	760	115	55
	761	116	55
	762	119	56
	763	119	57
	764	118	56
	765	115	53
	766	116	54
	767	119	55
	768	118	51
	769	116	54
	770	119	55
	771	118	54
	772	121	57
	773	121	54
	774	115	54
	775	122	53
	776	125	52
	777	118	55
	778	117	54
	779	117	53
	780	117	57
	781	118	53
	782	118	54
	783	121	55
	784	119	55
	785	122	55
	786	119	57
	787	113	53
	788	119	55
	789	117	56
	790	114	56
	791	121	57
	792	113	53
	793	115	52
	794	116	51
	795	112	54
	796	119	50
	797	116	56
	798	115	55
	799	116	57
	800	114	54
	801	114	52
	802	112	55
	803	112	62
	804	112	54
	805	113	53
	806	108	55
	807	112	53
	808	109	56
	809	115	52
	810	113	51
	811	113	55
	812	109	51
	813	110	51
	814	109	53
	815	110	53
	816	112	52
	817	109	52
	818	107	51
	819	109	53
	820	112	55
	821	105	54
	822	111	52
	823	107	55
	824	105	57
	825	106	52
	826	104	51
	827	109	53
	828	109	52
	829	107	52
	830	110	53
	831	106	53
	832	105	50
	833	105	52
	834	106	51
	835	104	52
	836	103	52
	837	102	52
	838	99	51
	839	102	51
	840	101	51
	841	103	52
	842	100	51
	843	100	50
	844	103	52
	845	99	47
	846	101	52
	847	99	53
	848	100	49
	849	105	53
	850	99	47
	851	99	52
	852	98	54
	853	97	52
	854	99	49
	855	101	51
	856	95	48
	857	102	50
	858	95	52
	859	99	49
	860	95	52
	861	96	49
	862	94	50
	863	96	52
	864	98	49
	865	95	52
	866	94	48
	867	95	51
	868	97	50
	869	100	52
	870	92	51
	871	95	51
	872	91	48
	873	91	49
	874	95	50
	875	94	53
	876	94	51
	877	93	48
	878	92	47
	879	93	48
	880	91	50
	881	92	51
	882	92	51
	883	91	51
	884	93	48
	885	88	48
	886	86	45
	887	91	48
	888	90	47
	889	88	49
	890	92	49
	891	91	51
	892	88	46
	893	91	53
	894	93	46
	895	89	47
	896	89	50
	897	89	48
	898	86	50
	899	86	50
	900	84	49
	901	89	48
	902	86	47
	903	89	50
	904	86	50
	905	84	49
	906	81	46
	907	83	49
	908	87	48
	909	86	49
	910	83	48
	911	81	46
	912	80	49
	913	81	47
	914	83	51
	915	81	48
	916	79	50
	917	79	50
	918	79	46
	919	83	47
	920	78	46
	921	81	46
	922	79	49
	923	77	50
	924	77	48
	925	77	50
	926	79	45
	927	77	48
	928	74	48
	929	77	50
	930	78	47
	931	75	48
	932	76	49
	933	76	49
	934	73	47
	935	77	46
	936	72	46
	937	72	47
	938	68	48
	939	72	48
	940	73	45
	941	72	45
	942	69	42
	943	69	47
	944	73	48
	945	67	49
	946	72	47
	947	73	47
	948	71	46
	949	73	44
	950	68	56
	951	67	46
	952	68	49
	953	68	44
	954	71	44
	955	69	47
	956	69	46
	957	70	45
	958	64	45
	959	68	47
	960	63	45
	961	67	46
	962	66	50
	963	65	47
	964	63	46
	965	64	47
	966	66	48
	967	61	44
	968	64	46
	969	64	42
	970	65	45
	971	63	46
	972	61	47
	973	62	48
	974	61	46
	975	59	47
	976	60	48
	977	58	45
	978	57	45
	979	59	44
	980	55	47
	981	56	46
	982	58	43
	983	56	48
	984	55	43
	985	58	43
	986	54	44
	987	56	46
	988	57	44
	989	51	45
	990	53	44
	991	58	43
	992	52	47
	993	51	48
	994	50	44
	995	52	46
	996	48	44
	997	54	48
	998	49	45
	999	53	47
	1000	53	46
	1001	50	45
	1002	49	43
	1003	48	46
	1004	52	46
	1005	52	43
	1006	48	43
	1007	50	44
	1008	50	45
	1009	48	47
	1010	48	42
	1011	50	43
	1012	46	45
	1013	49	46
	1014	48	47
	1015	50	45
	1016	46	45
	1017	48	42
	1018	48	42
	1019	48	43
	1020	45	45
	1021	47	46
	1022	48	46
	1023	47	43
	1024	47	44
	1025	47	45
	1026	43	46
	1027	47	43
	1028	47	40
	1029	49	47
	1030	44	42
	1031	46	46
	1032	43	44
	1033	47	43
	1034	43	43
	1035	43	43
	1036	44	41
	1037	42	45
	1038	44	43
	1039	46	40
	1040	44	44
	1041	45	45
	1042	43	42
	1043	44	46
	1044	44	47
	1045	44	45
	1046	43	43
	1047	46	46
	1048	42	45
	1049	46	43
	1050	41	39
	1051	44	43
	1052	45	43
	1053	43	42
	1054	46	43
	1055	43	48
	1056	43	43
	1057	41	42
	1058	44	48
	1059	43	44
	1060	40	44
	1061	45	43
	1062	40	42
	1063	45	45
	1064	43	44
	1065	41	44
	1066	41	41
	1067	39	44
	1068	41	42
	1069	43	44
	1070	39	44
	1071	41	42
	1072	39	43
	1073	40	43
	1074	41	43
	1075	40	42
	1076	39	42
	1077	49	42
	1078	42	44
	1079	44	44
	1080	41	44
	1081	43	41
	1082	41	41
	1083	41	45
	1084	40	42
	1085	41	42
	1086	42	45
	1087	41	44
	1088	41	42
	1089	42	43
	1090	39	41
	1091	40	45
	1092	41	41
	1093	42	43
	1094	40	43
	1095	42	42
	1096	40	44
	1097	38	45
	1098	41	40
	1099	40	41
	1100	39	43
	1101	42	46
	1102	40	40
	1103	42	43
	1104	40	43
	1105	40	44
	1106	40	43
	1107	43	44
	1108	41	45
	1109	38	44
	1110	37	47
	1111	40	45
	1112	42	45
	1113	42	42
	1114	41	42
	1115	41	42
	1116	40	41
	1117	39	44
	1118	41	42
	1119	43	41
	1120	40	44
	1121	40	47
	1122	41	42
	1123	42	41
	1124	39	42
	1125	40	41
	1126	37	44
	1127	40	45
	1128	37	44
	1129	38	43
	1130	41	41
	1131	39	43
	1132	38	43
	1133	39	44
	1134	38	43
	1135	38	40
	1136	39	45
	1137	41	45
	1138	39	43
	1139	39	43
	1140	40	42
	1141	42	41
	1142	39	44
	1143	39	43
	1144	39	43
	1145	39	40
	1146	38	42
	1147	43	43
	1148	40	42
	1149	37	42
	1150	35	43
	1151	39	44
	1152	38	41
	1153	40	43
	1154	41	43
	1155	37	43
	1156	36	43
	1157	40	40
	1158	40	44
	1159	39	39
	1160	38	41
	1161	38	44
	1162	41	43
	1163	36	45
	1164	39	42
	1165	41	40
	1166	40	40
	1167	33	42
	1168	39	43
	1169	40	41
	1170	36	41
	1171	40	43
	1172	39	41
	1173	36	42
	1174	35	44
	1175	39	43
	1176	39	40
	1177	40	43
	1178	38	41
	1179	39	41
	1180	37	43
	1181	37	44
	1182	39	40
	1183	39	43
	1184	38	46
	1185	35	42
	1186	35	46
	1187	37	41
	1188	33	44
	1189	36	43
	1190	37	42
	1191	37	42
	1192	37	44
	1193	36	43
	1194	35	42
	1195	38	44
	1196	40	44
	1197	40	46
	1198	41	41
	1199	36	42
	1200	41	40
	1201	37	42
	1202	36	43
	1203	41	44
	1204	37	42
	1205	39	41
	1206	34	38
	1207	38	44
	1208	37	39
	1209	37	43
	1210	35	43
	1211	40	41
	1212	36	43
	1213	37	43
	1214	37	42
	1215	40	41
	1216	38	42
	1217	38	41
	1218	33	41
	1219	39	44
	1220	35	42
	1221	40	43
	1222	39	40
	1223	39	42
	1224	35	40
	1225	38	43
	1226	36	43
	1227	35	41
	1228	38	38
	1229	37	41
	1230	35	42
	1231	37	44
	1232	39	45
	1233	37	40
	1234	36	42
	1235	37	43
	1236	36	39
	1237	39	44
	1238	36	42
	1239	37	42
	1240	35	39
	1241	36	43
	1242	39	40
	1243	37	42
	1244	34	43
	1245	37	43
	1246	35	41
	1247	37	44
	1248	39	44
	1249	38	40
	1250	37	41
	1251	39	44
	1252	36	45
	1253	36	42
	1254	35	42
	1255	39	40
	1256	37	43
	1257	37	40
	1258	34	40
	1259	35	42
	1260	35	43
	1261	39	43
	1262	37	44
	1263	35	43
	1264	36	42
	1265	38	41
	1266	44	44
	1267	43	41
	1268	34	40
	1269	35	42
	1270	35	40
	1271	39	43
	1272	36	43
	1273	35	40
	1274	36	43
	1275	38	48
	1276	35	42
	1277	36	41
	1278	36	44
	1279	33	41
	1280	35	42
	1281	36	44
	1282	36	43
	1283	36	43
	1284	35	40
	1285	39	41
	1286	34	41
	1287	34	42
	1288	34	41
	1289	36	40
	1290	36	43
	1291	37	43
	1292	36	40
	1293	40	43
	1294	35	41
	1295	35	43
	1296	34	43
	1297	33	44
	1298	34	40
	1299	35	42
	1300	32	41
	1301	36	43
	1302	36	40
	1303	34	44
	1304	34	43
	1305	36	43
	1306	35	42
	1307	35	41
	1308	33	41
	1309	35	43
	1310	36	44
	1311	33	43
	1312	35	44
	1313	37	41
	1314	35	43
	1315	36	43
	1316	34	41
	1317	35	42
	1318	33	43
	1319	35	40
	1320	33	43
	1321	36	42
	1322	35	39
	1323	35	44
	1324	36	43
	1325	33	41
	1326	35	42
	1327	38	45
	1328	36	42
	1329	35	43
	1330	35	43
	1331	35	43
	1332	32	42
	1333	36	43
	1334	34	41
	1335	35	43
	1336	33	40
	1337	33	41
	1338	33	42
	1339	34	42
	1340	34	43
	1341	36	43
	1342	34	43
	1343	36	42
	1344	32	44
	1345	34	42
	1346	36	43
	1347	34	41
	1348	32	41
	1349	37	43
	1350	35	46
	1351	34	43
	1352	33	41
	1353	34	43
	1354	33	42
	1355	36	43
	1356	33	44
	1357	31	40
	1358	32	41
	1359	31	42
	1360	32	40
	1361	36	43
	1362	34	42
	1363	32	43
	1364	30	43
	1365	34	42
	1366	34	44
	1367	30	43
	1368	31	40
	1369	35	40
	1370	36	44
	1371	35	43
	1372	39	41
	1373	34	40
	1374	32	44
	1375	34	43
	1376	32	41
	1377	34	42
	1378	32	44
	1379	35	41
	1380	32	42
	1381	43	41
	1382	33	42
	1383	32	41
	1384	32	43
	1385	35	41
	1386	32	44
	1387	31	44
	1388	32	37
	1389	31	39
	1390	31	47
	1391	34	45
	1392	30	41
	1393	34	43
	1394	32	40
	1395	33	41
	1396	29	43
	1397	31	41
	1398	29	41
	1399	33	43
	1400	33	42
	1401	34	44
	1402	32	43
	1403	33	41
	1404	32	42
	1405	34	42
	1406	30	42
	1407	34	44
	1408	32	39
	1409	34	42
	1410	34	43
	1411	35	40
	1412	31	43
	1413	32	43
	1414	33	43
	1415	35	45
	1416	33	42
	1417	31	39
	1418	31	41
	1419	34	41
	1420	33	44
	1421	32	43
	1422	34	39
	1423	32	42
	1424	31	44
	1425	33	43
	1426	30	38
	1427	32	39
	1428	30	43
	1429	32	39
	1430	32	43
	1431	32	43
	1432	31	41
	1433	31	42
	1434	33	41
	1435	35	43
	1436	30	44
	1437	31	41
	1438	33	43
	1439	32	43
	1440	31	41
	1441	33	43
	1442	31	41
	1443	29	41
	1444	33	41
	1445	32	40
	1446	32	44
	1447	32	42
	1448	31	39
	1449	34	42
	1450	31	43
	1451	33	44
	1452	31	41
	1453	31	43
	1454	31	43
	1455	32	43
	1456	29	43
	1457	33	40
	1458	32	40
	1459	31	41
	1460	32	40
	1461	33	42
	1462	30	42
	1463	31	43
	1464	31	41
	1465	31	40
	1466	31	42
	1467	30	41
	1468	30	42
	1469	29	43
	1470	29	41
	1471	28	44
	1472	30	41
	1473	31	44
	1474	30	41
	1475	34	41
	1476	27	43
	1477	29	39
	1478	31	42
	1479	30	42
	1480	30	38
	1481	29	41
	1482	28	41
	1483	31	44
	1484	30	43
	1485	32	42
	1486	29	38
	1487	32	43
	1488	28	40
	1489	32	42
	1490	24	43
	1491	29	42
	1492	30	40
	1493	30	43
	1494	30	41
	1495	29	44
	1496	29	38
	1497	29	43
	1498	28	40
	1499	34	44
	1500	31	43
	1501	31	45
	1502	25	40
	1503	31	40
	1504	28	41
	1505	30	42
	1506	31	42
	1507	32	43
	1508	27	40
	1509	28	42
	1510	27	41
	1511	30	42
	1512	30	40
	1513	30	40
	1514	30	41
	1515	28	42
	1516	27	40
	1517	31	42
	1518	29	42
	1519	30	40
	1520	30	40
	1521	29	41
	1522	30	40
	1523	28	41
	1524	28	41
	1525	27	41
	1526	31	37
	1527	25	42
	1528	28	42
	1529	27	41
	1530	31	41
	1531	37	43
	1532	28	40
	1533	30	45
	1534	28	41
	1535	28	42
	1536	28	40
	1537	28	42
	1538	29	44
	1539	31	42
	1540	31	39
	1541	30	43
	1542	27	41
	1543	29	40
	1544	32	41
	1545	31	41
	1546	29	41
	1547	28	46
	1548	28	42
	1549	28	41
	1550	28	41
	1551	27	44
	1552	29	42
	1553	31	41
	1554	29	39
	1555	32	42
	1556	30	40
	1557	31	40
	1558	29	45
	1559	30	43
	1560	31	39
	1561	30	37
	1562	31	40
	1563	33	44
	1564	32	41
	1565	35	43
	1566	31	43
	1567	33	45
	1568	33	42
	1569	37	45
	1570	35	43
	1571	34	51
	1572	34	40
	1573	35	42
	1574	34	41
	1575	38	44
	1576	35	44
	1577	33	39
	1578	39	44
	1579	38	45
	1580	36	41
	1581	38	44
	1582	38	44
	1583	38	42
	1584	39	43
	1585	37	44
	1586	38	43
	1587	39	45
	1588	35	40
	1589	39	43
	1590	39	43
	1591	39	42
	1592	39	45
	1593	39	43
	1594	37	42
	1595	39	44
	1596	38	45
	1597	45	43
	1598	40	45
	1599	39	47
	1600	38	45
	1601	40	46
	1602	36	43
	1603	40	42
	1604	35	41
	1605	40	45
	1606	37	41
	1607	38	45
	1608	36	46
	1609	41	45
	1610	35	44
	1611	38	44
	1612	40	42
	1613	36	45
	1614	38	43
	1615	37	43
	1616	35	43
	1617	39	44
	1618	36	41
	1619	39	45
	1620	39	42
	1621	36	43
	1622	37	44
	1623	36	42
	1624	39	44
	1625	40	46
	1626	40	43
	1627	36	42
	1628	39	45
	1629	40	42
	1630	39	45
	1631	37	43
	1632	37	42
	1633	36	42
	1634	36	44
	1635	39	46
	1636	37	43
	1637	36	46
	1638	36	46
	1639	38	45
	1640	37	43
	1641	34	44
	1642	36	41
	1643	39	44
	1644	36	45
	1645	37	43
	1646	43	42
	1647	39	41
	1648	37	44
	1649	38	43
	1650	36	43
	1651	35	43
	1652	36	42
	1653	39	44
	1654	38	40
	1655	38	41
	1656	36	43
	1657	36	44
	1658	37	44
	1659	36	47
	1660	36	43
	1661	35	44
	1662	37	45
	1663	40	41
	1664	35	44
	1665	37	43
	1666	35	43
	1667	39	41
	1668	36	43
	1669	36	41
	1670	35	44
	1671	35	43
	1672	35	44
	1673	39	41
	1674	33	41
	1675	34	43
	1676	37	39
	1677	34	42
	1678	34	41
	1679	36	42
	1680	33	41
	1681	35	42
	1682	35	42
	1683	37	40
	1684	32	45
	1685	32	41
	1686	34	42
	1687	35	45
	1688	33	39
	1689	32	42
	1690	31	42
	1691	34	44
	1692	28	42
	1693	32	44
	1694	31	42
	1695	31	42
	1696	27	42
	1697	28	44
	1698	27	43
	1699	28	41
	1700	25	42
	1701	27	39
	1702	25	43
	1703	29	41
	1704	25	40
	1705	28	43
	1706	24	38
	1707	23	44
	1708	25	39
	1709	26	40
	1710	24	44
	1711	25	40
	1712	24	40
	1713	25	41
	1714	24	39
	1715	28	42
	1716	24	41
	1717	23	38
	1718	24	39
	1719	25	40
	1720	22	40
	1721	27	43
	1722	27	42
	1723	25	42
	1724	23	41
	1725	26	41
	1726	29	38
	1727	24	42
	1728	26	40
	1729	27	43
	1730	24	37
	1731	25	41
	1732	23	41
	1733	23	43
	1734	23	43
	1735	25	40
	1736	24	42
	1737	25	40
	1738	22	38
	1739	24	39
	1740	24	38
	1741	25	42
	1742	26	40
	1743	26	38
	1744	23	40
	1745	21	41
	1746	23	37
	1747	27	43
	1748	27	42
	1749	26	43
	1750	23	40
	1751	24	42
	1752	25	42
	1753	24	41
	1754	24	40
	1755	26	41
	1756	26	41
	1757	24	41
	1758	24	40
	1759	26	41
	1760	26	36
	1761	23	40
	1762	28	41
	1763	25	43
	1764	23	40
	1765	25	42
	1766	23	38
	1767	23	41
	1768	24	40
	1769	23	40
	1770	22	40
	1771	24	39
	1772	26	42
	1773	24	43
	1774	23	39
	1775	23	41
	1776	23	40
	1777	24	41
	1778	23	39
	1779	24	40
	1780	23	39
	1781	24	44
	1782	25	39
	1783	21	41
	1784	20	43
	1785	25	44
	1786	23	42
	1787	21	43
	1788	24	43
	1789	23	41
	1790	24	43
	1791	23	39
	1792	23	41
	1793	25	39
	1794	22	40
	1795	21	40
	1796	24	39
	1797	23	42
	1798	22	39
	1799	26	43
	1800	20	39
	1801	26	40
	1802	24	39
	1803	23	41
	1804	21	42
	1805	23	41
	1806	21	43
	1807	26	40
	1808	21	42
	1809	23	39
	1810	22	41
	1811	24	43
	1812	23	40
	1813	23	40
	1814	23	43
	1815	23	43
	1816	22	43
	1817	20	43
	1818	26	41
	1819	24	42
	1820	22	38
	1821	23	41
	1822	22	40
	1823	25	40
	1824	21	40
	1825	21	40
	1826	20	40
	1827	23	41
	1828	21	40
	1829	23	40
	1830	20	40
	1831	21	42
	1832	23	41
	1833	24	41
	1834	21	41
	1835	25	40
	1836	21	37
	1837	21	42
	1838	21	40
	1839	25	41
	1840	20	41
	1841	23	39
	1842	23	42
	1843	22	43
	1844	20	40
	1845	22	41
	1846	22	42
	1847	23	39
	1848	24	39
	1849	23	43
	1850	20	40
	1851	19	42
	1852	19	43
	1853	23	43
	1854	22	39
	1855	23	41
	1856	21	40
	1857	24	39
	1858	22	39
	1859	22	42
	1860	23	39
	1861	22	42
	1862	24	40
	1863	23	39
	1864	20	38
	1865	22	41
	1866	20	41
	1867	22	41
	1868	21	41
	1869	19	42
	1870	21	42
	1871	24	42
	1872	23	41
	1873	20	42
	1874	21	41
	1875	22	37
	1876	21	43
	1877	24	43
	1878	22	39
	1879	23	43
	1880	26	39
	1881	20	40
	1882	21	42
	1883	23	40
	1884	22	36
	1885	24	41
	1886	20	38
	1887	23	44
	1888	21	37
	1889	22	38
	1890	21	39
	1891	21	43
	1892	24	40
	1893	26	39
	1894	23	40
	1895	22	38
	1896	19	42
	1897	22	41
	1898	22	39
	1899	22	40
	1900	20	37
	1901	23	41
	1902	23	40
	1903	21	41
	1904	23	41
	1905	23	38
	1906	21	40
	1907	31	42
	1908	23	40
	1909	22	39
	1910	19	39
	1911	24	42
	1912	22	42
	1913	19	42
	1914	22	41
	1915	21	40
	1916	23	42
	1917	25	40
	1918	22	40
	1919	24	41
	1920	21	38
	1921	21	46
	1922	21	39
	1923	23	41
	1924	20	39
	1925	22	39
	1926	22	39
	1927	25	38
	1928	23	39
	1929	19	43
	1930	22	39
	1931	23	38
	1932	21	39
	1933	23	40
	1934	23	39
	1935	22	40
	1936	22	38
	1937	23	41
	1938	19	40
	1939	21	40
	1940	22	38
	1941	21	40
	1942	23	40
	1943	21	40
	1944	23	41
	1945	22	43
	1946	21	41
	1947	22	40
	1948	22	40
	1949	21	40
	1950	21	45
	1951	19	38
	1952	20	38
	1953	25	40
	1954	23	40
	1955	22	38
	1956	20	39
	1957	23	41
	1958	23	40
	1959	21	41
	1960	21	38
	1961	22	39
	1962	21	38
	1963	23	41
	1964	21	37
	1965	22	42
	1966	22	38
	1967	25	40
	1968	19	38
	1969	21	40
	1970	21	41
	1971	21	42
	1972	25	39
	1973	24	43
	1974	22	41
	1975	23	40
	1976	20	39
	1977	22	40
	1978	22	40
	1979	20	42
	1980	20	39
	1981	23	40
	1982	19	40
	1983	25	40
	1984	20	39
	1985	22	41
	1986	22	41
	1987	23	40
	1988	20	41
	1989	25	38
	1990	21	38
	1991	23	40
	1992	19	38
	1993	21	40
	1994	20	40
	1995	21	42
	1996	19	40
	1997	21	40
	1998	22	39
	1999	23	43
	2000	17	42
	2001	24	41
	2002	22	40
	2003	18	38
	2004	23	43
	2005	22	42
	2006	19	41
	2007	21	39
	2008	19	41
	2009	21	41
	2010	24	41
	2011	23	40
	2012	21	41
	2013	23	40
	2014	20	40
	2015	22	40
	2016	20	40
	2017	22	39
	2018	23	39
	2019	22	38
	2020	20	39
	2021	21	40
	2022	23	41
	2023	22	39
	2024	21	38
	2025	20	42
	2026	20	41
	2027	19	41
	2028	20	40
	2029	22	40
	2030	19	38
	2031	21	43
	2032	20	38
	2033	22	41
	2034	20	40
	2035	19	39
	2036	20	40
	2037	22	40
	2038	20	40
	2039	19	40
	2040	18	37
	2041	20	40
	2042	21	41
	2043	18	40
	2044	19	44
	2045	20	40
	2046	18	39
	2047	20	39
	2048	21	39
	2049	19	40
	2050	19	41
	2051	23	42
	2052	20	39
	2053	21	39
	2054	22	40
	2055	17	43
	2056	20	40
	2057	21	38
	2058	20	38
	2059	20	41
	2060	20	39
	2061	21	39
	2062	20	40
	2063	20	40
	2064	19	41
	2065	22	41
	2066	21	36
	2067	21	36
	2068	21	38
	2069	19	42
	2070	19	43
	2071	19	45
	2072	20	40
	2073	19	41
	2074	17	39
	2075	20	40
	2076	20	39
	2077	21	40
	2078	19	40
	2079	23	38
	2080	18	39
	2081	22	40
	2082	19	43
	2083	21	41
	2084	20	41
	2085	21	43
	2086	18	38
	2087	20	37
	2088	20	41
	2089	20	41
	2090	20	41
	2091	19	40
	2092	19	38
	2093	21	40
	2094	19	38
	2095	20	37
	2096	20	41
	2097	22	40
	2098	18	38
	2099	19	41
	2100	20	41
	2101	22	42
	2102	19	39
	2103	23	42
	2104	21	38
	2105	21	41
	2106	21	40
	2107	19	40
	2108	20	39
	2109	21	41
	2110	17	39
	2111	21	39
	2112	19	40
	2113	21	40
	2114	20	41
	2115	19	38
	2116	22	37
	2117	19	39
	2118	17	39
	2119	20	42
	2120	20	42
	2121	23	39
	2122	19	42
	2123	20	41
	2124	21	39
	2125	22	41
	2126	20	40
	2127	17	40
	2128	20	39
	2129	19	40
	2130	21	40
	2131	20	41
	2132	20	39
	2133	19	42
	2134	19	41
	2135	20	39
	2136	21	43
	2137	17	40
	2138	19	38
	2139	20	41
	2140	21	40
	2141	22	38
	2142	20	39
	2143	23	40
	2144	19	38
	2145	19	40
	2146	19	39
	2147	19	41
	2148	22	40
	2149	18	38
	2150	20	40
	2151	19	42
	2152	20	40
	2153	19	37
	2154	19	39
	2155	20	39
	2156	19	39
	2157	21	39
	2158	16	37
	2159	18	41
	2160	19	39
	2161	22	39
	2162	19	41
	2163	21	38
	2164	20	37
	2165	21	42
	2166	22	38
	2167	18	39
	2168	21	41
	2169	20	40
	2170	20	61
	2171	21	39
	2172	20	38
	2173	21	39
	2174	20	40
	2175	22	40
	2176	19	39
	2177	22	42
	2178	19	40
	2179	22	38
	2180	21	38
	2181	19	42
	2182	22	40
	2183	20	40
	2184	22	39
	2185	20	40
	2186	21	42
	2187	19	40
	2188	19	38
	2189	21	42
	2190	17	38
	2191	20	39
	2192	18	41
	2193	18	41
	2194	21	46
	2195	21	40
	2196	19	39
	2197	18	38
	2198	19	40
	2199	21	42
	2200	19	39
	2201	19	42
	2202	18	41
	2203	20	38
	2204	18	41
	2205	23	41
	2206	22	37
	2207	20	39
	2208	18	38
	2209	20	39
	2210	18	40
	2211	20	40
	2212	20	37
	2213	20	41
	2214	20	38
	2215	21	43
	2216	21	42
	2217	20	41
	2218	20	39
	2219	21	41
	2220	21	38
	2221	23	37
	2222	19	41
	2223	22	39
	2224	19	38
	2225	21	40
	2226	19	40
	2227	24	38
	2228	20	38
	2229	21	40
	2230	20	39
	2231	20	44
	2232	18	40
	2233	20	41
	2234	20	41
	2235	21	40
	2236	17	39
	2237	21	39
	2238	19	40
	2239	22	41
	2240	19	37
	2241	21	38
	2242	21	39
	2243	19	40
	2244	21	36
	2245	20	40
	2246	20	41
	2247	21	39
	2248	21	39
	2249	20	44
	2250	20	39
	2251	23	40
	2252	20	39
	2253	21	39
	2254	20	39
	2255	23	38
	2256	21	39
	2257	20	43
	2258	18	39
	2259	20	39
	2260	20	42
	2261	20	40
	2262	17	37
	2263	18	41
	2264	20	37
	2265	19	38
	2266	22	39
	2267	20	39
	2268	20	38
	2269	21	40
	2270	16	39
	2271	20	41
	2272	18	39
	2273	20	39
	2274	21	43
	2275	20	40
	2276	19	40
	2277	19	40
	2278	19	38
	2279	19	42
	2280	21	39
	2281	23	38
	2282	22	41
	2283	18	41
	2284	17	38
	2285	22	40
	2286	22	39
	2287	22	39
	2288	18	40
	2289	19	41
	2290	19	40
	2291	20	39
	2292	21	39
	2293	20	38
	2294	22	40
	2295	20	41
	2296	18	40
	2297	21	42
	2298	18	40
	2299	20	41
	2300	22	40
	2301	21	40
	2302	19	37
	2303	23	39
	2304	19	37
	2305	20	38
	2306	20	40
	2307	22	41
	2308	20	40
	2309	19	38
	2310	17	38
	2311	19	39
	2312	19	40
	2313	20	41
	2314	19	40
	2315	21	41
	2316	19	36
	2317	19	41
	2318	17	40
	2319	24	40
	2320	21	39
	2321	22	42
	2322	18	40
	2323	23	42
	2324	19	41
	2325	25	39
	2326	18	38
	2327	20	39
	2328	19	43
	2329	21	42
	2330	23	39
	2331	23	40
	2332	21	38
	2333	23	38
	2334	19	38
	2335	22	40
	2336	19	40
	2337	18	41
	2338	21	41
	2339	19	41
	2340	18	40
	2341	20	40
	2342	19	38
	2343	18	40
	2344	19	38
	2345	20	39
	2346	21	38
	2347	19	41
	2348	19	41
	2349	20	40
	2350	16	42
	2351	19	41
	2352	19	36
	2353	18	39
	2354	18	42
	2355	22	40
	2356	19	40
	2357	21	39
	2358	17	37
	2359	20	37
	2360	19	39
	2361	20	41
	2362	18	39
	2363	21	39
	2364	21	41
	2365	22	39
	2366	19	37
	2367	23	38
	2368	20	41
	2369	21	39
	2370	19	38
	2371	22	38
	2372	21	40
	2373	20	37
	2374	21	38
	2375	22	40
	2376	19	38
	2377	21	40
	2378	18	41
	2379	20	37
	2380	19	39
	2381	23	41
	2382	18	41
	2383	20	40
	2384	20	39
	2385	19	39
	2386	17	42
	2387	23	41
	2388	21	41
	2389	20	42
	2390	21	38
	2391	23	42
	2392	21	40
	2393	20	39
	2394	21	37
	2395	19	40
	2396	18	38
	2397	22	42
	2398	20	38
	2399	21	40
	2400	19	43
	2401	21	36
	2402	18	37
	2403	29	43
	2404	20	42
	2405	23	43
	2406	20	38
	2407	19	39
	2408	20	42
	2409	20	41
	2410	18	39
	2411	20	41
	2412	21	39
	2413	21	43
	2414	19	40
	2415	21	39
	2416	18	39
	2417	21	43
	2418	23	40
	2419	20	42
	2420	19	43
	2421	21	41
	2422	19	40
	2423	21	40
	2424	19	41
	2425	22	40
	2426	17	38
	2427	20	42
	2428	21	36
	2429	19	39
	2430	20	37
	2431	19	38
	2432	20	39
	2433	20	44
	2434	20	39
	2435	19	44
	2436	21	37
	2437	21	39
	2438	18	38
	2439	19	37
	2440	18	40
	2441	19	39
	2442	24	38
	2443	20	40
	2444	21	39
	2445	21	39
	2446	21	39
	2447	20	39
	2448	19	39
	2449	19	42
	2450	20	40
	2451	19	42
	2452	20	39
	2453	17	37
	2454	18	43
	2455	18	38
	2456	22	38
	2457	19	39
	2458	20	40
	2459	23	42
	2460	19	38
	2461	20	43
	2462	22	40
	2463	21	37
	2464	21	42
	2465	20	38
	2466	19	39
	2467	18	40
	2468	21	40
	2469	17	41
	2470	18	40
	2471	18	40
	2472	18	39
	2473	21	39
	2474	19	41
	2475	21	40
	2476	20	36
	2477	22	40
	2478	19	39
	2479	19	39
	2480	20	41
	2481	20	42
	2482	20	42
	2483	21	40
	2484	23	42
	2485	22	39
	2486	20	40
	2487	19	39
	2488	17	41
	2489	20	41
	2490	21	38
	2491	21	43
	2492	19	41
	2493	22	38
	2494	18	42
	2495	20	41
	2496	19	38
	2497	20	40
	2498	21	37
	2499	19	40
	2500	18	38
	2501	22	40
	2502	22	39
	2503	20	39
	2504	21	37
	2505	18	37
	2506	17	40
	2507	21	40
	2508	20	40
	2509	20	41
	2510	20	40
	2511	19	39
	2512	22	41
	2513	21	41
	2514	19	37
	2515	19	37
	2516	22	38
	2517	20	42
	2518	21	41
	2519	20	40
	2520	21	38
	2521	21	38
	2522	18	42
	2523	23	41
	2524	20	40
	2525	21	39
	2526	19	40
	2527	18	40
	2528	19	40
	2529	21	40
	2530	19	39
	2531	19	41
	2532	21	42
	2533	17	39
	2534	21	41
	2535	22	41
	2536	21	37
	2537	23	40
	2538	17	39
	2539	20	41
	2540	18	38
	2541	19	40
	2542	18	41
	2543	17	40
	2544	18	39
	2545	20	38
	2546	21	42
	2547	20	40
	2548	20	41
	2549	19	39
	2550	19	40
	2551	20	40
	2552	18	39
	2553	19	42
	2554	19	36
	2555	19	42
	2556	20	38
	2557	21	39
	2558	18	39
	2559	20	40
	2560	19	41
	2561	20	39
	2562	20	39
	2563	20	41
	2564	18	40
	2565	17	39
	2566	19	41
	2567	20	46
	2568	19	38
	2569	21	40
	2570	21	38
	2571	21	38
	2572	18	40
	2573	20	41
	2574	20	41
	2575	21	42
	2576	19	41
	2577	21	41
	2578	19	38
	2579	18	39
	2580	20	41
	2581	18	39
	2582	19	43
	2583	22	36
	2584	17	37
	2585	18	40
	2586	19	41
	2587	22	39
	2588	21	39
	2589	21	38
	2590	21	37
	2591	20	41
	2592	18	41
	2593	19	40
	2594	19	41
	2595	19	37
	2596	22	39
	2597	19	41
	2598	21	39
	2599	21	38
	2600	18	41
	2601	21	40
	2602	17	39
	2603	21	39
	2604	17	39
	2605	19	39
	2606	17	42
	2607	19	41
	2608	18	40
	2609	20	42
	2610	21	42
	2611	18	40
	2612	19	40
	2613	21	39
	2614	19	38
	2615	24	42
	2616	20	41
	2617	19	39
	2618	17	39
	2619	19	39
	2620	17	37
	2621	21	39
	2622	19	41
	2623	21	42
	2624	19	36
	2625	17	40
	2626	26	39
	2627	20	41
	2628	16	39
	2629	20	40
	2630	23	39
	2631	19	40
	2632	20	36
	2633	20	39
	2634	19	41
	2635	20	41
	2636	19	41
	2637	20	40
	2638	22	38
	2639	20	40
	2640	19	44
	2641	20	41
	2642	19	38
	2643	22	39
	2644	19	41
	2645	22	40
	2646	20	39
	2647	20	41
	2648	19	39
	2649	20	40
	2650	20	41
	2651	19	40
	2652	20	40
	2653	22	36
	2654	18	39
	2655	19	41
	2656	19	40
	2657	19	43
	2658	18	38
	2659	20	40
	2660	19	39
	2661	18	43
	2662	20	40
	2663	19	41
	2664	19	38
	2665	20	42
	2666	20	41
	2667	20	39
	2668	19	42
	2669	23	41
	2670	18	39
	2671	22	43
	2672	18	41
	2673	21	41
	2674	19	40
	2675	18	41
	2676	18	39
	2677	19	45
	2678	18	41
	2679	18	38
	2680	19	41
	2681	18	40
	2682	17	38
	2683	22	43
	2684	19	39
	2685	21	42
	2686	21	41
	2687	20	40
	2688	19	38
	2689	21	39
	2690	19	39
	2691	20	39
	2692	18	41
	2693	19	39
	2694	20	37
	2695	19	38
	2696	17	37
	2697	18	38
	2698	18	39
	2699	19	41
	2700	20	41
	2701	20	43
	2702	21	37
	2703	19	43
	2704	19	40
	2705	22	39
	2706	21	43
	2707	20	37
	2708	20	36
	2709	19	38
	2710	20	40
	2711	19	40
	2712	20	39
	2713	21	39
	2714	20	40
	2715	20	39
	2716	18	39
	2717	19	40
	2718	19	40
	2719	18	40
	2720	19	39
	2721	26	39
	2722	21	41
	2723	20	42
	2724	20	39
	2725	21	40
	2726	23	41
	2727	21	39
	2728	17	39
	2729	20	41
	2730	20	39
	2731	19	40
	2732	18	39
	2733	19	42
	2734	18	40
	2735	21	39
	2736	18	39
	2737	20	40
	2738	20	39
	2739	21	40
	2740	19	41
	2741	19	40
	2742	22	40
	2743	22	39
	2744	22	42
	2745	21	39
	2746	20	41
	2747	27	43
	2748	19	41
	2749	21	40
	2750	20	41
	2751	20	39
	2752	19	40
	2753	19	41
	2754	19	41
	2755	20	42
	2756	18	39
	2757	19	38
	2758	19	41
	2759	19	39
	2760	18	41
	2761	21	40
	2762	18	42
	2763	22	41
	2764	17	41
	2765	21	40
	2766	22	41
	2767	20	40
	2768	20	43
	2769	19	44
	2770	19	41
	2771	22	41
	2772	16	39
	2773	20	41
	2774	17	39
	2775	23	40
	2776	17	40
	2777	19	39
	2778	19	41
	2779	22	40
	2780	22	41
	2781	21	42
	2782	16	39
	2783	24	39
	2784	19	40
	2785	21	41
	2786	22	42
	2787	19	38
	2788	19	41
	2789	19	43
	2790	20	39
	2791	21	43
	2792	20	39
	2793	20	38
	2794	21	39
	2795	22	41
	2796	18	39
	2797	23	42
	2798	20	41
	2799	19	41
	2800	23	43
	2801	18	44
	2802	19	45
	2803	21	39
	2804	20	41
	2805	22	42
	2806	22	39
	2807	18	40
	2808	19	40
	2809	20	40
	2810	18	41
	2811	21	42
	2812	19	43
	2813	20	40
	2814	21	41
	2815	19	43
	2816	19	40
	2817	24	40
	2818	19	41
	2819	21	40
	2820	18	37
	2821	20	39
	2822	19	40
	2823	21	40
	2824	18	41
	2825	21	40
	2826	20	39
	2827	19	38
	2828	19	39
	2829	21	39
	2830	21	42
	2831	24	39
	2832	19	39
	2833	18	39
	2834	20	39
	2835	19	41
	2836	22	40
	2837	19	38
	2838	22	39
	2839	24	41
	2840	21	42
	2841	19	41
	2842	21	37
	2843	22	40
	2844	22	41
	2845	22	41
	2846	20	41
	2847	18	38
	2848	21	36
	2849	19	41
	2850	20	42
	2851	20	39
	2852	19	40
	2853	24	40
	2854	18	41
	2855	20	41
	2856	19	41
	2857	23	42
	2858	18	40
	2859	21	42
	2860	17	41
	2861	24	40
	2862	19	38
	2863	19	40
	2864	20	37
	2865	19	41
	2866	20	40
	2867	21	42
	2868	19	40
	2869	21	39
	2870	22	40
	2871	20	40
	2872	19	39
	2873	21	39
	2874	18	40
	2875	19	39
	2876	20	36
	2877	18	40
	2878	19	41
	2879	22	40
	2880	21	40
	2881	20	40
	2882	20	38
	2883	21	39
	2884	22	40
	2885	20	39
	2886	21	39
	2887	21	39
	2888	19	40
	2889	42	41
	2890	20	39
	2891	20	44
	2892	20	39
	2893	22	42
	2894	20	41
	2895	24	44
	2896	19	39
	2897	20	38
	2898	23	39
	2899	19	41
	2900	19	39
	2901	21	41
	2902	17	38
	2903	21	39
	2904	20	43
	2905	19	41
	2906	18	41
	2907	21	36
	2908	17	38
	2909	21	41
	2910	21	38
	2911	20	44
	2912	18	39
	2913	20	42
	2914	20	41
	2915	20	41
	2916	20	39
	2917	20	39
	2918	22	39
	2919	19	39
	2920	24	42
	2921	20	41
	2922	20	43
	2923	20	36
	2924	20	39
	2925	20	40
	2926	19	41
	2927	20	40
	2928	18	41
	2929	21	43
	2930	20	43
	2931	20	41
	2932	21	40
	2933	19	38
	2934	19	39
	2935	20	41
	2936	20	39
	2937	22	41
	2938	20	40
	2939	21	36
	2940	20	38
	2941	21	40
	2942	21	41
	2943	21	42
	2944	20	41
	2945	20	41
	2946	19	39
	2947	19	39
	2948	21	38
	2949	23	41
	2950	19	38
	2951	20	42
	2952	17	40
	2953	20	42
	2954	19	41
	2955	22	42
	2956	20	42
	2957	23	40
	2958	19	41
	2959	22	40
	2960	20	39
	2961	16	42
	2962	23	39
	2963	21	39
	2964	18	41
	2965	19	37
	2966	18	37
	2967	21	39
	2968	21	38
	2969	22	42
	2970	20	41
	2971	22	40
	2972	22	39
	2973	21	41
	2974	17	39
	2975	20	39
	2976	24	41
	2977	21	40
	2978	19	40
	2979	20	38
	2980	19	41
	2981	20	40
	2982	17	38
	2983	21	41
	2984	19	39
	2985	20	40
	2986	15	42
	2987	21	39
	2988	19	39
	2989	22	41
	2990	24	41
	2991	22	39
	2992	19	42
	2993	19	38
	2994	19	40
	2995	22	40
	2996	22	38
	2997	19	38
	2998	22	38
	2999	19	41
	3000	20	37
	3001	21	41
	3002	22	38
	3003	21	39
	3004	18	42
	3005	20	41
	3006	20	41
	3007	21	41
	3008	20	38
	3009	23	41
	3010	20	41
	3011	20	40
	3012	21	40
	3013	22	39
	3014	21	42
	3015	23	40
	3016	19	40
	3017	21	40
	3018	22	44
	3019	20	41
	3020	19	40
	3021	20	41
	3022	20	40
	3023	20	39
	3024	19	38
	3025	19	41
	3026	21	38
	3027	21	41
	3028	21	39
	3029	21	38
	3030	16	39
	3031	19	39
	3032	19	37
	3033	21	43
	3034	19	40
	3035	19	41
	3036	18	38
	3037	18	40
	3038	19	43
	3039	18	41
	3040	19	42
	3041	20	40
	3042	19	38
	3043	22	39
	3044	20	41
	3045	22	37
	3046	20	44
	3047	17	41
	3048	21	42
	3049	24	40
	3050	20	39
	3051	17	40
	3052	19	41
	3053	19	41
	3054	20	39
	3055	20	44
	3056	22	40
	3057	19	40
	3058	17	38
	3059	19	39
	3060	20	41
	3061	21	39
	3062	18	41
	3063	19	40
	3064	19	41
	3065	20	41
	3066	19	38
	3067	22	41
	3068	22	40
	3069	19	42
	3070	21	39
	3071	20	38
	3072	20	39
	3073	21	39
	3074	19	39
	3075	18	41
	3076	18	40
	3077	19	42
	3078	17	42
	3079	20	40
	3080	16	41
	3081	22	40
	3082	20	42
	3083	24	43
	3084	19	41
	3085	20	39
	3086	19	40
	3087	22	38
	3088	21	40
	3089	21	43
	3090	19	36
	3091	22	41
	3092	21	39
	3093	20	40
	3094	15	38
	3095	21	39
	3096	18	41
	3097	21	41
	3098	19	41
	3099	19	39
	3100	21	37
	3101	19	40
	3102	20	39
	3103	20	42
	3104	20	41
	3105	20	40
	3106	19	38
	3107	24	40
	3108	22	41
	3109	19	39
	3110	21	39
	3111	19	40
	3112	20	41
	3113	19	41
	3114	19	42
	3115	20	38
	3116	23	38
	3117	21	40
	3118	20	41
	3119	18	39
	3120	18	38
	3121	21	42
	3122	23	36
	3123	19	40
	3124	21	37
	3125	18	40
	3126	17	40
	3127	20	37
	3128	17	38
	3129	20	38
	3130	16	41
	3131	19	42
	3132	22	41
	3133	20	39
	3134	17	38
	3135	20	39
	3136	22	37
	3137	20	40
	3138	19	39
	3139	19	39
	3140	20	40
	3141	20	41
	3142	18	40
	3143	18	41
	3144	19	39
	3145	20	39
	3146	25	39
	3147	18	43
	3148	17	42
	3149	18	42
	3150	20	39
	3151	18	41
	3152	20	40
	3153	19	39
	3154	18	38
	3155	20	39
	3156	17	38
	3157	19	39
	3158	20	42
	3159	19	40
	3160	19	41
	3161	22	42
	3162	18	40
	3163	21	42
	3164	21	40
	3165	19	39
	3166	21	39
	3167	21	41
	3168	19	39
	3169	18	39
	3170	19	37
	3171	19	38
	3172	20	39
	3173	19	40
	3174	18	37
	3175	20	43
	3176	18	41
	3177	21	40
	3178	21	41
	3179	19	40
	3180	20	41
	3181	20	42
	3182	18	40
	3183	21	38
	3184	19	41
	3185	23	40
	3186	20	41
	3187	20	39
	3188	18	38
	3189	20	41
	3190	16	41
	3191	23	38
	3192	20	40
	3193	21	41
	3194	17	40
	3195	20	43
	3196	20	40
	3197	21	40
	3198	20	39
	3199	21	40
	3200	22	38
	3201	20	39
	3202	21	39
	3203	21	40
	3204	19	40
	3205	19	40
	3206	20	40
	3207	22	41
	3208	19	39
	3209	20	40
	3210	20	40
	3211	23	40
	3212	21	38
	3213	20	43
	3214	19	38
	3215	21	42
	3216	20	39
	3217	20	40
	3218	20	38
	3219	22	37
	3220	17	38
	3221	17	39
	3222	18	40
	3223	24	47
	3224	21	41
	3225	20	38
	3226	18	42
	3227	18	42
	3228	20	40
	3229	19	42
	3230	19	40
	3231	22	40
	3232	17	39
	3233	20	40
	3234	19	36
	3235	18	42
	3236	19	42
	3237	20	37
	3238	18	41
	3239	21	41
	3240	20	41
	3241	21	44
	3242	19	39
	3243	20	43
	3244	20	42
	3245	21	42
	3246	18	41
	3247	20	40
	3248	20	41
	3249	19	43
	3250	19	40
	3251	20	39
	3252	22	40
	3253	22	39
	3254	17	41
	3255	19	40
	3256	18	39
	3257	19	42
	3258	20	40
	3259	19	38
	3260	19	41
	3261	18	37
	3262	18	41
	3263	23	40
	3264	20	41
	3265	17	39
	3266	17	38
	3267	21	40
	3268	19	36
	3269	22	40
	3270	19	38
	3271	20	40
	3272	21	41
	3273	22	39
	3274	20	40
	3275	20	42
	3276	20	40
	3277	21	42
	3278	20	38
	3279	17	40
	3280	21	40
	3281	19	39
	3282	19	39
	3283	20	39
	3284	20	39
	3285	26	42
	3286	19	40
	3287	21	41
	3288	18	36
	3289	20	39
	3290	21	41
	3291	19	41
	3292	21	42
	3293	20	42
	3294	19	39
	3295	21	38
	3296	20	41
	3297	20	40
	3298	20	41
	3299	17	40
	3300	20	36
	3301	19	40
	3302	18	39
	3303	20	42
	3304	17	39
	3305	18	40
	3306	21	40
	3307	21	42
	3308	17	39
	3309	18	41
	3310	22	39
	3311	20	38
	3312	18	40
	3313	22	43
	3314	21	40
	3315	19	41
	3316	19	40
	3317	23	41
	3318	19	41
	3319	20	40
	3320	19	41
	3321	19	40
	3322	22	38
	3323	21	39
	3324	19	39
	3325	20	37
	3326	19	42
	3327	15	43
	3328	18	39
	3329	22	40
	3330	19	38
	3331	23	39
	3332	20	41
	3333	19	41
	3334	19	40
	3335	21	41
	3336	22	42
	3337	22	43
	3338	21	40
	3339	20	39
	3340	20	40
	3341	19	43
	3342	21	41
	3343	17	39
	3344	17	39
	3345	18	39
	3346	21	41
	3347	23	39
	3348	23	38
	3349	20	40
	3350	17	40
	3351	20	39
	3352	17	41
	3353	20	40
	3354	17	36
	3355	21	42
	3356	19	41
	3357	23	41
	3358	22	36
	3359	18	37
	3360	19	36
	3361	19	40
	3362	20	40
	3363	20	39
	3364	19	38
	3365	20	40
	3366	17	36
	3367	19	41
	3368	19	40
	3369	21	40
	3370	24	38
	3371	22	42
	3372	17	39
	3373	18	39
	3374	18	40
	3375	20	43
	3376	20	41
	3377	17	40
	3378	16	39
	3379	19	41
	3380	17	34
	3381	21	40
	3382	19	40
	3383	19	40
	3384	18	40
	3385	22	40
	3386	19	39
	3387	20	40
	3388	19	38
	3389	18	39
	3390	21	40
	3391	18	43
	3392	17	40
	3393	17	40
	3394	20	38
	3395	24	37
	3396	22	40
	3397	22	40
	3398	18	40
	3399	20	41
	3400	20	41
	3401	22	40
	3402	19	39
	3403	20	42
	3404	20	39
	3405	20	39
	3406	19	40
	3407	22	39
	3408	20	39
	3409	23	39
	3410	21	41
	3411	20	42
	3412	20	41
	3413	19	41
	3414	19	38
	3415	23	40
	3416	19	42
	3417	20	40
	3418	18	38
	3419	19	39
	3420	18	38
	3421	19	39
	3422	18	41
	3423	22	39
	3424	20	41
	3425	18	41
	3426	20	40
	3427	22	42
	3428	18	38
	3429	22	40
	3430	18	41
	3431	20	40
	3432	20	40
	3433	21	39
	3434	18	39
	3435	18	39
	3436	19	38
	3437	18	41
	3438	18	38
	3439	16	41
	3440	18	39
	3441	19	38
	3442	20	38
	3443	21	39
	3444	18	39
	3445	20	39
	3446	22	40
	3447	22	40
	3448	18	36
	3449	19	39
	3450	19	38
	3451	20	40
	3452	18	38
	3453	18	39
	3454	19	37
	3455	21	40
	3456	20	40
	3457	21	39
	3458	17	39
	3459	21	40
	3460	20	41
	3461	21	42
	3462	19	38
	3463	22	43
	3464	20	43
	3465	21	40
	3466	19	39
	3467	20	41
	3468	19	39
	3469	22	40
	3470	20	39
	3471	22	41
	3472	17	45
	3473	17	40
	3474	19	39
	3475	19	38
	3476	19	37
	3477	20	38
	3478	18	42
	3479	19	40
	3480	19	39
	3481	20	41
	3482	23	40
	3483	17	40
	3484	17	39
	3485	21	41
	3486	21	38
	3487	16	39
	3488	19	38
	3489	20	40
	3490	22	40
	3491	20	40
	3492	20	38
	3493	21	39
	3494	21	37
	3495	21	42
	3496	19	42
	3497	19	43
	3498	19	43
	3499	23	39
	3500	18	39
	3501	19	39
	3502	19	40
	3503	21	38
	3504	19	39
	3505	19	40
	3506	19	39
	3507	21	38
	3508	17	40
	3509	20	40
	3510	19	40
	3511	20	40
	3512	17	38
	3513	22	41
	3514	21	39
	3515	19	40
	3516	19	38
	3517	18	39
	3518	20	39
	3519	20	41
	3520	21	38
	3521	21	41
	3522	20	39
	3523	21	40
	3524	20	41
	3525	21	38
	3526	18	38
	3527	19	42
	3528	17	38
	3529	18	39
	3530	19	41
	3531	18	41
	3532	16	40
	3533	19	39
	3534	19	40
	3535	21	39
	3536	20	37
	3537	20	42
	3538	20	39
	3539	21	42
	3540	19	41
	3541	22	39
	3542	19	38
	3543	22	40
	3544	19	39
	3545	20	38
	3546	21	38
	3547	20	40
	3548	23	39
	3549	20	40
	3550	23	44
	3551	19	39
	3552	19	38
	3553	22	41
	3554	22	39
	3555	22	42
	3556	18	38
	3557	19	39
	3558	23	40
	3559	23	43
	3560	19	41
	3561	17	38
	3562	19	40
	3563	19	42
	3564	19	38
	3565	19	40
	3566	19	39
	3567	21	40
	3568	19	40
	3569	17	40
	3570	18	41
	3571	22	41
	3572	20	38
	3573	19	41
	3574	21	39
	3575	20	39
	3576	20	41
	3577	18	40
	3578	17	38
	3579	18	41
	3580	22	39
	3581	18	39
	3582	21	40
	3583	25	39
	3584	18	41
	3585	20	41
	3586	19	40
	3587	20	42
	3588	21	39
	3589	22	40
	3590	16	38
	3591	20	40
	3592	20	40
	3593	20	39
	3594	21	39
	3595	19	39
	3596	17	38
	3597	21	40
	3598	21	40
	3599	22	41
	3600	19	39
	3601	20	38
	3602	18	41
	3603	19	38
	3604	19	40
	3605	17	42
	3606	18	38
	3607	20	41
	3608	20	40
	3609	17	39
	3610	18	39
	3611	20	43
	3612	19	39
	3613	17	42
	3614	21	40
	3615	22	39
	3616	21	40
	3617	21	38
	3618	18	37
	3619	22	39
	3620	21	38
	3621	21	40
	3622	21	42
	3623	20	40
	3624	19	41
	3625	19	41
	3626	18	39
	3627	20	42
	3628	19	38
	3629	21	38
	3630	18	35
	3631	20	36
	3632	20	40
	3633	20	41
	3634	16	38
	3635	20	41
	3636	21	42
	3637	22	40
	3638	20	42
	3639	20	42
	3640	18	39
	3641	21	40
	3642	19	39
	3643	17	39
	3644	20	42
	3645	20	38
	3646	19	38
	3647	19	41
	3648	17	40
	3649	20	38
	3650	16	38
	3651	22	42
	3652	20	39
	3653	21	42
	3654	19	40
	3655	19	39
	3656	17	42
	3657	21	40
	3658	21	38
	3659	18	39
	3660	20	37
	3661	19	38
	3662	19	41
	3663	22	40
	3664	20	41
	3665	20	42
	3666	19	36
	3667	21	40
	3668	17	40
	3669	19	42
	3670	18	40
	3671	20	41
	3672	21	39
	3673	21	41
	3674	18	41
	3675	21	40
	3676	20	42
	3677	21	40
	3678	19	39
	3679	19	41
	3680	15	40
	3681	18	39
	3682	18	40
	3683	21	38
	3684	20	40
	3685	20	43
	3686	19	39
	3687	20	41
	3688	20	42
	3689	20	41
	3690	19	41
	3691	23	42
	3692	21	42
	3693	19	42
	3694	20	37
	3695	20	39
	3696	20	41
	3697	23	40
	3698	19	40
	3699	21	40
	3700	24	38
	3701	19	39
	3702	21	40
	3703	23	38
	3704	20	42
	3705	24	41
	3706	19	39
	3707	18	39
	3708	19	37
	3709	22	38
	3710	19	40
	3711	21	37
	3712	18	37
	3713	21	41
	3714	17	39
	3715	21	38
	3716	21	39
	3717	20	41
	3718	19	37
	3719	18	42
	3720	20	37
	3721	17	38
	3722	18	39
	3723	19	36
