	0	20	39
	1	16	39
	2	17	39
	3	19	41
	4	20	41
	5	18	38
	6	19	37
	7	18	41
	8	20	40
	9	18	39
	10	17	40
	11	21	40
	12	19	36
	13	19	40
	14	16	39
	15	18	39
	16	16	37
	17	18	36
	18	18	39
	19	19	38
	20	17	36
	21	17	40
	22	18	37
	23	19	43
	24	19	39
	25	20	35
	26	20	39
	27	21	43
	28	20	38
	29	22	43
	30	20	42
	31	21	42
	32	19	40
	33	20	40
	34	20	40
	35	20	42
	36	22	40
	37	22	40
	38	20	44
	39	22	41
	40	19	43
	41	20	43
	42	20	41
	43	22	43
	44	22	42
	45	24	42
	46	23	39
	47	18	41
	48	22	37
	49	23	41
	50	18	41
	51	21	44
	52	19	43
	53	21	40
	54	22	39
	55	19	41
	56	20	43
	57	22	42
	58	17	40
	59	23	39
	60	23	38
	61	20	44
	62	23	42
	63	22	41
	64	20	44
	65	22	42
	66	23	41
	67	21	44
	68	22	42
	69	25	44
	70	22	44
	71	18	44
	72	19	43
	73	21	44
	74	18	42
	75	24	44
	76	21	43
	77	22	41
	78	23	43
	79	24	41
	80	21	41
	81	25	43
	82	23	39
	83	23	47
	84	25	43
	85	20	43
	86	24	44
	87	23	43
	88	22	41
	89	23	40
	90	19	42
	91	22	41
	92	18	43
	93	19	48
	94	19	47
	95	22	41
	96	21	48
	97	20	44
	98	24	43
	99	21	45
	100	20	40
	101	24	43
	102	24	43
	103	22	43
	104	23	43
	105	23	41
	106	21	45
	107	25	43
	108	22	43
	109	25	44
	110	21	42
	111	22	41
	112	26	44
	113	24	45
	114	22	42
	115	24	45
	116	20	40
	117	21	43
	118	24	44
	119	21	43
	120	21	43
	121	22	44
	122	19	44
	123	25	44
	124	25	44
	125	23	41
	126	24	41
	127	23	44
	128	21	44
	129	23	45
	130	19	43
	131	22	44
	132	24	46
	133	21	44
	134	23	43
	135	26	45
	136	30	40
	137	23	43
	138	25	47
	139	22	45
	140	22	43
	141	27	43
	142	21	43
	143	24	45
	144	21	46
	145	20	44
	146	23	40
	147	23	44
	148	23	47
	149	21	45
	150	21	44
	151	23	44
	152	21	40
	153	24	43
	154	24	44
	155	24	45
	156	19	45
	157	27	43
	158	22	44
	159	24	45
	160	24	45
	161	19	44
	162	24	44
	163	24	45
	164	22	46
	165	24	44
	166	25	43
	167	23	46
	168	22	42
	169	24	43
	170	23	46
	171	24	46
	172	22	46
	173	24	47
	174	20	45
	175	19	47
	176	21	43
	177	21	42
	178	23	44
	179	20	42
	180	23	45
	181	22	42
	182	24	45
	183	23	45
	184	23	43
	185	25	45
	186	23	44
	187	23	45
	188	22	44
	189	23	43
	190	24	45
	191	25	46
	192	23	45
	193	23	48
	194	23	42
	195	21	43
	196	23	43
	197	22	42
	198	24	44
	199	23	45
	200	22	43
	201	25	47
	202	22	46
	203	21	43
	204	24	45
	205	25	43
	206	21	43
	207	21	46
	208	22	43
	209	25	43
	210	26	46
	211	23	43
	212	21	42
	213	23	46
	214	22	42
	215	21	47
	216	24	43
	217	22	47
	218	22	47
	219	21	51
	220	20	45
	221	23	46
	222	23	43
	223	24	46
	224	23	45
	225	26	46
	226	21	44
	227	23	48
	228	23	45
	229	24	45
	230	22	45
	231	25	48
	232	20	42
	233	20	44
	234	25	45
	235	23	44
	236	23	47
	237	25	41
	238	21	43
	239	22	44
	240	22	43
	241	24	48
	242	23	46
	243	23	40
	244	24	41
	245	20	47
	246	23	43
	247	21	47
	248	23	44
	249	24	46
	250	21	43
	251	22	45
	252	22	45
	253	21	45
	254	19	44
	255	25	48
	256	22	45
	257	25	47
	258	24	45
	259	25	45
	260	22	43
	261	23	44
	262	25	45
	263	23	46
	264	23	41
	265	23	45
	266	22	43
	267	24	47
	268	21	45
	269	22	47
	270	22	43
	271	24	43
	272	22	43
	273	24	42
	274	21	42
	275	23	46
	276	22	43
	277	24	44
	278	22	44
	279	23	44
	280	21	41
	281	23	43
	282	20	46
	283	23	46
	284	22	43
	285	25	46
	286	21	44
	287	21	45
	288	18	44
	289	21	44
	290	25	46
	291	22	41
	292	23	44
	293	21	44
	294	21	43
	295	23	44
	296	24	47
	297	24	44
	298	29	45
	299	21	42
	300	19	43
	301	24	43
	302	21	44
	303	23	44
	304	21	44
	305	21	42
	306	24	41
	307	22	46
	308	22	42
	309	24	43
	310	21	46
	311	23	44
	312	20	43
	313	18	43
	314	21	43
	315	23	43
	316	21	45
	317	23	42
	318	23	42
	319	20	47
	320	22	43
	321	23	47
	322	24	43
	323	24	43
	324	22	41
	325	21	41
	326	21	45
	327	21	45
	328	21	43
	329	21	43
	330	20	44
	331	24	47
	332	25	42
	333	22	47
	334	22	44
	335	22	43
	336	20	42
	337	22	46
	338	20	43
	339	23	46
	340	21	42
	341	21	45
	342	22	45
	343	23	46
	344	18	43
	345	23	43
	346	23	46
	347	23	43
	348	22	45
	349	24	44
	350	23	42
	351	24	44
	352	20	44
	353	22	44
	354	21	43
	355	23	45
	356	25	44
	357	23	45
	358	22	39
	359	22	42
	360	23	42
	361	24	44
	362	24	44
	363	25	42
	364	20	40
	365	20	42
	366	23	44
	367	23	44
	368	21	45
	369	20	43
	370	21	45
	371	26	45
	372	20	42
	373	23	42
	374	20	44
	375	23	43
	376	23	46
	377	23	43
	378	22	44
	379	23	45
	380	22	44
	381	20	44
	382	20	44
	383	23	44
	384	21	44
	385	22	42
	386	23	42
	387	22	41
	388	21	41
	389	23	43
	390	23	43
	391	23	46
	392	22	45
	393	22	43
	394	19	42
	395	23	45
	396	21	44
	397	22	45
	398	20	45
	399	23	48
	400	21	41
	401	23	45
	402	24	43
	403	23	44
	404	22	43
	405	23	40
	406	22	44
	407	24	44
	408	21	44
	409	22	43
	410	22	43
	411	23	49
	412	24	41
	413	21	45
	414	22	43
	415	22	45
	416	23	43
	417	21	46
	418	21	44
	419	26	45
	420	21	45
	421	19	44
	422	22	44
	423	23	43
	424	24	45
	425	22	47
	426	23	45
	427	22	48
	428	23	43
	429	25	44
	430	22	45
	431	23	49
	432	25	41
	433	25	46
	434	23	46
	435	24	45
	436	23	43
	437	21	44
	438	22	44
	439	21	46
	440	24	47
	441	24	47
	442	24	42
	443	23	43
	444	23	42
	445	24	46
	446	24	45
	447	23	45
	448	20	43
	449	25	44
	450	22	42
	451	26	48
	452	31	44
	453	22	44
	454	25	46
	455	22	44
	456	23	44
	457	26	44
	458	21	44
	459	20	44
	460	23	45
	461	24	44
	462	19	44
	463	23	44
	464	23	40
	465	25	43
	466	25	43
	467	23	47
	468	23	44
	469	24	47
	470	23	43
	471	20	49
	472	21	43
	473	26	45
	474	24	44
	475	25	46
	476	23	47
	477	23	46
	478	23	44
	479	25	44
	480	21	42
	481	23	45
	482	23	43
	483	26	47
	484	24	43
	485	23	44
	486	22	46
	487	25	47
	488	23	44
	489	25	44
	490	25	46
	491	24	47
	492	25	44
	493	23	44
	494	25	45
	495	23	48
	496	26	42
	497	25	46
	498	19	44
	499	22	45
	500	23	45
	501	23	45
	502	24	39
	503	24	48
	504	25	44
	505	26	44
	506	26	44
	507	24	44
	508	23	45
	509	24	45
	510	23	46
	511	22	49
	512	24	44
	513	24	44
	514	25	46
	515	23	47
	516	24	48
	517	26	48
	518	23	46
	519	25	47
	520	22	46
	521	24	49
	522	27	44
	523	24	47
	524	24	47
	525	25	46
	526	23	46
	527	24	49
	528	22	46
	529	25	47
	530	23	47
	531	23	48
	532	21	45
	533	25	47
	534	25	47
	535	23	48
	536	26	45
	537	27	45
	538	24	45
	539	26	48
	540	25	45
	541	24	45
	542	23	44
	543	24	50
	544	25	45
	545	25	47
	546	23	49
	547	29	47
	548	27	44
	549	23	46
	550	23	48
	551	26	47
	552	23	45
	553	27	49
	554	24	47
	555	23	46
	556	23	46
	557	24	51
	558	24	45
	559	24	51
	560	22	46
	561	25	47
	562	23	47
	563	25	47
	564	23	46
	565	28	48
	566	24	48
	567	24	48
	568	25	46
	569	27	50
	570	26	48
	571	24	46
	572	24	44
	573	27	47
	574	23	48
	575	25	49
	576	25	45
	577	25	51
	578	23	47
	579	26	48
	580	28	48
	581	26	49
	582	27	46
	583	24	49
	584	25	48
	585	24	47
	586	27	49
	587	29	45
	588	26	45
	589	27	47
	590	25	49
	591	28	49
	592	27	48
	593	25	50
	594	27	50
	595	29	51
	596	26	48
	597	27	48
	598	28	46
	599	27	47
	600	25	45
	601	25	47
	602	26	49
	603	26	51
	604	25	47
	605	26	49
	606	28	49
	607	26	49
	608	25	52
	609	31	50
	610	26	47
	611	26	48
	612	26	53
	613	28	51
	614	29	50
	615	28	50
	616	24	51
	617	27	51
	618	26	51
	619	24	54
	620	30	48
	621	28	49
	622	28	50
	623	31	50
	624	27	49
	625	29	48
	626	28	50
	627	27	51
	628	30	52
	629	28	54
	630	29	51
	631	29	52
	632	27	48
	633	29	52
	634	31	51
	635	32	53
	636	27	52
	637	29	54
	638	25	56
	639	27	54
	640	27	53
	641	28	51
	642	28	52
	643	31	51
	644	29	49
	645	28	50
	646	30	51
	647	29	50
	648	29	52
	649	28	53
	650	27	50
	651	29	52
	652	27	51
	653	28	54
	654	27	50
	655	27	53
	656	25	51
	657	30	53
	658	26	52
	659	29	51
	660	30	51
	661	30	51
	662	27	53
	663	30	52
	664	29	55
	665	31	52
	666	28	51
	667	32	54
	668	32	55
	669	28	55
	670	32	53
	671	30	53
	672	31	54
	673	32	53
	674	30	54
	675	32	54
	676	29	54
	677	31	53
	678	28	56
	679	31	54
	680	29	52
	681	29	55
	682	31	53
	683	30	54
	684	28	55
	685	30	55
	686	27	55
	687	32	55
	688	31	54
	689	27	55
	690	29	52
	691	28	55
	692	26	54
	693	34	56
	694	28	55
	695	30	54
	696	29	53
	697	31	56
	698	31	54
	699	31	57
	700	29	54
	701	32	56
	702	31	54
	703	31	56
	704	30	55
	705	28	56
	706	31	55
	707	33	57
	708	36	56
	709	30	56
	710	31	56
	711	30	56
	712	31	52
	713	30	57
	714	31	56
	715	31	58
	716	33	58
	717	30	56
	718	29	56
	719	31	56
	720	30	55
	721	31	56
	722	32	54
	723	31	57
	724	30	52
	725	29	55
	726	32	53
	727	31	54
	728	30	54
	729	32	54
	730	30	58
	731	30	56
	732	32	56
	733	33	56
	734	30	55
	735	32	55
	736	33	59
	737	32	56
	738	33	57
	739	32	58
	740	32	55
	741	33	57
	742	28	56
	743	30	58
	744	28	58
	745	31	58
	746	31	58
	747	30	58
	748	31	57
	749	33	60
	750	30	59
	751	32	59
	752	29	55
	753	30	57
	754	31	56
	755	32	52
	756	29	56
	757	29	55
	758	30	61
	759	32	62
	760	29	55
	761	30	52
	762	30	58
	763	30	59
	764	28	58
	765	27	57
	766	29	57
	767	29	56
	768	28	56
	769	32	55
	770	27	55
	771	31	55
	772	32	56
	773	31	58
	774	31	57
	775	34	55
	776	37	56
	777	30	59
	778	30	59
	779	30	58
	780	30	58
	781	33	53
	782	32	56
	783	31	58
	784	30	56
	785	32	55
	786	27	59
	787	32	56
	788	33	57
	789	31	56
	790	27	56
	791	34	60
	792	28	54
	793	33	60
	794	29	55
	795	29	57
	796	30	54
	797	30	55
	798	28	56
	799	31	58
	800	28	55
	801	28	56
	802	28	56
	803	30	61
	804	27	56
	805	31	56
	806	29	57
	807	32	57
	808	27	58
	809	28	53
	810	26	52
	811	30	56
	812	28	54
	813	28	54
	814	29	55
	815	27	57
	816	28	53
	817	30	55
	818	27	56
	819	30	55
	820	29	52
	821	28	55
	822	29	55
	823	30	53
	824	23	54
	825	28	55
	826	30	55
	827	30	55
	828	31	55
	829	25	55
	830	27	50
	831	31	53
	832	29	54
	833	30	53
	834	29	52
	835	25	54
	836	24	53
	837	27	54
	838	25	51
	839	30	55
	840	25	51
	841	27	55
	842	29	55
	843	28	55
	844	27	54
	845	29	50
	846	27	51
	847	27	52
	848	29	49
	849	31	52
	850	28	53
	851	28	55
	852	26	52
	853	26	54
	854	27	53
	855	30	53
	856	24	52
	857	27	51
	858	26	51
	859	27	52
	860	27	49
	861	28	51
	862	28	51
	863	25	52
	864	27	53
	865	26	53
	866	28	52
	867	27	53
	868	24	52
	869	27	54
	870	26	52
	871	29	54
	872	26	51
	873	28	54
	874	22	48
	875	23	49
	876	28	53
	877	26	52
	878	24	48
	879	27	50
	880	26	53
	881	26	51
	882	24	50
	883	24	52
	884	27	49
	885	28	51
	886	24	49
	887	27	48
	888	23	49
	889	28	50
	890	24	51
	891	25	54
	892	25	49
	893	28	52
	894	28	53
	895	25	49
	896	25	54
	897	25	52
	898	24	50
	899	27	53
	900	24	53
	901	27	48
	902	25	48
	903	25	51
	904	24	50
	905	27	52
	906	26	48
	907	24	50
	908	25	46
	909	25	47
	910	25	49
	911	23	48
	912	26	50
	913	25	51
	914	25	53
	915	25	48
	916	23	49
	917	26	49
	918	25	49
	919	26	48
	920	23	48
	921	28	49
	922	24	48
	923	25	54
	924	24	47
	925	25	49
	926	25	48
	927	24	50
	928	25	52
	929	24	49
	930	26	49
	931	25	51
	932	26	46
	933	31	49
	934	24	48
	935	26	48
	936	25	47
	937	25	48
	938	24	49
	939	23	49
	940	26	46
	941	26	48
	942	21	48
	943	24	48
	944	25	45
	945	24	48
	946	26	49
	947	23	49
	948	21	49
	949	25	49
	950	23	55
	951	25	46
	952	26	49
	953	25	43
	954	24	46
	955	24	45
	956	23	47
	957	24	48
	958	22	47
	959	23	46
	960	24	47
	961	23	50
	962	26	46
	963	23	49
	964	21	46
	965	22	45
	966	23	46
	967	23	45
	968	25	49
	969	25	45
	970	23	48
	971	22	45
	972	24	48
	973	24	46
	974	25	44
	975	23	45
	976	24	47
	977	26	46
	978	26	45
	979	22	45
	980	25	45
	981	22	45
	982	22	44
	983	25	47
	984	26	47
	985	24	45
	986	24	45
	987	24	47
	988	26	47
	989	25	48
	990	23	43
	991	25	47
	992	20	49
	993	21	48
	994	23	45
	995	22	46
	996	23	45
	997	27	47
	998	23	46
	999	24	45
	1000	24	46
	1001	22	45
	1002	24	47
	1003	24	45
	1004	21	46
	1005	23	46
	1006	27	45
	1007	24	45
	1008	24	43
	1009	23	45
	1010	27	46
	1011	26	44
	1012	22	46
	1013	22	45
	1014	22	44
	1015	24	44
	1016	23	46
	1017	22	44
	1018	22	40
	1019	25	43
	1020	23	47
	1021	23	47
	1022	24	45
	1023	23	44
	1024	23	44
	1025	23	43
	1026	24	45
	1027	25	44
	1028	23	43
	1029	22	44
	1030	24	43
	1031	24	45
	1032	21	44
	1033	26	44
	1034	23	44
	1035	24	46
	1036	23	41
	1037	23	45
	1038	21	45
	1039	23	45
	1040	21	46
	1041	23	45
	1042	22	42
	1043	19	45
	1044	23	48
	1045	23	43
	1046	21	42
	1047	22	46
	1048	22	45
	1049	21	45
	1050	22	44
	1051	21	45
	1052	25	45
	1053	23	42
	1054	21	45
	1055	24	50
	1056	22	43
	1057	23	45
	1058	24	45
	1059	23	47
	1060	21	44
	1061	26	44
	1062	22	40
	1063	24	41
	1064	23	45
	1065	21	43
	1066	21	46
	1067	26	43
	1068	22	45
	1069	24	47
	1070	20	45
	1071	24	45
	1072	23	44
	1073	21	42
	1074	21	43
	1075	20	46
	1076	22	44
	1077	29	44
	1078	21	44
	1079	25	47
	1080	25	48
	1081	25	43
	1082	24	46
	1083	21	43
	1084	21	45
	1085	22	44
	1086	22	47
	1087	23	44
	1088	23	42
	1089	23	47
	1090	23	44
	1091	21	43
	1092	23	41
	1093	23	44
	1094	21	43
	1095	26	45
	1096	20	46
	1097	22	45
	1098	23	45
	1099	23	44
	1100	21	44
	1101	24	46
	1102	21	41
	1103	26	44
	1104	21	45
	1105	22	42
	1106	22	41
	1107	24	43
	1108	23	46
	1109	20	46
	1110	22	47
	1111	23	44
	1112	21	43
	1113	23	45
	1114	22	43
	1115	22	44
	1116	19	40
	1117	21	45
	1118	24	46
	1119	23	44
	1120	23	45
	1121	23	44
	1122	21	42
	1123	22	43
	1124	24	41
	1125	22	44
	1126	23	45
	1127	22	47
	1128	20	43
	1129	23	45
	1130	23	44
	1131	23	43
	1132	21	46
	1133	23	44
	1134	20	41
	1135	21	46
	1136	19	49
	1137	22	40
	1138	24	45
	1139	23	47
	1140	27	41
	1141	24	42
	1142	22	42
	1143	23	44
	1144	22	46
	1145	23	42
	1146	20	42
	1147	24	46
	1148	19	43
	1149	21	47
	1150	21	44
	1151	25	43
	1152	22	46
	1153	21	43
	1154	23	41
	1155	20	44
	1156	22	45
	1157	23	40
	1158	20	43
	1159	24	45
	1160	21	45
	1161	21	45
	1162	22	44
	1163	21	43
	1164	22	41
	1165	21	45
	1166	22	43
	1167	23	42
	1168	22	42
	1169	19	44
	1170	21	45
	1171	23	42
	1172	22	44
	1173	20	44
	1174	21	42
	1175	22	43
	1176	24	43
	1177	22	43
	1178	21	44
	1179	25	44
	1180	24	44
	1181	22	42
	1182	24	43
	1183	21	43
	1184	22	42
	1185	21	40
	1186	20	40
	1187	20	42
	1188	23	43
	1189	20	43
	1190	20	47
	1191	20	42
	1192	22	41
	1193	22	43
	1194	20	43
	1195	22	43
	1196	23	44
	1197	22	44
	1198	22	44
	1199	24	47
	1200	23	40
	1201	23	42
	1202	21	43
	1203	22	44
	1204	22	44
	1205	23	43
	1206	22	41
	1207	25	44
	1208	20	41
	1209	20	44
	1210	24	43
	1211	24	44
	1212	21	45
	1213	24	42
	1214	19	43
	1215	27	42
	1216	20	44
	1217	23	41
	1218	21	42
	1219	22	44
	1220	22	41
	1221	23	43
	1222	22	46
	1223	24	46
	1224	21	43
	1225	27	45
	1226	22	41
	1227	22	43
	1228	19	42
	1229	22	43
	1230	23	44
	1231	23	43
	1232	22	41
	1233	23	45
	1234	25	40
	1235	21	45
	1236	25	44
	1237	24	43
	1238	24	43
	1239	23	45
	1240	21	41
	1241	20	47
	1242	21	45
	1243	21	45
	1244	23	47
	1245	22	41
	1246	19	41
	1247	24	44
	1248	23	44
	1249	21	41
	1250	23	43
	1251	24	42
	1252	23	44
	1253	21	44
	1254	21	44
	1255	23	40
	1256	21	44
	1257	21	43
	1258	22	45
	1259	24	45
	1260	24	44
	1261	23	42
	1262	22	45
	1263	23	43
	1264	24	43
	1265	24	43
	1266	30	41
	1267	29	45
	1268	21	42
	1269	25	42
	1270	21	45
	1271	23	42
	1272	20	46
	1273	21	46
	1274	22	45
	1275	21	48
	1276	20	43
	1277	23	40
	1278	20	45
	1279	23	45
	1280	19	43
	1281	21	47
	1282	25	45
	1283	23	42
	1284	23	44
	1285	25	45
	1286	24	42
	1287	23	44
	1288	23	39
	1289	22	43
	1290	23	43
	1291	23	44
	1292	22	42
	1293	23	42
	1294	21	44
	1295	27	40
	1296	22	44
	1297	23	46
	1298	24	43
	1299	24	44
	1300	24	42
	1301	21	44
	1302	22	46
	1303	22	45
	1304	22	41
	1305	23	46
	1306	19	45
	1307	22	45
	1308	19	42
	1309	23	42
	1310	23	42
	1311	21	42
	1312	22	41
	1313	24	44
	1314	22	42
	1315	23	44
	1316	24	42
	1317	24	42
	1318	21	44
	1319	24	45
	1320	20	42
	1321	23	43
	1322	25	45
	1323	23	43
	1324	23	45
	1325	25	43
	1326	22	42
	1327	23	45
	1328	20	44
	1329	20	44
	1330	21	43
	1331	24	46
	1332	23	44
	1333	21	42
	1334	23	45
	1335	21	45
	1336	21	44
	1337	23	43
	1338	22	44
	1339	25	42
	1340	22	41
	1341	21	46
	1342	23	43
	1343	23	44
	1344	20	44
	1345	22	46
	1346	22	41
	1347	20	43
	1348	21	41
	1349	21	40
	1350	23	40
	1351	23	44
	1352	21	40
	1353	23	42
	1354	22	45
	1355	24	44
	1356	23	42
	1357	19	47
	1358	21	45
	1359	23	43
	1360	21	42
	1361	23	43
	1362	22	43
	1363	22	44
	1364	22	42
	1365	22	46
	1366	22	41
	1367	20	44
	1368	21	40
	1369	21	43
	1370	21	43
	1371	22	45
	1372	28	42
	1373	23	43
	1374	19	42
	1375	22	43
	1376	23	43
	1377	23	44
	1378	23	42
	1379	21	43
	1380	20	41
	1381	30	46
	1382	23	43
	1383	23	45
	1384	22	40
	1385	22	47
	1386	21	44
	1387	23	44
	1388	22	44
	1389	24	44
	1390	25	44
	1391	20	44
	1392	21	43
	1393	21	47
	1394	20	46
	1395	27	43
	1396	20	45
	1397	24	46
	1398	25	42
	1399	22	45
	1400	23	44
	1401	24	43
	1402	22	43
	1403	24	46
	1404	21	42
	1405	21	43
	1406	21	43
	1407	25	45
	1408	19	42
	1409	21	41
	1410	22	45
	1411	26	44
	1412	24	44
	1413	22	41
	1414	21	43
	1415	25	44
	1416	23	44
	1417	24	42
	1418	24	43
	1419	20	44
	1420	21	44
	1421	21	43
	1422	21	42
	1423	23	45
	1424	23	45
	1425	21	44
	1426	22	43
	1427	21	43
	1428	20	42
	1429	22	43
	1430	21	42
	1431	21	43
	1432	22	43
	1433	23	42
	1434	22	47
	1435	23	44
	1436	20	44
	1437	22	45
	1438	22	42
	1439	23	44
	1440	18	45
	1441	22	46
	1442	22	45
	1443	25	43
	1444	23	40
	1445	22	42
	1446	22	45
	1447	22	43
	1448	21	44
	1449	22	46
	1450	22	44
	1451	25	47
	1452	20	44
	1453	20	45
	1454	22	43
	1455	22	44
	1456	20	43
	1457	22	46
	1458	23	43
	1459	23	43
	1460	23	41
	1461	20	44
	1462	23	45
	1463	23	45
	1464	20	43
	1465	22	43
	1466	21	44
	1467	21	44
	1468	25	43
	1469	24	44
	1470	21	42
	1471	22	45
	1472	20	45
	1473	23	43
	1474	21	46
	1475	24	45
	1476	21	42
	1477	22	43
	1478	18	44
	1479	19	44
	1480	22	43
	1481	19	40
	1482	23	40
	1483	22	45
	1484	21	42
	1485	24	41
	1486	21	43
	1487	21	45
	1488	20	44
	1489	23	42
	1490	20	43
	1491	25	44
	1492	21	41
	1493	20	43
	1494	22	43
	1495	21	46
	1496	20	43
	1497	22	44
	1498	21	41
	1499	21	43
	1500	20	46
	1501	20	46
	1502	20	44
	1503	22	42
	1504	22	42
	1505	20	45
	1506	22	43
	1507	23	45
	1508	21	40
	1509	21	43
	1510	23	43
	1511	21	43
	1512	19	42
	1513	21	43
	1514	20	41
	1515	21	44
	1516	22	44
	1517	21	43
	1518	21	43
	1519	21	42
	1520	20	42
	1521	23	43
	1522	23	42
	1523	23	42
	1524	21	43
	1525	22	42
	1526	22	40
	1527	20	41
	1528	24	41
	1529	21	45
	1530	23	40
	1531	29	43
	1532	18	45
	1533	24	44
	1534	21	42
	1535	20	43
	1536	22	41
	1537	23	41
	1538	21	44
	1539	22	41
	1540	25	42
	1541	23	43
	1542	23	41
	1543	22	42
	1544	22	44
	1545	22	43
	1546	20	43
	1547	23	46
	1548	21	40
	1549	21	42
	1550	19	43
	1551	20	44
	1552	22	45
	1553	21	43
	1554	16	43
	1555	21	45
	1556	20	42
	1557	22	43
	1558	23	47
	1559	21	41
	1560	18	42
	1561	23	44
	1562	22	42
	1563	22	45
	1564	23	42
	1565	23	44
	1566	22	43
	1567	23	45
	1568	21	42
	1569	22	45
	1570	21	40
	1571	24	51
	1572	20	44
	1573	22	44
	1574	21	46
	1575	24	45
	1576	23	44
	1577	24	45
	1578	21	47
	1579	21	46
	1580	23	47
	1581	21	44
	1582	23	46
	1583	24	46
	1584	22	42
	1585	22	46
	1586	22	47
	1587	25	45
	1588	22	43
	1589	25	43
	1590	25	46
	1591	25	46
	1592	23	45
	1593	20	43
	1594	23	45
	1595	25	44
	1596	23	46
	1597	30	44
	1598	21	45
	1599	23	48
	1600	22	45
	1601	24	46
	1602	21	45
	1603	24	44
	1604	23	44
	1605	22	47
	1606	23	46
	1607	22	48
	1608	22	44
	1609	23	49
	1610	21	44
	1611	23	45
	1612	21	47
	1613	22	45
	1614	26	43
	1615	23	47
	1616	21	46
	1617	25	44
	1618	21	43
	1619	25	44
	1620	25	47
	1621	23	47
	1622	23	46
	1623	22	46
	1624	22	45
	1625	24	48
	1626	23	45
	1627	21	44
	1628	21	45
	1629	24	48
	1630	21	47
	1631	24	47
	1632	21	48
	1633	22	47
	1634	20	45
	1635	26	46
	1636	24	47
	1637	21	48
	1638	19	42
	1639	22	50
	1640	23	43
	1641	22	47
	1642	21	44
	1643	25	42
	1644	21	45
	1645	24	45
	1646	28	43
	1647	23	46
	1648	21	44
	1649	20	45
	1650	22	45
	1651	23	45
	1652	20	45
	1653	22	46
	1654	23	45
	1655	24	46
	1656	25	45
	1657	23	45
	1658	25	45
	1659	23	42
	1660	20	46
	1661	23	48
	1662	19	42
	1663	23	44
	1664	22	45
	1665	25	45
	1666	21	45
	1667	23	44
	1668	22	45
	1669	22	45
	1670	23	46
	1671	23	46
	1672	22	45
	1673	23	44
	1674	21	45
	1675	24	46
	1676	24	43
	1677	21	45
	1678	21	47
	1679	21	46
	1680	21	42
	1681	22	45
	1682	21	45
	1683	24	47
	1684	23	47
	1685	23	44
	1686	22	43
	1687	25	45
	1688	23	46
	1689	26	47
	1690	22	44
	1691	24	43
	1692	21	47
	1693	20	47
	1694	22	44
	1695	23	47
	1696	22	46
	1697	22	50
	1698	19	42
	1699	25	46
	1700	19	43
	1701	22	45
	1702	24	41
	1703	23	41
	1704	21	44
	1705	24	44
	1706	20	42
	1707	21	41
	1708	23	41
	1709	21	41
	1710	23	43
	1711	19	41
	1712	20	40
	1713	18	44
	1714	21	41
	1715	27	42
	1716	20	41
	1717	21	43
	1718	21	43
	1719	20	43
	1720	21	42
	1721	23	42
	1722	20	40
	1723	19	42
	1724	22	40
	1725	21	42
	1726	27	42
	1727	20	42
	1728	22	40
	1729	23	41
	1730	19	42
	1731	23	44
	1732	18	43
	1733	20	44
	1734	22	42
	1735	21	41
	1736	22	41
	1737	22	41
	1738	21	43
	1739	21	43
	1740	24	42
	1741	19	44
	1742	19	41
	1743	20	40
	1744	20	43
	1745	18	40
	1746	18	40
	1747	23	43
	1748	23	42
	1749	22	41
	1750	21	41
	1751	25	43
	1752	18	42
	1753	21	43
	1754	23	43
	1755	23	40
	1756	20	41
	1757	21	41
	1758	20	43
	1759	21	45
	1760	21	45
	1761	18	42
	1762	19	46
	1763	23	44
	1764	19	43
	1765	22	44
	1766	20	42
	1767	21	40
	1768	19	41
	1769	22	43
	1770	20	39
	1771	20	42
	1772	20	39
	1773	19	42
	1774	20	41
	1775	22	44
	1776	23	44
	1777	22	40
	1778	20	40
	1779	21	41
	1780	22	41
	1781	22	44
	1782	21	42
	1783	18	41
	1784	18	42
	1785	22	43
	1786	19	41
	1787	21	43
	1788	23	43
	1789	22	44
	1790	21	43
	1791	24	44
	1792	19	41
	1793	24	44
	1794	20	41
	1795	20	43
	1796	22	43
	1797	23	41
	1798	21	38
	1799	20	39
	1800	21	40
	1801	20	41
	1802	21	39
	1803	20	41
	1804	21	39
	1805	20	43
	1806	19	40
	1807	22	41
	1808	20	40
	1809	22	44
	1810	22	40
	1811	23	38
	1812	16	39
	1813	21	41
	1814	20	35
	1815	21	41
	1816	18	41
	1817	18	41
	1818	20	41
	1819	22	44
	1820	21	40
	1821	18	40
	1822	20	41
	1823	22	42
	1824	19	41
	1825	22	47
	1826	20	41
	1827	21	42
	1828	20	41
	1829	23	40
	1830	23	43
	1831	22	40
	1832	19	40
	1833	22	41
	1834	21	42
	1835	23	39
	1836	20	40
	1837	19	41
	1838	19	42
	1839	19	41
	1840	20	39
	1841	20	40
	1842	20	42
	1843	19	41
	1844	17	38
	1845	24	41
	1846	18	41
	1847	20	41
	1848	24	40
	1849	23	40
	1850	20	41
	1851	18	41
	1852	21	41
	1853	23	42
	1854	22	42
	1855	20	40
	1856	18	39
	1857	22	43
	1858	19	39
	1859	21	43
	1860	19	40
	1861	21	40
	1862	21	40
	1863	21	40
	1864	20	41
	1865	21	43
	1866	16	42
	1867	20	42
	1868	23	41
	1869	23	41
	1870	24	41
	1871	19	42
	1872	22	41
	1873	22	40
	1874	19	43
	1875	23	41
	1876	17	39
	1877	20	41
	1878	20	39
	1879	20	40
	1880	20	40
	1881	19	41
	1882	23	40
	1883	24	44
	1884	23	38
	1885	18	40
	1886	19	41
	1887	22	43
	1888	20	45
	1889	23	39
	1890	19	43
	1891	20	40
	1892	19	40
	1893	19	42
	1894	19	43
	1895	20	41
	1896	17	42
	1897	20	42
	1898	24	42
	1899	19	40
	1900	20	40
	1901	21	42
	1902	19	42
	1903	24	41
	1904	20	42
	1905	19	40
	1906	19	40
	1907	26	39
	1908	19	40
	1909	24	42
	1910	20	39
	1911	22	44
	1912	19	42
	1913	18	41
	1914	20	41
	1915	21	42
	1916	21	40
	1917	18	43
	1918	22	40
	1919	21	43
	1920	18	41
	1921	21	46
	1922	22	40
	1923	22	39
	1924	19	43
	1925	21	39
	1926	21	42
	1927	23	39
	1928	23	40
	1929	20	40
	1930	18	41
	1931	21	41
	1932	20	41
	1933	21	41
	1934	20	37
	1935	21	38
	1936	20	40
	1937	19	41
	1938	19	43
	1939	21	42
	1940	20	39
	1941	21	42
	1942	22	39
	1943	24	41
	1944	18	38
	1945	20	40
	1946	19	41
	1947	20	39
	1948	23	40
	1949	19	43
	1950	22	40
	1951	17	43
	1952	20	40
	1953	21	43
	1954	19	40
	1955	19	39
	1956	19	40
	1957	18	42
	1958	19	41
	1959	22	39
	1960	20	42
	1961	22	40
	1962	21	40
	1963	21	41
	1964	19	40
	1965	19	41
	1966	19	40
	1967	22	38
	1968	21	40
	1969	23	44
	1970	19	40
	1971	22	41
	1972	21	39
	1973	22	41
	1974	23	42
	1975	23	40
	1976	21	40
	1977	22	40
	1978	21	41
	1979	22	39
	1980	20	43
	1981	24	41
	1982	24	42
	1983	22	39
	1984	18	41
	1985	21	41
	1986	20	41
	1987	20	40
	1988	20	41
	1989	20	43
	1990	20	40
	1991	21	42
	1992	18	40
	1993	21	40
	1994	21	41
	1995	23	43
	1996	22	41
	1997	19	39
	1998	20	40
	1999	21	41
	2000	20	41
	2001	20	42
	2002	23	39
	2003	20	40
	2004	21	45
	2005	20	41
	2006	18	41
	2007	21	43
	2008	19	41
	2009	19	41
	2010	23	41
	2011	19	44
	2012	20	43
	2013	22	41
	2014	19	40
	2015	20	41
	2016	21	43
	2017	20	41
	2018	21	40
	2019	22	38
	2020	19	41
	2021	21	43
	2022	20	39
	2023	23	43
	2024	19	40
	2025	20	39
	2026	19	40
	2027	22	44
	2028	20	41
	2029	23	42
	2030	19	38
	2031	20	39
	2032	19	40
	2033	20	42
	2034	18	39
	2035	19	40
	2036	18	41
	2037	19	41
	2038	17	42
	2039	17	41
	2040	19	41
	2041	20	40
	2042	20	40
	2043	20	44
	2044	20	41
	2045	19	39
	2046	19	39
	2047	23	40
	2048	19	41
	2049	20	41
	2050	19	41
	2051	20	40
	2052	21	40
	2053	20	41
	2054	19	40
	2055	24	40
	2056	20	41
	2057	22	41
	2058	19	39
	2059	20	41
	2060	21	41
	2061	20	40
	2062	19	39
	2063	17	41
	2064	19	41
	2065	20	40
	2066	19	40
	2067	24	40
	2068	19	39
	2069	21	42
	2070	18	41
	2071	20	42
	2072	21	42
	2073	21	41
	2074	19	39
	2075	20	42
	2076	20	41
	2077	19	40
	2078	18	42
	2079	23	40
	2080	21	40
	2081	20	42
	2082	18	39
	2083	22	42
	2084	19	41
	2085	19	43
	2086	19	43
	2087	19	41
	2088	19	39
	2089	22	39
	2090	19	38
	2091	21	36
	2092	20	39
	2093	20	39
	2094	20	39
	2095	21	42
	2096	22	39
	2097	21	40
	2098	18	40
	2099	21	41
	2100	20	40
	2101	21	42
	2102	20	41
	2103	20	40
	2104	20	41
	2105	21	40
	2106	20	41
	2107	21	41
	2108	20	40
	2109	21	39
	2110	20	39
	2111	21	40
	2112	20	41
	2113	21	42
	2114	19	39
	2115	17	44
	2116	18	38
	2117	20	38
	2118	17	41
	2119	22	41
	2120	18	42
	2121	24	40
	2122	20	40
	2123	20	41
	2124	19	43
	2125	21	40
	2126	17	40
	2127	21	40
	2128	21	41
	2129	20	42
	2130	24	40
	2131	19	40
	2132	21	42
	2133	23	41
	2134	20	39
	2135	21	42
	2136	20	41
	2137	22	42
	2138	15	40
	2139	19	40
	2140	19	40
	2141	22	41
	2142	23	40
	2143	21	39
	2144	19	45
	2145	23	39
	2146	19	40
	2147	20	40
	2148	21	41
	2149	19	39
	2150	18	41
	2151	23	42
	2152	20	40
	2153	19	42
	2154	20	37
	2155	20	41
	2156	21	42
	2157	20	42
	2158	20	40
	2159	20	41
	2160	19	38
	2161	21	41
	2162	21	38
	2163	21	41
	2164	20	41
	2165	23	40
	2166	21	41
	2167	23	40
	2168	20	41
	2169	21	41
	2170	19	59
	2171	21	40
	2172	21	39
	2173	20	41
	2174	18	39
	2175	19	41
	2176	20	44
	2177	21	43
	2178	18	41
	2179	23	39
	2180	20	38
	2181	22	38
	2182	20	42
	2183	19	37
	2184	19	39
	2185	22	39
	2186	18	37
	2187	20	42
	2188	18	36
	2189	21	40
	2190	22	38
	2191	20	42
	2192	20	38
	2193	21	41
	2194	18	46
	2195	20	39
	2196	21	41
	2197	22	42
	2198	19	41
	2199	20	41
	2200	19	39
	2201	21	42
	2202	19	39
	2203	19	37
	2204	20	38
	2205	24	41
	2206	20	39
	2207	20	42
	2208	17	38
	2209	18	39
	2210	20	39
	2211	20	41
	2212	18	38
	2213	20	42
	2214	21	38
	2215	22	39
	2216	18	40
	2217	23	38
	2218	21	42
	2219	21	40
	2220	20	40
	2221	23	41
	2222	18	41
	2223	21	42
	2224	20	39
	2225	19	43
	2226	23	40
	2227	21	42
	2228	19	39
	2229	22	40
	2230	19	39
	2231	20	41
	2232	19	37
	2233	22	41
	2234	19	40
	2235	21	40
	2236	18	39
	2237	22	40
	2238	17	40
	2239	19	44
	2240	19	37
	2241	22	40
	2242	20	39
	2243	19	41
	2244	22	40
	2245	22	41
	2246	19	39
	2247	20	41
	2248	19	37
	2249	20	40
	2250	19	39
	2251	20	40
	2252	19	38
	2253	21	40
	2254	21	39
	2255	19	40
	2256	19	40
	2257	21	36
	2258	19	39
	2259	22	40
	2260	20	39
	2261	19	40
	2262	19	39
	2263	19	40
	2264	17	39
	2265	22	40
	2266	20	39
	2267	20	40
	2268	19	39
	2269	22	41
	2270	21	43
	2271	20	39
	2272	21	39
	2273	21	40
	2274	23	40
	2275	20	43
	2276	17	42
	2277	18	38
	2278	19	38
	2279	20	42
	2280	19	41
	2281	18	39
	2282	21	42
	2283	20	40
	2284	18	40
	2285	22	42
	2286	20	40
	2287	20	40
	2288	18	41
	2289	19	40
	2290	20	42
	2291	22	41
	2292	20	38
	2293	23	40
	2294	22	39
	2295	19	41
	2296	19	40
	2297	19	42
	2298	19	42
	2299	22	42
	2300	21	42
	2301	19	40
	2302	19	42
	2303	21	42
	2304	19	40
	2305	23	40
	2306	21	40
	2307	21	39
	2308	19	40
	2309	18	40
	2310	21	39
	2311	22	40
	2312	18	39
	2313	20	40
	2314	19	41
	2315	20	42
	2316	19	38
	2317	20	39
	2318	17	39
	2319	21	44
	2320	21	40
	2321	21	41
	2322	20	36
	2323	17	42
	2324	20	37
	2325	24	40
	2326	19	38
	2327	19	42
	2328	19	40
	2329	19	39
	2330	22	39
	2331	21	38
	2332	19	40
	2333	18	40
	2334	18	41
	2335	20	41
	2336	18	41
	2337	16	39
	2338	21	39
	2339	21	43
	2340	18	40
	2341	20	40
	2342	20	39
	2343	18	40
	2344	19	40
	2345	22	41
	2346	20	41
	2347	19	40
	2348	20	41
	2349	20	41
	2350	20	42
	2351	18	41
	2352	16	39
	2353	17	40
	2354	20	43
	2355	24	39
	2356	18	37
	2357	17	42
	2358	21	38
	2359	22	38
	2360	21	41
	2361	22	41
	2362	17	43
	2363	18	42
	2364	21	40
	2365	22	40
	2366	20	39
	2367	20	40
	2368	20	41
	2369	18	43
	2370	21	37
	2371	20	40
	2372	19	39
	2373	20	43
	2374	19	41
	2375	22	39
	2376	16	41
	2377	20	42
	2378	20	38
	2379	25	39
	2380	18	41
	2381	21	42
	2382	22	42
	2383	22	41
	2384	17	42
	2385	21	39
	2386	19	41
	2387	19	41
	2388	19	39
	2389	21	39
	2390	19	42
	2391	20	40
	2392	19	36
	2393	21	39
	2394	20	39
	2395	21	40
	2396	18	39
	2397	19	41
	2398	20	40
	2399	22	40
	2400	21	46
	2401	21	37
	2402	19	39
	2403	24	41
	2404	20	42
	2405	19	40
	2406	19	42
	2407	20	39
	2408	20	41
	2409	21	40
	2410	19	40
	2411	22	43
	2412	20	37
	2413	19	40
	2414	21	38
	2415	21	38
	2416	17	40
	2417	21	46
	2418	19	44
	2419	21	41
	2420	22	41
	2421	23	39
	2422	17	38
	2423	19	41
	2424	17	38
	2425	21	41
	2426	21	41
	2427	22	40
	2428	18	38
	2429	20	38
	2430	17	37
	2431	19	38
	2432	18	40
	2433	22	42
	2434	21	40
	2435	19	40
	2436	22	39
	2437	21	40
	2438	22	42
	2439	19	40
	2440	17	43
	2441	18	40
	2442	18	40
	2443	21	42
	2444	19	37
	2445	21	41
	2446	20	39
	2447	18	40
	2448	20	42
	2449	18	43
	2450	18	42
	2451	21	42
	2452	20	39
	2453	22	39
	2454	22	40
	2455	22	40
	2456	20	41
	2457	20	41
	2458	20	42
	2459	22	41
	2460	21	40
	2461	20	41
	2462	19	41
	2463	19	41
	2464	21	42
	2465	17	41
	2466	19	39
	2467	23	41
	2468	18	41
	2469	19	43
	2470	19	41
	2471	19	39
	2472	20	40
	2473	21	41
	2474	18	41
	2475	19	40
	2476	18	39
	2477	19	40
	2478	19	40
	2479	19	41
	2480	18	39
	2481	19	39
	2482	17	39
	2483	18	42
	2484	18	42
	2485	21	38
	2486	20	38
	2487	19	40
	2488	17	38
	2489	21	41
	2490	17	39
	2491	16	39
	2492	18	38
	2493	22	36
	2494	19	41
	2495	21	43
	2496	19	40
	2497	18	39
	2498	20	40
	2499	19	41
	2500	17	39
	2501	17	39
	2502	19	40
	2503	17	41
	2504	20	39
	2505	18	40
	2506	18	40
	2507	21	42
	2508	19	38
	2509	19	41
	2510	20	41
	2511	20	40
	2512	23	42
	2513	22	42
	2514	18	39
	2515	18	38
	2516	19	39
	2517	21	41
	2518	20	39
	2519	21	41
	2520	20	41
	2521	19	38
	2522	19	37
	2523	19	41
	2524	21	40
	2525	21	37
	2526	19	41
	2527	21	40
	2528	19	40
	2529	20	41
	2530	17	38
	2531	18	40
	2532	19	40
	2533	19	41
	2534	19	40
	2535	19	38
	2536	22	38
	2537	19	37
	2538	22	41
	2539	20	42
	2540	19	39
	2541	21	43
	2542	19	38
	2543	20	40
	2544	23	41
	2545	18	40
	2546	20	39
	2547	20	41
	2548	17	40
	2549	21	39
	2550	20	38
	2551	20	38
	2552	22	40
	2553	21	38
	2554	18	38
	2555	19	41
	2556	19	37
	2557	22	41
	2558	20	38
	2559	21	42
	2560	17	41
	2561	19	43
	2562	19	41
	2563	22	40
	2564	21	38
	2565	20	40
	2566	21	43
	2567	21	44
	2568	21	42
	2569	19	38
	2570	18	37
	2571	20	41
	2572	20	40
	2573	19	42
	2574	19	39
	2575	20	42
	2576	18	37
	2577	21	39
	2578	20	41
	2579	20	39
	2580	19	35
	2581	19	41
	2582	17	39
	2583	19	38
	2584	20	40
	2585	20	41
	2586	19	40
	2587	20	40
	2588	18	38
	2589	19	40
	2590	20	38
	2591	20	41
	2592	18	42
	2593	19	39
	2594	19	40
	2595	19	42
	2596	22	40
	2597	18	41
	2598	18	38
	2599	20	41
	2600	21	38
	2601	16	38
	2602	19	36
	2603	18	39
	2604	21	38
	2605	23	41
	2606	18	40
	2607	20	40
	2608	18	39
	2609	20	40
	2610	19	40
	2611	21	38
	2612	19	40
	2613	20	39
	2614	19	41
	2615	22	41
	2616	16	40
	2617	19	38
	2618	21	39
	2619	20	42
	2620	16	40
	2621	19	42
	2622	19	39
	2623	21	41
	2624	19	43
	2625	21	39
	2626	24	40
	2627	20	39
	2628	20	40
	2629	20	42
	2630	21	41
	2631	19	42
	2632	21	40
	2633	23	41
	2634	19	38
	2635	21	41
	2636	19	43
	2637	21	43
	2638	19	39
	2639	22	39
	2640	20	39
	2641	20	44
	2642	18	42
	2643	18	40
	2644	20	37
	2645	20	40
	2646	19	40
	2647	17	41
	2648	17	39
	2649	19	41
	2650	18	42
	2651	19	41
	2652	20	42
	2653	19	43
	2654	21	38
	2655	19	43
	2656	19	41
	2657	22	41
	2658	22	43
	2659	20	39
	2660	20	40
	2661	21	38
	2662	21	39
	2663	21	40
	2664	19	37
	2665	20	39
	2666	20	40
	2667	23	43
	2668	18	37
	2669	20	39
	2670	17	39
	2671	21	39
	2672	20	41
	2673	21	39
	2674	22	39
	2675	19	41
	2676	19	42
	2677	17	40
	2678	17	40
	2679	19	41
	2680	20	43
	2681	20	40
	2682	19	38
	2683	22	43
	2684	18	41
	2685	21	39
	2686	20	39
	2687	20	44
	2688	19	38
	2689	23	39
	2690	20	38
	2691	21	41
	2692	21	41
	2693	19	39
	2694	17	39
	2695	19	41
	2696	21	40
	2697	19	39
	2698	19	38
	2699	20	41
	2700	16	38
	2701	20	44
	2702	19	41
	2703	21	41
	2704	20	38
	2705	19	41
	2706	19	40
	2707	20	40
	2708	21	41
	2709	20	39
	2710	18	39
	2711	19	43
	2712	21	38
	2713	18	39
	2714	21	38
	2715	20	38
	2716	19	42
	2717	20	39
	2718	19	40
	2719	18	41
	2720	18	36
	2721	23	42
	2722	17	41
	2723	19	40
	2724	18	37
	2725	21	42
	2726	25	39
	2727	20	40
	2728	18	39
	2729	19	38
	2730	21	43
	2731	21	42
	2732	20	39
	2733	21	38
	2734	21	41
	2735	20	38
	2736	19	40
	2737	20	41
	2738	22	39
	2739	19	42
	2740	20	40
	2741	20	41
	2742	19	42
	2743	22	39
	2744	19	42
	2745	21	40
	2746	22	42
	2747	23	39
	2748	18	39
	2749	22	41
	2750	19	43
	2751	24	41
	2752	19	43
	2753	17	40
	2754	17	38
	2755	19	40
	2756	19	40
	2757	18	40
	2758	18	41
	2759	21	40
	2760	18	39
	2761	18	43
	2762	17	43
	2763	23	38
	2764	19	41
	2765	20	41
	2766	19	40
	2767	22	37
	2768	17	38
	2769	18	41
	2770	19	41
	2771	21	41
	2772	18	41
	2773	19	40
	2774	19	37
	2775	20	40
	2776	20	39
	2777	19	40
	2778	19	39
	2779	20	42
	2780	19	40
	2781	20	38
	2782	19	41
	2783	25	39
	2784	19	39
	2785	22	42
	2786	21	39
	2787	20	42
	2788	19	40
	2789	21	36
	2790	17	41
	2791	21	41
	2792	22	41
	2793	17	39
	2794	19	40
	2795	20	38
	2796	21	39
	2797	17	41
	2798	19	36
	2799	20	43
	2800	18	40
	2801	19	42
	2802	21	45
	2803	19	38
	2804	19	38
	2805	20	39
	2806	21	39
	2807	18	39
	2808	20	41
	2809	18	41
	2810	19	39
	2811	19	40
	2812	18	42
	2813	19	43
	2814	18	38
	2815	20	38
	2816	21	38
	2817	22	39
	2818	19	40
	2819	23	41
	2820	20	40
	2821	21	41
	2822	17	39
	2823	21	39
	2824	21	39
	2825	20	43
	2826	19	40
	2827	22	37
	2828	19	39
	2829	20	41
	2830	19	40
	2831	22	39
	2832	19	35
	2833	19	41
	2834	18	40
	2835	18	41
	2836	21	40
	2837	19	42
	2838	21	39
	2839	20	40
	2840	18	42
	2841	19	40
	2842	19	40
	2843	19	42
	2844	19	38
	2845	21	40
	2846	19	39
	2847	22	43
	2848	17	40
	2849	18	40
	2850	19	39
	2851	19	41
	2852	19	36
	2853	23	39
	2854	18	39
	2855	19	40
	2856	19	39
	2857	19	40
	2858	21	39
	2859	21	40
	2860	21	36
	2861	21	41
	2862	19	42
	2863	19	39
	2864	20	40
	2865	18	41
	2866	17	41
	2867	22	39
	2868	15	43
	2869	20	39
	2870	24	40
	2871	18	39
	2872	21	39
	2873	18	40
	2874	17	38
	2875	20	41
	2876	20	37
	2877	18	41
	2878	19	43
	2879	17	40
	2880	19	41
	2881	19	38
	2882	18	39
	2883	22	39
	2884	19	37
	2885	22	39
	2886	19	39
	2887	19	39
	2888	20	42
	2889	41	40
	2890	20	39
	2891	22	40
	2892	18	42
	2893	22	40
	2894	21	41
	2895	22	39
	2896	19	40
	2897	20	41
	2898	20	39
	2899	20	42
	2900	19	42
	2901	19	39
	2902	17	41
	2903	22	39
	2904	22	40
	2905	19	43
	2906	19	41
	2907	17	37
	2908	21	39
	2909	21	40
	2910	20	38
	2911	19	44
	2912	19	39
	2913	21	40
	2914	18	41
	2915	18	37
	2916	21	38
	2917	19	40
	2918	19	39
	2919	20	44
	2920	24	42
	2921	20	41
	2922	20	40
	2923	22	39
	2924	21	37
	2925	19	40
	2926	18	39
	2927	18	40
	2928	21	40
	2929	18	42
	2930	16	40
	2931	19	40
	2932	19	40
	2933	21	38
	2934	18	43
	2935	19	40
	2936	19	41
	2937	20	39
	2938	21	38
	2939	21	43
	2940	19	40
	2941	18	40
	2942	19	41
	2943	20	42
	2944	20	38
	2945	20	40
	2946	19	39
	2947	20	39
	2948	20	43
	2949	20	40
	2950	21	40
	2951	20	38
	2952	17	41
	2953	23	41
	2954	21	39
	2955	18	42
	2956	23	41
	2957	18	41
	2958	22	41
	2959	21	41
	2960	18	39
	2961	17	39
	2962	22	38
	2963	21	41
	2964	19	38
	2965	19	41
	2966	18	40
	2967	20	40
	2968	22	37
	2969	18	44
	2970	21	38
	2971	21	40
	2972	18	41
	2973	18	36
	2974	19	38
	2975	20	44
	2976	19	40
	2977	18	40
	2978	21	39
	2979	22	43
	2980	18	39
	2981	21	39
	2982	19	37
	2983	22	42
	2984	22	40
	2985	18	39
	2986	19	40
	2987	17	40
	2988	18	42
	2989	20	39
	2990	17	40
	2991	19	42
	2992	19	42
	2993	20	44
	2994	18	40
	2995	22	40
	2996	18	38
	2997	19	41
	2998	25	40
	2999	20	39
	3000	14	37
	3001	20	41
	3002	22	38
	3003	23	40
	3004	21	40
	3005	20	39
	3006	20	40
	3007	17	39
	3008	18	39
	3009	20	41
	3010	21	42
	3011	18	40
	3012	18	40
	3013	19	41
	3014	18	41
	3015	21	40
	3016	20	39
	3017	20	42
	3018	19	42
	3019	16	41
	3020	18	39
	3021	21	42
	3022	19	40
	3023	22	41
	3024	19	38
	3025	21	39
	3026	19	42
	3027	20	36
	3028	17	40
	3029	22	41
	3030	19	40
	3031	18	41
	3032	18	38
	3033	17	41
	3034	21	40
	3035	22	40
	3036	21	38
	3037	19	39
	3038	20	37
	3039	19	40
	3040	20	40
	3041	18	40
	3042	17	39
	3043	22	38
	3044	18	40
	3045	18	39
	3046	18	42
	3047	20	39
	3048	20	38
	3049	20	41
	3050	19	40
	3051	19	41
	3052	20	42
	3053	20	42
	3054	18	38
	3055	21	43
	3056	22	38
	3057	23	42
	3058	18	40
	3059	20	39
	3060	19	42
	3061	20	41
	3062	20	40
	3063	22	42
	3064	17	42
	3065	21	39
	3066	21	40
	3067	16	42
	3068	21	41
	3069	21	41
	3070	20	37
	3071	21	40
	3072	18	42
	3073	22	40
	3074	20	38
	3075	20	41
	3076	19	40
	3077	23	42
	3078	19	40
	3079	19	42
	3080	19	38
	3081	20	43
	3082	18	37
	3083	18	44
	3084	17	41
	3085	20	42
	3086	20	39
	3087	18	42
	3088	19	37
	3089	23	40
	3090	21	40
	3091	20	39
	3092	20	41
	3093	23	39
	3094	20	39
	3095	20	38
	3096	23	39
	3097	20	41
	3098	21	42
	3099	21	42
	3100	19	41
	3101	21	41
	3102	21	42
	3103	21	39
	3104	21	41
	3105	23	41
	3106	19	40
	3107	20	39
	3108	19	37
	3109	20	43
	3110	20	40
	3111	21	41
	3112	20	40
	3113	22	42
	3114	20	40
	3115	20	41
	3116	22	41
	3117	19	41
	3118	21	40
	3119	19	41
	3120	19	38
	3121	17	39
	3122	23	40
	3123	20	41
	3124	20	41
	3125	19	43
	3126	20	38
	3127	22	44
	3128	20	39
	3129	21	41
	3130	20	39
	3131	20	44
	3132	18	41
	3133	21	43
	3134	19	39
	3135	21	42
	3136	20	39
	3137	20	43
	3138	19	39
	3139	21	40
	3140	18	41
	3141	20	41
	3142	21	38
	3143	22	41
	3144	19	40
	3145	19	40
	3146	25	41
	3147	20	42
	3148	17	41
	3149	23	39
	3150	22	37
	3151	22	41
	3152	19	40
	3153	20	40
	3154	23	39
	3155	21	39
	3156	18	40
	3157	20	39
	3158	15	41
	3159	18	40
	3160	18	40
	3161	21	43
	3162	20	40
	3163	22	40
	3164	21	42
	3165	21	39
	3166	21	37
	3167	20	40
	3168	20	41
	3169	23	41
	3170	18	38
	3171	21	38
	3172	19	39
	3173	20	38
	3174	19	42
	3175	20	41
	3176	20	41
	3177	23	40
	3178	20	42
	3179	19	40
	3180	21	41
	3181	22	41
	3182	19	42
	3183	22	40
	3184	20	39
	3185	25	41
	3186	20	39
	3187	23	40
	3188	19	39
	3189	20	41
	3190	18	42
	3191	22	40
	3192	19	39
	3193	19	43
	3194	18	39
	3195	21	40
	3196	18	42
	3197	20	39
	3198	21	40
	3199	19	41
	3200	18	40
	3201	22	41
	3202	20	39
	3203	20	42
	3204	21	41
	3205	21	38
	3206	20	38
	3207	19	41
	3208	20	40
	3209	20	42
	3210	18	41
	3211	22	40
	3212	19	37
	3213	21	39
	3214	20	40
	3215	22	43
	3216	20	40
	3217	22	42
	3218	18	39
	3219	20	41
	3220	23	36
	3221	21	42
	3222	18	39
	3223	24	45
	3224	18	40
	3225	23	41
	3226	19	39
	3227	22	41
	3228	19	42
	3229	20	40
	3230	19	41
	3231	19	39
	3232	21	38
	3233	19	43
	3234	19	41
	3235	18	40
	3236	21	41
	3237	20	39
	3238	16	38
	3239	19	43
	3240	18	39
	3241	21	42
	3242	20	40
	3243	19	39
	3244	21	40
	3245	19	41
	3246	21	42
	3247	21	38
	3248	22	39
	3249	20	38
	3250	19	40
	3251	18	41
	3252	21	41
	3253	22	40
	3254	20	40
	3255	21	40
	3256	20	40
	3257	20	41
	3258	18	39
	3259	19	40
	3260	21	38
	3261	19	39
	3262	22	39
	3263	21	40
	3264	18	41
	3265	17	43
	3266	18	42
	3267	19	38
	3268	20	38
	3269	20	40
	3270	18	39
	3271	21	40
	3272	18	43
	3273	18	45
	3274	19	40
	3275	21	41
	3276	21	39
	3277	20	38
	3278	18	37
	3279	20	40
	3280	19	39
	3281	21	39
	3282	22	40
	3283	21	39
	3284	19	39
	3285	26	39
	3286	19	40
	3287	20	42
	3288	17	40
	3289	18	41
	3290	17	38
	3291	19	41
	3292	21	40
	3293	20	41
	3294	19	43
	3295	21	40
	3296	20	40
	3297	20	42
	3298	19	37
	3299	19	40
	3300	21	39
	3301	19	40
	3302	17	43
	3303	19	42
	3304	18	39
	3305	21	40
	3306	18	40
	3307	20	38
	3308	21	40
	3309	20	41
	3310	20	39
	3311	17	39
	3312	19	37
	3313	19	41
	3314	18	41
	3315	21	43
	3316	19	42
	3317	21	42
	3318	18	42
	3319	20	43
	3320	21	41
	3321	22	40
	3322	22	39
	3323	21	39
	3324	19	42
	3325	19	41
	3326	20	42
	3327	20	42
	3328	19	40
	3329	18	39
	3330	19	38
	3331	22	42
	3332	20	41
	3333	21	41
	3334	19	39
	3335	24	39
	3336	19	42
	3337	19	40
	3338	20	40
	3339	20	40
	3340	18	39
	3341	22	41
	3342	18	41
	3343	21	39
	3344	17	39
	3345	18	43
	3346	19	42
	3347	26	40
	3348	18	37
	3349	19	39
	3350	16	41
	3351	21	41
	3352	21	41
	3353	18	38
	3354	19	40
	3355	21	38
	3356	18	38
	3357	18	37
	3358	21	41
	3359	19	41
	3360	22	39
	3361	21	43
	3362	20	39
	3363	20	41
	3364	19	40
	3365	20	42
	3366	20	39
	3367	20	39
	3368	21	38
	3369	20	41
	3370	18	41
	3371	23	40
	3372	20	39
	3373	19	42
	3374	17	40
	3375	19	39
	3376	19	40
	3377	18	42
	3378	19	39
	3379	17	43
	3380	21	39
	3381	20	41
	3382	19	39
	3383	23	39
	3384	15	36
	3385	21	41
	3386	20	39
	3387	22	41
	3388	19	41
	3389	19	42
	3390	19	40
	3391	21	41
	3392	18	38
	3393	19	38
	3394	21	42
	3395	19	41
	3396	19	41
	3397	20	38
	3398	18	40
	3399	19	41
	3400	19	42
	3401	20	41
	3402	19	39
	3403	20	38
	3404	20	39
	3405	22	40
	3406	19	43
	3407	20	43
	3408	21	39
	3409	18	39
	3410	19	39
	3411	19	41
	3412	20	38
	3413	20	41
	3414	19	39
	3415	19	41
	3416	19	41
	3417	20	41
	3418	16	38
	3419	20	41
	3420	21	40
	3421	16	40
	3422	19	40
	3423	20	45
	3424	19	39
	3425	20	39
	3426	21	38
	3427	18	39
	3428	21	41
	3429	20	41
	3430	19	38
	3431	21	39
	3432	19	41
	3433	21	38
	3434	19	39
	3435	23	40
	3436	20	39
	3437	17	41
	3438	15	38
	3439	19	40
	3440	20	39
	3441	20	41
	3442	21	37
	3443	22	40
	3444	18	39
	3445	21	42
	3446	19	39
	3447	19	39
	3448	21	40
	3449	19	43
	3450	21	39
	3451	20	40
	3452	18	39
	3453	19	40
	3454	19	40
	3455	21	41
	3456	24	40
	3457	20	40
	3458	20	38
	3459	21	41
	3460	20	38
	3461	22	44
	3462	19	39
	3463	18	41
	3464	22	39
	3465	20	42
	3466	17	40
	3467	22	41
	3468	20	38
	3469	21	41
	3470	21	41
	3471	17	39
	3472	19	47
	3473	18	39
	3474	19	39
	3475	23	42
	3476	21	41
	3477	21	42
	3478	21	44
	3479	20	40
	3480	21	40
	3481	22	42
	3482	19	37
	3483	19	43
	3484	19	41
	3485	19	41
	3486	18	41
	3487	19	38
	3488	19	40
	3489	19	40
	3490	18	40
	3491	18	40
	3492	19	38
	3493	20	41
	3494	19	40
	3495	21	38
	3496	18	38
	3497	20	40
	3498	19	41
	3499	20	44
	3500	18	40
	3501	19	41
	3502	18	39
	3503	20	42
	3504	17	40
	3505	22	41
	3506	21	40
	3507	19	39
	3508	19	39
	3509	21	40
	3510	19	39
	3511	20	41
	3512	19	39
	3513	19	40
	3514	20	41
	3515	22	42
	3516	21	37
	3517	22	40
	3518	20	38
	3519	22	39
	3520	20	43
	3521	19	40
	3522	20	39
	3523	20	41
	3524	19	42
	3525	19	38
	3526	18	40
	3527	19	38
	3528	18	42
	3529	19	41
	3530	18	39
	3531	19	42
	3532	18	38
	3533	20	41
	3534	19	41
	3535	20	40
	3536	20	39
	3537	18	40
	3538	17	39
	3539	19	40
	3540	18	44
	3541	18	38
	3542	18	39
	3543	22	38
	3544	19	40
	3545	19	37
	3546	19	41
	3547	20	40
	3548	19	38
	3549	22	45
	3550	24	45
	3551	22	41
	3552	18	37
	3553	21	38
	3554	21	39
	3555	23	44
	3556	17	39
	3557	20	39
	3558	17	41
	3559	20	39
	3560	19	39
	3561	20	41
	3562	20	40
	3563	21	41
	3564	18	40
	3565	21	39
	3566	19	39
	3567	22	42
	3568	20	40
	3569	20	41
	3570	21	40
	3571	19	44
	3572	19	39
	3573	19	42
	3574	18	39
	3575	18	40
	3576	17	42
	3577	19	41
	3578	17	42
	3579	20	41
	3580	22	40
	3581	19	39
	3582	22	40
	3583	26	41
	3584	17	40
	3585	21	41
	3586	21	38
	3587	18	41
	3588	20	40
	3589	20	39
	3590	20	41
	3591	21	38
	3592	19	39
	3593	22	42
	3594	17	40
	3595	21	40
	3596	13	42
	3597	20	38
	3598	18	39
	3599	20	41
	3600	20	39
	3601	20	41
	3602	22	39
	3603	18	41
	3604	18	40
	3605	21	40
	3606	20	40
	3607	23	40
	3608	21	39
	3609	20	39
	3610	18	40
	3611	21	39
	3612	21	39
	3613	21	40
	3614	19	41
	3615	19	39
	3616	17	41
	3617	19	41
	3618	19	40
	3619	20	40
	3620	19	38
	3621	20	42
	3622	22	43
	3623	20	42
	3624	17	40
	3625	19	39
	3626	17	38
	3627	18	39
	3628	17	36
	3629	23	39
	3630	19	41
	3631	18	37
	3632	19	42
	3633	21	41
	3634	18	40
	3635	21	38
	3636	22	41
	3637	19	41
	3638	20	41
	3639	20	43
	3640	19	40
	3641	19	40
	3642	20	42
	3643	22	42
	3644	20	38
	3645	19	41
	3646	19	41
	3647	19	41
	3648	17	40
	3649	22	39
	3650	21	39
	3651	21	38
	3652	20	39
	3653	21	38
	3654	19	40
	3655	18	43
	3656	18	39
	3657	18	40
	3658	21	39
	3659	19	43
	3660	19	40
	3661	22	41
	3662	18	39
	3663	19	39
	3664	20	40
	3665	16	40
	3666	19	41
	3667	23	40
	3668	20	37
	3669	20	42
	3670	21	43
	3671	17	41
	3672	20	40
	3673	20	43
	3674	19	40
	3675	19	41
	3676	18	38
	3677	22	40
	3678	20	39
	3679	21	40
	3680	21	39
	3681	19	42
	3682	21	39
	3683	21	41
	3684	22	40
	3685	20	38
	3686	19	39
	3687	20	40
	3688	20	39
	3689	22	39
	3690	18	42
	3691	21	42
	3692	21	38
	3693	20	43
	3694	17	37
	3695	22	42
	3696	18	40
	3697	22	39
	3698	20	44
	3699	20	42
	3700	22	40
	3701	20	41
	3702	16	41
	3703	19	39
	3704	19	41
	3705	21	40
	3706	17	39
	3707	20	42
	3708	22	39
	3709	19	38
	3710	17	38
	3711	22	39
	3712	21	40
	3713	21	41
	3714	19	39
	3715	18	38
	3716	17	36
	3717	20	40
	3718	19	38
	3719	19	41
	3720	21	39
	3721	19	37
	3722	18	38
	3723	23	40
