   0 15.000000
   1 16.000000
   2 15.000000
   3 13.000000
   4 15.000000
   5 13.000000
   6 13.000000
   7 13.000000
   8 17.000000
   9 14.000000
  10 14.000000
  11 15.000000
  12 15.000000
  13 13.000000
  14 16.000000
  15 14.000000
  16 15.000000
  17 14.000000
  18 13.000000
  19 13.000000
  20 14.000000
  21 14.000000
  22 13.000000
  23 13.000000
  24 13.000000
  25 13.000000
  26 16.000000
  27 16.000000
  28 16.000000
  29 16.000000
  30 14.000000
  31 18.000000
  32 18.000000
  33 16.000000
  34 18.000000
  35 15.000000
  36 16.000000
  37 18.000000
  38 18.000000
  39 20.000000
  40 13.000000
  41 15.000000
  42 15.000000
  43 16.000000
  44 17.000000
  45 18.000000
  46 16.000000
  47 16.000000
  48 16.000000
  49 16.000000
  50 17.000000
  51 17.000000
  52 17.000000
  53 19.000000
  54 16.000000
  55 19.000000
  56 18.000000
  57 18.000000
  58 16.000000
  59 20.000000
  60 19.000000
  61 19.000000
  62 19.000000
  63 19.000000
  64 18.000000
  65 19.000000
  66 22.000000
  67 19.000000
  68 17.000000
  69 19.000000
  70 18.000000
  71 19.000000
  72 20.000000
  73 20.000000
  74 16.000000
  75 19.000000
  76 17.000000
  77 20.000000
  78 18.000000
  79 19.000000
  80 18.000000
  81 19.000000
  82 19.000000
  83 19.000000
  84 19.000000
  85 19.000000
  86 20.000000
  87 18.000000
  88 16.000000
  89 18.000000
  90 20.000000
  91 22.000000
  92 20.000000
  93 19.000000
  94 18.000000
  95 21.000000
  96 18.000000
  97 22.000000
  98 20.000000
  99 20.000000
 100 18.000000
 101 19.000000
 102 17.000000
 103 19.000000
 104 19.000000
 105 19.000000
 106 20.000000
 107 19.000000
 108 20.000000
 109 20.000000
 110 15.000000
 111 20.000000
 112 19.000000
 113 21.000000
 114 17.000000
 115 20.000000
 116 17.000000
 117 21.000000
 118 19.000000
 119 21.000000
 120 16.000000
 121 19.000000
 122 20.000000
 123 19.000000
 124 21.000000
 125 20.000000
 126 15.000000
 127 21.000000
 128 19.000000
 129 18.000000
 130 16.000000
 131 19.000000
 132 20.000000
 133 17.000000
 134 19.000000
 135 19.000000
 136 24.000000
 137 20.000000
 138 17.000000
 139 18.000000
 140 19.000000
 141 24.000000
 142 19.000000
 143 19.000000
 144 20.000000
 145 20.000000
 146 18.000000
 147 20.000000
 148 18.000000
 149 19.000000
 150 19.000000
 151 17.000000
 152 18.000000
 153 19.000000
 154 19.000000
 155 19.000000
 156 18.000000
 157 19.000000
 158 19.000000
 159 19.000000
 160 18.000000
 161 19.000000
 162 19.000000
 163 19.000000
 164 18.000000
 165 17.000000
 166 19.000000
 167 18.000000
 168 18.000000
 169 21.000000
 170 18.000000
 171 17.000000
 172 20.000000
 173 17.000000
 174 20.000000
 175 16.000000
 176 17.000000
 177 19.000000
 178 19.000000
 179 17.000000
 180 19.000000
 181 19.000000
 182 18.000000
 183 21.000000
 184 19.000000
 185 17.000000
 186 19.000000
 187 19.000000
 188 17.000000
 189 21.000000
 190 19.000000
 191 16.000000
 192 16.000000
 193 19.000000
 194 18.000000
 195 17.000000
 196 21.000000
 197 21.000000
 198 16.000000
 199 18.000000
 200 21.000000
 201 18.000000
 202 20.000000
 203 16.000000
 204 19.000000
 205 17.000000
 206 16.000000
 207 20.000000
 208 17.000000
 209 20.000000
 210 19.000000
 211 19.000000
 212 18.000000
 213 20.000000
 214 19.000000
 215 18.000000
 216 18.000000
 217 17.000000
 218 18.000000
 219 19.000000
 220 17.000000
 221 18.000000
 222 20.000000
 223 21.000000
 224 18.000000
 225 21.000000
 226 15.000000
 227 18.000000
 228 18.000000
 229 19.000000
 230 18.000000
 231 20.000000
 232 17.000000
 233 15.000000
 234 19.000000
 235 18.000000
 236 19.000000
 237 20.000000
 238 19.000000
 239 19.000000
 240 17.000000
 241 17.000000
 242 19.000000
 243 18.000000
 244 19.000000
 245 18.000000
 246 17.000000
 247 19.000000
 248 21.000000
 249 19.000000
 250 20.000000
 251 20.000000
 252 17.000000
 253 16.000000
 254 17.000000
 255 19.000000
 256 17.000000
 257 20.000000
 258 19.000000
 259 19.000000
 260 17.000000
 261 18.000000
 262 19.000000
 263 19.000000
 264 19.000000
 265 20.000000
 266 14.000000
 267 20.000000
 268 21.000000
 269 18.000000
 270 16.000000
 271 18.000000
 272 17.000000
 273 18.000000
 274 18.000000
 275 22.000000
 276 15.000000
 277 17.000000
 278 17.000000
 279 18.000000
 280 15.000000
 281 16.000000
 282 16.000000
 283 18.000000
 284 19.000000
 285 18.000000
 286 17.000000
 287 20.000000
 288 19.000000
 289 19.000000
 290 20.000000
 291 18.000000
 292 16.000000
 293 16.000000
 294 15.000000
 295 17.000000
 296 16.000000
 297 17.000000
 298 15.000000
 299 17.000000
 300 20.000000
 301 17.000000
 302 20.000000
 303 19.000000
 304 16.000000
 305 18.000000
 306 16.000000
 307 19.000000
 308 18.000000
 309 17.000000
 310 18.000000
 311 19.000000
 312 18.000000
 313 17.000000
 314 19.000000
 315 18.000000
 316 18.000000
 317 19.000000
 318 19.000000
 319 19.000000
 320 17.000000
 321 18.000000
 322 17.000000
 323 17.000000
 324 19.000000
 325 17.000000
 326 17.000000
 327 16.000000
 328 20.000000
 329 17.000000
 330 19.000000
 331 18.000000
 332 19.000000
 333 19.000000
 334 18.000000
 335 19.000000
 336 15.000000
 337 18.000000
 338 21.000000
 339 19.000000
 340 18.000000
 341 20.000000
 342 16.000000
 343 19.000000
 344 15.000000
 345 19.000000
 346 19.000000
 347 20.000000
 348 16.000000
 349 18.000000
 350 18.000000
 351 19.000000
 352 20.000000
 353 18.000000
 354 17.000000
 355 18.000000
 356 17.000000
 357 17.000000
 358 19.000000
 359 17.000000
 360 18.000000
 361 21.000000
 362 19.000000
 363 20.000000
 364 19.000000
 365 18.000000
 366 17.000000
 367 15.000000
 368 19.000000
 369 20.000000
 370 19.000000
 371 19.000000
 372 19.000000
 373 17.000000
 374 18.000000
 375 19.000000
 376 17.000000
 377 20.000000
 378 21.000000
 379 20.000000
 380 19.000000
 381 20.000000
 382 18.000000
 383 18.000000
 384 16.000000
 385 19.000000
 386 19.000000
 387 20.000000
 388 18.000000
 389 20.000000
 390 16.000000
 391 21.000000
 392 21.000000
 393 18.000000
 394 20.000000
 395 15.000000
 396 19.000000
 397 17.000000
 398 17.000000
 399 19.000000
 400 19.000000
 401 17.000000
 402 19.000000
 403 18.000000
 404 17.000000
 405 20.000000
 406 19.000000
 407 19.000000
 408 19.000000
 409 19.000000
 410 18.000000
 411 17.000000
 412 17.000000
 413 17.000000
 414 19.000000
 415 18.000000
 416 17.000000
 417 19.000000
 418 18.000000
 419 21.000000
 420 21.000000
 421 19.000000
 422 19.000000
 423 19.000000
 424 19.000000
 425 19.000000
 426 19.000000
 427 20.000000
 428 17.000000
 429 19.000000
 430 18.000000
 431 19.000000
 432 19.000000
 433 19.000000
 434 17.000000
 435 18.000000
 436 21.000000
 437 20.000000
 438 19.000000
 439 21.000000
 440 19.000000
 441 19.000000
 442 17.000000
 443 19.000000
 444 18.000000
 445 19.000000
 446 21.000000
 447 20.000000
 448 19.000000
 449 18.000000
 450 21.000000
 451 19.000000
 452 26.000000
 453 21.000000
 454 21.000000
 455 18.000000
 456 21.000000
 457 21.000000
 458 15.000000
 459 18.000000
 460 19.000000
 461 20.000000
 462 16.000000
 463 18.000000
 464 20.000000
 465 20.000000
 466 22.000000
 467 25.000000
 468 17.000000
 469 21.000000
 470 19.000000
 471 21.000000
 472 19.000000
 473 20.000000
 474 21.000000
 475 19.000000
 476 18.000000
 477 19.000000
 478 17.000000
 479 20.000000
 480 18.000000
 481 19.000000
 482 18.000000
 483 19.000000
 484 17.000000
 485 19.000000
 486 17.000000
 487 19.000000
 488 19.000000
 489 19.000000
 490 17.000000
 491 23.000000
 492 18.000000
 493 19.000000
 494 17.000000
 495 20.000000
 496 17.000000
 497 22.000000
 498 18.000000
 499 18.000000
 500 16.000000
 501 18.000000
 502 19.000000
 503 20.000000
 504 19.000000
 505 20.000000
 506 21.000000
 507 20.000000
 508 18.000000
 509 20.000000
 510 21.000000
 511 19.000000
 512 18.000000
 513 18.000000
 514 22.000000
 515 18.000000
 516 19.000000
 517 21.000000
 518 21.000000
 519 21.000000
 520 18.000000
 521 19.000000
 522 17.000000
 523 20.000000
 524 19.000000
 525 20.000000
 526 20.000000
 527 19.000000
 528 18.000000
 529 20.000000
 530 19.000000
 531 21.000000
 532 21.000000
 533 22.000000
 534 19.000000
 535 18.000000
 536 20.000000
 537 19.000000
 538 18.000000
 539 22.000000
 540 20.000000
 541 22.000000
 542 18.000000
 543 20.000000
 544 20.000000
 545 21.000000
 546 20.000000
 547 21.000000
 548 18.000000
 549 18.000000
 550 19.000000
 551 18.000000
 552 20.000000
 553 21.000000
 554 19.000000
 555 19.000000
 556 21.000000
 557 22.000000
 558 21.000000
 559 20.000000
 560 20.000000
 561 22.000000
 562 19.000000
 563 22.000000
 564 19.000000
 565 19.000000
 566 21.000000
 567 21.000000
 568 22.000000
 569 20.000000
 570 21.000000
 571 23.000000
 572 21.000000
 573 20.000000
 574 21.000000
 575 17.000000
 576 20.000000
 577 22.000000
 578 21.000000
 579 22.000000
 580 20.000000
 581 22.000000
 582 21.000000
 583 21.000000
 584 22.000000
 585 20.000000
 586 19.000000
 587 20.000000
 588 20.000000
 589 17.000000
 590 18.000000
 591 19.000000
 592 20.000000
 593 21.000000
 594 19.000000
 595 22.000000
 596 19.000000
 597 22.000000
 598 22.000000
 599 19.000000
 600 22.000000
 601 19.000000
 602 19.000000
 603 19.000000
 604 17.000000
 605 22.000000
 606 21.000000
 607 21.000000
 608 19.000000
 609 21.000000
 610 19.000000
 611 22.000000
 612 22.000000
 613 21.000000
 614 23.000000
 615 24.000000
 616 20.000000
 617 22.000000
 618 20.000000
 619 22.000000
 620 21.000000
 621 23.000000
 622 23.000000
 623 21.000000
 624 19.000000
 625 22.000000
 626 19.000000
 627 21.000000
 628 23.000000
 629 24.000000
 630 22.000000
 631 22.000000
 632 22.000000
 633 23.000000
 634 22.000000
 635 23.000000
 636 21.000000
 637 24.000000
 638 23.000000
 639 20.000000
 640 20.000000
 641 22.000000
 642 25.000000
 643 25.000000
 644 23.000000
 645 23.000000
 646 24.000000
 647 24.000000
 648 23.000000
 649 23.000000
 650 21.000000
 651 24.000000
 652 20.000000
 653 22.000000
 654 18.000000
 655 22.000000
 656 24.000000
 657 23.000000
 658 23.000000
 659 22.000000
 660 20.000000
 661 21.000000
 662 21.000000
 663 23.000000
 664 19.000000
 665 26.000000
 666 24.000000
 667 23.000000
 668 21.000000
 669 21.000000
 670 22.000000
 671 21.000000
 672 23.000000
 673 28.000000
 674 21.000000
 675 23.000000
 676 20.000000
 677 23.000000
 678 20.000000
 679 22.000000
 680 22.000000
 681 21.000000
 682 22.000000
 683 22.000000
 684 24.000000
 685 22.000000
 686 19.000000
 687 23.000000
 688 20.000000
 689 23.000000
 690 21.000000
 691 22.000000
 692 22.000000
 693 22.000000
 694 22.000000
 695 19.000000
 696 24.000000
 697 22.000000
 698 22.000000
 699 22.000000
 700 23.000000
 701 24.000000
 702 19.000000
 703 22.000000
 704 22.000000
 705 20.000000
 706 21.000000
 707 25.000000
 708 30.000000
 709 24.000000
 710 25.000000
 711 24.000000
 712 24.000000
 713 22.000000
 714 22.000000
 715 23.000000
 716 22.000000
 717 23.000000
 718 23.000000
 719 22.000000
 720 26.000000
 721 24.000000
 722 24.000000
 723 23.000000
 724 26.000000
 725 24.000000
 726 25.000000
 727 24.000000
 728 24.000000
 729 26.000000
 730 28.000000
 731 25.000000
 732 24.000000
 733 27.000000
 734 25.000000
 735 26.000000
 736 24.000000
 737 25.000000
 738 26.000000
 739 26.000000
 740 26.000000
 741 25.000000
 742 26.000000
 743 24.000000
 744 26.000000
 745 29.000000
 746 27.000000
 747 29.000000
 748 31.000000
 749 30.000000
 750 29.000000
 751 31.000000
 752 32.000000
 753 34.000000
 754 37.000000
 755 42.000000
 756 52.000000
 757 64.000000
 758 80.000000
 759 99.000000
 760 118.000000
 761 129.000000
 762 144.000000
 763 156.000000
 764 179.000000
 765 201.000000
 766 230.000000
 767 253.000000
 768 270.000000
 769 280.000000
 770 283.000000
 771 289.000000
 772 299.000000
 773 315.000000
 774 321.000000
 775 333.000000
 776 333.000000
 777 314.000000
 778 299.000000
 779 292.000000
 780 298.000000
 781 306.000000
 782 303.000000
 783 299.000000
 784 281.000000
 785 269.000000
 786 248.000000
 787 247.000000
 788 246.000000
 789 241.000000
 790 229.000000
 791 209.000000
 792 188.000000
 793 164.000000
 794 150.000000
 795 137.000000
 796 129.000000
 797 118.000000
 798 106.000000
 799 93.000000
 800 73.000000
 801 60.000000
 802 54.000000
 803 49.000000
 804 43.000000
 805 45.000000
 806 42.000000
 807 44.000000
 808 35.000000
 809 38.000000
 810 36.000000
 811 35.000000
 812 38.000000
 813 33.000000
 814 33.000000
 815 32.000000
 816 32.000000
 817 33.000000
 818 28.000000
 819 32.000000
 820 31.000000
 821 30.000000
 822 31.000000
 823 30.000000
 824 29.000000
 825 30.000000
 826 28.000000
 827 29.000000
 828 28.000000
 829 27.000000
 830 27.000000
 831 26.000000
 832 25.000000
 833 27.000000
 834 29.000000
 835 27.000000
 836 27.000000
 837 28.000000
 838 27.000000
 839 27.000000
 840 29.000000
 841 28.000000
 842 25.000000
 843 25.000000
 844 26.000000
 845 25.000000
 846 24.000000
 847 29.000000
 848 26.000000
 849 25.000000
 850 25.000000
 851 30.000000
 852 26.000000
 853 25.000000
 854 28.000000
 855 25.000000
 856 23.000000
 857 27.000000
 858 26.000000
 859 27.000000
 860 26.000000
 861 27.000000
 862 26.000000
 863 29.000000
 864 26.000000
 865 30.000000
 866 28.000000
 867 28.000000
 868 25.000000
 869 27.000000
 870 26.000000
 871 29.000000
 872 30.000000
 873 27.000000
 874 27.000000
 875 31.000000
 876 30.000000
 877 31.000000
 878 30.000000
 879 34.000000
 880 31.000000
 881 33.000000
 882 35.000000
 883 37.000000
 884 36.000000
 885 40.000000
 886 43.000000
 887 47.000000
 888 52.000000
 889 56.000000
 890 63.000000
 891 65.000000
 892 75.000000
 893 92.000000
 894 121.000000
 895 170.000000
 896 248.000000
 897 359.000000
 898 471.000000
 899 574.000000
 900 666.000000
 901 734.000000
 902 803.000000
 903 888.000000
 904 985.000000
 905 1099.000000
 906 1187.000000
 907 1236.000000
 908 1233.000000
 909 1211.000000
 910 1171.000000
 911 1164.000000
 912 1169.000000
 913 1172.000000
 914 1170.000000
 915 1125.000000
 916 1073.000000
 917 1037.000000
 918 1040.000000
 919 1063.000000
 920 1076.000000
 921 1080.000000
 922 1043.000000
 923 1003.000000
 924 937.000000
 925 874.000000
 926 810.000000
 927 742.000000
 928 665.000000
 929 576.000000
 930 443.000000
 931 316.000000
 932 231.000000
 933 178.000000
 934 146.000000
 935 132.000000
 936 123.000000
 937 115.000000
 938 105.000000
 939 100.000000
 940 96.000000
 941 91.000000
 942 87.000000
 943 79.000000
 944 77.000000
 945 73.000000
 946 68.000000
 947 68.000000
 948 63.000000
 949 59.000000
 950 58.000000
 951 59.000000
 952 56.000000
 953 55.000000
 954 54.000000
 955 54.000000
 956 48.000000
 957 50.000000
 958 45.000000
 959 43.000000
 960 42.000000
 961 43.000000
 962 40.000000
 963 40.000000
 964 38.000000
 965 38.000000
 966 35.000000
 967 37.000000
 968 35.000000
 969 32.000000
 970 34.000000
 971 32.000000
 972 31.000000
 973 28.000000
 974 29.000000
 975 31.000000
 976 26.000000
 977 29.000000
 978 30.000000
 979 29.000000
 980 25.000000
 981 28.000000
 982 27.000000
 983 28.000000
 984 25.000000
 985 26.000000
 986 26.000000
 987 24.000000
 988 26.000000
 989 25.000000
 990 24.000000
 991 26.000000
 992 22.000000
 993 22.000000
 994 24.000000
 995 22.000000
 996 22.000000
 997 24.000000
 998 22.000000
 999 23.000000
1000 25.000000
1001 23.000000
1002 22.000000
1003 26.000000
1004 23.000000
1005 25.000000
1006 22.000000
1007 21.000000
1008 19.000000
1009 22.000000
1010 21.000000
1011 25.000000
1012 19.000000
1013 22.000000
1014 21.000000
1015 23.000000
1016 23.000000
1017 21.000000
1018 23.000000
1019 23.000000
1020 19.000000
1021 20.000000
1022 20.000000
1023 25.000000
1024 19.000000
1025 21.000000
1026 19.000000
1027 21.000000
1028 18.000000
1029 21.000000
1030 20.000000
1031 21.000000
1032 19.000000
1033 24.000000
1034 17.000000
1035 19.000000
1036 20.000000
1037 20.000000
1038 20.000000
1039 20.000000
1040 21.000000
1041 19.000000
1042 20.000000
1043 23.000000
1044 20.000000
1045 20.000000
1046 18.000000
1047 20.000000
1048 19.000000
1049 21.000000
1050 17.000000
1051 20.000000
1052 22.000000
1053 22.000000
1054 20.000000
1055 20.000000
1056 18.000000
1057 22.000000
1058 20.000000
1059 21.000000
1060 18.000000
1061 19.000000
1062 18.000000
1063 19.000000
1064 19.000000
1065 18.000000
1066 20.000000
1067 20.000000
1068 19.000000
1069 18.000000
1070 19.000000
1071 20.000000
1072 16.000000
1073 20.000000
1074 18.000000
1075 19.000000
1076 16.000000
1077 25.000000
1078 21.000000
1079 20.000000
1080 20.000000
1081 19.000000
1082 20.000000
1083 20.000000
1084 19.000000
1085 20.000000
1086 17.000000
1087 18.000000
1088 20.000000
1089 19.000000
1090 17.000000
1091 20.000000
1092 18.000000
1093 20.000000
1094 20.000000
1095 19.000000
1096 19.000000
1097 17.000000
1098 21.000000
1099 19.000000
1100 19.000000
1101 22.000000
1102 16.000000
1103 19.000000
1104 18.000000
1105 19.000000
1106 21.000000
1107 20.000000
1108 19.000000
1109 18.000000
1110 19.000000
1111 18.000000
1112 19.000000
1113 19.000000
1114 21.000000
1115 19.000000
1116 19.000000
1117 20.000000
1118 21.000000
1119 22.000000
1120 19.000000
1121 19.000000
1122 17.000000
1123 21.000000
1124 19.000000
1125 20.000000
1126 17.000000
1127 20.000000
1128 20.000000
1129 19.000000
1130 21.000000
1131 21.000000
1132 19.000000
1133 19.000000
1134 19.000000
1135 20.000000
1136 19.000000
1137 18.000000
1138 18.000000
1139 18.000000
1140 21.000000
1141 19.000000
1142 20.000000
1143 20.000000
1144 21.000000
1145 19.000000
1146 20.000000
1147 21.000000
1148 19.000000
1149 17.000000
1150 21.000000
1151 18.000000
1152 17.000000
1153 18.000000
1154 20.000000
1155 20.000000
1156 17.000000
1157 20.000000
1158 17.000000
1159 21.000000
1160 19.000000
1161 19.000000
1162 18.000000
1163 19.000000
1164 19.000000
1165 17.000000
1166 18.000000
1167 21.000000
1168 19.000000
1169 19.000000
1170 19.000000
1171 20.000000
1172 18.000000
1173 19.000000
1174 19.000000
1175 20.000000
1176 20.000000
1177 17.000000
1178 17.000000
1179 22.000000
1180 16.000000
1181 20.000000
1182 20.000000
1183 20.000000
1184 20.000000
1185 18.000000
1186 19.000000
1187 20.000000
1188 17.000000
1189 21.000000
1190 21.000000
1191 22.000000
1192 20.000000
1193 18.000000
1194 22.000000
1195 24.000000
1196 25.000000
1197 22.000000
1198 24.000000
1199 25.000000
1200 21.000000
1201 23.000000
1202 22.000000
1203 26.000000
1204 25.000000
1205 25.000000
1206 24.000000
1207 26.000000
1208 22.000000
1209 25.000000
1210 23.000000
1211 26.000000
1212 21.000000
1213 21.000000
1214 24.000000
1215 24.000000
1216 21.000000
1217 23.000000
1218 19.000000
1219 22.000000
1220 20.000000
1221 25.000000
1222 19.000000
1223 20.000000
1224 16.000000
1225 20.000000
1226 16.000000
1227 17.000000
1228 20.000000
1229 20.000000
1230 17.000000
1231 19.000000
1232 20.000000
1233 18.000000
1234 19.000000
1235 19.000000
1236 17.000000
1237 19.000000
1238 19.000000
1239 21.000000
1240 17.000000
1241 19.000000
1242 20.000000
1243 19.000000
1244 20.000000
1245 20.000000
1246 19.000000
1247 22.000000
1248 21.000000
1249 20.000000
1250 18.000000
1251 20.000000
1252 18.000000
1253 18.000000
1254 17.000000
1255 19.000000
1256 19.000000
1257 20.000000
1258 20.000000
1259 20.000000
1260 19.000000
1261 19.000000
1262 19.000000
1263 20.000000
1264 15.000000
1265 18.000000
1266 23.000000
1267 25.000000
1268 18.000000
1269 19.000000
1270 18.000000
1271 18.000000
1272 17.000000
1273 21.000000
1274 22.000000
1275 18.000000
1276 19.000000
1277 21.000000
1278 17.000000
1279 21.000000
1280 17.000000
1281 18.000000
1282 19.000000
1283 20.000000
1284 17.000000
1285 18.000000
1286 18.000000
1287 18.000000
1288 19.000000
1289 19.000000
1290 21.000000
1291 20.000000
1292 18.000000
1293 21.000000
1294 17.000000
1295 20.000000
1296 18.000000
1297 20.000000
1298 20.000000
1299 19.000000
1300 18.000000
1301 20.000000
1302 16.000000
1303 19.000000
1304 15.000000
1305 19.000000
1306 17.000000
1307 21.000000
1308 16.000000
1309 16.000000
1310 19.000000
1311 18.000000
1312 16.000000
1313 17.000000
1314 19.000000
1315 16.000000
1316 19.000000
1317 18.000000
1318 17.000000
1319 18.000000
1320 20.000000
1321 20.000000
1322 20.000000
1323 21.000000
1324 20.000000
1325 18.000000
1326 19.000000
1327 18.000000
1328 18.000000
1329 17.000000
1330 17.000000
1331 21.000000
1332 18.000000
1333 20.000000
1334 18.000000
1335 20.000000
1336 16.000000
1337 18.000000
1338 21.000000
1339 17.000000
1340 20.000000
1341 16.000000
1342 18.000000
1343 17.000000
1344 19.000000
1345 20.000000
1346 20.000000
1347 19.000000
1348 19.000000
1349 18.000000
1350 17.000000
1351 20.000000
1352 19.000000
1353 19.000000
1354 18.000000
1355 19.000000
1356 18.000000
1357 18.000000
1358 18.000000
1359 19.000000
1360 18.000000
1361 17.000000
1362 18.000000
1363 18.000000
1364 17.000000
1365 22.000000
1366 18.000000
1367 17.000000
1368 19.000000
1369 19.000000
1370 18.000000
1371 21.000000
1372 22.000000
1373 20.000000
1374 18.000000
1375 21.000000
1376 17.000000
1377 16.000000
1378 16.000000
1379 18.000000
1380 15.000000
1381 24.000000
1382 20.000000
1383 18.000000
1384 17.000000
1385 20.000000
1386 20.000000
1387 19.000000
1388 17.000000
1389 20.000000
1390 18.000000
1391 18.000000
1392 17.000000
1393 18.000000
1394 17.000000
1395 21.000000
1396 22.000000
1397 17.000000
1398 20.000000
1399 20.000000
1400 17.000000
1401 21.000000
1402 21.000000
1403 21.000000
1404 18.000000
1405 17.000000
1406 17.000000
1407 20.000000
1408 18.000000
1409 19.000000
1410 17.000000
1411 20.000000
1412 16.000000
1413 20.000000
1414 15.000000
1415 20.000000
1416 17.000000
1417 17.000000
1418 18.000000
1419 19.000000
1420 19.000000
1421 18.000000
1422 15.000000
1423 18.000000
1424 17.000000
1425 15.000000
1426 18.000000
1427 19.000000
1428 17.000000
1429 19.000000
1430 17.000000
1431 18.000000
1432 15.000000
1433 18.000000
1434 18.000000
1435 19.000000
1436 15.000000
1437 21.000000
1438 17.000000
1439 18.000000
1440 18.000000
1441 20.000000
1442 19.000000
1443 20.000000
1444 18.000000
1445 18.000000
1446 17.000000
1447 17.000000
1448 19.000000
1449 16.000000
1450 20.000000
1451 18.000000
1452 17.000000
1453 17.000000
1454 18.000000
1455 19.000000
1456 15.000000
1457 20.000000
1458 21.000000
1459 19.000000
1460 18.000000
1461 17.000000
1462 19.000000
1463 20.000000
1464 16.000000
1465 18.000000
1466 19.000000
1467 16.000000
1468 18.000000
1469 17.000000
1470 19.000000
1471 21.000000
1472 17.000000
1473 18.000000
1474 18.000000
1475 20.000000
1476 15.000000
1477 16.000000
1478 17.000000
1479 16.000000
1480 17.000000
1481 17.000000
1482 19.000000
1483 19.000000
1484 18.000000
1485 17.000000
1486 16.000000
1487 17.000000
1488 17.000000
1489 18.000000
1490 19.000000
1491 20.000000
1492 18.000000
1493 19.000000
1494 16.000000
1495 19.000000
1496 17.000000
1497 17.000000
1498 18.000000
1499 17.000000
1500 18.000000
1501 18.000000
1502 18.000000
1503 18.000000
1504 18.000000
1505 18.000000
1506 20.000000
1507 18.000000
1508 18.000000
1509 18.000000
1510 17.000000
1511 19.000000
1512 18.000000
1513 22.000000
1514 17.000000
1515 19.000000
1516 16.000000
1517 17.000000
1518 17.000000
1519 17.000000
1520 18.000000
1521 20.000000
1522 17.000000
1523 19.000000
1524 19.000000
1525 19.000000
1526 19.000000
1527 19.000000
1528 19.000000
1529 19.000000
1530 20.000000
1531 24.000000
1532 18.000000
1533 18.000000
1534 18.000000
1535 18.000000
1536 18.000000
1537 18.000000
1538 21.000000
1539 17.000000
1540 17.000000
1541 21.000000
1542 20.000000
1543 20.000000
1544 21.000000
1545 20.000000
1546 21.000000
1547 17.000000
1548 18.000000
1549 16.000000
1550 21.000000
1551 20.000000
1552 17.000000
1553 21.000000
1554 17.000000
1555 19.000000
1556 18.000000
1557 19.000000
1558 19.000000
1559 17.000000
1560 20.000000
1561 21.000000
1562 20.000000
1563 21.000000
1564 19.000000
1565 19.000000
1566 24.000000
1567 22.000000
1568 19.000000
1569 21.000000
1570 20.000000
1571 22.000000
1572 20.000000
1573 21.000000
1574 21.000000
1575 21.000000
1576 20.000000
1577 21.000000
1578 24.000000
1579 22.000000
1580 24.000000
1581 24.000000
1582 22.000000
1583 20.000000
1584 25.000000
1585 27.000000
1586 23.000000
1587 27.000000
1588 27.000000
1589 24.000000
1590 29.000000
1591 27.000000
1592 28.000000
1593 31.000000
1594 31.000000
1595 33.000000
1596 34.000000
1597 40.000000
1598 37.000000
1599 41.000000
1600 39.000000
1601 50.000000
1602 54.000000
1603 62.000000
1604 74.000000
1605 99.000000
1606 134.000000
1607 196.000000
1608 277.000000
1609 385.000000
1610 485.000000
1611 581.000000
1612 661.000000
1613 742.000000
1614 825.000000
1615 923.000000
1616 1045.000000
1617 1181.000000
1618 1296.000000
1619 1370.000000
1620 1394.000000
1621 1413.000000
1622 1418.000000
1623 1412.000000
1624 1423.000000
1625 1423.000000
1626 1401.000000
1627 1352.000000
1628 1303.000000
1629 1266.000000
1630 1236.000000
1631 1213.000000
1632 1188.000000
1633 1142.000000
1634 1087.000000
1635 1022.000000
1636 959.000000
1637 893.000000
1638 809.000000
1639 723.000000
1640 615.000000
1641 476.000000
1642 363.000000
1643 274.000000
1644 210.000000
1645 174.000000
1646 159.000000
1647 141.000000
1648 124.000000
1649 118.000000
1650 108.000000
1651 99.000000
1652 90.000000
1653 87.000000
1654 84.000000
1655 81.000000
1656 74.000000
1657 71.000000
1658 64.000000
1659 59.000000
1660 58.000000
1661 55.000000
1662 52.000000
1663 52.000000
1664 48.000000
1665 50.000000
1666 46.000000
1667 46.000000
1668 41.000000
1669 38.000000
1670 39.000000
1671 38.000000
1672 32.000000
1673 35.000000
1674 31.000000
1675 30.000000
1676 29.000000
1677 28.000000
1678 31.000000
1679 28.000000
1680 31.000000
1681 27.000000
1682 26.000000
1683 25.000000
1684 27.000000
1685 25.000000
1686 24.000000
1687 24.000000
1688 23.000000
1689 23.000000
1690 25.000000
1691 25.000000
1692 21.000000
1693 21.000000
1694 22.000000
1695 21.000000
1696 22.000000
1697 22.000000
1698 23.000000
1699 23.000000
1700 21.000000
1701 21.000000
1702 20.000000
1703 18.000000
1704 19.000000
1705 22.000000
1706 21.000000
1707 19.000000
1708 23.000000
1709 21.000000
1710 21.000000
1711 17.000000
1712 19.000000
1713 19.000000
1714 19.000000
1715 23.000000
1716 18.000000
1717 19.000000
1718 21.000000
1719 19.000000
1720 18.000000
1721 20.000000
1722 19.000000
1723 19.000000
1724 20.000000
1725 18.000000
1726 23.000000
1727 16.000000
1728 19.000000
1729 20.000000
1730 18.000000
1731 20.000000
1732 18.000000
1733 19.000000
1734 19.000000
1735 17.000000
1736 16.000000
1737 20.000000
1738 19.000000
1739 21.000000
1740 19.000000
1741 15.000000
1742 17.000000
1743 19.000000
1744 18.000000
1745 17.000000
1746 16.000000
1747 18.000000
1748 18.000000
1749 19.000000
1750 19.000000
1751 19.000000
1752 22.000000
1753 19.000000
1754 19.000000
1755 18.000000
1756 18.000000
1757 18.000000
1758 20.000000
1759 19.000000
1760 17.000000
1761 17.000000
1762 19.000000
1763 19.000000
1764 15.000000
1765 19.000000
1766 16.000000
1767 16.000000
1768 18.000000
1769 19.000000
1770 16.000000
1771 19.000000
1772 16.000000
1773 20.000000
1774 19.000000
1775 17.000000
1776 17.000000
1777 20.000000
1778 16.000000
1779 17.000000
1780 20.000000
1781 18.000000
1782 21.000000
1783 19.000000
1784 17.000000
1785 18.000000
1786 16.000000
1787 17.000000
1788 17.000000
1789 18.000000
1790 17.000000
1791 20.000000
1792 16.000000
1793 18.000000
1794 18.000000
1795 19.000000
1796 17.000000
1797 19.000000
1798 16.000000
1799 18.000000
1800 17.000000
1801 19.000000
1802 18.000000
1803 19.000000
1804 17.000000
1805 18.000000
1806 17.000000
1807 19.000000
1808 16.000000
1809 19.000000
1810 17.000000
1811 23.000000
1812 15.000000
1813 19.000000
1814 17.000000
1815 19.000000
1816 17.000000
1817 18.000000
1818 19.000000
1819 17.000000
1820 19.000000
1821 19.000000
1822 16.000000
1823 19.000000
1824 17.000000
1825 20.000000
1826 17.000000
1827 18.000000
1828 16.000000
1829 17.000000
1830 17.000000
1831 18.000000
1832 18.000000
1833 18.000000
1834 15.000000
1835 23.000000
1836 15.000000
1837 17.000000
1838 18.000000
1839 19.000000
1840 17.000000
1841 19.000000
1842 18.000000
1843 17.000000
1844 18.000000
1845 20.000000
1846 17.000000
1847 19.000000
1848 19.000000
1849 17.000000
1850 17.000000
1851 19.000000
1852 19.000000
1853 19.000000
1854 16.000000
1855 18.000000
1856 19.000000
1857 22.000000
1858 19.000000
1859 21.000000
1860 19.000000
1861 17.000000
1862 21.000000
1863 21.000000
1864 19.000000
1865 17.000000
1866 16.000000
1867 19.000000
1868 19.000000
1869 19.000000
1870 17.000000
1871 20.000000
1872 21.000000
1873 21.000000
1874 21.000000
1875 21.000000
1876 20.000000
1877 19.000000
1878 20.000000
1879 21.000000
1880 22.000000
1881 18.000000
1882 17.000000
1883 24.000000
1884 20.000000
1885 21.000000
1886 24.000000
1887 21.000000
1888 24.000000
1889 26.000000
1890 29.000000
1891 31.000000
1892 38.000000
1893 47.000000
1894 49.000000
1895 57.000000
1896 61.000000
1897 66.000000
1898 74.000000
1899 75.000000
1900 84.000000
1901 92.000000
1902 97.000000
1903 103.000000
1904 109.000000
1905 111.000000
1906 109.000000
1907 120.000000
1908 112.000000
1909 111.000000
1910 112.000000
1911 113.000000
1912 108.000000
1913 104.000000
1914 103.000000
1915 105.000000
1916 106.000000
1917 105.000000
1918 108.000000
1919 104.000000
1920 106.000000
1921 103.000000
1922 98.000000
1923 101.000000
1924 105.000000
1925 113.000000
1926 128.000000
1927 151.000000
1928 183.000000
1929 221.000000
1930 262.000000
1931 300.000000
1932 334.000000
1933 371.000000
1934 409.000000
1935 449.000000
1936 504.000000
1937 565.000000
1938 593.000000
1939 634.000000
1940 655.000000
1941 667.000000
1942 671.000000
1943 693.000000
1944 704.000000
1945 715.000000
1946 711.000000
1947 692.000000
1948 672.000000
1949 635.000000
1950 621.000000
1951 611.000000
1952 616.000000
1953 616.000000
1954 593.000000
1955 572.000000
1956 538.000000
1957 513.000000
1958 480.000000
1959 446.000000
1960 399.000000
1961 347.000000
1962 277.000000
1963 214.000000
1964 160.000000
1965 126.000000
1966 103.000000
1967 92.000000
1968 82.000000
1969 75.000000
1970 68.000000
1971 63.000000
1972 58.000000
1973 56.000000
1974 53.000000
1975 54.000000
1976 46.000000
1977 43.000000
1978 43.000000
1979 41.000000
1980 40.000000
1981 38.000000
1982 39.000000
1983 35.000000
1984 31.000000
1985 37.000000
1986 30.000000
1987 33.000000
1988 30.000000
1989 32.000000
1990 26.000000
1991 28.000000
1992 27.000000
1993 24.000000
1994 24.000000
1995 23.000000
1996 22.000000
1997 25.000000
1998 24.000000
1999 25.000000
2000 23.000000
2001 21.000000
2002 24.000000
2003 25.000000
2004 21.000000
2005 20.000000
2006 21.000000
2007 24.000000
2008 18.000000
2009 21.000000
2010 21.000000
2011 20.000000
2012 22.000000
2013 22.000000
2014 21.000000
2015 19.000000
2016 17.000000
2017 23.000000
2018 18.000000
2019 20.000000
2020 18.000000
2021 19.000000
2022 19.000000
2023 20.000000
2024 18.000000
2025 17.000000
2026 18.000000
2027 21.000000
2028 19.000000
2029 21.000000
2030 19.000000
2031 20.000000
2032 18.000000
2033 20.000000
2034 19.000000
2035 19.000000
2036 19.000000
2037 19.000000
2038 18.000000
2039 20.000000
2040 20.000000
2041 20.000000
2042 16.000000
2043 18.000000
2044 18.000000
2045 19.000000
2046 17.000000
2047 20.000000
2048 19.000000
2049 18.000000
2050 16.000000
2051 18.000000
2052 17.000000
2053 19.000000
2054 19.000000
2055 17.000000
2056 18.000000
2057 19.000000
2058 20.000000
2059 15.000000
2060 17.000000
2061 18.000000
2062 18.000000
2063 17.000000
2064 16.000000
2065 15.000000
2066 17.000000
2067 18.000000
2068 18.000000
2069 17.000000
2070 15.000000
2071 18.000000
2072 17.000000
2073 17.000000
2074 17.000000
2075 17.000000
2076 17.000000
2077 17.000000
2078 18.000000
2079 19.000000
2080 16.000000
2081 20.000000
2082 16.000000
2083 17.000000
2084 17.000000
2085 19.000000
2086 15.000000
2087 16.000000
2088 16.000000
2089 18.000000
2090 15.000000
2091 15.000000
2092 18.000000
2093 18.000000
2094 18.000000
2095 18.000000
2096 16.000000
2097 16.000000
2098 17.000000
2099 17.000000
2100 17.000000
2101 17.000000
2102 16.000000
2103 18.000000
2104 16.000000
2105 19.000000
2106 18.000000
2107 15.000000
2108 16.000000
2109 14.000000
2110 17.000000
2111 15.000000
2112 17.000000
2113 19.000000
2114 17.000000
2115 20.000000
2116 17.000000
2117 16.000000
2118 16.000000
2119 17.000000
2120 17.000000
2121 15.000000
2122 18.000000
2123 16.000000
2124 15.000000
2125 17.000000
2126 17.000000
2127 18.000000
2128 16.000000
2129 16.000000
2130 17.000000
2131 15.000000
2132 12.000000
2133 18.000000
2134 15.000000
2135 16.000000
2136 17.000000
2137 17.000000
2138 15.000000
2139 18.000000
2140 18.000000
2141 19.000000
2142 15.000000
2143 18.000000
2144 16.000000
2145 18.000000
2146 17.000000
2147 15.000000
2148 16.000000
2149 17.000000
2150 18.000000
2151 18.000000
2152 18.000000
2153 17.000000
2154 16.000000
2155 16.000000
2156 15.000000
2157 17.000000
2158 15.000000
2159 17.000000
2160 14.000000
2161 16.000000
2162 15.000000
2163 18.000000
2164 17.000000
2165 19.000000
2166 18.000000
2167 18.000000
2168 13.000000
2169 17.000000
2170 18.000000
2171 21.000000
2172 17.000000
2173 17.000000
2174 16.000000
2175 17.000000
2176 14.000000
2177 18.000000
2178 14.000000
2179 18.000000
2180 16.000000
2181 20.000000
2182 15.000000
2183 18.000000
2184 17.000000
2185 17.000000
2186 16.000000
2187 18.000000
2188 16.000000
2189 15.000000
2190 15.000000
2191 16.000000
2192 15.000000
2193 17.000000
2194 13.000000
2195 18.000000
2196 17.000000
2197 16.000000
2198 16.000000
2199 16.000000
2200 12.000000
2201 15.000000
2202 16.000000
2203 16.000000
2204 17.000000
2205 20.000000
2206 13.000000
2207 14.000000
2208 16.000000
2209 19.000000
2210 16.000000
2211 16.000000
2212 15.000000
2213 16.000000
2214 18.000000
2215 17.000000
2216 15.000000
2217 18.000000
2218 16.000000
2219 18.000000
2220 14.000000
2221 16.000000
2222 16.000000
2223 18.000000
2224 18.000000
2225 17.000000
2226 16.000000
2227 15.000000
2228 16.000000
2229 15.000000
2230 14.000000
2231 19.000000
2232 16.000000
2233 17.000000
2234 18.000000
2235 17.000000
2236 16.000000
2237 17.000000
2238 15.000000
2239 17.000000
2240 17.000000
2241 14.000000
2242 13.000000
2243 17.000000
2244 16.000000
2245 15.000000
2246 16.000000
2247 17.000000
2248 16.000000
2249 15.000000
2250 16.000000
2251 14.000000
2252 15.000000
2253 17.000000
2254 17.000000
2255 16.000000
2256 17.000000
2257 18.000000
2258 15.000000
2259 18.000000
2260 17.000000
2261 15.000000
2262 16.000000
2263 16.000000
2264 16.000000
2265 17.000000
2266 16.000000
2267 18.000000
2268 17.000000
2269 18.000000
2270 17.000000
2271 16.000000
2272 15.000000
2273 19.000000
2274 18.000000
2275 16.000000
2276 15.000000
2277 15.000000
2278 15.000000
2279 15.000000
2280 18.000000
2281 16.000000
2282 18.000000
2283 17.000000
2284 19.000000
2285 17.000000
2286 17.000000
2287 15.000000
2288 15.000000
2289 17.000000
2290 15.000000
2291 17.000000
2292 16.000000
2293 16.000000
2294 17.000000
2295 18.000000
2296 16.000000
2297 15.000000
2298 18.000000
2299 16.000000
2300 15.000000
2301 14.000000
2302 15.000000
2303 15.000000
2304 15.000000
2305 15.000000
2306 17.000000
2307 17.000000
2308 15.000000
2309 16.000000
2310 16.000000
2311 16.000000
2312 14.000000
2313 15.000000
2314 18.000000
2315 15.000000
2316 16.000000
2317 15.000000
2318 16.000000
2319 16.000000
2320 13.000000
2321 19.000000
2322 17.000000
2323 16.000000
2324 13.000000
2325 17.000000
2326 16.000000
2327 18.000000
2328 17.000000
2329 18.000000
2330 14.000000
2331 15.000000
2332 17.000000
2333 16.000000
2334 15.000000
2335 16.000000
2336 15.000000
2337 16.000000
2338 14.000000
2339 17.000000
2340 12.000000
2341 17.000000
2342 15.000000
2343 17.000000
2344 15.000000
2345 19.000000
2346 13.000000
2347 16.000000
2348 15.000000
2349 20.000000
2350 17.000000
2351 17.000000
2352 15.000000
2353 18.000000
2354 13.000000
2355 17.000000
2356 17.000000
2357 16.000000
2358 16.000000
2359 15.000000
2360 15.000000
2361 16.000000
2362 16.000000
2363 16.000000
2364 15.000000
2365 18.000000
2366 16.000000
2367 16.000000
2368 17.000000
2369 17.000000
2370 16.000000
2371 14.000000
2372 15.000000
2373 17.000000
2374 14.000000
2375 19.000000
2376 16.000000
2377 17.000000
2378 14.000000
2379 17.000000
2380 17.000000
2381 17.000000
2382 13.000000
2383 19.000000
2384 16.000000
2385 15.000000
2386 16.000000
2387 18.000000
2388 15.000000
2389 17.000000
2390 14.000000
2391 15.000000
2392 14.000000
2393 15.000000
2394 15.000000
2395 16.000000
2396 17.000000
2397 16.000000
2398 15.000000
2399 17.000000
2400 16.000000
2401 18.000000
2402 17.000000
2403 22.000000
2404 14.000000
2405 16.000000
2406 16.000000
2407 16.000000
2408 18.000000
2409 17.000000
2410 15.000000
2411 17.000000
2412 14.000000
2413 15.000000
2414 18.000000
2415 18.000000
2416 17.000000
2417 17.000000
2418 17.000000
2419 16.000000
2420 15.000000
2421 18.000000
2422 16.000000
2423 18.000000
2424 16.000000
2425 19.000000
2426 15.000000
2427 16.000000
2428 17.000000
2429 16.000000
2430 15.000000
2431 18.000000
2432 17.000000
2433 17.000000
2434 19.000000
2435 19.000000
2436 17.000000
2437 17.000000
2438 20.000000
2439 18.000000
2440 17.000000
2441 14.000000
2442 18.000000
2443 17.000000
2444 14.000000
2445 19.000000
2446 18.000000
2447 18.000000
2448 18.000000
2449 17.000000
2450 18.000000
2451 21.000000
2452 23.000000
2453 20.000000
2454 23.000000
2455 27.000000
2456 29.000000
2457 31.000000
2458 35.000000
2459 40.000000
2460 42.000000
2461 47.000000
2462 50.000000
2463 55.000000
2464 63.000000
2465 66.000000
2466 76.000000
2467 77.000000
2468 81.000000
2469 88.000000
2470 92.000000
2471 95.000000
2472 101.000000
2473 108.000000
2474 113.000000
2475 119.000000
2476 131.000000
2477 140.000000
2478 154.000000
2479 170.000000
2480 184.000000
2481 197.000000
2482 211.000000
2483 219.000000
2484 233.000000
2485 242.000000
2486 254.000000
2487 265.000000
2488 275.000000
2489 278.000000
2490 280.000000
2491 277.000000
2492 273.000000
2493 270.000000
2494 267.000000
2495 258.000000
2496 251.000000
2497 240.000000
2498 233.000000
2499 222.000000
2500 217.000000
2501 213.000000
2502 202.000000
2503 187.000000
2504 173.000000
2505 161.000000
2506 149.000000
2507 141.000000
2508 131.000000
2509 117.000000
2510 101.000000
2511 87.000000
2512 73.000000
2513 62.000000
2514 53.000000
2515 48.000000
2516 40.000000
2517 43.000000
2518 36.000000
2519 37.000000
2520 33.000000
2521 31.000000
2522 27.000000
2523 28.000000
2524 28.000000
2525 28.000000
2526 25.000000
2527 25.000000
2528 25.000000
2529 23.000000
2530 23.000000
2531 26.000000
2532 20.000000
2533 20.000000
2534 22.000000
2535 23.000000
2536 19.000000
2537 24.000000
2538 20.000000
2539 20.000000
2540 20.000000
2541 20.000000
2542 17.000000
2543 17.000000
2544 18.000000
2545 17.000000
2546 17.000000
2547 16.000000
2548 18.000000
2549 17.000000
2550 17.000000
2551 22.000000
2552 16.000000
2553 16.000000
2554 15.000000
2555 18.000000
2556 15.000000
2557 18.000000
2558 13.000000
2559 16.000000
2560 13.000000
2561 16.000000
2562 19.000000
2563 18.000000
2564 17.000000
2565 20.000000
2566 16.000000
2567 18.000000
2568 16.000000
2569 17.000000
2570 15.000000
2571 16.000000
2572 16.000000
2573 19.000000
2574 16.000000
2575 18.000000
2576 15.000000
2577 15.000000
2578 13.000000
2579 18.000000
2580 13.000000
2581 14.000000
2582 14.000000
2583 18.000000
2584 14.000000
2585 16.000000
2586 17.000000
2587 18.000000
2588 14.000000
2589 19.000000
2590 17.000000
2591 15.000000
2592 16.000000
2593 18.000000
2594 15.000000
2595 15.000000
2596 14.000000
2597 15.000000
2598 15.000000
2599 17.000000
2600 14.000000
2601 17.000000
2602 14.000000
2603 18.000000
2604 18.000000
2605 17.000000
2606 16.000000
2607 16.000000
2608 15.000000
2609 19.000000
2610 17.000000
2611 14.000000
2612 16.000000
2613 16.000000
2614 13.000000
2615 19.000000
2616 16.000000
2617 16.000000
2618 14.000000
2619 16.000000
2620 15.000000
2621 16.000000
2622 15.000000
2623 16.000000
2624 17.000000
2625 14.000000
2626 16.000000
2627 13.000000
2628 16.000000
2629 16.000000
2630 16.000000
2631 15.000000
2632 16.000000
2633 17.000000
2634 16.000000
2635 15.000000
2636 14.000000
2637 18.000000
2638 16.000000
2639 15.000000
2640 15.000000
2641 16.000000
2642 16.000000
2643 17.000000
2644 16.000000
2645 16.000000
2646 17.000000
2647 15.000000
2648 16.000000
2649 15.000000
2650 14.000000
2651 17.000000
2652 15.000000
2653 15.000000
2654 19.000000
2655 15.000000
2656 17.000000
2657 16.000000
2658 20.000000
2659 16.000000
2660 15.000000
2661 15.000000
2662 17.000000
2663 14.000000
2664 15.000000
2665 18.000000
2666 16.000000
2667 17.000000
2668 18.000000
2669 15.000000
2670 16.000000
2671 14.000000
2672 17.000000
2673 14.000000
2674 13.000000
2675 17.000000
2676 16.000000
2677 17.000000
2678 17.000000
2679 17.000000
2680 19.000000
2681 15.000000
2682 16.000000
2683 16.000000
2684 16.000000
2685 15.000000
2686 17.000000
2687 15.000000
2688 16.000000
2689 17.000000
2690 15.000000
2691 19.000000
2692 17.000000
2693 15.000000
2694 15.000000
2695 17.000000
2696 17.000000
2697 16.000000
2698 17.000000
2699 16.000000
2700 15.000000
2701 17.000000
2702 14.000000
2703 16.000000
2704 17.000000
2705 17.000000
2706 15.000000
2707 13.000000
2708 14.000000
2709 15.000000
2710 15.000000
2711 17.000000
2712 17.000000
2713 16.000000
2714 15.000000
2715 16.000000
2716 13.000000
2717 16.000000
2718 15.000000
2719 17.000000
2720 17.000000
2721 20.000000
2722 14.000000
2723 16.000000
2724 14.000000
2725 18.000000
2726 17.000000
2727 16.000000
2728 15.000000
2729 14.000000
2730 15.000000
2731 17.000000
2732 16.000000
2733 18.000000
2734 16.000000
2735 16.000000
2736 14.000000
2737 15.000000
2738 15.000000
2739 18.000000
2740 18.000000
2741 16.000000
2742 16.000000
2743 19.000000
2744 18.000000
2745 14.000000
2746 16.000000
2747 19.000000
2748 15.000000
2749 14.000000
2750 13.000000
2751 13.000000
2752 16.000000
2753 15.000000
2754 16.000000
2755 14.000000
2756 16.000000
2757 18.000000
2758 15.000000
2759 16.000000
2760 15.000000
2761 17.000000
2762 13.000000
2763 16.000000
2764 16.000000
2765 17.000000
2766 12.000000
2767 16.000000
2768 16.000000
2769 16.000000
2770 15.000000
2771 17.000000
2772 15.000000
2773 16.000000
2774 15.000000
2775 16.000000
2776 13.000000
2777 15.000000
2778 17.000000
2779 17.000000
2780 15.000000
2781 16.000000
2782 16.000000
2783 20.000000
2784 17.000000
2785 16.000000
2786 16.000000
2787 16.000000
2788 14.000000
2789 16.000000
2790 14.000000
2791 15.000000
2792 17.000000
2793 17.000000
2794 17.000000
2795 18.000000
2796 16.000000
2797 16.000000
2798 14.000000
2799 17.000000
2800 16.000000
2801 20.000000
2802 14.000000
2803 16.000000
2804 15.000000
2805 16.000000
2806 17.000000
2807 16.000000
2808 15.000000
2809 16.000000
2810 12.000000
2811 16.000000
2812 19.000000
2813 15.000000
2814 15.000000
2815 16.000000
2816 17.000000
2817 14.000000
2818 17.000000
2819 17.000000
2820 15.000000
2821 17.000000
2822 19.000000
2823 16.000000
2824 15.000000
2825 16.000000
2826 15.000000
2827 16.000000
2828 17.000000
2829 18.000000
2830 16.000000
2831 21.000000
2832 15.000000
2833 17.000000
2834 16.000000
2835 18.000000
2836 17.000000
2837 15.000000
2838 15.000000
2839 16.000000
2840 14.000000
2841 15.000000
2842 15.000000
2843 17.000000
2844 16.000000
2845 15.000000
2846 18.000000
2847 15.000000
2848 15.000000
2849 15.000000
2850 17.000000
2851 15.000000
2852 14.000000
2853 16.000000
2854 16.000000
2855 14.000000
2856 16.000000
2857 16.000000
2858 16.000000
2859 17.000000
2860 19.000000
2861 17.000000
2862 17.000000
2863 16.000000
2864 17.000000
2865 13.000000
2866 14.000000
2867 19.000000
2868 15.000000
2869 15.000000
2870 18.000000
2871 16.000000
2872 15.000000
2873 15.000000
2874 17.000000
2875 15.000000
2876 14.000000
2877 15.000000
2878 18.000000
2879 13.000000
2880 14.000000
2881 16.000000
2882 15.000000
2883 18.000000
2884 14.000000
2885 15.000000
2886 15.000000
2887 19.000000
2888 20.000000
2889 31.000000
2890 17.000000
2891 17.000000
2892 15.000000
2893 15.000000
2894 15.000000
2895 18.000000
2896 18.000000
2897 19.000000
2898 16.000000
2899 16.000000
2900 15.000000
2901 18.000000
2902 13.000000
2903 16.000000
2904 16.000000
2905 14.000000
2906 14.000000
2907 15.000000
2908 15.000000
2909 16.000000
2910 15.000000
2911 18.000000
2912 14.000000
2913 15.000000
2914 15.000000
2915 17.000000
2916 14.000000
2917 15.000000
2918 18.000000
2919 17.000000
2920 17.000000
2921 17.000000
2922 17.000000
2923 15.000000
2924 14.000000
2925 17.000000
2926 17.000000
2927 14.000000
2928 14.000000
2929 17.000000
2930 14.000000
2931 17.000000
2932 17.000000
2933 15.000000
2934 14.000000
2935 19.000000
2936 17.000000
2937 14.000000
2938 15.000000
2939 17.000000
2940 12.000000
2941 16.000000
2942 15.000000
2943 16.000000
2944 14.000000
2945 17.000000
2946 14.000000
2947 19.000000
2948 14.000000
2949 18.000000
2950 15.000000
2951 13.000000
2952 14.000000
2953 17.000000
2954 13.000000
2955 16.000000
2956 19.000000
2957 14.000000
2958 15.000000
2959 17.000000
2960 15.000000
2961 17.000000
2962 15.000000
2963 16.000000
2964 14.000000
2965 15.000000
2966 15.000000
2967 16.000000
2968 12.000000
2969 16.000000
2970 17.000000
2971 18.000000
2972 15.000000
2973 19.000000
2974 16.000000
2975 16.000000
2976 17.000000
2977 20.000000
2978 15.000000
2979 16.000000
2980 15.000000
2981 19.000000
2982 16.000000
2983 14.000000
2984 15.000000
2985 17.000000
2986 16.000000
2987 17.000000
2988 14.000000
2989 17.000000
2990 17.000000
2991 15.000000
2992 16.000000
2993 15.000000
2994 14.000000
2995 18.000000
2996 15.000000
2997 17.000000
2998 16.000000
2999 18.000000
3000 17.000000
3001 15.000000
3002 17.000000
3003 17.000000
3004 17.000000
3005 18.000000
3006 16.000000
3007 16.000000
3008 15.000000
3009 15.000000
3010 17.000000
3011 16.000000
3012 18.000000
3013 15.000000
3014 18.000000
3015 15.000000
3016 16.000000
3017 15.000000
3018 13.000000
3019 13.000000
3020 14.000000
3021 19.000000
3022 16.000000
3023 15.000000
3024 15.000000
3025 17.000000
3026 16.000000
3027 18.000000
3028 15.000000
3029 18.000000
3030 12.000000
3031 17.000000
3032 16.000000
3033 14.000000
3034 15.000000
3035 16.000000
3036 16.000000
3037 17.000000
3038 17.000000
3039 15.000000
3040 15.000000
3041 17.000000
3042 18.000000
3043 16.000000
3044 16.000000
3045 16.000000
3046 13.000000
3047 16.000000
3048 18.000000
3049 18.000000
3050 16.000000
3051 15.000000
3052 17.000000
3053 16.000000
3054 14.000000
3055 16.000000
3056 17.000000
3057 14.000000
3058 12.000000
3059 18.000000
3060 14.000000
3061 14.000000
3062 14.000000
3063 14.000000
3064 16.000000
3065 16.000000
3066 17.000000
3067 16.000000
3068 16.000000
3069 15.000000
3070 17.000000
3071 15.000000
3072 15.000000
3073 18.000000
3074 17.000000
3075 17.000000
3076 19.000000
3077 18.000000
3078 18.000000
3079 18.000000
3080 19.000000
3081 20.000000
3082 20.000000
3083 22.000000
3084 21.000000
3085 22.000000
3086 22.000000
3087 22.000000
3088 24.000000
3089 23.000000
3090 23.000000
3091 21.000000
3092 20.000000
3093 21.000000
3094 20.000000
3095 23.000000
3096 20.000000
3097 18.000000
3098 22.000000
3099 18.000000
3100 18.000000
3101 22.000000
3102 20.000000
3103 19.000000
3104 20.000000
3105 20.000000
3106 19.000000
3107 18.000000
3108 15.000000
3109 17.000000
3110 17.000000
3111 16.000000
3112 17.000000
3113 18.000000
3114 13.000000
3115 17.000000
3116 13.000000
3117 21.000000
3118 15.000000
3119 15.000000
3120 16.000000
3121 15.000000
3122 13.000000
3123 17.000000
3124 16.000000
3125 16.000000
3126 16.000000
3127 18.000000
3128 14.000000
3129 15.000000
3130 15.000000
3131 17.000000
3132 14.000000
3133 14.000000
3134 16.000000
3135 16.000000
3136 14.000000
3137 16.000000
3138 16.000000
3139 15.000000
3140 16.000000
3141 18.000000
3142 15.000000
3143 16.000000
3144 15.000000
3145 16.000000
3146 15.000000
3147 15.000000
3148 15.000000
3149 16.000000
3150 14.000000
3151 17.000000
3152 18.000000
3153 17.000000
3154 17.000000
3155 16.000000
3156 16.000000
3157 16.000000
3158 14.000000
3159 14.000000
3160 10.000000
3161 15.000000
3162 15.000000
3163 15.000000
3164 16.000000
3165 17.000000
3166 17.000000
3167 19.000000
3168 16.000000
3169 17.000000
3170 16.000000
3171 17.000000
3172 16.000000
3173 15.000000
3174 14.000000
3175 15.000000
3176 15.000000
3177 14.000000
3178 18.000000
3179 17.000000
3180 15.000000
3181 16.000000
3182 14.000000
3183 15.000000
3184 17.000000
3185 19.000000
3186 15.000000
3187 15.000000
3188 15.000000
3189 19.000000
3190 17.000000
3191 16.000000
3192 15.000000
3193 18.000000
3194 15.000000
3195 17.000000
3196 15.000000
3197 15.000000
3198 15.000000
3199 18.000000
3200 16.000000
3201 14.000000
3202 15.000000
3203 14.000000
3204 16.000000
3205 15.000000
3206 17.000000
3207 16.000000
3208 14.000000
3209 15.000000
3210 15.000000
3211 14.000000
3212 16.000000
3213 17.000000
3214 15.000000
3215 15.000000
3216 17.000000
3217 18.000000
3218 16.000000
3219 17.000000
3220 16.000000
3221 14.000000
3222 15.000000
3223 16.000000
3224 15.000000
3225 17.000000
3226 16.000000
3227 13.000000
3228 15.000000
3229 14.000000
3230 18.000000
3231 17.000000
3232 16.000000
3233 16.000000
3234 14.000000
3235 12.000000
3236 16.000000
3237 18.000000
3238 16.000000
3239 17.000000
3240 17.000000
3241 15.000000
3242 16.000000
3243 14.000000
3244 18.000000
3245 14.000000
3246 15.000000
3247 12.000000
3248 14.000000
3249 16.000000
3250 16.000000
3251 17.000000
3252 15.000000
3253 15.000000
3254 16.000000
3255 15.000000
3256 14.000000
3257 16.000000
3258 17.000000
3259 16.000000
3260 17.000000
3261 16.000000
3262 15.000000
3263 17.000000
3264 15.000000
3265 19.000000
3266 16.000000
3267 17.000000
3268 17.000000
3269 14.000000
3270 16.000000
3271 17.000000
3272 15.000000
3273 15.000000
3274 15.000000
3275 15.000000
3276 15.000000
3277 14.000000
3278 16.000000
3279 15.000000
3280 15.000000
3281 16.000000
3282 15.000000
3283 15.000000
3284 16.000000
3285 21.000000
3286 11.000000
3287 15.000000
3288 15.000000
3289 17.000000
3290 15.000000
3291 17.000000
3292 16.000000
3293 17.000000
3294 17.000000
3295 16.000000
3296 16.000000
3297 16.000000
3298 16.000000
3299 15.000000
3300 12.000000
3301 16.000000
3302 16.000000
3303 17.000000
3304 15.000000
3305 15.000000
3306 14.000000
3307 15.000000
3308 15.000000
3309 15.000000
3310 14.000000
3311 16.000000
3312 15.000000
3313 15.000000
3314 15.000000
3315 17.000000
3316 15.000000
3317 17.000000
3318 12.000000
3319 18.000000
3320 15.000000
3321 16.000000
3322 15.000000
3323 16.000000
3324 16.000000
3325 15.000000
3326 14.000000
3327 17.000000
3328 14.000000
3329 17.000000
3330 14.000000
3331 17.000000
3332 15.000000
3333 19.000000
3334 13.000000
3335 17.000000
3336 12.000000
3337 13.000000
3338 15.000000
3339 15.000000
3340 18.000000
3341 12.000000
3342 14.000000
3343 19.000000
3344 16.000000
3345 17.000000
3346 15.000000
3347 19.000000
3348 15.000000
3349 15.000000
3350 14.000000
3351 13.000000
3352 14.000000
3353 16.000000
3354 17.000000
3355 17.000000
3356 16.000000
3357 15.000000
3358 14.000000
3359 18.000000
3360 15.000000
3361 16.000000
3362 15.000000
3363 16.000000
3364 15.000000
3365 15.000000
3366 14.000000
3367 15.000000
3368 15.000000
3369 14.000000
3370 16.000000
3371 16.000000
3372 15.000000
3373 16.000000
3374 17.000000
3375 17.000000
3376 16.000000
3377 16.000000
3378 14.000000
3379 15.000000
3380 12.000000
3381 16.000000
3382 14.000000
3383 17.000000
3384 15.000000
3385 16.000000
3386 15.000000
3387 16.000000
3388 17.000000
3389 15.000000
3390 15.000000
3391 15.000000
3392 14.000000
3393 16.000000
3394 16.000000
3395 15.000000
3396 14.000000
3397 15.000000
3398 16.000000
3399 15.000000
3400 14.000000
3401 16.000000
3402 15.000000
3403 14.000000
3404 14.000000
3405 16.000000
3406 13.000000
3407 16.000000
3408 17.000000
3409 17.000000
3410 16.000000
3411 16.000000
3412 15.000000
3413 13.000000
3414 14.000000
3415 16.000000
3416 18.000000
3417 14.000000
3418 16.000000
3419 18.000000
3420 15.000000
3421 19.000000
3422 16.000000
3423 17.000000
3424 17.000000
3425 15.000000
3426 15.000000
3427 15.000000
3428 12.000000
3429 16.000000
3430 15.000000
3431 15.000000
3432 18.000000
3433 17.000000
3434 14.000000
3435 17.000000
3436 17.000000
3437 16.000000
3438 14.000000
3439 12.000000
3440 14.000000
3441 15.000000
3442 14.000000
3443 19.000000
3444 15.000000
3445 15.000000
3446 15.000000
3447 15.000000
3448 13.000000
3449 16.000000
3450 14.000000
3451 14.000000
3452 15.000000
3453 16.000000
3454 15.000000
3455 14.000000
3456 15.000000
3457 17.000000
3458 17.000000
3459 17.000000
3460 15.000000
3461 15.000000
3462 14.000000
3463 15.000000
3464 16.000000
3465 15.000000
3466 16.000000
3467 16.000000
3468 11.000000
3469 14.000000
3470 16.000000
3471 18.000000
3472 15.000000
3473 17.000000
3474 15.000000
3475 15.000000
3476 13.000000
3477 17.000000
3478 14.000000
3479 14.000000
3480 16.000000
3481 18.000000
3482 16.000000
3483 15.000000
3484 14.000000
3485 17.000000
3486 14.000000
3487 17.000000
3488 17.000000
3489 16.000000
3490 17.000000
3491 15.000000
3492 16.000000
3493 18.000000
3494 17.000000
3495 15.000000
3496 14.000000
3497 18.000000
3498 16.000000
3499 16.000000
3500 15.000000
3501 15.000000
3502 15.000000
3503 16.000000
3504 16.000000
3505 16.000000
3506 15.000000
3507 15.000000
3508 13.000000
3509 16.000000
3510 13.000000
3511 19.000000
3512 12.000000
3513 17.000000
3514 14.000000
3515 19.000000
3516 12.000000
3517 16.000000
3518 14.000000
3519 14.000000
3520 15.000000
3521 16.000000
3522 16.000000
3523 18.000000
3524 17.000000
3525 19.000000
3526 16.000000
3527 15.000000
3528 13.000000
3529 15.000000
3530 12.000000
3531 17.000000
3532 16.000000
3533 14.000000
3534 15.000000
3535 16.000000
3536 14.000000
3537 15.000000
3538 15.000000
3539 18.000000
3540 14.000000
3541 17.000000
3542 13.000000
3543 15.000000
3544 13.000000
3545 19.000000
3546 16.000000
3547 14.000000
3548 17.000000
3549 16.000000
3550 17.000000
3551 15.000000
3552 16.000000
3553 16.000000
3554 14.000000
3555 17.000000
3556 13.000000
3557 14.000000
3558 15.000000
3559 19.000000
3560 18.000000
3561 15.000000
3562 17.000000
3563 16.000000
3564 14.000000
3565 14.000000
3566 13.000000
3567 15.000000
3568 16.000000
3569 16.000000
3570 15.000000
3571 16.000000
3572 14.000000
3573 15.000000
3574 16.000000
3575 18.000000
3576 17.000000
3577 15.000000
3578 13.000000
3579 14.000000
3580 14.000000
3581 17.000000
3582 16.000000
3583 21.000000
3584 15.000000
3585 16.000000
3586 17.000000
3587 16.000000
3588 16.000000
3589 19.000000
3590 17.000000
3591 17.000000
3592 16.000000
3593 15.000000
3594 18.000000
3595 16.000000
3596 16.000000
3597 19.000000
3598 16.000000
3599 19.000000
3600 18.000000
3601 19.000000
3602 20.000000
3603 19.000000
3604 23.000000
3605 19.000000
3606 21.000000
3607 26.000000
3608 27.000000
3609 28.000000
3610 34.000000
3611 36.000000
3612 36.000000
3613 38.000000
3614 39.000000
3615 38.000000
3616 39.000000
3617 37.000000
3618 39.000000
3619 36.000000
3620 40.000000
3621 39.000000
3622 41.000000
3623 35.000000
3624 34.000000
3625 37.000000
3626 37.000000
3627 41.000000
3628 37.000000
3629 39.000000
3630 37.000000
3631 36.000000
3632 36.000000
3633 34.000000
3634 33.000000
3635 34.000000
3636 30.000000
3637 31.000000
3638 30.000000
3639 29.000000
3640 27.000000
3641 28.000000
3642 23.000000
3643 29.000000
3644 23.000000
3645 23.000000
3646 21.000000
3647 20.000000
3648 22.000000
3649 21.000000
3650 19.000000
3651 21.000000
3652 19.000000
3653 17.000000
3654 17.000000
3655 14.000000
3656 15.000000
3657 18.000000
3658 16.000000
3659 17.000000
3660 17.000000
3661 15.000000
3662 16.000000
3663 18.000000
3664 17.000000
3665 17.000000
3666 16.000000
3667 17.000000
3668 15.000000
3669 17.000000
3670 16.000000
3671 16.000000
3672 17.000000
3673 17.000000
3674 17.000000
3675 16.000000
3676 16.000000
3677 18.000000
3678 15.000000
3679 17.000000
3680 17.000000
3681 16.000000
3682 16.000000
3683 16.000000
3684 15.000000
3685 15.000000
3686 16.000000
3687 16.000000
3688 17.000000
3689 15.000000
3690 14.000000
3691 17.000000
3692 19.000000
3693 15.000000
3694 14.000000
3695 17.000000
3696 17.000000
3697 17.000000
3698 13.000000
3699 19.000000
3700 20.000000
3701 15.000000
3702 14.000000
3703 18.000000
3704 15.000000
3705 16.000000
3706 14.000000
3707 16.000000
3708 13.000000
3709 16.000000
3710 15.000000
3711 15.000000
3712 14.000000
3713 16.000000
3714 15.000000
3715 14.000000
3716 15.000000
3717 17.000000
3718 12.000000
3719 16.000000
3720 14.000000
3721 13.000000
3722 14.000000
3723 17.000000
